0.472854  0.48456  0.480938   
0.527984  0.493104  0.458331   
0.530945  0.495749  0.458002   
0.450787  0.472334  0.515867   
0.526361  0.482863  0.507753   
0.500991  0.482479  0.464864   
0.526584  0.542908  0.494566   
0.501283  0.494863  0.509364   
0.473384  0.546873  0.531869   
0.45848  0.51068  0.45903   
0.458586  0.482708  0.520264   
0.493591  0.491779  0.454779   
0.550696  0.509195  0.501918   
0.468863  0.455715  0.513006   
0.46873  0.546625  0.482331   
0.519346  0.526348  0.528499   
0.471394  0.538245  0.546802   
0.503504  0.476832  0.458353   
0.547395  0.463884  0.484449   
0.514495  0.517028  0.512295   
0.535622  0.468426  0.452148   
0.481563  0.450019  0.478858   
0.491884  0.501799  0.53033   
0.457955  0.508916  0.535522   
0.507105  0.452976  0.494914   
0.51835  0.54594  0.511512   
0.515402  0.535039  0.454228   
0.527147  0.491926  0.45524   
0.469112  0.48587  0.494303   
0.466601  0.521116  0.476323   
0.486697  0.499537  0.480294   
0.527051  0.478516  0.501091   
0.53092  0.545911  0.452731   
0.48904  0.548519  0.480279   
0.487024  0.475859  0.466977   
0.480551  0.545295  0.489263   
0.503702  0.518821  0.515767   
0.546296  0.46103  0.476528   
0.470226  0.487098  0.518233   
0.457273  0.530763  0.47862   
0.485811  0.526964  0.483526   
0.45198  0.526655  0.468795   
0.525347  0.488599  0.488432   
0.539342  0.463641  0.509605   
0.520043  0.454354  0.538001   
0.539364  0.495215  0.503453   
0.450314  0.46398  0.503706   
0.463002  0.530111  0.465622   
0.455812  0.485579  0.488853   
0.513797  0.548703  0.498527   
0.49314  0.53341  0.544598   
0.544727  0.463344  0.478902   
0.513895  0.487762  0.537734   
0.461298  0.54245  0.541421   
0.487462  0.454377  0.515477   
0.521958  0.520096  0.461518   
0.54668  0.508273  0.466497   
0.478245  0.53781  0.507435   
0.509668  0.54698  0.522966   
0.516505  0.54084  0.47863   
0.494  0.5104  0.483845   
0.507122  0.464156  0.549151   
0.501038  0.481008  0.480281   
0.466694  0.526392  0.470451   
0.47229  0.513805  0.544111   
0.520784  0.46464  0.492596   
0.485527  0.500921  0.452032   
0.499034  0.506295  0.511051   
0.497311  0.545251  0.455623   
0.486115  0.497733  0.519912   
0.47668  0.516838  0.453721   
0.464363  0.459885  0.471146   
0.486424  0.543537  0.540116   
0.521102  0.534351  0.462472   
0.465808  0.479775  0.459146   
0.46246  0.548843  0.486662   
0.533254  0.529303  0.505039   
0.502438  0.497061  0.502989   
0.459848  0.504604  0.480759   
0.452877  0.512102  0.531654   
0.488023  0.514134  0.505924   
0.513346  0.492815  0.45454   
0.544559  0.468811  0.493851   
0.550516  0.507048  0.521173   
0.539824  0.489385  0.505664   
0.504483  0.462061  0.537089   
0.470329  0.538577  0.467936   
0.457663  0.506922  0.528242   
0.496814  0.489168  0.486404   
0.451756  0.49805  0.458732   
0.498683  0.452889  0.511824   
0.539821  0.476229  0.499444   
0.522909  0.473017  0.469906   
0.479222  0.513357  0.455938   
0.498241  0.490096  0.466493   
0.470644  0.533288  0.478411   
0.482148  0.548804  0.500493   
0.489715  0.463245  0.504036   
0.508016  0.517055  0.502287   
0.473903  0.493582  0.513551   
0.466999  0.525922  0.548767   
0.507212  0.514736  0.538539   
0.489171  0.531148  0.472303   
0.481683  0.504952  0.511022   
0.517541  0.48756  0.460942   
0.480792  0.521577  0.543462   
0.502289  0.467213  0.478121   
0.504634  0.527628  0.477643   
0.452977  0.4745  0.539873   
0.546636  0.449986  0.504968   
0.466593  0.483102  0.469764   
0.455712  0.487994  0.495479   
0.473342  0.517591  0.453188   
0.47263  0.475064  0.473849   
0.473741  0.462447  0.493665   
0.519828  0.465997  0.461571   
0.44967  0.502306  0.489559   
0.488418  0.489757  0.455904   
0.516235  0.501106  0.485832   
0.534195  0.449965  0.53486   
0.537055  0.511802  0.45421   
0.541887  0.537611  0.508305   
0.462009  0.544795  0.482702   
0.494743  0.519507  0.521555   
0.544799  0.478885  0.455286   
0.509952  0.530527  0.451229   
0.536761  0.48  0.483681   
0.454584  0.527436  0.475577   
0.507988  0.518448  0.506144   
0.45202  0.491124  0.516815   
0.484109  0.487495  0.465129   
0.501265  0.479877  0.523931   
0.478421  0.506942  0.482118   
0.48142  0.464753  0.485806   
0.511678  0.476093  0.502097   
0.517462  0.486067  0.511062   
0.470582  0.452138  0.472082   
0.45689  0.545977  0.516301   
0.510376  0.464246  0.458776   
0.48297  0.521747  0.549263   
0.537373  0.486461  0.466861   
0.521047  0.515314  0.470985   
0.496996  0.537412  0.484614   
0.475424  0.498421  0.535298   
0.521484  0.472047  0.529685   
0.506172  0.535502  0.476519   
0.531341  0.514259  0.467056   
0.508921  0.485237  0.481146   
0.459443  0.525457  0.523897   
0.525155  0.479935  0.544183   
0.505109  0.462084  0.466672   
0.532028  0.535663  0.533677   
0.474632  0.510621  0.49088   
0.459989  0.510272  0.518733   
0.508827  0.464214  0.482824   
0.508035  0.50775  0.475139   
0.483839  0.467873  0.501937   
0.481932  0.521439  0.525061   
0.464424  0.504339  0.507558   
0.527745  0.537338  0.488051   
0.545794  0.470619  0.541948   
0.544851  0.54556  0.493299   
0.531714  0.472544  0.487927   
0.467153  0.54289  0.471488   
0.525421  0.501481  0.469878   
0.548153  0.449576  0.511896   
0.497167  0.538459  0.533273   
0.5034  0.497471  0.533092   
0.473475  0.468689  0.532892   
0.451958  0.502207  0.460359   
0.540741  0.484607  0.471428   
0.508849  0.490379  0.488945   
0.511787  0.511848  0.50812   
0.543161  0.468378  0.460387   
0.516114  0.503564  0.49738   
0.451966  0.466038  0.532   
0.509882  0.4539  0.484107   
0.488012  0.479365  0.492936   
0.538747  0.459781  0.533406   
0.458964  0.495492  0.47523   
0.525422  0.54364  0.513979   
0.540456  0.473846  0.489666   
0.471468  0.480739  0.498584   
0.514815  0.477841  0.50603   
0.501221  0.458528  0.513611   
0.521783  0.511846  0.453515   
0.460709  0.47642  0.458734   
0.544581  0.522076  0.533213   
0.476556  0.548847  0.47572   
0.481824  0.486552  0.479845   
0.506029  0.498364  0.495589   
0.49792  0.51168  0.45897   
0.452562  0.53474  0.511782   
0.538717  0.528445  0.52373   
0.458359  0.544047  0.491862   
0.45864  0.474618  0.53105   
0.459692  0.474593  0.492834   
0.506227  0.518414  0.473311   
0.503821  0.544001  0.48709   
0.539891  0.461864  0.468145   
0.47796  0.517263  0.531526   
0.545886  0.528141  0.532333   
0.533271  0.528934  0.514402   
0.526232  0.509862  0.538995   
0.53334  0.52334  0.541891   
0.486498  0.511746  0.547838   
0.473161  0.465455  0.484779   
0.490312  0.515713  0.534796   
0.541533  0.484929  0.458103   
0.54523  0.49363  0.496206   
0.470081  0.52354  0.502319   
0.455324  0.468309  0.492575   
0.521687  0.514209  0.482923   
0.462285  0.486949  0.506504   
0.538901  0.495816  0.480613   
0.53954  0.495352  0.484738   
0.474794  0.493809  0.518406   
0.509987  0.539624  0.467029   
0.504606  0.456047  0.542703   
0.510758  0.51659  0.483677   
0.503672  0.546887  0.455987   
0.515873  0.543362  0.504988   
0.486659  0.470886  0.508346   
0.522818  0.542441  0.497306   
0.489217  0.527846  0.49876   
0.49288  0.531707  0.462424   
0.503781  0.479085  0.463356   
0.490842  0.485376  0.510012   
0.460842  0.534691  0.518682   
0.505457  0.505944  0.483519   
0.477361  0.454346  0.550254   
0.493182  0.451358  0.505269   
0.509756  0.519786  0.53145   
0.505032  0.466169  0.550348   
0.541613  0.515293  0.522826   
0.529355  0.49325  0.492263   
0.460333  0.535121  0.547945   
0.482043  0.473766  0.517598   
0.508382  0.472085  0.54541   
0.538553  0.512147  0.513815   
0.471717  0.476653  0.498814   
0.525223  0.465154  0.548447   
0.545792  0.464702  0.523426   
0.522832  0.455557  0.542909   
0.477474  0.476409  0.482182   
0.49642  0.472013  0.451846   
0.456405  0.47383  0.501749   
0.464055  0.482779  0.540647   
0.48407  0.482131  0.501796   
0.51153  0.471794  0.50152   
0.482962  0.464346  0.473517   
0.500117  0.54472  0.541982   
0.542185  0.496209  0.504709   
0.471519  0.479475  0.47893   
0.461172  0.453398  0.51795   
0.496828  0.507068  0.455788   
0.544042  0.46336  0.503581   
0.537015  0.465  0.475664   
0.471839  0.500499  0.521982   
0.475126  0.498388  0.480393   
0.530013  0.519464  0.461391   
0.501544  0.508564  0.453914   
0.483643  0.46912  0.455391   
0.487673  0.508654  0.538057   
0.520345  0.451713  0.530997   
0.456869  0.546942  0.543169   
0.48744  0.545577  0.534899   
0.515372  0.461543  0.541721   
0.518042  0.519841  0.485442   
0.47459  0.456945  0.482003   
0.534543  0.459515  0.476215   
0.541287  0.515812  0.542615   
0.517787  0.544531  0.540396   
0.518154  0.518848  0.541926   
0.45598  0.469469  0.488181   
0.537856  0.480296  0.453879   
0.526733  0.548946  0.531296   
0.539458  0.484593  0.532623   
0.52673  0.463253  0.492762   
0.478255  0.478872  0.513399   
0.514251  0.475961  0.502239   
0.516689  0.525375  0.547239   
0.504799  0.51662  0.496087   
0.480789  0.543735  0.453162   
0.518551  0.536524  0.512843   
0.516219  0.49354  0.533041   
0.526941  0.533793  0.476398   
0.529221  0.497169  0.487923   
0.481298  0.485145  0.463811   
0.497629  0.535474  0.53891   
0.490393  0.537181  0.545918   
0.542102  0.52322  0.464336   
0.467944  0.517173  0.500047   
0.51208  0.514513  0.484803   
0.536194  0.491685  0.534093   
0.53368  0.509886  0.49908   
0.513041  0.486092  0.501328   
0.462104  0.454494  0.493377   
0.491105  0.490823  0.522761   
0.45753  0.530454  0.461709   
0.518983  0.496805  0.470315   
0.536488  0.495285  0.488922   
0.473161  0.486528  0.501644   
0.502971  0.521362  0.539777   
0.49882  0.495248  0.5149   
0.476076  0.471252  0.506594   
0.522806  0.454172  0.48991   
0.519773  0.480489  0.514271   
0.482051  0.530067  0.522415   
0.465363  0.489279  0.521309   
0.452771  0.475974  0.492072   
0.536572  0.505024  0.483513   
0.47531  0.46739  0.4847   
0.542245  0.482558  0.467625   
0.497314  0.469509  0.515051   
0.478  0.477325  0.461987   
0.480618  0.499939  0.484163   
0.523114  0.50893  0.504479   
0.525548  0.480173  0.511077   
0.466806  0.498723  0.515507   
0.505571  0.481092  0.459215   
0.456969  0.50164  0.493283   
0.48158  0.504058  0.503433   
0.480219  0.530534  0.509939   
0.531428  0.480542  0.457098   
0.520005  0.461139  0.462855   
0.466049  0.452305  0.486959   
0.491319  0.451409  0.453257   
0.535742  0.537288  0.475882   
0.502858  0.529102  0.52337   
0.461697  0.495261  0.463189   
0.476437  0.474934  0.45122   
0.451584  0.516877  0.456376   
0.505229  0.510278  0.493819   
0.498171  0.463999  0.452626   
0.505519  0.54207  0.482303   
0.47261  0.457159  0.48143   
0.464087  0.499042  0.508953   
0.516549  0.506611  0.510132   
0.464086  0.485678  0.523982   
0.489956  0.519735  0.452954   
0.533895  0.545967  0.485574   
0.49854  0.484012  0.513134   
0.477554  0.520041  0.548713   
0.506305  0.522472  0.502935   
0.538115  0.477155  0.475682   
0.4661  0.481043  0.544872   
0.527158  0.54448  0.481266   
0.515492  0.465596  0.486945   
0.540991  0.470744  0.470039   
0.457306  0.473971  0.510405   
0.520756  0.535779  0.466344   
0.538066  0.506301  0.468355   
0.541504  0.507181  0.515636   
0.458691  0.467439  0.527429   
0.53822  0.46101  0.468762   
0.452145  0.486846  0.51911   
0.513392  0.483432  0.523865   
0.548897  0.530539  0.549738   
0.519066  0.505751  0.473351   
0.5318  0.473402  0.532463   
0.53729  0.490152  0.513311   
0.463878  0.489422  0.511098   
0.464334  0.520363  0.501317   
0.547342  0.456135  0.454794   
0.450939  0.47216  0.497745   
0.54637  0.452027  0.466894   
0.535094  0.518106  0.503823   
0.543539  0.507464  0.479809   
0.45897  0.544285  0.517385   
0.533372  0.470788  0.477175   
0.521827  0.492627  0.463737   
0.497883  0.529947  0.45503   
0.545203  0.540726  0.530292   
0.452231  0.470089  0.518975   
0.531346  0.452562  0.47781   
0.48763  0.506732  0.53692   
0.493014  0.504413  0.451179   
0.486676  0.504029  0.481263   
0.519364  0.544738  0.504612   
0.494352  0.513318  0.52412   
0.504781  0.452484  0.506454   
0.543742  0.527717  0.523874   
0.460347  0.507468  0.451778   
0.503609  0.518481  0.535933   
0.462284  0.478329  0.480761   
0.549139  0.497827  0.505902   
0.467702  0.543066  0.51342   
0.501226  0.507653  0.449706   
0.531636  0.475084  0.544961   
0.483131  0.525657  0.466794   
0.493981  0.47646  0.485576   
0.5357  0.502298  0.530194   
0.497112  0.458772  0.466649   
0.457025  0.538782  0.463267   
0.526777  0.461918  0.490203   
0.507796  0.529701  0.523259   
0.531995  0.524048  0.523464   
0.499607  0.502022  0.469616   
0.512259  0.48299  0.523377   
0.528536  0.480954  0.499533   
0.549157  0.515114  0.533345   
0.4526  0.493657  0.539781   
0.518862  0.509025  0.477917   
0.546821  0.4973  0.539212   
0.51946  0.496434  0.533816   
0.505517  0.541375  0.453671   
0.544639  0.478033  0.46766   
0.544485  0.510492  0.533708   
0.462908  0.476703  0.486462   
0.536398  0.487921  0.477482   
0.485526  0.516642  0.508384   
0.502271  0.473132  0.5003   
0.493877  0.535911  0.538685   
0.497357  0.487498  0.469889   
0.512649  0.545148  0.493446   
0.528352  0.497632  0.547947   
0.472902  0.450224  0.548765   
0.458254  0.497903  0.482789   
0.468464  0.533451  0.486548   
0.52592  0.473323  0.476577   
0.548028  0.519981  0.543132   
0.516858  0.486369  0.473038   
0.478618  0.49431  0.474927   
0.529552  0.468126  0.495224   
0.453546  0.521673  0.512113   
0.459658  0.454047  0.52888   
0.52399  0.498133  0.477005   
0.549037  0.532846  0.539327   
0.474409  0.548114  0.482697   
0.527838  0.543074  0.465999   
0.545234  0.497598  0.476663   
0.480302  0.495978  0.498162   
0.47302  0.49019  0.507794   
0.525214  0.527359  0.487713   
0.544596  0.492026  0.471363   
0.502492  0.487281  0.468628   
0.485958  0.54144  0.456251   
0.477196  0.496055  0.458144   
0.509144  0.503782  0.475264   
0.499657  0.494249  0.534084   
0.507319  0.470716  0.485819   
0.538846  0.511452  0.480708   
0.546811  0.459159  0.481128   
0.514183  0.470072  0.51936   
0.499397  0.506575  0.460575   
0.482654  0.492375  0.477707   
0.451946  0.490936  0.525619   
0.493642  0.474628  0.54232   
0.471379  0.540671  0.517933   
0.529063  0.502485  0.487313   
0.534644  0.481485  0.543967   
0.478288  0.455228  0.528456   
0.494686  0.536967  0.480854   
0.541421  0.510691  0.54246   
0.503681  0.468736  0.505547   
0.505179  0.473327  0.482592   
0.458816  0.538783  0.480297   
0.503311  0.539776  0.525501   
0.476218  0.466487  0.451774   
0.4601  0.521291  0.491015   
0.487953  0.509431  0.537917   
0.47207  0.470018  0.515208   
0.492687  0.479946  0.484909   
0.538896  0.472864  0.532508   
0.5401  0.478735  0.466227   
0.531134  0.520515  0.465815   
0.483833  0.491587  0.519174   
0.512941  0.534406  0.547941   
0.470943  0.540951  0.517235   
0.511227  0.47089  0.499101   
0.546064  0.521219  0.497688   
0.539404  0.453204  0.505977   
0.544275  0.534265  0.475236   
0.543911  0.456265  0.453004   
0.531714  0.519112  0.503896   
0.481839  0.505384  0.461165   
0.529833  0.48836  0.526937   
0.503986  0.47768  0.46445   
0.517703  0.469142  0.535975   
0.452233  0.515948  0.476051   
0.450338  0.492949  0.491613   
0.534839  0.512367  0.545762   
0.463248  0.498114  0.465367   
0.462827  0.473965  0.453352   
0.487797  0.500956  0.487012   
0.469332  0.47125  0.526536   
0.45313  0.542333  0.471441   
0.493286  0.510703  0.467887   
0.457754  0.49988  0.497074   
0.460259  0.513983  0.515959   
0.516804  0.492464  0.475193   
0.501224  0.539327  0.518741   
0.493863  0.480342  0.540866   
0.493751  0.497583  0.516574   
0.483082  0.487297  0.549544   
0.535521  0.488272  0.506214   
0.489434  0.54644  0.476674   
0.476116  0.544284  0.53719   
0.491131  0.527813  0.543085   
0.537762  0.488282  0.534205   
0.52974  0.494384  0.488813   
0.501949  0.524742  0.490457   
0.489106  0.471056  0.486255   
0.482346  0.477824  0.516885   
0.548571  0.472076  0.481809   
0.488827  0.470093  0.548269   
0.537341  0.527371  0.455692   
0.449926  0.487073  0.468746   
0.489163  0.479927  0.459391   
0.483245  0.491697  0.537229   
0.453172  0.499524  0.521379   
0.467071  0.476481  0.516621   
0.535201  0.534697  0.5046   
0.501234  0.538221  0.451221   
0.470573  0.518403  0.467749   
0.463117  0.518064  0.479546   
0.474107  0.490626  0.494819   
0.532723  0.505395  0.478403   
0.479569  0.543357  0.539585   
0.468272  0.491346  0.509779   
0.491116  0.516204  0.471236   
0.547475  0.519101  0.483562   
0.528203  0.476664  0.534642   
0.460277  0.527702  0.454624   
0.488924  0.492474  0.480339   
0.499252  0.462228  0.519039   
0.472122  0.463503  0.491386   
0.523434  0.452481  0.451557   
0.514112  0.483137  0.480837   
0.474743  0.517745  0.456629   
0.460656  0.524754  0.522355   
0.517817  0.510215  0.467578   
0.498336  0.483003  0.479001   
0.486186  0.46881  0.499165   
0.496196  0.502421  0.538757   
0.508889  0.478181  0.458111   
0.495934  0.489711  0.533628   
0.450784  0.484421  0.476583   
0.486859  0.515388  0.452469   
0.478903  0.512965  0.542525   
0.452807  0.458263  0.467552   
0.52582  0.550372  0.476519   
0.466856  0.521182  0.472596   
0.469481  0.461612  0.542113   
0.496477  0.468289  0.533473   
0.503708  0.475509  0.462113   
0.498417  0.5204  0.498126   
0.539078  0.544164  0.490346   
0.476686  0.452855  0.52601   
0.507085  0.503255  0.503706   
0.546141  0.48183  0.462763   
0.516753  0.453852  0.455276   
0.478741  0.538661  0.458475   
0.547365  0.47468  0.502801   
0.515647  0.541759  0.544621   
0.49689  0.519681  0.470375   
0.460246  0.508179  0.491739   
0.495477  0.476693  0.481387   
0.533853  0.524673  0.480066   
0.484449  0.550357  0.467351   
0.526762  0.530072  0.453175   
0.461044  0.495428  0.469295   
0.534153  0.535908  0.541848   
0.478906  0.496999  0.542494   
0.533359  0.538847  0.547867   
0.537419  0.517146  0.528284   
0.514493  0.525087  0.539143   
0.508739  0.52635  0.47924   
0.520315  0.538996  0.488066   
0.504484  0.467989  0.54738   
0.470649  0.492415  0.450573   
0.484061  0.457071  0.509662   
0.489367  0.451588  0.545862   
0.481078  0.492977  0.471881   
0.517534  0.523493  0.478661   
0.462351  0.467171  0.521529   
0.547606  0.472051  0.518169   
0.516091  0.485334  0.473554   
0.522686  0.471343  0.515216   
0.533866  0.529264  0.466752   
0.543322  0.470489  0.520993   
0.482831  0.522118  0.544617   
0.473363  0.547854  0.525956   
0.455055  0.535855  0.511655   
0.537946  0.533628  0.497463   
0.466665  0.481239  0.492004   
0.522653  0.516755  0.529839   
0.485131  0.516248  0.5449   
0.505294  0.514361  0.487613   
0.490815  0.522623  0.534112   
0.501578  0.495676  0.456462   
0.483363  0.542961  0.465675   
0.515021  0.527094  0.475712   
0.498524  0.492776  0.513421   
0.474114  0.515644  0.474294   
0.477602  0.547558  0.464268   
0.488284  0.465921  0.4888   
0.503524  0.458221  0.459721   
0.530895  0.529269  0.48189   
0.517653  0.521953  0.466647   
0.482833  0.511451  0.541183   
0.505408  0.480149  0.466639   
0.525301  0.469811  0.510126   
0.49589  0.506563  0.466459   
0.542128  0.545637  0.51458   
0.491408  0.538112  0.462273   
0.465958  0.534798  0.456525   
0.506109  0.517489  0.527483   
0.482302  0.451005  0.546161   
0.488053  0.456892  0.450082   
0.532992  0.5404  0.51552   
0.456492  0.545038  0.454691   
0.54911  0.468654  0.487981   
0.534827  0.518639  0.501498   
0.533049  0.48061  0.541213   
0.488992  0.503061  0.489268   
0.462809  0.54729  0.481771   
0.496789  0.540544  0.459426   
0.487713  0.529275  0.476317   
0.518903  0.526052  0.450055   
0.476493  0.461655  0.454275   
0.490586  0.516734  0.52327   
0.532175  0.503045  0.543446   
0.536351  0.521599  0.495941   
0.472232  0.503147  0.503798   
0.490451  0.462719  0.516204   
0.462017  0.51546  0.526324   
0.535547  0.535526  0.510079   
0.464673  0.534229  0.509852   
0.502858  0.45274  0.545295   
0.523946  0.516532  0.500287   
0.548918  0.519575  0.518332   
0.469752  0.45595  0.473295   
0.470209  0.550005  0.539049   
0.540857  0.466169  0.470722   
0.504502  0.486698  0.507171   
0.504739  0.470676  0.528208   
0.520062  0.479646  0.51723   
0.506619  0.545554  0.486082   
0.538932  0.471992  0.518958   
0.524594  0.545533  0.452835   
0.467206  0.45403  0.507015   
0.503479  0.515435  0.518219   
0.514073  0.52486  0.460841   
0.473495  0.52287  0.471405   
0.534094  0.489603  0.450917   
0.513584  0.538829  0.520536   
0.515447  0.469432  0.489002   
0.457542  0.522432  0.517139   
0.49987  0.515391  0.536043   
0.531949  0.503531  0.475832   
0.50446  0.518153  0.517176   
0.463149  0.531449  0.480862   
0.514932  0.50923  0.474514   
0.486827  0.495461  0.471846   
0.477316  0.457221  0.483406   
0.495844  0.451119  0.478743   
0.465685  0.549037  0.458802   
0.518594  0.492686  0.517672   
0.531407  0.519084  0.483929   
0.485664  0.45692  0.510715   
0.511172  0.49618  0.52272   
0.464361  0.471095  0.517641   
0.538971  0.490487  0.523432   
0.457001  0.545016  0.502417   
0.525981  0.466859  0.522763   
0.477795  0.462373  0.491604   
0.502823  0.536561  0.497635   
0.477141  0.49204  0.494616   
0.465419  0.461079  0.518441   
0.539099  0.508513  0.456446   
0.550612  0.515295  0.467849   
0.534934  0.457697  0.480969   
0.511928  0.465721  0.502917   
0.545169  0.502022  0.48101   
0.533219  0.487625  0.505987   
0.473096  0.48744  0.539995   
0.464199  0.460837  0.507264   
0.456795  0.465247  0.485412   
0.479832  0.524767  0.52721   
0.468445  0.53881  0.46414   
0.494467  0.452666  0.479443   
0.512548  0.480434  0.48094   
0.514467  0.524619  0.517447   
0.456518  0.474488  0.46174   
0.541341  0.46773  0.545333   
0.476539  0.480178  0.514847   
0.476843  0.528434  0.457579   
0.498724  0.478424  0.502996   
0.525119  0.45992  0.499504   
0.526743  0.471289  0.469373   
0.533476  0.477806  0.504815   
0.502326  0.474453  0.450779   
0.548158  0.534463  0.503434   
0.50767  0.468695  0.457628   
0.48834  0.47443  0.499772   
0.483235  0.476968  0.541169   
0.505161  0.483876  0.517904   
0.533023  0.519169  0.545124   
0.488965  0.50925  0.463607   
0.453586  0.463244  0.491163   
0.532988  0.499224  0.467533   
0.520886  0.506398  0.508781   
0.547516  0.533755  0.508246   
0.522402  0.485418  0.520018   
0.454897  0.501824  0.506566   
0.527968  0.47113  0.487865   
0.54285  0.466851  0.472361   
0.539495  0.544722  0.523337   
0.545469  0.474038  0.487571   
0.485605  0.507589  0.54027   
0.449623  0.512262  0.536216   
0.50934  0.488641  0.497188   
0.484909  0.451301  0.466846   
0.454987  0.475074  0.475187   
0.545269  0.451616  0.523664   
0.507391  0.528572  0.510374   
0.466024  0.535301  0.474329   
0.474884  0.464282  0.496382   
0.508802  0.452896  0.481221   
0.544702  0.489308  0.530034   
0.49471  0.465643  0.519375   
0.506406  0.472235  0.536735   
0.512831  0.521228  0.45695   
0.462893  0.546322  0.534952   
0.52579  0.521348  0.496064   
0.467277  0.544049  0.452404   
0.495628  0.516474  0.52776   
0.501169  0.494164  0.468483   
0.483639  0.467581  0.488606   
0.470399  0.484311  0.501888   
0.451303  0.54703  0.479933   
0.502908  0.45675  0.504007   
0.461637  0.49312  0.47443   
0.534715  0.53012  0.480975   
0.548111  0.471519  0.480929   
0.453282  0.50528  0.520479   
0.542094  0.521286  0.496516   
0.468987  0.458658  0.470079   
0.451021  0.535093  0.45395   
0.508885  0.518983  0.532274   
0.495067  0.527883  0.541571   
0.548836  0.539795  0.459012   
0.529698  0.472015  0.525392   
0.517239  0.462794  0.538485   
0.471346  0.49243  0.532364   
0.475508  0.529698  0.525639   
0.481339  0.539394  0.48867   
0.545932  0.546843  0.478598   
0.497559  0.536884  0.516916   
0.542715  0.497967  0.463802   
0.477053  0.536505  0.508136   
0.497085  0.508289  0.464512   
0.471046  0.517273  0.452473   
0.465359  0.507618  0.496649   
0.484966  0.522641  0.4756   
0.460259  0.497122  0.530193   
0.497787  0.512015  0.537363   
0.478078  0.476629  0.502019   
0.509904  0.506619  0.505206   
0.525847  0.461728  0.535954   
0.479999  0.474445  0.50042   
0.469568  0.52522  0.540633   
0.531175  0.457411  0.489052   
0.465057  0.522109  0.48992   
0.466133  0.489675  0.526585   
0.520893  0.464776  0.520785   
0.465135  0.488606  0.509714   
0.459252  0.50413  0.534846   
0.518126  0.527379  0.536762   
0.549151  0.48802  0.507953   
0.510242  0.522742  0.461065   
0.467751  0.525514  0.524117   
0.505595  0.480716  0.537815   
0.470521  0.493346  0.469132   
0.486719  0.480474  0.504823   
0.457725  0.490161  0.46568   
0.515201  0.499155  0.540407   
0.528034  0.521977  0.523202   
0.499566  0.490913  0.456511   
0.507066  0.470624  0.510183   
0.479708  0.502328  0.512085   
0.45549  0.548987  0.458446   
0.549712  0.455925  0.534758   
0.508159  0.467764  0.490091   
0.533619  0.454804  0.462519   
0.51261  0.541139  0.547524   
0.506263  0.537818  0.485311   
0.543958  0.528054  0.47899   
0.507622  0.5107  0.518274   
0.485924  0.45451  0.548012   
0.547408  0.543118  0.494951   
0.547791  0.524402  0.545073   
0.454342  0.454138  0.531907   
0.512148  0.521391  0.529883   
0.481781  0.473538  0.458404   
0.485931  0.510639  0.545212   
0.50922  0.470963  0.519904   
0.519382  0.545749  0.462893   
0.505514  0.542108  0.455975   
0.476632  0.485385  0.537328   
0.484938  0.452173  0.540452   
0.482575  0.450603  0.48647   
0.518169  0.512955  0.524564   
0.517965  0.477484  0.468099   
0.476553  0.50039  0.4775   
0.534904  0.506253  0.457402   
0.484133  0.454456  0.501237   
0.482574  0.46667  0.54271   
0.477256  0.548416  0.493054   
0.522302  0.513384  0.533098   
0.510785  0.508743  0.450398   
0.453701  0.468828  0.509632   
0.468805  0.511308  0.523433   
0.459696  0.507246  0.459509   
0.518465  0.508813  0.476973   
0.450145  0.470924  0.539998   
0.480029  0.501722  0.528377   
0.537242  0.479996  0.493787   
0.477099  0.500202  0.466248   
0.474573  0.502725  0.456022   
0.454895  0.494754  0.491793   
0.457621  0.540831  0.49077   
0.519663  0.4855  0.451653   
0.456326  0.51969  0.471807   
0.462687  0.483234  0.543202   
0.496766  0.500422  0.468192   
0.541127  0.520911  0.508691   
0.49134  0.463579  0.499306   
0.549145  0.521332  0.482251   
0.462011  0.531871  0.513589   
0.4797  0.537704  0.48814   
0.547876  0.500141  0.480775   
0.544154  0.484881  0.54916   
0.451612  0.519938  0.482881   
0.465567  0.523089  0.52617   
0.503789  0.520436  0.545658   
0.468275  0.452658  0.526087   
0.484513  0.524564  0.503334   
0.539389  0.497491  0.514595   
0.52541  0.520253  0.511431   
0.524964  0.473481  0.513856   
0.522644  0.473384  0.546806   
0.50586  0.528703  0.451021   
0.452811  0.528726  0.460647   
0.482481  0.472313  0.515952   
0.489203  0.525639  0.494969   
0.538793  0.539448  0.462056   
0.54534  0.47201  0.516235   
0.548077  0.530336  0.545077   
0.503145  0.507  0.537167   
0.513099  0.489248  0.508872   
0.532335  0.474844  0.51242   
0.538993  0.475425  0.486376   
0.491038  0.515147  0.484542   
0.488551  0.509292  0.487341   
0.453662  0.51935  0.459939   
0.498511  0.521981  0.509037   
0.535142  0.535851  0.454231   
0.532744  0.543497  0.450551   
0.463618  0.477331  0.45057   
0.452442  0.507255  0.48489   
0.513921  0.479762  0.462173   
0.471998  0.455788  0.520655   
0.473711  0.465227  0.524789   
0.471713  0.521111  0.511641   
0.521236  0.508128  0.511534   
0.536351  0.542742  0.463942   
0.534478  0.545015  0.472416   
0.52564  0.453005  0.485623   
0.52444  0.492635  0.537697   
0.494387  0.493348  0.53848   
0.514151  0.481513  0.466235   
0.487923  0.456787  0.500873   
0.463678  0.549958  0.536857   
0.517493  0.473148  0.452344   
0.518226  0.467125  0.51019   
0.519562  0.505207  0.54407   
0.450906  0.48333  0.531301   
0.512574  0.451833  0.495871   
0.474285  0.494962  0.530866   
0.496915  0.513813  0.506811   
0.476533  0.520616  0.474557   
0.471874  0.540794  0.453999   
0.503818  0.549844  0.510931   
0.467044  0.463244  0.49773   
0.457372  0.454581  0.541642   
0.499094  0.502283  0.532292   
0.534868  0.45795  0.455619   
0.511571  0.480818  0.497074   
0.538697  0.511547  0.515038   
0.494864  0.501066  0.513145   
0.488052  0.513629  0.464409   
0.521607  0.511575  0.544514   
0.540344  0.492773  0.4971   
0.508891  0.494181  0.512827   
0.484808  0.482554  0.467801   
0.48865  0.486822  0.473654   
0.524914  0.534924  0.493809   
0.488536  0.51922  0.452511   
0.504886  0.540284  0.476563   
0.544021  0.536781  0.460233   
0.521315  0.505198  0.537769   
0.516814  0.537608  0.54021   
0.514279  0.534109  0.494111   
0.513114  0.457606  0.541748   
0.517465  0.516865  0.534355   
0.508679  0.463778  0.497879   
0.452217  0.517768  0.508148   
0.501476  0.45573  0.528085   
0.510966  0.546453  0.463653   
0.483824  0.508759  0.476722   
0.480389  0.503156  0.542383   
0.503686  0.48131  0.526556   
0.511916  0.462943  0.478587   
0.498612  0.546565  0.547403   
0.512946  0.543673  0.463588   
0.517727  0.536451  0.528682   
0.485342  0.482491  0.463514   
0.519782  0.49283  0.456791   
0.491275  0.540238  0.528362   
0.529385  0.506914  0.539418   
0.458867  0.539498  0.462511   
0.46531  0.50669  0.483397   
0.49744  0.527208  0.457485   
0.537332  0.515604  0.52473   
0.450521  0.452271  0.540753   
0.466957  0.506733  0.477914   
0.540197  0.52318  0.513561   
0.502039  0.48089  0.546327   
0.514666  0.531632  0.498453   
0.503173  0.477287  0.473448   
0.453642  0.51468  0.467034   
0.523752  0.454073  0.458073   
0.4616  0.489199  0.458393   
0.522178  0.521653  0.5205   
0.460795  0.481981  0.54528   
0.504653  0.479998  0.549241   
0.455588  0.492234  0.471927   
0.46388  0.47294  0.542948   
0.516403  0.481104  0.540415   
0.479283  0.494228  0.461882   
0.522422  0.484074  0.486544   
0.510871  0.516088  0.510698   
0.528261  0.497822  0.541799   
0.486762  0.502742  0.464426   
0.478953  0.456553  0.462049   
0.507172  0.465274  0.453663   
0.538387  0.485665  0.536812   
0.501684  0.542279  0.488083   
0.524225  0.480727  0.455566   
0.512678  0.493914  0.470937   
0.453423  0.511175  0.474929   
0.44961  0.477739  0.543994   
0.523041  0.453877  0.489182   
0.461573  0.486572  0.517988   
0.541034  0.520378  0.47581   
0.46042  0.523443  0.537176   
0.50677  0.529494  0.456799   
0.474971  0.545351  0.505761   
0.511113  0.528587  0.490601   
0.497674  0.483929  0.509825   
0.506478  0.461111  0.534592   
0.478321  0.471282  0.481302   
0.460747  0.457765  0.543923   
0.530538  0.508479  0.46706   
0.518397  0.466819  0.518906   
0.534139  0.516436  0.545564   
0.506592  0.521114  0.501311   
0.545589  0.469168  0.50439   
0.518256  0.452699  0.464307   
0.462708  0.504026  0.494619   
0.523792  0.545487  0.451215   
0.466934  0.520706  0.533136   
0.505453  0.455252  0.476198   
0.498194  0.479758  0.540757   
0.494955  0.508041  0.528748   
0.482194  0.530215  0.52493   
0.50724  0.450995  0.520233   
0.500569  0.495335  0.503043   
0.52982  0.454788  0.45236   
0.455736  0.490591  0.451705   
0.4745  0.505703  0.508394   
0.473946  0.540416  0.476658   
0.501593  0.490954  0.50055   
0.497746  0.452275  0.451986   
0.471811  0.539072  0.497671   
0.461819  0.548603  0.467301   
0.487551  0.529716  0.515206   
0.532388  0.507743  0.464725   
0.510563  0.497325  0.521318   
0.483013  0.471104  0.45009   
0.469798  0.526901  0.493423   
0.545743  0.504851  0.483979   
0.452728  0.545752  0.526244   
0.530217  0.47426  0.505001   
0.49985  0.501111  0.480512   
0.462237  0.526488  0.527415   
0.463358  0.479087  0.520079   
