0.2957	-3.798295e+00	2
59	54	62	3.127090e-21
59	54	63	4.171222e+02
59	54	64	4.171222e+02
59	55	62	4.804351e-20
59	55	63	6.408520e+03
59	55	64	6.408520e+03
59	56	62	1.235350e-19
59	56	63	1.647832e+04
59	56	64	1.647832e+04
60	54	62	9.178021e-20
60	54	63	1.224255e+04
60	54	64	1.224255e+04
60	55	62	1.410079e-18
60	55	63	1.880903e+05
60	55	64	1.880903e+05
60	56	62	3.625757e-18
60	56	63	4.836394e+05
60	56	64	4.836394e+05
61	54	62	4.252592e-20
61	54	63	5.672529e+03
61	54	64	5.672529e+03
61	55	62	6.533534e-19
61	55	63	8.715075e+04
61	55	64	8.715075e+04
61	56	62	1.679977e-18
61	56	63	2.240920e+05
61	56	64	2.240920e+05
65	70	62	2.828731e-21
65	70	63	4.171222e+02
65	70	64	4.171222e+02
65	71	62	1.032622e-19
65	71	63	1.522695e+04
65	71	64	1.522695e+04
65	72	62	5.194583e-20
65	72	63	7.659886e+03
65	72	64	7.659886e+03
66	70	62	2.998229e-20
66	70	63	4.421162e+03
66	70	64	4.421162e+03
66	71	62	1.094497e-18
66	71	63	1.613936e+05
66	71	64	1.613936e+05
66	72	62	5.505843e-19
66	72	63	8.118868e+04
66	72	64	8.118868e+04
67	70	62	9.150956e-20
67	70	63	1.349392e+04
67	70	64	1.349392e+04
67	71	62	3.340537e-18
67	71	63	4.925926e+05
67	71	64	4.925926e+05
67	72	62	1.680450e-18
67	72	63	2.477976e+05
67	72	64	2.477976e+05
