0.1305	-3.432893e-01	2
57	71	71	7.907932e+02
57	71	72	7.475892e+03
57	71	73	1.848688e+03
57	72	71	7.475892e+03
57	72	72	7.067456e+04
57	72	73	1.747687e+04
57	73	71	1.848688e+03
57	73	72	1.747687e+04
57	73	73	4.321795e+03
58	71	71	9.127689e+03
58	71	72	8.629009e+04
58	71	73	2.133838e+04
58	72	71	8.629009e+04
58	72	72	8.157574e+05
58	72	73	2.017258e+05
58	73	71	2.133838e+04
58	73	72	2.017258e+05
58	73	73	4.988409e+04
59	71	71	2.600621e+03
59	71	72	2.458539e+04
59	71	73	6.079637e+03
59	72	71	2.458539e+04
59	72	72	2.324220e+05
59	72	73	5.747483e+04
59	73	71	6.079637e+03
59	73	72	5.747483e+04
59	73	73	1.421275e+04
67	53	53	7.907932e+02
67	53	54	-5.236920e+02
67	53	55	9.848272e+03
67	54	53	-5.236920e+02
67	54	54	3.468079e+02
67	54	55	-6.521884e+03
67	55	53	9.848272e+03
67	55	54	-6.521884e+03
67	55	55	1.226471e+05
68	53	53	2.282411e+02
68	53	54	-1.511496e+02
68	53	55	2.842438e+03
68	54	53	-1.511496e+02
68	54	54	1.000967e+02
68	54	55	-1.882365e+03
68	55	53	2.842438e+03
68	55	54	-1.882365e+03
68	55	55	3.539876e+04
69	53	53	1.150007e+04
69	53	54	-7.615764e+03
69	53	55	1.432180e+05
69	54	53	-7.615764e+03
69	54	54	5.043436e+03
69	54	55	-9.484415e+04
69	55	53	1.432180e+05
69	55	54	-9.484415e+04
69	55	55	1.783588e+06
