0.0089	-5.036387e+06	778
27	24	96	3.254680e+02
27	24	97	1.220323e+04
27	24	98	6.197013e+03
27	25	96	2.890526e+03
27	25	97	1.083785e+05
27	25	98	5.503653e+04
27	26	96	6.813762e+02
27	26	97	2.554779e+04
27	26	98	1.297362e+04
28	24	96	2.226805e+03
28	24	97	8.349273e+04
28	24	98	4.239908e+04
28	25	96	1.977657e+04
28	25	97	7.415105e+05
28	25	98	3.765521e+05
28	26	96	4.661878e+03
28	26	97	1.747943e+05
28	26	98	8.876363e+04
29	24	96	4.208833e+02
29	24	97	1.578077e+04
29	24	98	8.013750e+03
29	25	96	3.737922e+03
29	25	97	1.401512e+05
29	25	98	7.117122e+04
29	26	96	8.811307e+02
29	26	97	3.303747e+04
29	26	98	1.677701e+04
34	30	118	1.739480e+00
34	30	119	4.466463e+00
34	30	120	3.306071e+01
34	31	118	3.757644e+01
34	31	119	9.648504e+01
34	31	120	7.141812e+02
34	32	118	1.524116e+01
34	32	119	3.913473e+01
34	32	120	2.896748e+02
35	30	118	1.342784e+03
35	30	119	3.447867e+03
35	30	120	2.552107e+04
35	31	118	2.900697e+04
35	31	119	7.448120e+04
35	31	120	5.513090e+05
35	32	118	1.176534e+04
35	32	119	3.020988e+04
35	32	120	2.236132e+05
36	30	118	1.548654e+03
36	30	119	3.976479e+03
36	30	120	2.943385e+04
36	31	118	3.345419e+04
36	31	119	8.590033e+04
36	31	120	6.358333e+05
36	32	118	1.356916e+04
36	32	119	3.484153e+04
36	32	120	2.578966e+05
38	71	43	2.908733e+01
38	71	44	7.703623e+02
38	71	45	1.605746e+03
38	72	43	1.680805e+03
38	72	44	4.451521e+04
38	72	45	9.278765e+04
38	73	43	9.773033e+02
38	73	44	2.588335e+04
38	73	45	5.395135e+04
39	71	43	-4.899916e+01
39	71	44	-1.297717e+03
39	71	45	-2.704965e+03
39	72	43	-2.831405e+03
39	72	44	-7.498825e+04
39	72	45	-1.563058e+05
39	73	43	-1.646320e+03
39	73	44	-4.360190e+04
39	73	45	-9.088393e+04
40	71	43	2.880566e+02
40	71	44	7.629023e+03
40	71	45	1.590196e+04
40	72	43	1.664528e+04
40	72	44	4.408414e+05
40	72	45	9.188912e+05
40	73	43	9.678394e+03
40	73	44	2.563271e+05
40	73	45	5.342890e+05
41	66	59	1.676125e+02
41	66	60	1.843013e+03
41	66	61	5.080939e+02
41	67	59	6.030519e+03
41	67	60	6.630968e+04
41	67	61	1.828068e+04
41	67	64	4.196512e+00
41	67	65	9.955429e+01
41	67	66	4.215542e+01
41	68	59	3.017979e+03
41	68	60	3.318474e+04
41	68	61	9.148584e+03
41	68	64	-2.185965e+00
41	68	65	-5.185789e+01
41	68	66	-2.195878e+01
41	69	64	5.361951e+01
41	69	65	1.272021e+03
41	69	66	5.386266e+02
42	66	59	1.815956e+03
42	66	60	1.996768e+04
42	66	61	5.504820e+03
42	67	59	6.533619e+04
42	67	60	7.184160e+05
42	67	61	1.980576e+05
42	67	64	2.406899e+03
42	67	65	5.709913e+04
42	67	66	2.417814e+04
42	68	59	3.269756e+04
42	68	60	3.595320e+05
42	68	61	9.911811e+04
42	68	64	-1.253755e+03
42	68	65	-2.974297e+04
42	68	66	-1.259441e+04
42	69	64	3.075334e+04
42	69	65	7.295648e+05
42	69	66	3.089280e+05
42	79	71	1.459013e+00
42	79	72	1.063237e+03
42	79	73	9.155811e+02
42	80	71	2.236859e+01
42	80	72	1.630082e+04
42	80	73	1.403706e+04
42	81	71	7.594575e+00
42	81	72	5.534448e+03
42	81	73	4.765857e+03
43	66	59	4.955436e+02
43	66	60	5.448841e+03
43	66	61	1.502172e+03
43	67	59	1.782913e+04
43	67	60	1.960435e+05
43	67	61	5.404655e+04
43	67	64	2.033218e+03
43	67	65	4.823425e+04
43	67	66	2.042438e+04
43	68	59	8.922607e+03
43	68	60	9.811016e+04
43	68	61	2.704765e+04
43	68	64	-1.059105e+03
43	68	65	-2.512525e+04
43	68	66	-1.063907e+04
43	69	64	2.597876e+04
43	69	65	6.162968e+05
43	69	66	2.609657e+05
43	79	71	4.641956e+01
43	79	72	3.382765e+04
43	79	73	2.912987e+04
43	80	71	7.116730e+02
43	80	72	5.186224e+05
43	80	73	4.465993e+05
43	81	71	2.416269e+02
43	81	72	1.760825e+05
43	81	73	1.516292e+05
44	62	46	2.542583e+00
44	62	47	3.278976e+03
44	62	48	3.662429e+03
44	63	46	1.307244e+01
44	63	47	1.685852e+04
44	63	48	1.883001e+04
44	64	46	5.988967e+01
44	64	47	7.723514e+04
44	64	48	8.626724e+04
44	79	71	2.219711e+01
44	79	72	1.617586e+04
44	79	73	1.392945e+04
44	80	71	3.403109e+02
44	80	72	2.479972e+05
44	80	73	2.135568e+05
44	81	71	1.155422e+02
44	81	72	8.419989e+04
44	81	73	7.250672e+04
45	62	46	-3.789638e+00
45	62	47	-4.887208e+03
45	62	48	-5.458732e+03
45	63	46	-1.948404e+01
45	63	47	-2.512709e+04
45	63	48	-2.806552e+04
45	64	46	-8.926362e+01
45	64	47	-1.151165e+05
45	64	48	-1.285785e+05
46	62	46	2.650402e+01
46	62	47	3.418022e+04
46	62	48	3.817735e+04
46	63	46	1.362678e+02
46	63	47	1.757341e+05
46	63	48	1.962850e+05
46	64	46	6.242931e+02
46	64	47	8.051032e+05
46	64	48	8.992543e+05
46	68	59	3.809774e+01
46	68	60	1.441635e+04
46	68	61	1.170690e+04
46	69	59	-7.550964e+01
46	69	60	-2.857317e+04
46	69	61	-2.320305e+04
46	70	59	3.449311e+02
46	70	60	1.305234e+05
46	70	61	1.059925e+05
46	70	66	6.861035e+00
46	70	67	2.010355e+02
46	70	68	9.308668e+01
46	71	66	6.560141e+02
46	71	67	1.922190e+04
46	71	68	8.900431e+03
46	72	66	9.765749e+02
46	72	67	2.861466e+04
46	72	68	1.324962e+04
47	68	59	-5.922310e+01
47	68	60	-2.241027e+04
47	68	61	-1.819843e+04
47	69	59	1.173800e+02
47	69	60	4.441711e+04
47	69	61	3.606924e+04
47	70	59	-5.361968e+02
47	70	60	-2.028991e+05
47	70	61	-1.647657e+05
47	70	66	3.220095e+01
47	70	67	9.435212e+02
47	70	68	4.368844e+02
47	71	66	3.078876e+03
47	71	67	9.021426e+04
47	71	68	4.177246e+04
47	72	65	2.132931e-01
47	72	66	4.587334e+03
47	72	67	1.342989e+05
47	72	68	6.218454e+04
47	73	65	1.149947e+02
47	73	66	2.139672e+03
47	73	67	8.065154e+02
47	74	65	9.662254e+01
47	74	66	1.797828e+03
47	74	67	6.776625e+02
48	62	46	1.613063e+01
48	62	47	4.378578e+02
48	62	48	9.050267e+02
48	63	46	1.556416e+03
48	63	47	4.224812e+04
48	63	48	8.732443e+04
48	64	46	1.025759e+03
48	64	47	2.784369e+04
48	64	48	5.755130e+04
48	64	68	3.623373e+01
48	64	69	-5.368251e+01
48	64	70	3.785495e+02
48	65	68	3.739096e+03
48	65	69	-5.539702e+03
48	65	70	3.906396e+04
48	66	68	5.486292e+03
48	66	69	-8.128280e+03
48	66	70	5.731767e+04
48	68	59	3.906789e+02
48	68	60	1.478345e+05
48	68	61	1.200501e+05
48	69	59	-7.743247e+02
48	69	60	-2.930077e+05
48	69	61	-2.379391e+05
48	70	59	3.537146e+03
48	70	60	1.338471e+06
48	70	61	1.086915e+06
48	70	66	1.563495e+02
48	70	67	4.581203e+03
48	70	68	2.121262e+03
48	71	66	1.494927e+04
48	71	67	4.380292e+05
48	71	68	2.028233e+05
48	72	65	4.406233e+01
48	72	66	2.307407e+04
48	72	67	6.523808e+05
48	72	68	3.019328e+05
48	73	65	2.375573e+04
48	73	66	4.420160e+05
48	73	67	1.666109e+05
48	74	65	1.996040e+04
48	74	66	3.713973e+05
48	74	67	1.399923e+05
48	76	62	7.337283e+01
48	76	63	2.716917e+03
48	76	64	1.373654e+03
48	77	62	9.639220e+02
48	77	63	3.569299e+04
48	77	64	1.804612e+04
48	78	62	2.985397e+02
48	78	63	1.105460e+04
48	78	64	5.589128e+03
49	62	46	-2.657363e+01
49	62	47	-7.213277e+02
49	62	48	-1.490943e+03
49	63	46	-2.564043e+03
49	63	47	-6.959964e+04
49	63	48	-1.438584e+05
49	64	46	-1.689837e+03
49	64	47	-4.586975e+04
49	64	48	-9.481012e+04
49	64	68	5.709907e+02
49	64	69	-8.459580e+02
49	64	70	5.965388e+03
49	65	68	5.892270e+04
49	65	69	-8.729762e+04
49	65	70	6.155911e+05
49	66	68	8.645596e+04
49	66	69	-1.280898e+05
49	66	70	9.032430e+05
49	72	65	3.320407e+01
49	72	66	6.178186e+02
49	72	67	2.328769e+02
49	73	65	1.790162e+04
49	73	66	3.330902e+05
49	73	67	1.255531e+05
49	74	65	1.504157e+04
49	74	66	2.798741e+05
49	74	67	1.054941e+05
49	75	63	6.151518e+00
49	75	64	8.319874e+03
49	75	65	9.268856e+03
49	75	69	7.295597e+00
49	75	70	2.131085e+02
49	75	71	4.298004e+02
49	76	62	1.383909e+03
49	76	63	5.123322e+04
49	76	64	1.042185e+04
49	76	65	-1.725357e+04
49	76	69	6.693404e+01
49	76	70	1.955181e+03
49	76	71	3.943239e+03
49	77	62	1.818085e+04
49	77	63	6.732753e+05
49	77	64	4.186360e+05
49	77	65	8.718884e+04
49	77	69	1.617977e+01
49	77	70	4.726201e+02
49	77	71	9.531873e+02
49	78	62	5.630856e+03
49	78	63	2.085046e+05
49	78	64	1.054184e+05
50	62	46	1.613813e+02
50	62	47	4.380613e+03
50	62	48	9.054474e+03
50	63	46	1.557140e+04
50	63	47	4.226776e+05
50	63	48	8.736502e+05
50	63	69	4.839758e+01
50	63	70	2.825497e+02
50	63	71	1.196856e+03
50	64	46	1.026235e+04
50	64	47	2.785663e+05
50	64	48	5.757805e+05
50	64	68	1.968973e+02
50	64	69	3.368529e+02
50	64	70	5.726713e+03
50	64	71	1.554429e+04
50	65	68	2.031858e+04
50	65	69	-2.990994e+04
50	65	70	2.134055e+05
50	65	71	4.780005e+03
50	66	56	2.021372e+02
50	66	57	4.768698e+01
50	66	58	2.917117e+03
50	66	68	2.981300e+04
50	66	69	-4.416980e+04
50	66	70	3.114693e+05
50	67	56	5.675048e+03
50	67	57	1.338823e+03
50	67	58	8.189873e+04
50	68	56	2.582740e+03
50	68	57	6.093045e+02
50	68	58	3.727249e+04
50	71	52	8.252259e-07
50	71	53	7.923824e+02
50	71	54	7.924847e+02
50	72	52	2.359600e-05
50	72	53	2.265689e+04
50	72	54	2.265981e+04
50	73	52	1.081886e-05
50	73	53	1.038828e+04
50	73	54	1.038962e+04
50	74	71	2.947455e+02
50	74	72	-2.279615e+02
50	74	73	3.594503e+03
50	75	58	2.757682e+00
50	75	59	1.257897e+03
50	75	60	1.513563e+03
50	75	63	6.171160e+01
50	75	64	8.346439e+04
50	75	65	9.298452e+04
50	75	69	7.482439e+02
50	75	70	2.185663e+04
50	75	71	4.680844e+04
50	75	72	-2.109623e+03
50	75	73	3.326458e+04
50	76	58	6.746267e+01
50	76	59	3.077261e+04
50	76	60	3.702711e+04
50	76	62	5.252681e+02
50	76	63	1.933524e+04
50	76	64	-1.455315e+05
50	76	65	-1.730866e+05
50	76	69	6.864824e+03
50	76	70	2.005254e+05
50	76	71	4.050864e+05
50	76	72	-5.133328e+02
50	76	73	8.094245e+03
50	77	58	1.445737e+02
50	77	59	6.594627e+04
50	77	60	7.934976e+04
50	77	62	6.900612e+03
50	77	63	2.561028e+05
50	77	64	9.143101e+05
50	77	65	8.746723e+05
50	77	69	1.659413e+03
50	77	70	4.847241e+04
50	77	71	9.775987e+04
50	78	60	1.285877e+01
50	78	61	2.889007e+02
50	78	62	2.775692e+03
50	78	63	7.913870e+04
50	78	64	4.001196e+04
50	79	60	4.117433e+02
50	79	61	9.250724e+03
50	79	62	2.044439e+04
50	80	60	1.973719e+02
50	80	61	4.434396e+03
50	80	62	9.800152e+03
51	62	58	3.467067e-01
51	62	59	4.076771e+01
51	62	60	2.796571e+01
51	63	58	1.005686e+01
51	63	59	1.182542e+03
51	63	60	8.111966e+02
51	63	69	1.116511e+03
51	63	70	6.518296e+03
51	63	71	2.761094e+04
51	64	58	4.637896e+00
51	64	59	5.453497e+02
51	64	60	3.740973e+02
51	64	69	1.450079e+04
51	64	70	8.465701e+04
51	64	71	3.585998e+05
51	65	69	4.459122e+03
51	65	70	2.603277e+04
51	65	71	1.102726e+05
51	66	56	3.388156e+01
51	66	57	7.993132e+00
51	66	58	4.889574e+02
51	67	56	9.512326e+02
51	67	57	2.244091e+02
51	67	58	1.372759e+04
51	67	68	1.533359e+02
51	67	69	1.857036e+03
51	67	70	5.461522e+02
51	68	56	4.329103e+02
51	68	57	1.021296e+02
51	68	58	6.247490e+03
51	68	62	3.464497e+00
51	68	63	1.553319e+02
51	68	64	8.373722e+01
51	68	68	3.678318e+03
51	68	69	4.454773e+04
51	68	70	1.310144e+04
51	69	58	7.795854e+02
51	69	59	-1.445802e+03
51	69	60	7.348682e+03
51	69	62	5.290435e+02
51	69	63	2.371984e+04
51	69	64	1.278703e+04
51	69	68	1.565314e+03
51	69	69	1.895735e+04
51	69	70	5.575338e+03
51	70	58	7.186772e+03
51	70	59	-1.332843e+04
51	70	60	6.774538e+04
51	70	62	3.803729e+02
51	70	63	1.705414e+04
51	70	64	9.193648e+03
51	71	52	1.725811e-05
51	71	53	1.657125e+04
51	71	54	1.657339e+04
51	71	58	1.743622e+03
51	71	59	-3.233682e+03
51	71	60	1.643608e+04
51	72	52	4.934677e-04
51	72	53	4.738280e+05
51	72	54	4.738891e+05
51	73	52	2.262570e-04
51	73	53	2.172521e+05
51	73	54	2.172802e+05
51	73	69	2.475901e+02
51	73	70	2.517286e+03
51	73	71	6.567385e+02
51	73	74	1.904441e+01
51	73	75	1.031981e+02
51	73	76	4.575399e+02
51	74	69	5.405397e+03
51	74	70	5.495749e+04
51	74	71	1.755330e+04
51	74	72	-2.486815e+03
51	74	73	3.921216e+04
51	74	74	2.106822e+02
51	74	75	1.141648e+03
51	74	76	5.061616e+03
51	75	58	1.956315e+01
51	75	59	8.923593e+03
51	75	60	1.073730e+04
51	75	63	1.594488e+01
51	75	64	2.156531e+04
51	75	65	2.402510e+04
51	75	69	1.317281e+04
51	75	70	1.548613e+05
51	75	71	1.265345e+05
51	75	72	-2.301371e+04
51	75	73	3.628808e+05
51	75	74	5.832509e+01
51	75	75	3.160528e+02
51	75	76	1.401254e+03
51	76	58	4.785840e+02
51	76	59	2.183027e+05
51	76	60	2.626724e+05
51	76	63	-2.968071e+01
51	76	64	-4.014290e+04
51	76	65	-4.472168e+04
51	76	69	1.008416e+04
51	76	70	2.945641e+05
51	76	71	6.013217e+05
51	76	72	-5.599909e+03
51	76	73	8.829950e+04
51	77	58	1.025614e+03
51	77	59	4.678266e+05
51	77	60	5.629186e+05
51	77	61	4.217818e+03
51	77	62	4.950091e+03
51	77	63	1.499879e+02
51	77	64	2.028573e+05
51	77	65	2.259956e+05
51	77	69	2.437614e+03
51	77	70	7.120409e+04
51	77	71	1.436055e+05
51	78	60	1.436952e+02
51	78	61	4.332984e+03
51	78	62	8.387578e+03
51	79	60	4.641205e+03
51	79	61	1.632151e+05
51	79	62	2.972935e+05
51	80	60	2.176819e+03
51	80	61	4.890706e+04
51	80	62	1.080861e+05
52	62	58	1.306100e+02
52	62	59	1.535785e+04
52	62	60	1.053513e+04
52	63	58	3.788581e+03
52	63	59	4.454826e+05
52	63	60	3.055907e+05
52	63	69	2.443734e+03
52	63	70	1.426675e+04
52	63	71	6.043274e+04
52	64	58	1.747170e+03
52	64	59	2.054420e+05
52	64	60	1.409284e+05
52	64	69	3.173824e+04
52	64	70	1.852908e+05
52	64	71	7.848761e+05
52	65	69	9.759787e+03
52	65	70	5.697856e+04
52	65	71	2.413563e+05
52	66	56	2.887880e+03
52	66	57	6.812913e+02
52	66	58	4.167608e+04
52	67	56	8.107792e+04
52	67	57	1.912741e+04
52	67	58	1.170066e+06
52	67	68	2.473258e+03
52	67	69	2.995338e+04
52	67	70	8.809259e+03
52	68	56	3.689893e+04
52	68	57	8.704973e+03
52	68	58	5.325022e+05
52	68	62	2.085553e+01
52	68	63	9.350646e+02
52	68	64	5.040801e+02
52	68	68	5.933008e+04
52	68	69	7.185405e+05
52	68	70	2.113220e+05
52	69	37	5.440272e-02
52	69	38	1.438393e+00
52	69	39	6.384906e-01
52	69	58	1.350818e+04
52	69	59	-2.495387e+04
52	69	60	1.273192e+05
52	69	62	3.272692e+03
52	69	63	1.448621e+05
52	69	64	7.785081e+04
52	69	68	2.524800e+04
52	69	69	3.057760e+05
52	69	70	8.992840e+04
52	70	37	4.966471e+00
52	70	38	2.345184e+02
52	70	39	1.555966e+02
52	70	58	1.245177e+05
52	70	59	-2.302258e+05
52	70	60	1.173651e+06
52	70	62	2.220700e+03
52	70	63	1.010482e+05
52	70	64	5.516568e+04
52	70	65	9.594535e+02
52	71	37	7.873783e+00
52	71	38	2.044043e+03
52	71	39	1.823356e+03
52	71	52	6.892904e-06
52	71	53	6.618570e+03
52	71	54	6.619424e+03
52	71	58	3.020829e+04
52	71	59	-5.588546e+04
52	71	60	2.847353e+05
52	71	62	1.070329e+03
52	71	63	2.520715e+04
52	71	64	9.728525e+03
52	71	65	-1.744192e+03
52	72	37	1.633164e-01
52	72	38	6.803827e+02
52	72	39	6.393458e+02
52	72	52	1.970914e-04
52	72	53	1.892473e+05
52	72	54	1.892717e+05
52	72	63	1.337373e+02
52	72	64	4.854827e+03
52	72	65	9.144620e+03
52	73	52	9.036724e-05
52	73	53	8.677067e+04
52	73	54	8.678187e+04
52	73	56	4.342786e-01
52	73	57	2.071837e+01
52	73	58	1.138846e+01
52	73	64	1.432077e+01
52	73	65	2.930469e+02
52	73	66	1.158205e+02
52	73	69	-4.725540e+02
52	73	70	-4.804528e+03
52	73	71	-1.253461e+03
52	73	74	2.597774e+03
52	73	75	1.407685e+04
52	73	76	6.241124e+04
52	74	56	2.726698e+01
52	74	57	1.300841e+03
52	74	58	7.150452e+02
52	74	62	1.489335e+00
52	74	63	-2.679254e+00
52	74	64	1.482500e+02
52	74	65	2.741541e+03
52	74	66	1.083536e+03
52	74	69	-1.031682e+04
52	74	70	-1.048927e+05
52	74	71	-1.769006e+04
52	74	72	-7.483245e+03
52	74	73	1.179960e+05
52	74	74	2.873834e+04
52	74	75	1.557277e+05
52	74	76	6.904354e+05
52	75	56	4.439650e+01
52	75	57	2.118048e+03
52	75	58	1.168068e+03
52	75	59	1.742940e+03
52	75	60	2.097191e+03
52	75	62	6.913785e+03
52	75	63	-1.243762e+04
52	75	64	6.670227e+04
52	75	65	8.913120e+03
52	75	66	3.522721e+03
52	75	69	-2.304398e+04
52	75	70	-2.342916e+05
52	75	71	2.841567e+04
52	75	72	-6.925214e+04
52	75	73	1.091969e+06
52	75	74	7.955899e+03
52	75	75	4.311153e+04
52	75	76	1.911396e+05
52	76	58	9.347618e+01
52	76	59	4.263849e+04
52	76	60	5.130471e+04
52	76	62	7.330237e+03
52	76	63	-1.318680e+04
52	76	64	7.025827e+04
52	76	71	2.178779e+04
52	76	72	-1.685107e+04
52	76	73	2.657081e+05
52	77	58	2.003211e+02
52	77	59	9.137506e+04
52	77	60	1.099452e+05
52	77	61	-1.033414e+03
52	77	62	-1.212829e+03
52	78	60	4.240233e+02
52	78	61	9.255993e+03
52	78	62	2.074721e+04
52	79	60	1.356760e+04
52	79	61	2.903852e+05
52	79	62	6.572981e+05
52	80	60	6.515475e+03
52	80	61	1.463846e+05
52	80	62	3.235144e+05
52	85	63	6.356829e+00
52	85	64	-3.381619e+00
52	85	65	8.106243e+01
52	86	63	9.716835e+02
52	86	64	-5.169029e+02
52	86	65	1.239093e+04
52	87	63	6.987402e+02
52	87	64	-3.717063e+02
52	87	65	8.910352e+03
53	54	78	2.082623e+00
53	54	79	1.717285e+02
53	54	80	1.092970e+02
53	55	78	3.043436e+02
53	55	79	2.509551e+04
53	55	80	1.597209e+04
53	56	78	2.171894e+02
53	56	79	1.790896e+04
53	56	80	1.139820e+04
53	62	58	1.060128e+02
53	62	59	1.246557e+04
53	62	60	8.551096e+03
53	63	58	3.075095e+03
53	63	59	3.615868e+05
53	63	60	2.480402e+05
53	64	58	1.418133e+03
53	64	59	1.667520e+05
53	64	60	1.143880e+05
53	66	63	2.622856e+00
53	66	64	2.941448e+01
53	66	65	8.219332e+00
53	67	63	3.167630e+02
53	67	64	7.662268e+02
53	67	65	3.816692e+03
53	67	68	8.639991e+02
53	67	69	1.046381e+04
53	67	70	3.077394e+03
53	68	62	8.672666e+01
53	68	63	7.035184e+03
53	68	64	3.047786e+03
53	68	65	4.508806e+04
53	68	66	-3.002894e+01
53	68	67	3.036459e+03
53	68	68	2.072615e+04
53	68	69	2.510123e+05
53	68	70	7.382246e+04
53	69	37	1.193385e+02
53	69	38	3.155278e+03
53	69	39	1.400601e+03
53	69	58	9.406580e+03
53	69	59	7.107341e+04
53	69	60	7.575245e+04
53	69	62	1.454495e+04
53	69	63	6.255425e+05
53	69	64	3.439492e+05
53	69	65	3.021355e+04
53	69	66	1.274060e+00
53	69	67	1.838976e+03
53	69	68	8.820044e+03
53	69	69	1.068187e+05
53	69	70	3.141526e+04
53	70	37	1.084407e+04
53	70	38	3.042878e+05
53	70	39	1.438393e+05
53	70	58	7.742397e+04
53	70	59	4.897847e+05
53	70	60	6.373996e+05
53	70	62	8.500075e+03
53	70	63	4.046100e+05
53	70	64	3.217726e+05
53	70	65	1.705889e+05
53	70	66	-4.871437e+02
53	70	67	4.615731e+04
53	71	37	1.637471e+04
53	71	38	7.455462e+05
53	71	39	4.871394e+05
53	71	40	2.198084e+03
53	71	41	6.925711e+03
53	71	58	1.730873e+04
53	71	59	9.256311e+04
53	71	60	1.449954e+05
53	71	61	-5.567808e+00
53	71	62	1.622430e+04
53	71	63	3.719428e+05
53	71	64	1.156131e+05
53	71	65	-8.412875e+04
53	71	67	1.372842e+01
53	71	68	8.533857e+03
53	71	69	7.257532e+03
53	72	37	2.780887e+01
53	72	38	1.158529e+05
53	72	39	1.121953e+05
53	72	40	3.312139e+04
53	72	41	1.043587e+05
53	72	60	2.200639e+02
53	72	61	-4.256894e+01
53	72	62	2.972553e+03
53	72	63	7.952406e+03
53	72	64	2.886821e+05
53	72	65	5.437657e+05
53	72	67	-1.893129e+01
53	72	68	-1.176806e+04
53	72	69	-1.000803e+04
53	72	72	4.588190e-02
53	72	73	1.149664e+00
53	72	74	2.442963e+00
53	73	39	1.119470e+03
53	73	40	1.113455e+04
53	73	41	3.508267e+04
53	73	56	6.950353e+01
53	73	57	3.315843e+03
53	73	58	1.822650e+03
53	73	60	4.589613e+01
53	73	61	-8.878100e+00
53	73	62	6.199501e+02
53	73	64	6.007800e+02
53	73	65	1.229380e+04
53	73	66	4.858862e+03
53	73	67	1.470833e+02
53	73	68	9.142985e+04
53	73	69	8.005079e+04
53	73	70	2.333564e+04
53	73	71	6.088071e+03
53	73	72	7.317434e+00
53	73	73	1.833532e+02
53	73	74	2.221267e+03
53	73	75	9.925385e+03
53	73	76	4.400526e+04
53	74	56	4.363906e+03
53	74	57	2.081912e+05
53	74	58	1.144384e+05
53	74	62	6.879961e-01
53	74	63	-1.237677e+00
53	74	64	5.627071e+03
53	74	65	1.150122e+05
53	74	66	4.545611e+04
53	74	69	5.010890e+04
53	74	70	5.094647e+05
53	74	71	1.329150e+05
53	74	72	5.299195e+00
53	74	73	1.327821e+02
53	74	74	2.054514e+04
53	74	75	1.098013e+05
53	74	76	4.868160e+05
53	75	56	7.105377e+03
53	75	57	3.389801e+05
53	75	58	1.863304e+05
53	75	62	3.193812e+03
53	75	63	-5.745538e+03
53	75	64	4.888472e+04
53	75	65	3.739201e+05
53	75	66	1.477840e+05
53	75	69	1.119248e+05
53	75	70	1.137957e+06
53	75	71	2.968832e+05
53	75	74	5.609589e+03
53	75	75	3.039731e+04
53	75	76	1.347698e+05
53	76	62	3.386191e+03
53	76	63	-6.091621e+03
53	76	64	3.245570e+04
53	77	60	9.240075e+01
53	77	61	5.649451e+04
53	77	62	6.630276e+04
53	78	60	2.512085e+01
53	78	61	1.535908e+04
53	78	62	1.802563e+04
53	79	60	1.340475e+03
53	79	61	8.195767e+05
53	79	62	9.618668e+05
53	85	63	3.674103e+02
53	85	64	-1.954499e+02
53	85	65	4.685225e+03
53	86	63	5.616110e+04
53	86	64	-2.987581e+04
53	86	65	7.161677e+05
53	87	63	4.038560e+04
53	87	64	-2.148378e+04
53	87	65	5.149981e+05
54	54	78	1.000147e+01
54	54	79	8.246990e+02
54	54	80	5.248815e+02
54	55	78	1.461562e+03
54	55	79	1.205172e+05
54	55	80	7.670343e+04
54	56	78	1.043017e+03
54	56	79	8.600494e+04
54	56	80	5.473803e+04
54	61	64	6.995709e+02
54	61	65	4.722522e+03
54	61	66	8.816124e+02
54	62	64	-1.247327e+03
54	62	65	-8.420203e+03
54	62	66	-1.571905e+03
54	63	64	6.736687e+03
54	63	65	4.547666e+04
54	63	66	8.489699e+03
54	64	63	1.381435e+02
54	64	64	1.318887e+03
54	64	65	3.285604e+02
54	65	60	1.991725e+02
54	65	61	4.939400e+02
54	65	62	3.753145e+03
54	65	63	6.669369e+02
54	65	64	6.401008e+03
54	65	65	3.547533e+03
54	65	66	1.143465e+03
54	66	60	3.886079e+02
54	66	61	9.637323e+02
54	66	62	7.362503e+03
54	66	63	9.675761e+03
54	66	64	5.302892e+04
54	66	65	2.506505e+04
54	66	66	7.141196e+03
54	66	67	1.709268e+03
54	66	68	7.881931e+02
54	67	60	3.555539e+03
54	67	61	8.817595e+03
54	67	62	6.753067e+04
54	67	63	1.073053e+05
54	67	64	5.136905e+05
54	67	65	1.532932e+05
54	67	66	1.183473e+03
54	67	67	-1.003415e+03
54	67	68	-3.954197e+02
54	67	69	2.198445e+03
54	67	70	1.066297e+03
54	67	71	1.048362e+03
54	67	72	8.068784e+02
54	68	62	1.360730e+03
54	68	63	5.528570e+04
54	68	64	2.476874e+05
54	68	65	4.106972e+05
54	68	66	2.793139e+04
54	68	67	9.923982e+04
54	68	68	1.028858e+04
54	68	69	-6.480184e+02
54	68	70	-3.016506e+02
54	68	71	3.439322e+04
54	68	72	2.647095e+04
54	69	37	1.095203e+02
54	69	38	2.895688e+03
54	69	39	1.285371e+03
54	69	58	3.937636e+03
54	69	59	7.009532e+04
54	69	60	2.582287e+04
54	69	62	1.991725e+03
54	69	63	9.872837e+04
54	69	64	1.912229e+05
54	69	65	9.518890e+05
54	69	66	2.493675e+05
54	69	67	4.703230e+04
54	69	68	1.143506e+03
54	69	69	2.879782e+04
54	69	70	1.409144e+04
54	69	71	6.682479e+04
54	69	72	5.143209e+04
54	70	37	9.953748e+03
54	70	38	2.869046e+05
54	70	39	1.391949e+05
54	70	58	2.817479e+04
54	70	59	5.015844e+05
54	70	60	1.847111e+05
54	70	61	3.433832e+02
54	70	62	1.059626e+04
54	70	63	-3.308398e+04
54	70	64	1.003713e+06
54	70	65	2.169960e+06
54	70	66	4.619114e+04
54	70	67	1.180480e+06
54	70	68	5.640449e+03
54	70	69	4.211197e+03
54	71	37	1.506020e+04
54	71	38	8.203071e+05
54	71	39	5.744459e+05
54	71	40	-3.008205e+03
54	71	41	-9.478234e+03
54	71	58	5.545492e+03
54	71	59	1.017276e+05
54	71	60	3.914114e+04
54	71	61	2.834626e+04
54	71	62	1.473062e+05
54	71	63	9.759058e+05
54	71	64	4.061001e+05
54	71	65	-2.329563e+04
54	71	66	1.700148e+03
54	71	67	1.273761e+02
54	71	68	7.917950e+04
54	71	69	6.733740e+04
54	72	37	3.755131e+01
54	72	38	1.564403e+05
54	72	39	1.424473e+05
54	72	40	-4.532853e+04
54	72	41	-1.428209e+05
54	72	59	4.565797e+03
54	72	60	5.217528e+04
54	72	61	3.371623e+04
54	72	62	8.082865e+05
54	72	63	1.487484e+04
54	72	64	4.791143e+05
54	72	65	9.084600e+05
54	72	66	4.108307e+02
54	72	67	5.994087e+02
54	72	68	-1.086640e+05
54	72	69	-9.285726e+04
54	72	72	4.377489e+01
54	72	73	1.096869e+03
54	72	74	2.330776e+03
54	73	39	-1.532060e+03
54	73	40	-1.523827e+04
54	73	41	-4.801266e+04
54	73	56	9.472444e+01
54	73	57	4.519071e+03
54	73	58	2.484040e+03
54	73	60	1.247992e+04
54	73	61	-2.414103e+03
54	73	62	1.685749e+05
54	73	63	8.614623e+02
54	73	64	7.873134e+03
54	73	65	2.327817e+04
54	73	66	1.504063e+04
54	73	67	4.796030e+04
54	73	68	8.797755e+05
54	73	69	7.214380e+05
54	73	72	6.981400e+03
54	73	73	1.749332e+05
54	73	74	3.717218e+05
54	74	56	5.947446e+03
54	74	57	2.837381e+05
54	74	58	1.559650e+05
54	74	62	4.978853e+02
54	74	63	1.630713e+04
54	74	64	9.323831e+04
54	74	65	2.233733e+05
54	74	66	9.775970e+04
54	74	67	2.739049e+04
54	74	68	1.849549e+04
54	74	72	5.055843e+03
54	74	73	1.266844e+05
54	74	74	2.691963e+05
54	75	56	9.683722e+03
54	75	57	4.619866e+05
54	75	58	2.539445e+05
54	75	62	1.035596e+05
54	75	63	-1.794650e+05
54	75	64	1.022355e+06
54	75	65	6.753476e+05
54	75	66	2.669167e+05
54	76	51	1.415312e+02
54	76	52	6.444621e+03
54	76	53	3.491314e+03
54	76	62	1.092533e+05
54	76	63	-1.965423e+05
54	76	64	1.047163e+06
54	77	51	2.310536e+03
54	77	52	1.052102e+05
54	77	53	5.699667e+04
54	78	51	8.125403e+02
54	78	52	3.699900e+04
54	78	53	2.004387e+04
54	85	63	2.136439e+02
54	85	64	-1.136514e+02
54	85	65	2.724392e+03
54	86	63	3.265689e+04
54	86	64	-1.737237e+04
54	86	65	4.164415e+05
54	87	63	2.348366e+04
54	87	64	-1.249252e+04
54	87	65	2.994642e+05
55	14	105	7.083565e+01
55	14	106	4.812987e+02
55	14	107	9.039079e+01
55	15	105	7.199519e+02
55	15	106	4.891772e+03
55	15	107	9.187043e+02
55	16	105	2.243820e+03
55	16	106	1.524582e+04
55	16	107	2.863256e+03
55	53	71	6.922003e+02
55	53	72	-1.205575e+03
55	53	73	6.745756e+03
55	54	71	5.046709e+03
55	54	72	-8.789630e+03
55	54	73	4.918210e+04
55	54	78	4.784912e+01
55	54	79	3.945534e+03
55	54	80	2.511144e+03
55	55	71	1.009988e+03
55	55	72	-1.759051e+03
55	55	73	9.842714e+03
55	55	78	6.992418e+03
55	55	79	5.765796e+05
55	55	80	3.669653e+05
55	56	78	4.990015e+03
55	56	79	4.114657e+05
55	56	80	2.618783e+05
55	61	61	1.521227e-01
55	61	62	3.480249e+03
55	61	63	3.573357e+03
55	61	64	5.452777e+03
55	61	65	3.680950e+04
55	61	66	6.871692e+03
55	62	60	1.492335e+02
55	62	61	7.613007e+02
55	62	62	8.746024e+04
55	62	63	8.620774e+04
55	62	64	-9.722239e+03
55	62	65	-6.563092e+04
55	62	66	-1.225215e+04
55	63	60	9.926191e+02
55	63	61	5.040908e+03
55	63	62	5.909185e+04
55	63	63	3.677849e+04
55	63	64	5.250883e+04
55	63	65	3.544660e+05
55	63	66	6.617261e+04
55	64	60	1.827717e+02
55	64	61	9.278979e+02
55	64	62	4.285029e+03
55	64	63	1.258753e+03
55	64	64	1.593369e+04
55	64	65	6.034829e+03
55	65	60	3.132646e+03
55	65	61	7.768838e+03
55	65	62	5.903060e+04
55	65	63	6.223543e+03
55	65	64	8.150105e+04
55	65	65	8.007553e+04
55	65	66	2.852048e+04
55	65	69	1.091855e+01
55	65	70	1.074354e+02
55	65	71	2.736946e+01
55	66	60	6.112142e+03
55	66	61	1.515787e+04
55	66	62	1.162116e+05
55	66	63	9.140210e+04
55	66	64	5.370002e+05
55	66	65	4.854998e+05
55	66	66	1.796748e+05
55	66	67	6.804818e+04
55	66	68	3.137899e+04
55	66	69	1.246385e+03
55	66	70	1.226407e+04
55	66	71	3.124305e+03
55	67	60	5.592258e+04
55	67	61	1.386858e+05
55	67	62	1.061387e+06
55	67	63	7.163270e+05
55	67	64	1.056766e+06
55	67	65	3.246639e+05
55	67	66	3.097521e+04
55	67	67	-3.983537e+04
55	67	68	-1.639111e+04
55	67	69	6.811501e+04
55	67	70	4.973920e+04
55	67	71	1.330528e+04
55	67	72	6.776380e+03
55	68	61	1.090439e+03
55	68	62	1.518619e+04
55	68	63	4.161388e+05
55	68	64	4.474309e+05
55	68	65	1.400052e+06
55	68	66	6.975748e+04
55	68	67	8.951371e+05
55	68	68	4.361420e+05
55	68	69	2.325606e+03
55	68	70	-1.221022e+04
55	68	71	2.888434e+05
55	68	72	2.223101e+05
55	69	54	3.077707e-03
55	69	55	7.737780e-02
55	69	56	1.642288e-01
55	69	61	4.628654e+03
55	69	62	5.113864e+04
55	69	63	2.306639e+05
55	69	64	8.364066e+05
55	69	65	1.548394e+06
55	69	66	5.010921e+05
55	69	67	4.075433e+04
55	69	68	9.323242e+04
55	69	69	8.848215e+05
55	69	70	4.190464e+05
55	69	71	5.612124e+05
55	69	72	4.319404e+05
55	70	54	3.572700e-01
55	70	55	8.982261e+00
55	70	56	1.906420e+01
55	70	59	6.990596e+02
55	70	60	-1.173382e+03
55	70	61	3.487229e+04
55	70	62	5.483228e+04
55	70	63	5.425560e+05
55	70	64	9.875975e+05
55	70	65	1.608353e+06
55	70	66	4.480382e+04
55	70	67	5.428392e+05
55	70	68	6.812600e+05
55	70	69	4.653575e+05
55	71	39	2.373620e+03
55	71	40	2.360866e+04
55	71	41	7.438601e+04
55	71	54	2.444717e-01
55	71	55	6.146357e+00
55	71	56	1.304520e+01
55	71	59	6.078948e+04
55	71	60	-9.591689e+04
55	71	61	6.034488e+05
55	71	62	2.099546e+05
55	71	63	2.680356e+04
55	71	64	1.540514e+06
55	71	65	9.390645e+05
55	71	66	9.132609e+05
55	71	67	7.986635e+02
55	71	68	1.933753e+04
55	71	69	1.643406e+04
55	72	39	3.576641e+04
55	72	40	3.557423e+05
55	72	41	1.120871e+06
55	72	59	9.220429e+04
55	72	60	-1.079820e+05
55	72	61	9.055908e+05
55	72	62	6.369529e+05
55	72	63	9.860544e+04
55	72	64	6.343029e+05
55	72	65	4.132988e+05
55	72	66	3.626433e+04
55	72	67	1.384896e+04
55	72	68	-1.911858e+04
55	72	69	-1.896433e+04
55	72	72	4.977380e+01
55	72	73	1.247184e+03
55	72	74	2.650185e+03
55	73	39	1.202374e+04
55	73	40	1.195913e+05
55	73	41	3.768075e+05
55	73	50	2.676198e+03
55	73	51	-5.221850e+03
55	73	52	2.447431e+04
55	73	56	2.852253e+01
55	73	57	2.993390e+02
55	73	58	7.988315e+01
55	73	60	9.757250e+03
55	73	61	-1.869854e+03
55	73	62	1.330737e+05
55	73	63	1.387680e+03
55	73	64	2.948710e+04
55	73	65	-9.270639e+03
55	73	66	3.587455e+05
55	73	67	6.246036e+04
55	73	68	2.258695e+05
55	73	69	1.786901e+05
55	73	72	7.938130e+03
55	73	73	1.989060e+05
55	73	74	4.226625e+05
55	74	50	-3.148834e+03
55	74	51	6.144067e+03
55	74	52	-2.879666e+04
55	74	56	5.864458e+02
55	74	57	6.154645e+03
55	74	58	1.642461e+03
55	74	61	7.784700e+01
55	74	62	2.814709e+04
55	74	63	2.694361e+05
55	74	64	1.893536e+05
55	74	65	-2.092212e+04
55	74	66	8.839376e+05
55	74	67	2.018369e+04
55	74	68	7.938561e+03
55	74	72	5.748695e+03
55	74	73	1.440452e+05
55	74	74	3.060869e+05
55	75	50	3.003956e+04
55	75	51	-5.861378e+04
55	75	52	2.747172e+05
55	75	56	1.339891e+03
55	75	57	1.406192e+04
55	75	58	3.752637e+03
55	75	61	3.925319e+02
55	75	62	5.277008e+04
55	75	63	2.989156e+05
55	75	64	8.003000e+04
55	75	65	9.111902e-01
55	75	69	1.548854e+01
55	75	70	2.671040e+02
55	75	71	9.676263e+01
55	76	51	-2.536324e+02
55	76	52	-1.154915e+04
55	76	53	-6.256644e+03
55	76	62	4.769210e+03
55	76	63	4.675059e+04
55	76	64	1.187543e+04
55	76	65	1.824828e+01
55	76	69	2.421830e+02
55	76	70	4.176509e+03
55	76	71	1.513006e+03
55	77	51	-4.140620e+03
55	77	52	-1.885430e+05
55	77	53	-1.021414e+05
55	77	62	2.285182e+03
55	77	63	2.240057e+04
55	77	64	5.690215e+03
55	77	65	7.136748e+00
55	77	69	8.314822e+01
55	77	70	1.433913e+03
55	77	71	5.194575e+02
55	78	51	-1.456121e+03
55	78	52	-6.630442e+04
55	78	53	-3.591981e+04
55	79	52	5.262442e+01
55	79	53	4.243341e+02
55	79	54	9.255277e+01
55	80	52	3.523856e+02
55	80	53	2.841442e+03
55	80	54	6.197553e+02
55	81	52	6.529241e+01
55	81	53	5.264817e+02
55	81	54	1.148325e+02
55	88	66	2.959521e+02
55	88	67	-2.121238e+02
55	88	68	3.648326e+03
55	89	66	-5.614004e+02
55	89	67	4.023839e+02
55	89	68	-6.920618e+03
55	90	66	2.753585e+03
55	90	67	-1.973633e+03
55	90	68	3.394460e+04
55	101	56	2.239249e-01
55	101	57	7.141491e+03
55	101	58	6.983093e+03
55	102	56	1.354108e+00
55	102	57	4.318569e+04
55	102	58	4.222783e+04
55	103	56	2.274537e-01
55	103	57	7.254031e+03
55	103	58	7.093137e+03
56	14	105	1.629831e+03
56	14	106	1.107402e+04
56	14	107	2.079768e+03
56	15	105	1.656510e+04
56	15	106	1.125530e+05
56	15	107	2.113812e+04
56	16	105	5.162720e+04
56	16	106	3.507853e+05
56	16	107	6.587959e+04
56	53	71	4.598948e+03
56	53	72	-8.009786e+03
56	53	73	4.481850e+04
56	54	71	3.353011e+04
56	54	72	-5.839791e+04
56	54	73	3.267637e+05
56	55	71	6.710312e+03
56	55	72	-1.168706e+04
56	55	73	6.539455e+04
56	61	61	-2.966227e-01
56	61	62	-6.786109e+03
56	61	63	-6.967659e+03
56	61	64	1.954351e+04
56	61	65	1.319304e+05
56	61	66	2.511398e+04
56	61	67	4.863067e+02
56	62	60	5.137552e+03
56	62	61	2.607524e+04
56	62	62	-4.326743e+04
56	62	63	-1.680958e+05
56	62	64	-3.484586e+04
56	62	65	-2.352304e+05
56	62	66	-3.252179e+04
56	62	67	1.142514e+04
56	63	60	3.417216e+04
56	63	61	1.734826e+05
56	63	62	7.313108e+05
56	63	63	-7.171407e+04
56	63	64	1.881990e+05
56	63	65	1.270455e+06
56	63	66	2.419745e+05
56	63	67	4.816811e+03
56	64	60	6.292146e+03
56	64	61	3.194405e+04
56	64	62	1.475175e+05
56	64	63	4.118414e+03
56	64	64	3.320751e+04
56	64	65	4.973436e+03
56	65	60	1.079081e+03
56	65	61	3.782577e+03
56	65	62	2.880451e+04
56	65	63	2.693793e+04
56	65	64	2.535642e+05
56	65	65	1.606135e+05
56	65	66	6.090307e+04
56	65	67	1.881941e+03
56	65	68	4.628880e+02
56	65	69	3.621067e+02
56	65	70	3.563025e+03
56	65	71	9.076906e+02
56	66	60	2.105407e+03
56	66	61	1.384203e+04
56	66	62	1.056818e+05
56	66	63	1.075037e+05
56	66	64	6.896978e+05
56	66	65	1.149643e+06
56	66	66	4.981213e+05
56	66	67	7.801293e+04
56	66	68	2.677890e+04
56	66	69	4.133556e+04
56	66	70	4.067300e+05
56	66	71	1.036156e+05
56	67	59	1.756820e+00
56	67	60	1.926304e+04
56	67	61	4.963332e+04
56	67	62	3.864698e+05
56	67	63	1.576102e+05
56	67	64	1.182317e+05
56	67	65	5.865821e+05
56	67	66	2.554555e+05
56	67	67	1.014969e+05
56	67	68	1.781324e+04
56	67	69	9.061254e+04
56	67	70	6.009458e+05
56	67	71	1.512531e+05
56	67	72	1.528017e+03
56	68	59	3.857445e+03
56	68	60	-4.814436e+02
56	68	61	5.555003e+04
56	68	62	3.645272e+04
56	68	63	3.910852e+04
56	68	64	6.613078e+05
56	68	65	2.271654e+05
56	68	66	8.008574e+05
56	68	67	8.149599e+05
56	68	68	2.867823e+05
56	68	69	7.485920e+03
56	68	70	-6.010927e+03
56	68	71	6.513179e+04
56	68	72	5.012907e+04
56	69	54	6.465019e+01
56	69	55	1.625395e+03
56	69	56	3.449783e+03
56	69	59	4.199254e+03
56	69	60	-5.241043e+02
56	69	61	6.685745e+04
56	69	62	2.001541e+05
56	69	63	8.825792e+05
56	69	64	4.182859e+06
56	69	65	3.490163e+06
56	69	66	2.557017e+06
56	69	67	6.024320e+05
56	69	68	7.066888e+04
56	69	69	4.274875e+05
56	69	70	1.975396e+05
56	69	71	1.265487e+05
56	69	72	9.739897e+04
56	70	54	7.504800e+03
56	70	55	1.886810e+05
56	70	56	4.004619e+05
56	70	59	2.745160e+02
56	70	60	-3.032532e+02
56	70	61	7.742244e+04
56	70	62	4.707498e+05
56	70	63	1.311331e+06
56	70	64	4.692807e+06
56	70	65	1.504518e+06
56	70	66	1.139898e+06
56	70	67	4.590145e+05
56	70	68	4.660319e+05
56	70	69	4.351702e+05
56	70	70	2.528921e+04
56	71	54	5.135364e+03
56	71	55	1.291102e+05
56	71	56	2.740270e+05
56	71	59	2.387162e+04
56	71	60	-3.978332e+04
56	71	61	2.524498e+05
56	71	62	4.341879e+05
56	71	63	1.363066e+06
56	71	64	2.915002e+06
56	71	65	2.716343e+06
56	71	66	1.003256e+06
56	71	67	6.641920e+04
56	71	68	9.715036e+03
56	71	69	3.914219e+04
56	71	70	8.107024e+03
56	72	59	3.620801e+04
56	72	60	-5.564364e+04
56	72	61	3.698643e+05
56	72	62	1.277018e+05
56	72	63	7.695464e+05
56	72	64	1.257512e+06
56	72	65	1.340245e+06
56	72	66	8.245706e+05
56	72	67	5.491398e+05
56	72	68	4.768269e+05
56	72	69	2.368699e+05
56	73	50	-5.043803e+03
56	73	51	9.841567e+03
56	73	52	-4.612649e+04
56	73	56	1.333629e+03
56	73	57	1.399620e+04
56	73	58	3.735098e+03
56	73	60	6.928658e+02
56	73	61	5.697888e+02
56	73	62	4.103284e+04
56	73	63	5.007550e+04
56	73	64	1.614301e+05
56	73	65	8.313593e+04
56	73	66	1.194536e+06
56	73	67	1.846148e+06
56	73	68	8.237898e+05
56	73	69	1.803390e+05
56	73	70	8.837966e+03
56	73	71	1.250988e+04
56	74	50	5.934575e+03
56	74	51	-1.157966e+04
56	74	52	5.427276e+04
56	74	56	2.742046e+04
56	74	57	2.877728e+05
56	74	58	7.679656e+04
56	74	61	1.892021e+03
56	74	62	1.758114e+05
56	74	63	7.021856e+05
56	74	64	1.382189e+06
56	74	65	2.459129e+05
56	74	66	8.120105e+05
56	74	67	6.538421e+05
56	74	68	2.744078e+05
56	74	69	5.026950e+02
56	74	70	6.351170e+04
56	74	71	8.989892e+04
56	75	50	-5.661525e+04
56	75	51	1.104688e+05
56	75	52	-5.177567e+05
56	75	56	6.264930e+04
56	75	57	6.574934e+05
56	75	58	1.754621e+05
56	75	61	9.540233e+03
56	75	62	7.307988e+05
56	75	63	9.215523e+05
56	75	64	1.678363e+05
56	75	65	6.122522e+04
56	75	66	2.844478e+04
56	75	69	1.625565e+03
56	75	70	3.886928e+04
56	75	71	2.729754e+04
56	76	51	1.359293e+03
56	76	52	6.189538e+04
56	76	53	3.353126e+04
56	76	62	1.027878e+04
56	76	63	1.552206e+05
56	76	64	1.473841e+04
56	76	65	7.779782e+05
56	76	66	8.015653e+04
56	76	69	2.386470e+04
56	76	70	4.115529e+05
56	76	71	1.490915e+05
56	77	51	2.219084e+04
56	77	52	1.010459e+06
56	77	53	5.474070e+05
56	77	62	4.925108e+03
56	77	63	6.934113e+04
56	77	64	2.076469e+03
56	77	65	2.708238e+05
56	77	69	8.193421e+03
56	77	70	1.412977e+05
56	77	71	5.118731e+04
56	78	51	7.803794e+03
56	78	52	3.553455e+05
56	78	53	1.925052e+05
56	79	52	1.197728e+04
56	79	53	9.657812e+04
56	79	54	2.106494e+04
56	80	52	8.020269e+04
56	80	53	6.467100e+05
56	80	54	1.410558e+05
56	81	52	1.486050e+04
56	81	53	1.198268e+05
56	81	54	2.613579e+04
56	88	66	5.686682e+03
56	88	67	-4.075931e+03
56	88	68	7.010211e+04
56	89	66	-1.078724e+04
56	89	67	7.731754e+03
56	89	68	-1.329788e+05
56	90	66	5.290978e+04
56	90	67	-3.792310e+04
56	90	68	6.522410e+05
56	101	56	2.228867e-01
56	101	57	7.108379e+03
56	101	58	6.950716e+03
56	102	56	1.347830e+00
56	102	57	4.298545e+04
56	102	58	4.203204e+04
56	103	56	2.263991e-01
56	103	57	7.220397e+03
56	103	58	7.060249e+03
57	14	105	3.570690e+03
57	14	106	2.426135e+04
57	14	107	4.556427e+03
57	15	105	3.629139e+04
57	15	106	2.465849e+05
57	15	107	4.631012e+04
57	16	105	1.131066e+05
57	16	106	7.685125e+05
57	16	107	1.443313e+05
57	53	71	1.804278e+04
57	53	72	-3.142432e+04
57	53	73	1.758338e+05
57	54	71	1.315467e+05
57	54	72	-2.291091e+05
57	54	73	1.281973e+06
57	55	71	2.632618e+04
57	55	72	-4.585114e+04
57	55	73	2.565586e+05
57	61	56	1.423692e+03
57	61	57	-1.758254e+03
57	61	58	1.577329e+04
57	61	61	1.391786e+00
57	61	62	3.184115e+04
57	61	63	3.269300e+04
57	61	65	1.039802e-02
57	61	66	1.926498e+04
57	61	67	1.932167e+04
57	62	56	-2.207868e+03
57	62	57	2.726707e+03
57	62	58	-2.446128e+04
57	62	60	2.530322e+03
57	62	61	1.416639e+04
57	62	62	8.363802e+05
57	62	63	7.904923e+05
57	62	64	3.801964e+01
57	62	65	3.687819e+00
57	62	66	4.584151e+05
57	62	67	4.603372e+05
57	63	56	1.461348e+04
57	63	57	-1.804759e+04
57	63	58	1.619049e+05
57	63	59	8.803003e+02
57	63	60	2.242161e+04
57	63	61	9.622044e+04
57	63	62	7.899639e+05
57	63	63	3.558404e+05
57	63	64	1.023564e+04
57	63	65	2.911958e+03
57	63	66	2.287311e+05
57	63	67	2.331454e+05
57	64	59	8.432905e+03
57	64	60	5.736623e+04
57	64	61	2.757009e+04
57	64	62	8.714844e+04
57	64	63	1.020079e+04
57	64	64	3.214894e+04
57	64	65	2.618758e+04
57	64	66	6.857293e+03
57	64	67	7.554133e+03
57	65	59	4.903321e+03
57	65	60	8.503478e+04
57	65	61	3.455530e+04
57	65	62	1.001979e+04
57	65	63	3.308157e+04
57	65	64	1.242344e+05
57	65	65	1.316047e+05
57	65	66	1.599779e+03
57	65	67	-2.283479e+03
57	65	68	-5.616516e+02
57	65	69	1.758939e+02
57	65	70	1.730745e+03
57	65	71	4.409120e+02
57	66	59	1.758768e+03
57	66	60	4.486226e+04
57	66	61	2.621697e+04
57	66	62	6.406078e+04
57	66	63	2.045347e+05
57	66	64	1.945046e+06
57	66	65	1.319515e+06
57	66	66	7.789804e+04
57	66	67	-5.185320e+04
57	66	68	-1.275397e+04
57	66	69	2.007881e+04
57	66	70	1.975697e+05
57	66	71	5.033143e+04
57	67	59	1.459611e+00
57	67	60	4.894672e+00
57	67	61	2.750471e+03
57	67	62	4.511933e+05
57	67	63	8.196796e+05
57	67	64	9.992383e+05
57	67	65	7.988749e+05
57	67	66	1.641252e+05
57	67	67	-6.175950e+04
57	67	68	1.062246e+04
57	67	69	2.892537e+04
57	67	70	2.846637e+05
57	67	71	7.258217e+04
57	67	72	7.986576e+02
57	68	59	3.204864e+03
57	68	60	-1.123471e+02
57	68	61	6.394614e+04
57	68	62	5.056912e+05
57	68	63	2.879007e+06
57	68	64	2.812387e+06
57	68	65	4.140105e+06
57	68	66	1.438720e+06
57	68	67	8.065486e+05
57	68	68	6.599021e+05
57	68	69	8.125943e+04
57	68	70	2.251314e+03
57	68	71	3.645489e+03
57	68	72	3.875923e+04
57	69	54	6.645612e+01
57	69	55	1.670799e+03
57	69	56	3.546149e+03
57	69	57	3.663769e+02
57	69	58	6.531786e+03
57	69	59	1.950419e+04
57	69	60	2.310086e+02
57	69	61	1.376582e+05
57	69	62	6.515552e+05
57	69	63	3.819068e+06
57	69	64	7.489876e+06
57	69	65	8.852113e+06
57	69	66	6.246846e+06
57	69	67	1.870660e+06
57	69	68	8.248408e+05
57	69	69	-1.336720e+05
57	69	70	8.529760e+02
57	69	71	6.328228e+03
57	69	72	6.728239e+04
57	70	54	7.714438e+03
57	70	55	1.939516e+05
57	70	56	4.116483e+05
57	70	57	-4.508044e+02
57	70	58	-8.018781e+03
57	70	59	-1.703884e+04
57	70	60	5.347742e+03
57	70	61	5.423182e+05
57	70	62	1.317517e+06
57	70	63	8.343941e+06
57	70	64	1.085319e+07
57	70	65	5.944283e+06
57	70	66	6.015462e+06
57	70	67	1.333652e+06
57	70	68	1.174784e+06
57	70	69	6.713709e+05
57	70	70	-4.246266e+04
57	71	54	5.278815e+03
57	71	55	1.327167e+05
57	71	56	2.816816e+05
57	71	57	4.063323e+03
57	71	58	7.242777e+04
57	71	59	1.756587e+05
57	71	60	9.095702e+03
57	71	61	2.659040e+05
57	71	62	5.323619e+05
57	71	63	4.375764e+06
57	71	64	8.142354e+06
57	71	65	4.830471e+06
57	71	66	3.060858e+06
57	71	67	1.027749e+06
57	71	68	4.154639e+05
57	71	69	-5.728854e+04
57	71	70	-1.361236e+04
57	72	60	8.542237e+04
57	72	61	1.774025e+05
57	72	62	1.777867e+06
57	72	63	2.502246e+06
57	72	64	2.036038e+06
57	72	65	2.045063e+06
57	72	66	2.081738e+06
57	72	67	3.450553e+05
57	72	68	2.809220e+05
57	72	69	1.418618e+05
57	73	50	2.499473e+04
57	73	51	-4.877020e+04
57	73	52	2.285813e+05
57	73	56	7.285099e+02
57	73	57	9.144993e+03
57	73	58	4.618284e+02
57	73	59	1.728669e+04
57	73	60	1.495680e+04
57	73	61	1.269642e+04
57	73	62	4.265584e+05
57	73	63	3.846520e+05
57	73	64	2.963737e+05
57	73	65	2.232794e+05
57	73	66	6.027740e+05
57	73	67	5.331457e+05
57	73	68	2.152306e+05
57	73	69	1.078596e+05
57	73	70	-1.311787e+04
57	73	71	-1.856796e+04
57	74	50	-2.940898e+04
57	74	51	5.738338e+04
57	74	52	-2.689504e+05
57	74	56	1.497874e+04
57	74	57	1.667167e+05
57	74	58	3.193137e+04
57	74	59	1.097275e+05
57	74	60	3.107377e+03
57	74	61	2.282207e+04
57	74	62	6.269576e+04
57	74	63	3.333869e+04
57	74	64	1.063358e+04
57	74	65	4.969369e+04
57	74	66	1.570457e+05
57	74	67	2.013026e+05
57	74	68	3.958602e+04
57	74	69	-7.461319e+02
57	74	70	-9.426811e+04
57	74	71	-1.334337e+05
57	75	50	2.805587e+05
57	75	51	-5.474317e+05
57	75	52	2.565760e+06
57	75	56	3.422290e+04
57	75	57	3.608397e+05
57	75	58	9.408335e+04
57	75	59	1.932708e+04
57	75	60	1.001102e+03
57	75	61	1.117515e+04
57	75	62	2.985856e+05
57	75	63	2.549455e+05
57	75	64	4.627291e+05
57	75	65	1.259104e+05
57	75	66	-3.403552e+04
57	75	67	3.811541e+04
57	75	68	1.788262e+04
57	75	69	2.113654e+03
57	75	70	2.033042e+04
57	75	71	-1.225180e+04
57	76	62	8.697749e+04
57	76	63	9.452945e+05
57	76	64	5.311232e+05
57	76	65	1.404204e+06
57	76	66	-9.945747e+04
57	76	67	2.688605e+00
57	76	68	7.948212e+01
57	76	69	3.548127e+04
57	76	70	6.091303e+05
57	76	71	2.206670e+05
57	77	62	4.167554e+04
57	77	63	4.361711e+05
57	77	64	1.000554e+05
57	77	65	3.759551e+05
57	77	67	4.203751e+00
57	77	68	1.242737e+02
57	77	69	1.237655e+04
57	77	70	2.091315e+05
57	77	71	7.576119e+04
57	78	66	5.268680e+02
57	78	67	-2.433725e+02
57	78	68	6.802189e+03
57	79	52	9.149138e+03
57	79	53	7.377356e+04
57	79	54	1.609097e+04
57	79	66	9.379177e+03
57	79	67	-4.332458e+03
57	79	68	1.210909e+05
57	80	52	6.126479e+04
57	80	53	4.940053e+05
57	80	54	1.077490e+05
57	80	66	3.455296e+03
57	80	67	-1.596081e+03
57	80	68	4.460999e+04
57	81	52	1.135156e+04
57	81	53	9.153266e+04
57	81	54	1.996446e+04
57	88	58	1.925213e+00
57	88	59	1.343124e+02
57	88	60	8.209876e+01
57	88	66	1.333795e+04
57	88	67	-9.559979e+03
57	88	68	1.644225e+05
57	89	58	1.173788e+03
57	89	59	8.188923e+04
57	89	60	5.005500e+04
57	89	66	-2.530115e+04
57	89	67	1.813461e+04
57	89	68	-3.118980e+05
57	90	58	9.966480e+02
57	90	59	6.953109e+04
57	90	60	4.250105e+04
57	90	66	1.240984e+05
57	90	67	-8.894754e+04
57	90	68	1.529813e+06
57	101	56	3.580722e+00
57	101	57	1.141976e+05
57	101	58	1.116647e+05
57	102	56	2.165317e+01
57	102	57	6.905704e+05
57	102	58	6.752536e+05
57	103	56	3.637149e+00
57	103	57	1.159972e+05
57	103	58	1.134244e+05
58	61	56	-5.654867e+02
58	61	57	6.983737e+02
58	61	58	-6.265108e+03
58	61	65	5.386918e-03
58	61	66	9.980636e+03
58	61	67	1.001000e+04
58	62	56	8.769592e+02
58	62	57	-1.083041e+03
58	62	58	9.715956e+03
58	62	61	8.498466e+02
58	62	62	5.969296e+03
58	62	63	4.775474e+03
58	62	64	1.823543e+03
58	62	65	9.855794e+01
58	62	66	2.452048e+05
58	62	67	2.453714e+05
58	63	56	-5.804437e+03
58	63	57	7.168456e+03
58	63	58	-6.430819e+04
58	63	59	1.334526e+04
58	63	60	8.476345e+04
58	63	61	2.139561e+04
58	63	62	5.285996e+04
58	63	63	3.044418e+05
58	63	64	1.591381e+05
58	63	65	8.770838e+03
58	63	66	2.024035e+05
58	63	67	1.805384e+05
58	64	59	1.276064e+05
58	64	60	8.166773e+05
58	64	61	1.474205e+05
58	64	62	1.655355e+04
58	64	63	2.141852e+05
58	64	64	7.726745e+04
58	64	65	4.345473e+04
58	64	66	1.235688e+05
58	64	67	6.109406e+04
58	64	68	2.601902e+02
58	64	69	3.909818e+02
58	64	70	4.225955e+03
58	64	71	1.151292e+03
58	65	57	5.053333e+02
58	65	58	1.363509e+03
58	65	59	6.605388e+04
58	65	60	8.298274e+05
58	65	61	3.274300e+05
58	65	62	1.504172e+05
58	65	63	2.941320e+05
58	65	64	1.096407e+06
58	65	65	5.705400e+05
58	65	66	4.323564e+04
58	65	67	5.655791e+04
58	65	68	2.601880e+04
58	65	69	1.790808e+03
58	65	70	1.454296e+04
58	65	71	1.189615e+04
58	66	57	-7.237083e+02
58	66	58	-1.952736e+03
58	66	59	1.476929e+03
58	66	60	3.929697e+05
58	66	61	3.056704e+05
58	66	62	1.036877e+06
58	66	63	7.628163e+05
58	66	64	1.152212e+06
58	66	65	2.836784e+05
58	66	66	3.392612e+04
58	66	67	5.158566e+05
58	66	68	1.497793e+05
58	66	69	1.140226e+04
58	66	70	1.001970e+05
58	66	71	2.919853e+04
58	67	56	3.610203e+02
58	67	57	1.325199e+04
58	67	58	1.764920e+04
58	67	59	1.028935e+05
58	67	60	1.248594e+03
58	67	61	2.860052e+04
58	67	62	6.245110e+05
58	67	63	1.154329e+06
58	67	64	2.400193e+06
58	67	65	2.099265e+06
58	67	66	6.981202e+05
58	67	67	1.064644e+06
58	67	68	2.734766e+05
58	67	69	7.404128e+03
58	67	70	6.689360e+03
58	67	71	1.256172e+05
58	67	72	9.655244e+03
58	68	56	1.014279e+02
58	68	57	2.221558e+03
58	68	58	9.069417e+02
58	68	59	6.040691e+04
58	68	60	6.174723e+04
58	68	61	7.783278e+05
58	68	62	1.331830e+06
58	68	63	3.378156e+06
58	68	64	9.329185e+06
58	68	65	8.979620e+06
58	68	66	2.371004e+06
58	68	67	3.706518e+05
58	68	68	2.297134e+05
58	68	69	1.358915e+05
58	68	70	2.135884e+05
58	68	71	4.407156e+04
58	68	72	4.685735e+05
58	69	56	5.244290e+03
58	69	57	1.141614e+05
58	69	58	3.458373e+04
58	69	59	6.061123e+04
58	69	60	7.090543e+04
58	69	61	1.365842e+06
58	69	62	1.452247e+06
58	69	63	9.745839e+06
58	69	64	1.840548e+07
58	69	65	2.894059e+07
58	69	66	1.198955e+07
58	69	67	2.450373e+06
58	69	68	2.446124e+05
58	69	69	-5.270126e+04
58	69	70	6.529214e+04
58	69	71	7.650411e+04
58	69	72	8.133999e+05
58	70	57	8.655646e+02
58	70	58	2.230151e+04
58	70	59	3.034409e+05
58	70	60	4.557291e+05
58	70	61	6.442712e+05
58	70	62	1.383266e+06
58	70	63	1.328609e+07
58	70	64	2.388768e+07
58	70	65	2.386996e+07
58	70	66	9.481278e+06
58	70	67	3.434189e+06
58	70	68	6.969630e+05
58	70	69	2.134007e+06
58	70	70	2.508226e+05
58	71	57	-7.801762e+03
58	71	58	-1.352853e+05
58	71	59	-2.624243e+05
58	71	60	1.614487e+05
58	71	61	4.294166e+05
58	71	62	1.732284e+06
58	71	63	5.218295e+06
58	71	64	1.123355e+07
58	71	65	9.870879e+06
58	71	66	4.871018e+06
58	71	67	5.371479e+05
58	71	68	5.595452e+05
58	71	69	3.929137e+05
58	71	70	8.040682e+04
58	72	60	8.565905e+04
58	72	61	3.174994e+05
58	72	62	2.605604e+06
58	72	63	2.687911e+06
58	72	64	3.552385e+06
58	72	65	6.010890e+06
58	72	66	1.842422e+06
58	72	67	-8.347515e+04
58	72	68	1.014368e+05
58	72	69	4.586321e+04
58	73	57	-4.083151e+02
58	73	58	4.298558e+02
58	73	59	-4.703244e+03
58	73	60	1.567044e+04
58	73	61	6.796937e+04
58	73	62	3.435702e+05
58	73	63	3.927430e+05
58	73	64	1.858904e+06
58	73	65	3.369192e+05
58	73	66	-1.207217e+05
58	73	67	-3.771504e+03
58	73	68	-1.803623e+03
58	73	69	5.772334e+02
58	73	70	9.227142e+04
58	73	71	1.306075e+05
58	74	57	-2.591786e+03
58	74	58	2.728516e+03
58	74	59	-2.978288e+04
58	74	60	1.595440e+05
58	74	61	8.454675e+05
58	74	62	1.751911e+05
58	74	63	-7.457500e+03
58	74	64	-2.742320e+03
58	74	65	1.143466e+05
58	74	66	2.171496e+04
58	74	67	-1.035845e+05
58	74	68	-4.733242e+04
58	74	69	1.089660e+04
58	74	70	6.630841e+05
58	74	71	9.385759e+05
58	75	57	-4.565095e+02
58	75	58	4.805927e+02
58	75	59	-5.222105e+03
58	75	60	5.759457e+04
58	75	61	3.241668e+05
58	75	62	8.243456e+04
58	75	63	7.154761e+04
58	75	64	9.344178e+05
58	75	65	4.804000e+05
58	75	66	3.131823e+05
58	75	67	-4.683615e+04
58	75	68	-2.034939e+04
58	75	69	4.350937e+03
58	75	70	1.310146e+05
58	75	71	1.854472e+05
58	76	63	4.829193e+04
58	76	64	5.385794e+05
58	76	65	2.478090e+06
58	76	66	8.869013e+05
58	76	67	4.195274e+03
58	76	68	1.240231e+05
58	76	69	2.491491e+05
58	77	63	1.574265e+04
58	77	64	1.714894e+04
58	77	65	2.546829e+05
58	77	67	6.559492e+03
58	77	68	1.939156e+05
58	77	69	3.895554e+05
58	78	66	4.464939e+03
58	78	67	-2.062458e+03
58	78	68	5.764510e+04
58	79	66	7.948376e+04
58	79	67	-3.671538e+04
58	79	68	1.026184e+06
58	80	66	2.928188e+04
58	80	67	-1.352597e+04
58	80	68	3.780470e+05
58	82	35	5.386847e-01
58	82	36	4.026622e+00
58	82	37	8.236087e-01
58	83	35	3.276436e+02
58	83	36	2.449108e+03
58	83	37	5.009426e+02
58	84	35	3.846861e+02
58	84	36	2.875495e+03
58	84	37	5.881563e+02
58	88	58	1.200381e+01
58	88	59	8.374451e+02
58	88	60	5.118904e+02
58	89	58	7.318633e+03
58	89	59	5.105840e+05
58	89	60	3.120957e+05
58	90	58	6.214157e+03
58	90	59	4.335303e+05
58	90	60	2.649965e+05
59	60	62	7.830390e+02
59	60	63	-1.565530e+03
59	60	64	7.048996e+03
59	61	56	1.858784e+04
59	61	57	-2.295591e+04
59	61	58	2.059374e+05
59	61	61	2.010118e+03
59	61	62	2.285926e+04
59	61	63	-1.412191e+04
59	61	64	7.632792e+04
59	61	66	2.018161e+02
59	61	67	1.381951e+04
59	61	68	8.407342e+03
59	62	56	-2.882610e+04
59	62	57	3.560012e+04
59	62	58	-3.193685e+05
59	62	61	1.788235e+04
59	62	62	1.254833e+05
59	62	63	2.514463e+04
59	62	64	2.642366e+04
59	62	65	3.312538e+03
59	62	66	1.146745e+05
59	62	67	2.184061e+05
59	62	68	6.316632e+04
59	63	56	1.907949e+05
59	63	57	-2.356309e+05
59	63	58	2.113844e+06
59	63	59	4.501964e+03
59	63	60	2.859457e+04
59	63	61	1.786285e+05
59	63	62	1.218778e+06
59	63	63	7.529204e+05
59	63	64	3.778466e+05
59	63	65	8.359625e+04
59	63	66	9.507610e+05
59	63	67	8.653697e+05
59	63	68	1.297746e+04
59	64	59	4.301388e+04
59	64	60	2.747356e+05
59	64	61	8.798394e+04
59	64	62	2.919681e+05
59	64	63	5.236958e+05
59	64	64	-6.278545e+04
59	64	65	4.951954e+05
59	64	66	8.309864e+05
59	64	67	4.480506e+05
59	64	68	1.384605e+03
59	64	69	-6.528025e+01
59	64	70	-7.055862e+02
59	64	71	-1.922253e+02
59	65	57	6.371883e+03
59	65	58	1.719285e+04
59	65	59	1.390726e+05
59	65	60	2.142984e+05
59	65	61	7.149151e+04
59	65	62	1.181203e+05
59	65	63	1.080968e+06
59	65	64	1.537226e+06
59	65	65	1.784223e+06
59	65	66	2.350283e+04
59	65	67	1.842483e+05
59	65	68	1.110352e+05
59	65	69	4.582465e+03
59	65	70	3.092933e+03
59	65	71	7.739134e+04
59	66	57	-9.125431e+03
59	66	58	-2.462257e+04
59	66	59	-1.720413e+05
59	66	60	9.246528e+04
59	66	61	7.980105e+04
59	66	62	1.122574e+05
59	66	63	3.839890e+05
59	66	64	1.563210e+05
59	66	65	6.027372e+04
59	66	66	1.948709e+05
59	66	67	2.080278e+05
59	66	68	1.747781e+05
59	66	69	2.387158e+04
59	66	70	7.679867e+04
59	66	71	5.170151e+04
59	67	56	3.026724e+03
59	67	57	1.336856e+05
59	67	58	2.090279e+05
59	67	59	1.297544e+06
59	67	60	3.626847e+03
59	67	61	1.337417e+04
59	67	62	5.219451e+05
59	67	63	3.098064e+06
59	67	64	5.967285e+06
59	67	65	3.740661e+06
59	67	66	6.679226e+05
59	67	67	7.811906e+04
59	67	68	1.474936e+04
59	67	69	8.277122e+04
59	67	70	7.698210e+04
59	67	71	1.203459e+06
59	67	72	2.836305e+03
59	68	56	8.503515e+02
59	68	57	1.862511e+04
59	68	58	7.807116e+03
59	68	59	7.829920e+02
59	68	60	5.808587e+04
59	68	61	1.173860e+04
59	68	62	1.718352e+06
59	68	63	4.424678e+06
59	68	64	1.057345e+07
59	68	65	1.322584e+07
59	68	66	6.760465e+06
59	68	67	7.534224e+05
59	68	68	3.160997e+05
59	68	69	3.211997e+05
59	68	70	1.206890e+06
59	68	71	1.294637e+04
59	68	72	1.376472e+05
59	69	55	1.413160e+01
59	69	56	4.530604e+04
59	69	57	9.672678e+05
59	69	58	4.567267e+05
59	69	59	1.992753e+05
59	69	60	1.500201e+05
59	69	61	7.776573e+05
59	69	62	3.003859e+06
59	69	63	1.209308e+07
59	69	64	3.205144e+07
59	69	65	3.153758e+07
59	69	66	1.226964e+07
59	69	67	2.047844e+06
59	69	68	1.322246e+06
59	69	69	1.102723e+05
59	69	70	1.387889e+04
59	69	71	2.247370e+04
59	69	72	2.389427e+05
59	70	55	1.785691e+02
59	70	56	1.691893e+04
59	70	57	6.943079e+03
59	70	58	-2.714624e+04
59	70	59	2.968129e+05
59	70	60	1.378657e+06
59	70	61	1.862734e+06
59	70	62	5.862008e+06
59	70	63	1.872174e+07
59	70	64	4.043443e+07
59	70	65	3.658304e+07
59	70	66	1.916002e+07
59	70	67	2.956787e+06
59	70	68	2.674634e+06
59	70	69	3.928976e+05
59	71	55	5.010104e+02
59	71	56	4.746935e+04
59	71	57	6.869510e+04
59	71	58	7.045488e+05
59	71	59	1.910513e+06
59	71	60	8.545308e+05
59	71	61	1.841488e+06
59	71	62	2.973038e+06
59	71	63	8.426057e+06
59	71	64	2.388756e+07
59	71	65	1.488785e+07
59	71	66	6.348403e+06
59	71	67	3.232754e+06
59	71	68	8.677308e+05
59	71	69	2.055489e+05
59	72	60	6.527015e+03
59	72	61	1.753454e+05
59	72	62	4.415106e+05
59	72	63	3.171498e+06
59	72	64	3.828593e+06
59	72	65	5.185333e+06
59	72	66	1.249329e+06
59	72	67	6.871833e+05
59	72	68	7.408974e+05
59	72	69	3.741617e+05
59	73	57	1.999308e+04
59	73	58	-2.104781e+04
59	73	59	2.305359e+05
59	73	60	2.934069e+04
59	73	61	4.814315e+04
59	73	62	3.655818e+03
59	73	63	1.857042e+06
59	73	64	1.767303e+06
59	73	65	1.959111e+06
59	73	66	9.293495e+05
59	73	67	3.501960e+04
59	73	68	1.185906e+04
59	73	69	-1.678038e+04
59	74	57	1.269064e+05
59	74	58	-1.336013e+05
59	74	59	1.463934e+06
59	74	60	5.260361e+05
59	74	61	9.179174e+05
59	74	62	7.661656e+05
59	74	63	2.093538e+05
59	74	64	6.440543e+05
59	74	65	3.412933e+05
59	74	66	3.090007e+04
59	74	67	9.604761e+05
59	74	68	5.891005e+05
59	74	69	6.190971e+05
59	75	57	2.235291e+04
59	75	58	-2.353214e+04
59	75	59	2.580549e+05
59	75	60	2.149749e+05
59	75	61	2.773630e+05
59	75	62	-1.566833e+04
59	75	63	1.278393e+05
59	75	64	1.396017e+06
59	75	65	5.205457e+05
59	75	66	1.395804e+04
59	75	67	4.228324e+05
59	75	68	2.001769e+05
59	75	69	3.664721e+03
59	76	60	8.330355e+02
59	76	61	1.100014e+04
59	76	62	3.417755e+03
59	76	63	1.540772e+05
59	76	64	8.919130e+05
59	76	65	8.709105e+05
59	76	67	4.639321e+03
59	76	68	1.371503e+05
59	76	69	2.755202e+05
59	77	60	1.637987e+02
59	77	61	2.162944e+03
59	77	62	6.720286e+02
59	77	63	9.167900e+03
59	77	64	2.350428e+04
59	77	65	1.741797e+05
59	77	66	2.156674e+00
59	77	67	7.265335e+03
59	77	68	2.144405e+05
59	77	69	4.307877e+05
59	78	65	4.426949e+01
59	78	66	1.193079e+03
59	78	67	4.902353e+02
59	78	68	1.309343e+04
59	79	65	2.821499e+01
59	79	66	1.816786e+04
59	79	67	-7.728457e+03
59	79	68	2.330860e+05
59	80	66	6.651044e+03
59	80	67	-3.072271e+03
59	80	68	8.586907e+04
59	82	35	8.919800e+01
59	82	36	6.667474e+02
59	82	37	1.363771e+02
59	83	35	5.425280e+04
59	83	36	4.055350e+05
59	83	37	8.294848e+04
59	84	35	6.369817e+04
59	84	36	4.761383e+05
59	84	37	9.738974e+04
59	88	58	2.078002e+00
59	88	59	1.449717e+02
59	88	60	8.861430e+01
59	89	58	1.266942e+03
59	89	59	8.838815e+04
59	89	60	5.402748e+04
59	90	58	1.075744e+03
59	90	59	7.504923e+04
59	90	60	4.587403e+04
60	54	74	9.579809e+01
60	54	75	2.307724e+03
60	54	76	9.838888e+02
60	55	74	2.211224e+03
60	55	75	5.326718e+04
60	55	76	2.271025e+04
60	56	74	4.838800e+03
60	56	75	1.165640e+05
60	56	76	4.969661e+04
60	60	62	1.884294e+03
60	60	63	-3.767269e+03
60	60	64	1.696260e+04
60	61	61	-3.555108e+03
60	61	62	-5.029692e+03
60	61	63	-4.579782e+04
60	61	64	1.836744e+05
60	61	66	-3.473489e+02
60	61	67	-2.378498e+04
60	61	68	-1.447001e+04
60	62	61	3.224911e+03
60	62	62	2.957751e+04
60	62	63	4.023886e+02
60	62	64	8.654953e+04
60	62	65	1.277375e+04
60	62	66	2.052328e+03
60	62	67	-1.736351e+05
60	62	68	-1.087166e+05
60	63	61	-4.221562e+04
60	63	62	-2.951442e+05
60	63	63	-8.718686e+03
60	63	64	1.844969e+05
60	63	65	1.379691e+04
60	63	66	2.168700e+05
60	63	67	3.050315e+05
60	63	68	-2.233571e+04
60	64	60	1.347188e+03
60	64	61	1.047651e+05
60	64	62	6.982076e+05
60	64	63	3.804671e+05
60	64	64	1.011637e+06
60	64	65	5.124518e+05
60	64	66	3.785811e+05
60	64	67	5.466414e+05
60	64	68	6.208222e+03
60	64	69	5.303935e+03
60	64	70	5.732796e+04
60	64	71	1.561806e+04
60	65	57	1.923218e+03
60	65	58	5.189298e+03
60	65	59	3.703834e+04
60	65	60	-2.453440e+03
60	65	61	-8.257146e+04
60	65	62	3.049252e+05
60	65	63	2.082971e+05
60	65	64	8.135633e+05
60	65	65	9.914542e+05
60	65	66	5.942192e+04
60	65	67	8.554516e+05
60	65	68	4.978540e+05
60	65	69	1.875142e+04
60	65	70	1.910169e+05
60	65	71	7.125899e+04
60	66	57	-2.754319e+03
60	66	58	-7.431803e+03
60	66	59	-5.235371e+04
60	66	60	1.618264e+04
60	66	61	6.013834e+05
60	66	62	1.063498e+06
60	66	63	1.981939e+05
60	66	64	8.718411e+05
60	66	65	1.228519e+06
60	66	66	2.281213e+05
60	66	67	1.000135e+06
60	66	68	7.684191e+05
60	66	69	1.432599e+05
60	66	70	1.212124e+06
60	66	71	3.318645e+05
60	67	56	6.815514e+02
60	67	57	3.526869e+04
60	67	58	6.170743e+04
60	67	59	3.945984e+05
60	67	60	1.725079e+04
60	67	61	1.392177e+04
60	67	62	8.583138e+05
60	67	63	2.368539e+06
60	67	64	4.042403e+06
60	67	65	2.461317e+06
60	67	66	1.003070e+06
60	67	67	1.959904e+05
60	67	68	1.445766e+05
60	67	69	1.296064e+05
60	67	70	1.156882e+05
60	67	71	3.020937e+05
60	68	56	1.914803e+02
60	68	57	4.193963e+03
60	68	58	2.900736e+03
60	68	59	4.573331e+03
60	68	60	2.533440e+04
60	68	61	4.231099e+04
60	68	62	1.300478e+06
60	68	63	5.904968e+06
60	68	64	6.638249e+06
60	68	65	6.992807e+06
60	68	66	4.760233e+06
60	68	67	5.387388e+05
60	68	68	2.458579e+05
60	68	69	7.066855e+05
60	68	70	7.999413e+05
60	69	55	1.902405e+02
60	69	56	2.792519e+04
60	69	57	2.286804e+05
60	69	58	1.005336e+05
60	69	59	3.444655e+04
60	69	60	2.680291e+05
60	69	61	8.844056e+03
60	69	62	2.252891e+06
60	69	63	7.198869e+06
60	69	64	1.939592e+07
60	69	65	2.210403e+07
60	69	66	1.295026e+07
60	69	67	2.828659e+06
60	69	68	2.766657e+06
60	69	69	1.932974e+05
60	70	55	2.403909e+03
60	70	56	2.277638e+05
60	70	57	1.495240e+05
60	70	58	8.655113e+03
60	70	59	-8.258433e+03
60	70	60	1.957311e+05
60	70	61	6.971646e+05
60	70	62	5.130514e+06
60	70	63	1.240952e+07
60	70	64	1.920845e+07
60	70	65	2.706526e+07
60	70	66	1.170122e+07
60	70	67	2.354684e+06
60	70	68	1.468392e+06
60	70	69	7.295771e+03
60	71	55	6.744634e+03
60	71	56	6.390355e+05
60	71	57	4.195187e+05
60	71	58	-5.611035e+03
60	71	59	-2.407724e+05
60	71	60	1.128417e+05
60	71	61	3.267632e+05
60	71	62	2.872941e+06
60	71	63	5.031672e+06
60	71	64	1.207844e+07
60	71	65	1.532542e+07
60	71	66	1.060139e+07
60	71	67	1.954830e+06
60	71	68	1.109064e+06
60	71	69	1.897681e+05
60	72	60	7.281011e+03
60	72	61	4.676942e+04
60	72	62	2.591121e+05
60	72	63	4.382126e+05
60	72	64	1.448244e+06
60	72	65	2.976424e+06
60	72	66	1.370193e+06
60	72	67	7.193167e+05
60	72	68	1.645654e+05
60	72	69	2.068960e+05
60	73	59	8.160982e+00
60	73	60	1.006553e+04
60	73	61	-1.796154e+04
60	73	62	-9.523876e+04
60	73	63	5.624495e+05
60	73	64	2.492271e+06
60	73	65	1.823344e+06
60	73	66	-2.512507e+03
60	73	67	5.018655e+05
60	73	68	-2.981336e+03
60	73	69	-2.435042e+04
60	74	59	1.892185e+02
60	74	60	1.184790e+05
60	74	61	8.037974e+05
60	74	62	1.273471e+06
60	74	63	2.426565e+05
60	74	64	9.817227e+04
60	74	65	9.946648e+03
60	74	66	2.515313e+04
60	74	67	3.931112e+05
60	74	68	4.047725e+05
60	74	69	8.983868e+05
60	75	57	4.951910e+01
60	75	58	2.645225e+02
60	75	59	1.262545e+03
60	75	60	6.109010e+04
60	75	61	8.073851e+05
60	75	62	4.406142e+05
60	75	63	-1.190821e+04
60	75	64	1.293234e+05
60	75	65	6.031656e+04
60	75	66	5.504600e+02
60	75	67	3.411700e+05
60	75	68	2.900746e+05
60	76	57	1.101028e+03
60	76	58	5.881502e+03
60	76	59	2.630875e+04
60	76	60	2.838083e+04
60	76	61	3.747658e+05
60	76	62	1.164463e+05
60	76	63	2.929595e+04
60	76	64	7.501472e+04
60	76	65	5.532307e+05
60	77	57	4.526474e+02
60	77	58	2.417965e+03
60	77	59	1.081588e+04
60	77	60	5.580486e+03
60	77	61	7.368971e+04
60	77	62	2.289546e+04
60	77	63	7.037459e+03
60	77	64	1.804234e+04
60	77	65	1.339581e+05
60	77	66	1.029906e+03
60	77	67	5.518534e+03
60	78	65	2.114062e+04
60	78	66	8.544166e+04
60	78	67	4.578210e+05
60	79	65	1.347390e+04
60	79	66	5.445592e+04
60	79	67	2.917905e+05
60	82	35	6.499162e+01
60	82	36	4.858068e+02
60	82	37	9.936733e+01
60	83	35	3.952978e+04
60	83	36	2.954817e+05
60	83	37	6.043808e+04
60	84	35	4.641188e+04
60	84	36	3.469248e+05
60	84	37	7.096030e+04
61	54	74	5.824516e+02
61	54	75	1.403094e+04
61	54	76	5.982035e+03
61	55	74	1.344422e+04
61	55	75	3.238640e+05
61	55	76	1.380781e+05
61	56	74	2.941986e+04
61	56	75	7.087083e+05
61	56	76	3.021550e+05
61	60	62	1.464834e+04
61	60	63	-2.928643e+04
61	60	64	1.318658e+05
61	61	61	1.943808e+04
61	61	62	2.976750e+05
61	61	63	-2.897532e+05
61	61	64	1.427870e+06
61	61	66	1.978281e+03
61	61	67	1.354643e+05
61	61	68	8.241208e+04
61	62	61	-1.763268e+04
61	62	62	-8.219110e+04
61	62	63	-1.061571e+05
61	62	64	4.601762e+05
61	62	65	6.099394e+04
61	62	66	1.614523e+04
61	62	67	1.020268e+06
61	62	68	6.191812e+05
61	63	61	2.309214e+05
61	63	62	1.656965e+06
61	63	63	3.616048e+05
61	63	64	1.302864e+05
61	63	65	-2.494812e+03
61	63	66	1.078802e+05
61	63	67	4.144523e+05
61	63	68	1.278349e+05
61	64	60	4.524288e+02
61	64	61	3.259427e+04
61	64	62	2.093805e+05
61	64	63	1.867281e+05
61	64	64	1.427225e+06
61	64	65	1.033821e+06
61	64	66	1.586273e+05
61	64	67	3.223031e+05
61	64	68	4.361095e+03
61	65	59	9.849921e+02
61	65	60	4.717065e+03
61	65	61	-6.220743e+03
61	65	62	7.011803e+04
61	65	63	4.819901e+04
61	65	64	4.625097e+05
61	65	65	5.303821e+05
61	65	66	4.113741e+05
61	65	67	-1.671845e+04
61	65	68	8.395599e+02
61	66	59	2.832278e+04
61	66	60	1.647626e+05
61	66	61	8.888573e+05
61	66	62	3.455197e+05
61	66	63	1.995897e+04
61	66	64	2.286564e+05
61	66	65	5.853772e+05
61	66	66	3.794472e+05
61	66	67	-6.817238e+04
61	66	68	1.095730e+00
61	66	69	8.664477e+03
61	66	70	8.282326e+03
61	67	58	3.086838e+03
61	67	59	2.489305e+04
61	67	60	1.395901e+05
61	67	61	3.224400e+05
61	67	62	1.496568e+05
61	67	63	3.793950e+05
61	67	64	6.507857e+05
61	67	65	1.373224e+06
61	67	66	2.369216e+05
61	67	67	1.310422e+04
61	67	68	1.532478e+05
61	67	69	2.941954e+04
61	67	70	2.702778e+04
61	68	58	5.033242e+03
61	68	59	1.936673e+04
61	68	60	1.072838e+05
61	68	61	-5.419030e+03
61	68	62	7.644812e+04
61	68	63	8.295903e+05
61	68	64	2.129633e+06
61	68	65	2.174170e+06
61	68	66	6.486551e+05
61	68	67	1.325324e+05
61	68	68	2.199537e+05
61	68	69	2.569599e+05
61	68	70	1.679154e+05
61	69	55	5.982401e+01
61	69	56	5.669156e+03
61	69	57	3.721906e+03
61	69	58	5.672538e+04
61	69	59	2.786008e+05
61	69	60	1.195485e+06
61	69	61	8.809330e+04
61	69	62	1.023389e+06
61	69	63	2.131945e+06
61	69	64	8.352892e+06
61	69	65	5.826577e+06
61	69	66	3.470869e+06
61	69	67	1.191082e+06
61	69	68	2.976251e+06
61	69	69	1.514719e+05
61	69	70	2.175688e+03
61	70	55	7.563540e+02
61	70	56	7.171785e+04
61	70	57	4.709170e+04
61	70	58	7.054815e+03
61	70	59	1.482996e+05
61	70	60	2.891414e+05
61	70	61	2.532222e+05
61	70	62	1.521382e+06
61	70	63	1.471145e+06
61	70	64	7.429943e+06
61	70	65	7.624062e+06
61	70	66	5.273197e+06
61	70	67	1.802463e+06
61	70	68	1.028990e+06
61	70	69	1.124508e+05
61	70	70	2.653646e+04
61	71	52	2.388460e+01
61	71	53	7.279207e+02
61	71	54	3.423378e+02
61	71	55	2.120919e+03
61	71	56	2.009831e+05
61	71	57	1.319509e+05
61	71	58	6.311192e+04
61	71	59	1.328444e+06
61	71	60	1.395261e+06
61	71	61	9.161760e+05
61	71	62	8.605295e+05
61	71	63	2.532958e+06
61	71	64	3.660499e+06
61	71	65	4.166374e+06
61	71	66	4.415732e+06
61	71	67	3.209063e+06
61	71	68	9.609091e+05
61	71	69	1.238583e+06
61	71	70	7.840257e+03
61	72	52	2.197100e+03
61	72	53	6.696008e+04
61	72	54	3.149102e+04
61	72	57	1.646784e+03
61	72	58	-1.099707e+02
61	72	59	3.684496e+04
61	72	60	9.455974e+04
61	72	61	3.011949e+04
61	72	62	1.082774e+06
61	72	63	2.371079e+05
61	72	64	3.337773e+05
61	72	65	1.187947e+06
61	72	66	1.054253e+06
61	72	67	2.085657e+06
61	72	68	1.033887e+05
61	72	69	4.467583e+05
61	73	52	3.295427e+03
61	73	53	1.004333e+05
61	73	54	4.723334e+04
61	73	57	1.412564e+03
61	73	58	-9.432975e+01
61	73	59	2.223569e+04
61	73	60	8.126112e+04
61	73	61	-9.834862e+04
61	73	62	8.527405e+05
61	73	63	7.893860e+04
61	73	64	7.423303e+04
61	73	65	8.686479e+05
61	73	66	6.264959e+05
61	73	67	2.804727e+06
61	73	68	5.220862e+04
61	74	62	7.635915e+04
61	74	63	-9.075141e+04
61	74	64	8.406523e+05
61	74	65	7.619832e+04
61	74	66	5.698419e+05
61	74	67	1.436211e+06
61	74	68	1.797895e+05
61	75	57	1.402445e+03
61	75	58	7.491621e+03
61	75	59	3.351103e+04
61	75	60	7.625238e+03
61	75	61	1.006904e+05
61	75	62	1.331905e+05
61	75	63	1.255486e+05
61	75	64	1.512222e+06
61	75	66	5.290800e+02
61	75	67	3.279189e+05
61	75	68	2.788081e+05
61	76	57	3.118255e+04
61	76	58	1.665718e+05
61	76	59	7.450981e+05
61	76	60	5.449965e+04
61	76	61	7.196619e+05
61	76	62	2.269025e+05
61	76	63	9.356869e+04
61	76	64	1.906385e+05
61	77	57	1.281956e+04
61	77	58	6.847991e+04
61	77	59	3.063199e+05
61	77	60	1.071619e+04
61	77	61	1.415062e+05
61	77	62	4.396610e+04
61	77	65	3.053532e+02
61	77	66	1.234112e+03
61	77	67	6.612724e+03
61	78	65	2.533229e+04
61	78	66	1.023827e+05
61	78	67	5.485956e+05
61	79	65	1.614544e+04
61	79	66	6.525320e+04
61	79	67	3.496454e+05
61	80	61	3.548913e+01
61	80	62	-6.035958e+01
61	80	63	3.498705e+02
61	81	61	8.461723e+02
61	81	62	-1.439162e+03
61	81	63	8.342010e+03
61	82	61	3.591143e+02
61	82	62	-6.107781e+02
61	82	63	3.540337e+03
62	54	74	9.836373e+01
62	54	75	2.369528e+03
62	54	76	1.010239e+03
62	55	74	2.270444e+03
62	55	75	5.469376e+04
62	55	76	2.331847e+04
62	56	74	4.968391e+03
62	56	75	1.196858e+05
62	56	76	5.102757e+04
62	60	63	3.241431e+02
62	60	64	-5.818266e+02
62	60	65	3.110473e+03
62	61	63	1.996762e+02
62	61	64	-3.584125e+02
62	61	65	1.916090e+03
62	62	63	4.934215e+03
62	62	64	-8.856761e+03
62	62	65	4.734867e+04
62	63	63	9.850446e+01
62	63	64	7.414149e+02
62	63	65	1.525593e+02
62	63	66	5.469253e+03
62	63	67	9.666679e+04
62	63	68	3.547828e+04
62	64	56	1.455729e+02
62	64	57	-5.327069e+01
62	64	58	1.910786e+03
62	64	63	1.116647e+04
62	64	64	8.476014e+04
62	64	65	1.764051e+04
62	64	66	8.340808e+04
62	64	67	6.955927e+05
62	64	68	2.476758e+05
62	65	56	3.348818e+03
62	65	57	-1.225461e+03
62	65	58	4.395651e+04
62	65	59	5.241619e+02
62	65	60	2.971812e+03
62	65	61	1.281437e+04
62	65	63	7.605723e+03
62	65	64	1.097063e+05
62	65	65	1.311107e+05
62	65	66	1.209582e+06
62	65	67	2.945270e+05
62	65	68	4.768038e+04
62	66	56	1.398461e+03
62	66	57	-5.117503e+02
62	66	58	1.835616e+04
62	66	59	1.507192e+04
62	66	60	8.545244e+04
62	66	61	3.684685e+05
62	66	63	1.173963e+04
62	66	64	7.943196e+04
62	66	65	2.871963e+05
62	66	66	2.395127e+06
62	66	67	6.380220e+05
62	67	59	6.926240e+03
62	67	60	3.926932e+04
62	67	61	1.711650e+05
62	67	62	1.391989e+04
62	67	63	1.446709e+05
62	67	64	1.815677e+05
62	67	65	-2.397358e+05
62	67	66	3.883051e+05
62	67	67	2.640148e+05
62	67	68	1.807745e+03
62	67	69	3.433900e+02
62	68	61	-1.817659e+03
62	68	62	-6.967794e+03
62	68	63	8.749390e+05
62	68	64	1.930639e+06
62	68	65	2.645447e+06
62	68	66	7.329978e+05
62	68	67	3.206590e+05
62	68	68	1.283877e+05
62	68	69	2.438788e+04
62	69	55	3.412226e+01
62	69	56	6.808768e+03
62	69	57	5.105158e+03
62	69	61	9.859032e+04
62	69	62	8.967420e+05
62	69	63	8.465147e+05
62	69	64	9.617301e+05
62	69	65	1.316660e+06
62	69	66	1.206737e+06
62	69	67	5.496793e+05
62	69	68	2.250147e+05
62	69	69	4.938822e+04
62	69	70	1.441278e+03
62	70	55	1.897202e+03
62	70	56	3.785684e+05
62	70	57	2.838474e+05
62	70	60	1.109425e+04
62	70	61	1.988512e+05
62	70	62	5.323469e+05
62	70	63	7.160153e+05
62	70	64	1.621149e+06
62	70	65	3.056403e+06
62	70	66	1.791679e+06
62	70	67	6.023026e+05
62	70	68	3.294691e+04
62	70	69	5.462803e+04
62	70	70	1.757900e+04
62	71	52	-4.713511e+01
62	71	53	-1.436516e+03
62	71	54	-6.755872e+02
62	71	55	1.091224e+03
62	71	56	2.177433e+05
62	71	57	1.633341e+05
62	71	58	-4.806527e+00
62	71	59	1.431672e+04
62	71	60	5.623043e+04
62	71	61	1.088002e+06
62	71	62	3.271563e+05
62	71	63	5.795349e+05
62	71	64	1.441190e+06
62	71	65	1.471776e+06
62	71	66	1.704377e+06
62	71	67	1.543028e+06
62	71	68	3.739281e+05
62	71	69	2.938505e+05
62	71	70	5.193756e+03
62	72	52	-4.335871e+03
62	72	53	-1.321425e+05
62	72	54	-6.214602e+04
62	72	57	4.983952e+04
62	72	58	-3.328237e+03
62	72	59	7.815886e+05
62	72	60	-6.965269e+04
62	72	61	1.289597e+06
62	72	62	2.875315e+05
62	72	63	1.024840e+06
62	72	64	2.106784e+06
62	72	65	1.335437e+03
62	72	66	5.085896e+05
62	72	67	9.423571e+05
62	72	68	1.322670e+05
62	72	69	7.508457e+04
62	73	52	-6.503367e+03
62	73	53	-1.982003e+05
62	73	54	-9.321272e+04
62	73	57	4.275092e+04
62	73	58	-2.854867e+03
62	73	59	6.077662e+05
62	73	60	-1.585482e+04
62	73	61	2.218697e+05
62	73	62	3.098997e+04
62	73	63	-6.092707e+04
62	73	64	2.820507e+05
62	73	65	2.783274e+04
62	73	66	1.171367e+05
62	73	67	7.450908e+05
62	73	68	7.439373e+04
62	74	62	4.238524e+02
62	74	63	1.200726e+04
62	74	64	2.446381e+04
62	74	65	1.731087e+04
62	74	66	2.280004e+05
62	74	67	3.224847e+05
62	74	68	6.255929e+02
62	75	57	6.405358e+02
62	75	58	3.421632e+03
62	75	59	1.530542e+04
62	75	62	7.529505e+03
62	75	63	2.133025e+05
62	75	64	4.345862e+05
62	75	66	2.309219e+03
62	75	67	1.435509e+04
62	75	68	2.477790e+03
62	76	57	1.424194e+04
62	76	58	7.607797e+04
62	76	59	3.403070e+05
62	76	62	2.770825e+03
62	76	63	7.849437e+04
62	76	64	1.599258e+05
62	76	66	1.254334e+04
62	76	67	7.797471e+04
62	76	68	1.345898e+04
62	77	57	5.855052e+03
62	77	58	3.127668e+04
62	77	59	1.399048e+05
62	80	61	3.801751e+03
62	80	62	-6.465981e+03
62	80	63	3.747965e+04
62	81	58	1.717368e+02
62	81	59	5.661946e+03
62	81	60	2.744210e+03
62	81	61	9.064566e+04
62	81	62	-1.541693e+05
62	81	63	8.936325e+05
62	82	58	2.100294e+02
62	82	59	6.924404e+03
62	82	60	3.356093e+03
62	82	61	3.846989e+04
62	82	62	-6.542922e+04
62	82	63	3.792563e+05
62	83	58	2.823855e+03
62	83	59	9.309893e+04
62	83	60	4.512283e+04
63	60	63	9.256291e+03
63	60	64	-1.661475e+04
63	60	65	8.882326e+04
63	61	63	5.701991e+03
63	61	64	-1.023489e+04
63	61	65	5.471624e+04
63	62	63	1.409024e+05
63	62	64	-2.529154e+05
63	62	65	1.352098e+06
63	63	63	-1.236347e+02
63	63	64	-9.305627e+02
63	63	65	-1.914798e+02
63	63	66	3.164708e+03
63	63	67	5.593490e+04
63	63	68	2.052902e+04
63	64	56	3.058936e+03
63	64	57	-1.119382e+03
63	64	58	4.015153e+04
63	64	63	-1.401524e+04
63	64	64	-1.053469e+05
63	64	65	-2.176391e+04
63	64	66	2.394017e+04
63	64	67	3.904846e+05
63	64	68	1.433142e+05
63	65	56	7.036901e+04
63	65	57	-2.575072e+04
63	65	58	9.236622e+05
63	65	63	-9.546074e+03
63	65	64	-6.347866e+04
63	65	65	-1.724017e+04
63	65	66	1.501713e+05
63	65	67	9.403991e+04
63	65	68	2.758959e+04
63	66	56	2.938598e+04
63	66	57	-1.075346e+04
63	66	58	3.857197e+05
63	66	63	4.579874e+03
63	66	64	1.359910e+04
63	66	65	7.574389e+04
63	66	66	8.772740e+05
63	66	67	3.573543e+05
63	67	63	-8.926092e+03
63	67	64	4.742157e+02
63	67	65	-1.149168e+05
63	67	66	4.695942e+05
63	67	67	2.789142e+05
63	68	60	4.742977e+02
63	68	61	1.312513e+04
63	68	62	6.844109e+03
63	68	63	5.324185e+04
63	68	64	8.864560e+04
63	68	65	6.933058e+05
63	68	66	9.696018e+05
63	68	67	1.704248e+05
63	69	55	3.190965e+01
63	69	56	6.367265e+03
63	69	57	4.774122e+03
63	69	60	-8.800104e+02
63	69	61	-2.435232e+04
63	69	62	-1.240094e+04
63	69	63	-1.729710e+04
63	69	64	1.758913e+04
63	69	65	2.757961e+05
63	69	66	9.088808e+05
63	69	67	1.366368e+05
63	69	68	2.699150e+03
63	69	69	7.396235e+04
63	69	70	3.332601e+04
63	70	55	1.774181e+03
63	70	56	3.540208e+05
63	70	57	2.654418e+05
63	70	60	4.469805e+03
63	70	61	1.236918e+05
63	70	62	7.045034e+04
63	70	63	1.425558e+05
63	70	64	5.049944e+05
63	70	65	1.685316e+06
63	70	66	1.133914e+06
63	70	67	1.843780e+05
63	70	68	3.292102e+04
63	70	69	9.021047e+05
63	70	70	4.064710e+05
63	71	52	2.168554e+02
63	71	53	6.609008e+03
63	71	54	3.108187e+03
63	71	55	1.020466e+03
63	71	56	2.036241e+05
63	71	57	1.527094e+05
63	71	58	-2.254316e+00
63	71	59	2.931334e+03
63	71	60	-2.114266e+03
63	71	61	2.958668e+04
63	71	62	6.001163e+04
63	71	63	1.593661e+05
63	71	64	7.064461e+05
63	71	65	4.678909e+05
63	71	66	9.570076e+05
63	71	67	3.426799e+05
63	71	68	1.430495e+04
63	71	69	2.675378e+05
63	71	70	1.200928e+05
63	72	52	1.994812e+04
63	72	53	6.079504e+05
63	72	54	2.859163e+05
63	72	57	2.337530e+04
63	72	58	-1.560981e+03
63	72	59	3.397114e+05
63	72	60	-1.501160e+04
63	72	61	2.100697e+05
63	72	62	1.721394e+05
63	72	63	6.468372e+05
63	72	64	1.557362e+06
63	72	65	5.192927e+03
63	72	66	-7.849251e+04
63	72	67	-7.354076e+04
63	72	68	3.592080e+04
63	72	69	7.915875e+03
63	73	52	2.992016e+04
63	73	53	9.118640e+05
63	73	54	4.288455e+05
63	73	57	2.005067e+04
63	73	58	-1.338965e+03
63	73	59	2.797984e+05
63	73	60	-2.934295e+03
63	73	61	4.106202e+04
63	73	63	6.100127e+00
63	73	64	2.101523e+03
63	73	65	2.823859e+03
63	73	66	1.137200e+06
63	73	67	1.016963e+06
63	73	68	1.282808e+05
63	73	69	2.826926e+04
63	74	66	6.799865e+03
63	74	67	4.227085e+04
63	74	68	7.296247e+03
63	75	66	2.693227e+04
63	75	67	1.674224e+05
63	75	68	2.889829e+04
63	76	66	1.462921e+05
63	76	67	9.094137e+05
63	76	68	1.569712e+05
63	80	61	2.560480e+03
63	80	62	-4.354841e+03
63	80	63	2.524256e+04
63	81	58	1.623764e+03
63	81	59	5.353343e+04
63	81	60	2.594638e+04
63	81	61	6.104989e+04
63	81	62	-1.038331e+05
63	81	63	6.018618e+05
63	82	58	1.985818e+03
63	82	59	6.546991e+04
63	82	60	3.173170e+04
63	82	61	2.590948e+04
63	82	62	-4.406660e+04
63	82	63	2.554293e+05
63	83	58	2.669942e+04
63	83	59	8.802460e+05
63	83	60	4.266342e+05
64	60	63	4.241811e+03
64	60	64	-7.613918e+03
64	60	65	4.070437e+04
64	61	63	2.613009e+03
64	61	64	-4.690269e+03
64	61	65	2.507440e+04
64	62	63	6.457029e+04
64	62	64	-1.159016e+05
64	62	65	6.211606e+05
64	62	66	1.622402e+04
64	62	67	4.331638e+03
64	63	63	1.086370e+03
64	63	64	8.176800e+03
64	63	65	-4.485975e+02
64	63	66	-2.238042e+04
64	63	67	-5.975332e+03
64	64	56	1.224534e+03
64	64	57	-4.481039e+02
64	64	58	1.607321e+04
64	64	63	1.231511e+05
64	64	64	9.269228e+05
64	64	65	2.072805e+05
64	64	66	1.738006e+05
64	64	67	4.640289e+04
64	65	56	2.816968e+04
64	65	57	-1.030837e+04
64	65	58	3.697547e+05
64	65	63	8.388080e+04
64	65	64	6.313468e+05
64	65	65	1.300736e+05
64	65	66	6.271175e+03
64	65	67	3.214675e+03
64	66	56	1.176361e+04
64	66	57	-4.304756e+03
64	66	58	1.544089e+05
64	66	64	6.103213e+00
64	66	65	3.215811e+03
64	66	66	1.187672e+05
64	66	67	6.085330e+04
64	67	64	5.587916e+02
64	67	65	1.344608e+04
64	67	66	5.015829e+04
64	67	67	2.313962e+04
64	68	60	4.299394e+03
64	68	61	1.189761e+05
64	68	62	5.382653e+04
64	68	64	2.773113e+03
64	68	65	4.098006e+04
64	68	66	1.374686e+04
64	69	60	-7.977081e+03
64	69	61	-2.207479e+05
64	69	62	-9.986956e+04
64	69	64	5.474491e+04
64	69	65	7.495212e+05
64	69	66	2.380983e+05
64	69	67	3.038846e-04
64	70	60	4.051770e+04
64	70	61	1.121236e+06
64	70	62	5.072638e+05
64	70	64	2.273419e+04
64	70	65	3.255118e+05
64	70	66	1.962565e+05
64	70	67	1.838018e+04
64	71	63	5.518841e+01
64	71	64	1.901268e+04
64	71	65	2.954562e+04
64	71	66	9.743036e+04
64	71	67	2.218615e+04
64	71	68	3.099753e+04
64	71	69	6.830933e+03
64	72	63	8.452568e+02
64	72	64	2.911951e+05
64	72	65	2.340845e+05
64	72	67	2.978668e+04
64	72	68	2.432000e+05
64	72	69	5.359404e+04
64	73	60	2.052401e+00
64	73	61	1.775587e+02
64	73	62	2.695975e+02
64	73	63	2.868161e+02
64	73	64	9.880955e+04
64	73	65	7.943055e+04
64	73	67	1.063745e+05
64	73	68	8.685187e+05
64	73	69	1.913957e+05
64	74	60	7.845321e+00
64	74	61	6.787198e+02
64	74	62	1.030539e+03
64	74	66	1.950854e+03
64	74	67	1.212734e+04
64	74	68	2.093264e+03
64	75	60	4.365556e+01
64	75	61	3.776760e+03
64	75	62	5.734469e+03
64	75	66	7.726760e+03
64	75	67	4.803282e+04
64	75	68	8.290804e+03
64	76	66	4.197061e+04
64	76	67	2.609071e+05
64	76	68	4.503441e+04
64	81	58	4.015762e+02
64	81	59	1.323946e+04
64	81	60	6.416849e+03
64	82	58	4.911166e+02
64	82	59	1.619149e+04
64	82	60	7.847629e+03
64	83	58	6.603085e+03
64	83	59	2.176954e+05
64	83	60	1.055117e+05
65	62	65	-2.704552e+03
65	62	66	-2.840246e+04
65	62	67	-7.583151e+03
65	63	65	3.730828e+03
65	63	66	3.918012e+04
65	63	67	1.046067e+04
65	64	65	-2.897265e+04
65	64	66	-3.042628e+05
65	64	67	-8.123489e+04
65	66	64	2.701270e+02
65	66	65	5.933524e+03
65	66	66	2.425582e+03
65	67	62	2.602422e+02
65	67	63	2.531629e+03
65	67	64	2.537154e+04
65	67	65	5.432554e+05
65	67	66	2.220789e+05
65	68	60	1.029707e+03
65	68	61	2.849483e+04
65	68	62	2.170048e+04
65	68	63	8.569369e+04
65	68	64	3.776374e+04
65	68	65	3.539988e+05
65	68	66	1.447122e+05
65	69	60	-1.910515e+03
65	69	61	-5.286921e+04
65	69	62	-1.960716e+04
65	69	63	4.194353e+04
65	69	64	1.059568e+04
65	70	60	9.704007e+03
65	70	61	2.685367e+05
65	70	62	1.214899e+05
65	71	63	9.661005e+01
65	71	64	3.328263e+04
65	71	65	2.675508e+04
65	71	67	7.106714e+02
65	71	68	5.802437e+03
65	71	69	1.278684e+03
65	72	63	1.479664e+03
65	72	64	5.097514e+05
65	72	65	4.097765e+05
65	72	67	5.575777e+03
65	72	68	4.552469e+04
65	72	69	1.003229e+04
65	73	60	2.136033e+02
65	73	61	1.847939e+04
65	73	62	2.805831e+04
65	73	63	5.020858e+02
65	73	64	1.729710e+05
65	73	65	1.390471e+05
65	73	67	1.991228e+04
65	73	68	1.625783e+05
65	73	69	3.582741e+04
65	73	70	1.509146e+01
65	73	71	2.446151e+02
65	73	72	8.568457e+01
65	74	60	8.165004e+02
65	74	61	7.063764e+04
65	74	62	1.072532e+05
65	74	70	3.670148e+02
65	74	71	5.948887e+03
65	74	72	2.083795e+03
65	75	60	4.543444e+03
65	75	61	3.930656e+05
65	75	62	5.968139e+05
65	75	70	7.881747e+02
65	75	71	1.277540e+04
65	75	72	4.475010e+03
66	48	87	5.455141e-02
66	48	88	6.085046e+01
66	48	89	5.393476e+01
66	49	87	5.920191e+00
66	49	88	6.603795e+03
66	49	89	5.853268e+03
66	50	87	8.606420e+00
66	50	88	9.600203e+03
66	50	89	8.509132e+03
66	62	65	1.501687e+04
66	62	66	1.577030e+05
66	62	67	4.210501e+04
66	63	59	4.999420e+00
66	63	60	1.130800e+02
66	63	61	2.492939e+02
66	63	65	-2.071521e+04
66	63	66	-2.175454e+05
66	63	67	-5.808228e+04
66	64	59	-5.308633e+00
66	64	60	-1.200740e+02
66	64	61	-2.647127e+02
66	64	65	1.608690e+05
66	64	66	1.689402e+06
66	64	67	4.510521e+05
66	65	59	5.752757e+01
66	65	60	1.301195e+03
66	65	61	2.868588e+03
66	65	77	1.330536e+03
66	65	78	1.284681e+04
66	65	79	3.227366e+03
66	66	64	1.450215e+02
66	66	65	3.185495e+03
66	66	66	1.302208e+03
66	66	77	-1.201612e+02
66	66	78	-1.160201e+03
66	66	79	-2.914647e+02
66	67	62	2.244254e+03
66	67	63	2.183204e+04
66	67	64	1.879288e+04
66	67	65	2.916543e+05
66	67	66	1.192262e+05
66	67	77	1.827200e+04
66	67	78	1.764229e+05
66	67	79	4.432082e+04
66	68	62	7.596626e+04
66	68	63	7.389976e+05
66	68	64	1.953360e+05
66	68	65	1.900492e+05
66	68	66	7.769076e+04
66	69	62	3.718235e+04
66	69	63	3.617089e+05
66	69	64	9.137409e+04
66	73	60	1.430196e+02
66	73	61	1.237301e+04
66	73	62	1.878664e+04
66	73	70	3.602601e+02
66	73	71	5.839400e+03
66	73	72	2.045444e+03
66	74	60	5.466936e+02
66	74	61	4.729594e+04
66	74	62	7.181211e+04
66	74	70	8.761301e+03
66	74	71	1.420106e+05
66	74	72	4.974393e+04
66	75	60	3.042095e+03
66	75	61	2.631798e+05
66	75	62	3.996010e+05
66	75	70	1.881514e+04
66	75	71	3.049718e+05
66	75	72	1.068265e+05
67	33	80	6.242085e-01
67	33	81	2.263258e+00
67	33	82	1.305973e+01
67	34	80	1.787154e+01
67	34	81	6.479871e+01
67	34	82	3.739094e+02
67	35	80	3.628349e+01
67	35	81	1.315568e+02
67	35	82	7.591253e+02
67	48	87	2.341267e+00
67	48	88	2.611613e+03
67	48	89	2.314801e+03
67	49	87	2.540859e+02
67	49	88	2.834252e+05
67	49	89	2.512137e+05
67	50	87	3.693749e+02
67	50	88	4.120266e+05
67	50	89	3.651994e+05
67	63	59	1.051750e+03
67	63	60	2.378914e+04
67	63	61	5.244505e+04
67	64	59	-1.116800e+03
67	64	60	-2.526049e+04
67	64	61	-5.568876e+04
67	65	59	1.210233e+04
67	65	60	2.737380e+05
67	65	61	6.034772e+05
67	65	77	8.020769e+03
67	65	78	7.744346e+04
67	65	79	1.945529e+04
67	66	77	-7.243589e+02
67	66	78	-6.993951e+03
67	66	79	-1.757015e+03
67	67	62	5.169153e+02
67	67	63	5.028538e+03
67	67	64	1.270298e+03
67	67	77	1.101477e+05
67	67	78	1.063517e+06
67	67	79	2.671758e+05
67	68	62	1.749719e+04
67	68	63	1.702121e+05
67	68	64	4.299861e+04
67	69	62	8.564151e+03
67	69	63	8.331182e+04
67	69	64	2.104605e+04
67	73	70	7.788247e+02
67	73	71	1.262385e+04
67	73	72	4.421923e+03
67	74	70	1.894053e+04
67	74	71	3.070042e+05
67	74	72	1.075384e+05
67	75	70	4.067533e+04
67	75	71	6.593002e+05
67	75	72	2.309418e+05
68	33	80	4.893391e+02
68	33	81	1.774248e+03
68	33	82	1.023798e+04
68	34	80	1.401013e+04
68	34	81	5.079800e+04
68	34	82	2.931208e+05
68	35	80	2.844391e+04
68	35	81	1.031321e+05
68	35	82	5.951052e+05
68	48	87	1.244495e+00
68	48	88	1.388197e+03
68	48	89	1.230427e+03
68	49	87	1.350588e+02
68	49	88	1.506540e+05
68	49	89	1.335321e+05
68	50	87	1.963404e+02
68	50	88	2.190118e+05
68	50	89	1.941209e+05
68	63	59	1.378859e+03
68	63	60	3.118789e+04
68	63	61	6.875619e+04
68	64	59	-1.464141e+03
68	64	60	-3.311686e+04
68	64	61	-7.300875e+04
68	65	59	1.586632e+04
68	65	60	3.588744e+05
68	65	61	7.911671e+05
68	65	77	1.343073e+03
68	65	78	1.296787e+04
68	65	79	3.257777e+03
68	66	77	-1.212935e+02
68	66	78	-1.171133e+03
68	66	79	-2.942112e+02
68	67	77	1.844418e+04
68	67	78	1.780853e+05
68	67	79	4.473845e+04
69	33	80	4.236665e+02
69	33	81	1.536132e+03
69	33	82	8.863976e+03
69	34	80	1.212988e+04
69	34	81	4.398056e+04
69	34	82	2.537820e+05
69	35	80	2.462654e+04
69	35	81	8.929104e+04
69	35	82	5.152380e+05
70	22	89	6.202402e-04
70	22	90	8.181816e+01
70	22	91	8.092141e+01
70	23	89	9.162523e-02
70	23	90	1.208662e+04
70	23	91	1.195415e+04
70	24	89	6.550808e-02
70	24	90	8.641412e+03
70	24	91	8.546699e+03
71	22	89	2.027719e-02
71	22	90	2.674838e+03
71	22	91	2.645521e+03
71	22	92	8.344281e+00
71	22	93	7.334352e+01
71	22	94	2.463575e+02
71	23	89	2.995456e+00
71	23	90	3.951415e+05
71	23	91	3.908107e+05
71	23	92	7.821632e+02
71	23	93	6.874960e+03
71	23	94	2.309268e+04
71	24	89	2.141622e+00
71	24	90	2.825092e+05
71	24	91	2.794128e+05
71	24	92	5.122935e+02
71	24	93	4.502893e+03
71	24	94	1.512501e+04
72	22	89	9.796821e-03
72	22	90	1.292335e+03
72	22	91	1.278170e+03
72	22	92	7.554212e+01
72	22	93	6.639907e+02
72	22	94	2.230314e+03
72	23	89	1.447239e+00
72	23	90	1.909106e+05
72	23	91	1.888182e+05
72	23	92	7.081049e+03
72	23	93	6.224012e+04
72	23	94	2.090617e+05
72	24	89	1.034714e+00
72	24	90	1.364929e+05
72	24	91	1.349969e+05
72	24	92	4.637876e+03
72	24	93	4.076542e+04
72	24	94	1.369292e+05
73	22	92	2.498297e+02
73	22	93	2.195922e+03
73	22	94	7.375999e+03
73	23	92	2.341814e+04
73	23	93	2.058379e+05
73	23	94	6.913999e+05
73	24	92	1.533818e+04
73	24	93	1.348176e+05
73	24	94	4.528463e+05
73	47	78	6.531605e+01
73	47	79	4.510324e+02
73	47	80	1.730517e+03
73	48	78	3.409056e+01
73	48	79	2.354084e+02
73	48	80	9.032127e+02
73	49	78	9.816125e+02
73	49	79	6.778411e+03
73	49	80	2.600734e+04
73	74	74	2.129795e-01
73	74	75	4.141177e+00
73	74	76	9.668006e+00
73	75	74	1.101625e+00
73	75	75	2.142002e+01
73	75	76	5.000724e+01
73	76	74	5.027903e+00
73	76	75	9.776260e+01
73	76	76	2.282369e+02
74	47	78	2.353842e+03
74	47	79	1.625418e+04
74	47	80	6.236390e+04
74	48	78	1.228547e+03
74	48	79	8.483584e+03
74	48	80	3.254974e+04
74	49	78	3.537509e+04
74	49	79	2.442786e+05
74	49	80	9.372457e+05
74	74	74	5.430428e+02
74	74	75	1.055893e+04
74	74	76	2.465092e+04
74	75	74	2.808860e+03
74	75	75	5.461551e+04
74	75	76	1.275056e+05
74	76	74	1.281985e+04
74	76	75	2.492694e+05
74	76	76	5.819451e+05
75	47	78	1.178671e+03
75	47	79	8.139176e+03
75	47	80	3.122832e+04
75	48	78	6.151866e+02
75	48	79	4.248100e+03
75	48	80	1.629907e+04
75	49	78	1.771385e+04
75	49	79	1.223209e+05
75	49	80	4.693197e+05
75	74	74	5.014908e+02
75	74	75	9.750994e+03
75	74	76	2.276470e+04
75	75	74	2.593935e+03
75	75	75	5.043650e+04
75	75	76	1.177492e+05
75	76	74	1.183892e+04
75	76	75	2.301960e+05
75	76	76	5.374164e+05
76	16	81	6.433650e-01
76	16	82	5.147614e+01
76	16	83	3.253284e+01
76	17	81	1.118908e+01
76	17	82	8.952473e+02
76	17	83	5.657948e+02
76	18	81	2.731360e+01
76	18	82	2.185383e+03
76	18	83	1.381158e+03
77	16	81	1.447867e+02
77	16	82	1.158450e+04
77	16	83	7.321386e+03
77	17	81	2.518058e+03
77	17	82	2.014719e+05
77	17	83	1.273315e+05
77	17	84	1.969386e+00
77	18	81	6.146816e+03
77	18	82	4.918117e+05
77	18	83	3.108324e+05
77	18	84	1.029916e+01
77	19	82	1.166595e-01
77	19	83	3.746536e+01
77	19	84	4.668342e+01
77	32	94	1.450307e+00
77	32	95	3.024716e+01
77	32	96	6.873383e+01
77	33	94	7.085051e+01
77	33	95	1.477636e+03
77	33	96	3.357790e+03
77	34	94	3.922895e+01
77	34	95	8.181468e+02
77	34	96	1.859162e+03
77	38	80	2.768855e+01
77	38	81	4.691223e+03
77	38	82	6.336556e+03
77	39	80	2.986408e+02
77	39	81	4.967312e+04
77	39	82	6.725992e+04
77	39	91	1.952707e-03
77	39	92	6.070639e+02
77	39	93	6.027225e+02
77	40	80	1.439186e+02
77	40	81	1.931416e+04
77	40	82	2.699323e+04
77	40	86	5.954839e+00
77	40	87	5.994110e+01
77	40	88	1.877244e+02
77	40	91	-3.371983e-03
77	40	92	-1.048293e+03
77	40	93	-1.040796e+03
77	41	86	1.727230e+02
77	41	87	1.738620e+03
77	41	88	5.445038e+03
77	41	91	1.911033e-02
77	41	92	5.941079e+03
77	41	93	5.898592e+03
77	42	86	7.965268e+01
77	42	87	8.017797e+02
77	42	88	2.511026e+03
77	67	66	5.957126e+02
77	67	67	-1.042981e+03
77	67	68	5.790250e+03
77	68	66	1.441778e+04
77	68	67	-2.524283e+04
77	68	68	1.401390e+05
77	69	66	6.159753e+03
77	69	67	-1.078457e+04
77	69	68	5.987200e+04
78	12	79	6.860586e-03
78	12	80	1.448057e+03
78	12	81	1.435497e+03
78	13	79	9.510320e-03
78	13	80	2.007334e+03
78	13	81	1.989923e+03
78	14	79	1.150078e-01
78	14	80	2.427458e+04
78	14	81	2.406404e+04
78	16	81	1.104280e+02
78	16	82	8.835430e+03
78	16	83	5.583977e+03
78	17	81	1.920508e+03
78	17	82	1.537097e+05
78	17	83	1.126330e+05
78	17	84	1.933762e+04
78	18	81	4.688140e+03
78	18	82	3.753545e+05
78	18	83	3.182235e+05
78	18	84	1.011285e+05
78	19	82	1.145493e+03
78	19	83	3.678765e+05
78	19	84	4.583897e+05
78	32	94	4.369573e+02
78	32	95	1.178568e+04
78	32	96	2.436087e+04
78	33	94	1.257517e+04
78	33	95	2.833513e+05
78	33	96	6.247874e+05
78	34	94	6.389137e+03
78	34	95	1.377667e+05
78	34	96	3.089704e+05
78	38	80	3.063008e+02
78	38	81	4.985659e+04
78	38	82	6.770668e+04
78	39	80	3.492564e+03
78	39	81	5.464233e+05
78	39	82	7.461581e+05
78	39	91	1.408126e-01
78	39	92	4.377627e+04
78	39	93	4.346320e+04
78	40	80	2.627260e+03
78	40	81	3.067352e+05
78	40	82	4.390229e+05
78	40	86	6.573182e+02
78	40	87	6.616531e+03
78	40	88	2.072175e+04
78	40	91	-2.431586e-01
78	40	92	-7.559392e+04
78	40	93	-7.505331e+04
78	41	86	1.906583e+04
78	41	87	1.919157e+05
78	41	88	6.010444e+05
78	41	91	1.378074e+00
78	41	92	4.284199e+05
78	41	93	4.253561e+05
78	42	86	8.792372e+03
78	42	87	8.850355e+04
78	42	88	2.771768e+05
78	67	66	-7.455049e+02
78	67	67	1.305239e+03
78	67	68	-7.246212e+03
78	68	66	-1.804314e+04
78	68	67	3.159015e+04
78	68	68	-1.753770e+05
78	69	66	-7.708626e+03
78	69	67	1.349636e+04
78	69	68	-7.492685e+04
78	85	39	1.861305e+01
78	85	40	1.722490e+01
78	85	41	2.950260e+02
78	86	39	1.759552e+02
78	86	40	1.628325e+02
78	86	41	2.788976e+03
78	87	39	5.689830e+02
78	87	40	5.265484e+02
78	87	41	9.018659e+03
79	12	79	5.443348e-02
79	12	80	1.148922e+04
79	12	81	1.138957e+04
79	13	79	7.545708e-02
79	13	80	1.592665e+04
79	13	81	1.578851e+04
79	14	79	9.124985e-01
79	14	80	1.926002e+05
79	14	81	1.909296e+05
79	17	82	4.640721e+01
79	17	83	1.490374e+04
79	17	84	1.857069e+04
79	18	82	2.426924e+02
79	18	83	7.794099e+04
79	18	84	9.711777e+04
79	19	82	1.100062e+03
79	19	83	3.532865e+05
79	19	84	4.402099e+05
79	32	94	1.628182e+03
79	32	95	5.227730e+04
79	32	96	1.021998e+05
79	33	94	1.941582e+04
79	33	95	5.494806e+05
79	33	96	1.117703e+06
79	34	94	6.818600e+03
79	34	95	1.731690e+05
79	34	96	3.654631e+05
79	38	80	1.612464e+02
79	38	81	2.071962e+04
79	38	82	2.916483e+04
79	39	80	2.350452e+03
79	39	81	2.793111e+05
79	39	82	3.985036e+05
79	39	91	2.221756e-01
79	39	92	6.907065e+04
79	39	93	6.857669e+04
79	40	80	4.188205e+03
79	40	81	4.136897e+05
79	40	82	6.116098e+05
79	40	86	4.453692e+02
79	40	87	4.483063e+03
79	40	88	1.404012e+04
79	40	91	-3.836581e-01
79	40	92	-1.192729e+05
79	40	93	-1.184199e+05
79	41	85	5.272057e+02
79	41	86	1.933629e+04
79	41	87	1.319273e+05
79	41	88	4.072405e+05
79	41	91	2.174339e+00
79	41	92	6.759654e+05
79	41	93	6.711312e+05
79	42	85	3.769191e+03
79	42	86	5.184305e+04
79	42	87	7.350653e+04
79	42	88	1.878025e+05
79	43	85	7.413257e+02
79	43	86	9.024821e+03
79	43	87	2.663154e+03
79	67	66	6.575392e+03
79	67	67	-1.151228e+04
79	67	68	6.391196e+04
79	68	66	1.591414e+05
79	68	67	-2.786267e+05
79	68	68	1.546834e+06
79	69	66	6.799048e+04
79	69	67	-1.190386e+05
79	69	68	6.608587e+05
79	85	39	1.043924e+03
79	85	40	9.660684e+02
79	85	41	1.654671e+04
79	86	39	9.868551e+03
79	86	40	9.132557e+03
79	86	41	1.564214e+05
79	87	39	3.191174e+04
79	87	40	2.953177e+04
79	87	41	5.058168e+05
80	12	79	1.932010e-01
80	12	80	4.077875e+04
80	12	81	4.042506e+04
80	13	79	2.678202e-01
80	13	80	5.652855e+04
80	13	81	5.603825e+04
80	14	79	3.238736e+00
80	14	80	6.835968e+05
80	14	81	6.776676e+05
80	25	92	3.551417e+01
80	25	93	1.960613e+03
80	25	94	1.125416e+03
80	26	92	-3.633142e+01
80	26	93	-2.005731e+03
80	26	94	-1.151315e+03
80	27	92	4.120071e+02
80	27	93	2.274547e+04
80	27	94	1.305619e+04
80	32	94	2.779088e+02
80	32	95	9.264697e+03
80	32	96	1.791103e+04
80	33	94	2.192731e+03
80	33	95	7.309949e+04
80	33	96	1.413200e+05
80	34	94	4.696780e+02
80	34	95	1.565774e+04
80	34	96	3.027043e+04
80	41	85	9.010043e+03
80	41	86	1.096873e+05
80	41	87	3.236787e+04
80	42	85	6.441617e+04
80	42	86	7.841956e+05
80	42	87	2.314100e+05
80	43	85	1.266939e+04
80	43	86	1.542358e+05
80	43	87	4.551379e+04
80	85	39	1.746508e+03
80	85	40	1.616254e+03
80	85	41	2.768301e+04
80	86	39	1.651031e+04
80	86	40	1.527897e+04
80	86	41	2.616965e+05
80	87	39	5.338907e+04
80	87	40	4.940732e+04
80	87	41	8.462428e+05
81	25	92	1.313486e+03
81	25	93	7.251294e+04
81	25	94	4.162334e+04
81	26	92	-1.343712e+03
81	26	93	-7.418162e+04
81	26	94	-4.258118e+04
81	27	92	1.523801e+04
81	27	93	8.412374e+05
81	27	94	4.828808e+05
81	41	85	3.248301e+03
81	41	86	3.954448e+04
81	41	87	1.166927e+04
81	42	85	2.322332e+04
81	42	86	2.827183e+05
81	42	87	8.342795e+04
81	43	85	4.567570e+03
81	43	86	5.560512e+04
81	43	87	1.640864e+04
82	18	83	2.614303e-05
82	18	84	3.417229e-01
82	18	85	3.538629e-01
82	19	83	4.852017e-04
82	19	84	6.342208e+00
82	19	85	6.567522e+00
82	20	83	1.826514e-04
82	20	84	2.387488e+00
82	20	85	2.472306e+00
82	25	92	6.638098e+02
82	25	93	3.664662e+04
82	25	94	2.103562e+04
82	26	92	-6.790855e+02
82	26	93	-3.748993e+04
82	26	94	-2.151969e+04
82	27	92	7.700993e+03
82	27	93	4.251449e+05
82	27	94	2.440385e+05
83	18	83	1.462264e+00
83	18	84	1.911367e+04
83	18	85	1.979270e+04
83	19	83	2.713891e+01
83	19	84	3.547403e+05
83	19	85	3.673428e+05
83	20	83	1.021629e+01
83	20	84	1.335399e+05
83	20	85	1.382841e+05
84	18	83	1.437715e+00
84	18	84	1.879278e+04
84	18	85	1.946041e+04
84	19	83	2.668329e+01
84	19	84	3.487847e+05
84	19	85	3.611757e+05
84	20	83	1.004477e+01
84	20	84	1.312980e+05
84	20	85	1.359625e+05
86	19	85	4.389612e+02
86	19	86	1.445671e+03
86	19	87	8.923224e+03
86	20	85	1.220207e+02
86	20	86	4.018621e+02
86	20	87	2.480443e+03
86	21	85	6.373739e+03
86	21	86	2.099122e+04
86	21	87	1.295656e+05
87	19	85	3.905347e+03
87	19	86	1.286184e+04
87	19	87	7.938807e+04
87	20	85	1.085593e+03
87	20	86	3.575284e+03
87	20	87	2.206799e+04
87	21	85	5.670583e+04
87	21	86	1.867545e+05
87	21	87	1.152719e+06
87	23	123	3.083300e+01
87	23	124	1.057824e+03
87	23	125	5.203378e+02
87	24	123	4.753708e+02
87	24	124	1.630910e+04
87	24	125	8.022358e+03
87	25	123	1.619135e+02
87	25	124	5.554956e+03
87	25	125	2.732453e+03
88	19	85	9.218631e+02
88	19	86	3.036056e+03
88	19	87	1.873967e+04
88	20	85	2.562559e+02
88	20	86	8.439512e+02
88	20	87	5.209182e+03
88	21	85	1.338550e+04
88	21	86	4.408369e+04
88	21	87	2.721010e+05
88	23	123	1.178304e+03
88	23	124	4.042546e+04
88	23	125	1.988507e+04
88	24	123	1.816662e+04
88	24	124	6.232635e+05
88	24	125	3.065799e+05
88	25	123	6.187636e+03
88	25	124	2.122865e+05
88	25	125	1.044226e+05
88	89	38	3.221767e+02
88	89	39	2.237739e+03
88	89	40	4.288088e+02
88	90	38	2.100599e+03
88	90	39	1.459011e+04
88	90	40	2.795843e+03
88	91	38	3.795914e+02
88	91	39	2.636524e+03
88	91	40	5.052263e+02
89	23	123	6.023507e+02
89	23	124	2.066555e+04
89	23	125	1.016527e+04
89	24	123	9.286800e+03
89	24	124	3.186131e+05
89	24	125	1.567241e+05
89	25	123	3.163128e+03
89	25	124	1.085211e+05
89	25	125	5.338095e+04
89	89	38	1.609290e+04
89	89	39	1.117763e+05
89	89	40	2.141923e+04
89	90	38	1.049261e+05
89	90	39	7.287836e+05
89	90	40	1.396538e+05
89	91	38	1.896080e+04
89	91	39	1.316958e+05
89	91	40	2.523633e+04
90	89	38	8.970588e+03
90	89	39	6.230690e+04
90	89	40	1.193962e+04
90	90	38	5.848843e+04
90	90	39	4.062424e+05
90	90	40	7.784658e+04
90	91	38	1.056923e+04
90	91	39	7.341054e+04
90	91	40	1.406736e+04
96	20	95	5.446751e+02
96	20	96	-1.079462e+03
96	20	97	4.931651e+03
96	21	95	5.827434e+03
96	21	96	-1.154908e+04
96	21	97	5.276333e+04
96	22	95	1.576343e+03
96	22	96	-3.124069e+03
96	22	97	1.427268e+04
97	20	95	3.252618e+03
97	20	96	-6.446188e+03
97	20	97	2.945017e+04
97	21	95	3.479949e+04
97	21	96	-6.896723e+04
97	21	97	3.150849e+05
97	22	95	9.413394e+03
97	22	96	-1.865590e+04
97	22	97	8.523168e+04
98	20	95	1.359115e+04
98	20	96	-2.693556e+04
98	20	97	1.230583e+05
98	21	95	1.454106e+05
98	21	96	-2.881814e+05
98	21	97	1.316591e+06
98	22	95	3.933411e+04
98	22	96	-7.795415e+04
98	22	97	3.561428e+05
100	22	92	5.432577e+00
100	22	93	3.056315e+01
100	22	94	1.324129e+02
100	23	92	-1.047870e+01
100	23	93	-5.895217e+01
100	23	94	-2.554064e+02
100	24	92	5.003927e+01
100	24	93	2.815161e+02
100	24	94	1.219650e+03
101	22	92	4.272727e+03
101	22	93	2.403795e+04
101	22	94	1.041429e+05
101	23	92	-8.241511e+03
101	23	93	-4.636595e+04
101	23	94	-2.008774e+05
101	24	92	3.935594e+04
101	24	93	2.214127e+05
101	24	94	9.592561e+05
102	22	92	3.700176e+03
102	22	93	2.081683e+04
102	22	94	9.018757e+04
102	23	92	-7.137137e+03
102	23	93	-4.015284e+04
102	23	94	-1.739596e+05
102	24	92	3.408219e+04
102	24	93	1.917431e+05
102	24	94	8.307144e+05
103	28	88	6.147271e+01
103	28	89	6.586770e+02
103	28	90	1.783612e+02
103	29	88	1.473159e+03
103	29	89	1.578483e+04
103	29	90	4.274327e+03
103	30	88	6.266236e+02
103	30	89	6.714241e+03
103	30	90	1.818129e+03
103	101	0	3.023595e+00
103	101	1	5.367994e+01
103	101	2	1.974770e+01
103	102	0	3.317556e+02
103	102	1	5.889883e+03
103	102	2	2.166761e+03
103	103	0	2.245139e+02
103	103	1	3.985947e+03
103	103	2	1.466344e+03
104	28	88	2.570147e+03
104	28	89	2.753899e+04
104	28	90	7.457203e+03
104	29	88	6.159214e+04
104	29	89	6.599567e+05
104	29	90	1.787077e+05
104	30	88	2.619885e+04
104	30	89	2.807194e+05
104	30	90	7.601518e+04
104	101	0	1.614700e+02
104	101	1	2.866686e+03
104	101	2	1.054592e+03
104	102	0	1.771684e+04
104	102	1	3.145392e+05
104	102	2	1.157122e+05
104	103	0	1.198978e+04
104	103	1	2.128627e+05
104	103	2	7.830763e+04
105	28	88	1.354464e+03
105	28	89	1.451301e+04
105	28	90	3.929936e+03
105	29	88	3.245897e+04
105	29	89	3.477963e+05
105	29	90	9.417873e+04
105	30	88	1.380676e+04
105	30	89	1.479388e+05
105	30	90	4.005990e+04
105	101	0	2.734665e+02
105	101	1	4.855037e+03
105	101	2	1.786064e+03
105	102	0	3.000536e+04
105	102	1	5.327055e+05
105	102	2	1.959709e+05
105	103	0	2.030597e+04
105	103	1	3.605056e+05
105	103	2	1.326223e+05
109	2	111	4.883808e+01
109	2	112	2.298241e+03
109	2	113	4.022263e+03
109	3	111	3.367348e+02
109	3	112	1.584619e+04
109	3	113	2.773319e+04
109	4	111	6.409724e+01
109	4	112	3.016312e+03
109	4	113	5.278994e+03
110	2	111	1.163439e+03
110	2	112	5.474953e+04
110	2	113	9.581981e+04
110	3	111	8.021818e+03
110	3	112	3.774937e+05
110	3	113	6.606701e+05
110	4	111	1.526948e+03
110	4	112	7.185568e+04
110	4	113	1.257581e+05
111	2	111	4.935694e+02
111	2	112	2.322657e+04
111	2	113	4.064995e+04
111	3	111	3.403122e+03
111	3	112	1.601454e+05
111	3	113	2.802782e+05
111	4	111	6.477821e+02
111	4	112	3.048357e+04
111	4	113	5.335078e+04
119	67	74	7.792998e+02
119	67	75	9.917525e+03
119	67	76	3.010973e+03
119	68	74	4.768242e+03
119	68	75	6.068159e+04
119	68	76	1.842301e+04
119	69	74	8.103158e+02
119	69	75	1.031224e+04
119	69	76	3.130809e+03
120	67	74	8.616376e+02
120	67	75	1.096537e+04
120	67	76	3.329101e+03
120	68	74	5.272036e+03
120	68	75	6.709298e+04
120	68	76	2.036951e+04
120	69	74	8.959307e+02
120	69	75	1.140179e+04
120	69	76	3.461599e+03
121	67	74	1.263294e+04
121	67	75	1.607693e+05
121	67	76	4.880975e+04
121	68	74	7.729617e+04
121	68	75	9.836865e+05
121	68	76	2.986485e+05
121	69	74	1.313573e+04
121	69	75	1.671679e+05
121	69	76	5.075237e+04
