0.1135	-3.800592e+00	2
58	61	62	1.071753e-23
58	61	63	1.826269e+02
58	61	64	1.826269e+02
58	62	62	1.755757e-22
58	62	63	2.991813e+03
58	62	64	2.991813e+03
58	63	62	6.186224e-23
58	63	63	1.054134e+03
58	63	64	1.054134e+03
59	61	62	1.512384e-21
59	61	63	2.577104e+04
59	61	64	2.577104e+04
59	62	62	2.477603e-20
59	62	63	4.221840e+05
59	62	64	4.221840e+05
59	63	62	8.729570e-21
59	63	63	1.487520e+05
59	63	64	1.487520e+05
60	61	62	1.072763e-21
60	61	63	1.827990e+04
60	61	64	1.827990e+04
60	62	62	1.757412e-20
60	62	63	2.994633e+05
60	62	64	2.994633e+05
60	63	62	6.192053e-21
60	63	63	1.055127e+05
60	63	64	1.055127e+05
66	63	62	1.135546e-23
66	63	63	1.826269e+02
66	63	64	1.826269e+02
66	64	62	3.147803e-23
66	64	63	5.062529e+02
66	64	64	5.062529e+02
66	65	62	2.200927e-22
66	65	63	3.539694e+03
66	65	64	3.539694e+03
67	63	62	1.102550e-21
67	63	63	1.773202e+04
67	63	64	1.773202e+04
67	64	62	3.056335e-21
67	64	63	4.915424e+04
67	64	64	4.915424e+04
67	65	62	2.136973e-20
67	65	63	3.436839e+05
67	65	64	3.436839e+05
68	63	62	1.636470e-21
68	63	63	2.631892e+04
68	63	64	2.631892e+04
68	64	62	4.536395e-21
68	64	63	7.295766e+04
68	64	64	7.295766e+04
68	65	62	3.171824e-20
68	65	63	5.101162e+05
68	65	64	5.101162e+05
