0.0000	-3.750000e+00	2
49	62	62	1.161581e-54
49	62	63	1.636088e-25
49	62	64	1.636088e-25
49	63	62	1.636088e-25
49	63	63	2.304431e+04
49	63	64	2.304431e+04
49	64	62	1.636088e-25
49	64	63	2.304431e+04
49	64	64	2.304431e+04
50	62	62	2.839421e-54
50	62	63	3.999326e-25
50	62	64	3.999326e-25
50	63	62	3.999326e-25
50	63	63	5.633053e+04
50	63	64	5.633053e+04
50	64	62	3.999326e-25
50	64	63	5.633053e+04
50	64	64	5.633053e+04
51	62	62	2.181191e-53
51	62	63	3.072209e-24
51	62	64	3.072209e-24
51	63	62	3.072209e-24
51	63	63	4.327209e+05
51	63	64	4.327209e+05
51	64	62	3.072209e-24
51	64	63	4.327209e+05
51	64	64	4.327209e+05
75	62	62	1.161581e-54
75	62	63	1.636088e-25
75	62	64	1.636088e-25
75	63	62	1.636088e-25
75	63	63	2.304431e+04
75	63	64	2.304431e+04
75	64	62	1.636088e-25
75	64	63	2.304431e+04
75	64	64	2.304431e+04
76	62	62	1.832717e-53
76	62	63	2.581383e-24
76	62	64	2.581383e-24
76	63	62	2.581383e-24
76	63	63	3.635880e+05
76	63	64	3.635880e+05
76	64	62	2.581383e-24
76	64	63	3.635880e+05
76	64	64	3.635880e+05
77	62	62	6.324164e-54
77	62	63	8.907590e-25
77	62	64	8.907590e-25
77	63	62	8.907590e-25
77	63	63	1.254635e+05
77	63	64	1.254635e+05
77	64	62	8.907590e-25
77	64	63	1.254635e+05
77	64	64	1.254635e+05
