0.0057	-3.750468e+00	2
49	61	62	8.447468e-27
49	61	63	1.189826e+03
49	61	64	1.189826e+03
49	62	62	1.183760e-25
49	62	63	1.667327e+04
49	62	64	1.667327e+04
49	63	62	3.168816e-25
49	63	63	4.463279e+04
49	63	64	4.463279e+04
50	61	62	3.961977e-27
50	61	63	5.580447e+02
50	61	64	5.580447e+02
50	62	62	5.551995e-26
50	62	63	7.819989e+03
50	62	64	7.819989e+03
50	63	62	1.486217e-25
50	63	63	2.093338e+04
50	63	64	2.093338e+04
51	61	62	1.260289e-25
51	61	63	1.775117e+04
51	61	64	1.775117e+04
51	62	62	1.766067e-24
51	62	63	2.487507e+05
51	62	64	2.487507e+05
51	63	62	4.727597e-24
51	63	63	6.658824e+05
51	63	64	6.658824e+05
75	63	62	8.447468e-27
75	63	63	1.189826e+03
75	63	64	1.189826e+03
75	64	62	2.915392e-25
75	64	63	4.106331e+04
75	64	64	4.106331e+04
75	65	62	1.437184e-25
75	65	63	2.024275e+04
75	65	64	2.024275e+04
76	63	62	1.006865e-25
76	63	63	1.418169e+04
76	63	64	1.418169e+04
76	64	62	3.474893e-24
76	64	63	4.894389e+05
76	64	64	4.894389e+05
76	65	62	1.712998e-24
76	65	63	2.412759e+05
76	65	64	2.412759e+05
77	63	62	2.930438e-26
77	63	63	4.127524e+03
77	63	64	4.127524e+03
77	64	62	1.011353e-24
77	64	63	1.424492e+05
77	64	64	1.424492e+05
77	65	62	4.985612e-25
77	65	63	7.022237e+04
77	65	64	7.022237e+04
