0.0013	-4.986506e+06	1000
53	53	67	5.673833e+02
53	53	68	-9.707813e+02
53	53	69	5.577617e+03
53	54	54	7.780662e+02
53	54	55	5.165888e+03
53	54	56	9.495867e+02
53	54	67	-2.144341e+02
53	54	68	3.668924e+02
53	54	69	-2.107977e+03
53	55	53	5.998514e+02
53	55	54	8.412793e+03
53	55	55	3.895955e+04
53	55	56	3.961103e+03
53	55	67	7.432257e+03
53	55	68	-1.271644e+04
53	55	69	7.306222e+04
53	56	53	4.255331e+03
53	56	54	5.613360e+04
53	56	55	2.403410e+05
53	56	56	2.077998e+04
53	57	53	8.385359e+02
53	57	54	8.165171e+03
53	57	55	2.579271e+04
53	65	54	1.722824e+02
53	65	55	2.417616e+03
53	65	56	7.794930e+02
53	66	54	2.684043e+03
53	66	55	3.766480e+04
53	66	56	1.214397e+04
53	67	54	6.860426e+03
53	67	55	9.627141e+04
53	67	56	3.104005e+04
53	69	53	1.352273e+01
53	69	54	5.974133e+03
53	69	55	4.928020e+03
53	70	53	-2.499911e+01
53	70	54	-1.104422e+04
53	70	55	-9.110299e+03
53	71	53	1.276995e+02
53	71	54	5.641566e+04
53	71	55	4.653688e+04
54	53	67	2.740239e+03
54	53	68	-4.688493e+03
54	53	69	2.693771e+04
54	54	53	2.245789e+03
54	54	54	-1.737766e+03
54	54	55	3.706620e+04
54	54	56	3.618840e+03
54	54	65	2.192529e+01
54	54	66	3.421311e+01
54	54	67	-1.373317e+02
54	54	68	1.950850e+03
54	54	69	-1.018070e+04
54	55	53	-3.404126e+03
54	55	54	4.007089e+03
54	55	55	-7.270083e+04
54	55	56	-9.798733e+03
54	55	58	1.270542e+03
54	55	59	1.546143e+04
54	55	60	4.561398e+03
54	55	65	4.733607e+02
54	55	66	1.173638e+03
54	55	67	6.005287e+04
54	55	68	-5.624320e+04
54	55	69	3.528619e+05
54	56	53	2.559648e+04
54	56	54	1.650269e+04
54	56	55	4.405561e+05
54	56	56	2.982202e+04
54	56	58	1.113177e+04
54	56	59	1.354643e+05
54	56	60	3.996438e+04
54	56	65	1.061730e+03
54	56	66	2.255779e+03
54	56	67	5.006047e+04
54	56	68	1.046703e+04
54	57	53	7.574937e+02
54	57	54	9.020633e+03
54	57	55	2.583868e+04
54	57	58	2.596295e+03
54	57	59	3.159474e+04
54	57	60	9.321010e+03
54	58	69	2.046152e-01
54	58	70	8.321396e+01
54	58	71	-1.258751e+02
54	58	72	7.545301e+02
54	59	69	1.308956e+01
54	59	70	1.624236e+03
54	59	71	-1.538722e+03
54	59	72	1.241793e+04
54	60	69	7.823896e+00
54	60	70	6.575764e+02
54	60	71	-3.681041e+02
54	60	72	4.386397e+03
54	63	71	3.602002e-01
54	63	72	2.781463e+00
54	63	73	5.850409e-01
54	64	55	2.062545e-02
54	64	56	1.647556e+00
54	64	57	2.543016e+00
54	64	71	1.126171e+02
54	64	72	8.696284e+02
54	64	73	1.829139e+02
54	65	54	-2.159648e+02
54	65	55	-3.030043e+03
54	65	56	-9.322517e+02
54	65	57	6.927683e+01
54	65	71	8.954041e+01
54	65	72	6.914302e+02
54	65	73	1.454325e+02
54	66	54	-3.364585e+03
54	66	55	-4.721450e+04
54	66	56	-1.520291e+04
54	66	57	3.113899e+01
54	67	54	-8.599894e+03
54	67	55	-1.206811e+05
54	67	56	-3.891028e+04
54	69	53	3.122138e+01
54	69	54	1.380014e+04
54	69	55	1.156055e+04
54	69	56	8.057445e+01
54	69	64	1.728815e+03
54	69	65	1.087029e+04
54	69	66	1.897223e+03
54	70	53	-5.771814e+01
54	70	54	-2.394909e+04
54	70	55	1.932319e+04
54	70	56	1.779839e+04
54	70	63	1.673562e-02
54	70	64	-1.580483e+03
54	70	65	-1.029889e+04
54	70	66	-1.808674e+03
54	70	67	1.261410e+00
54	70	68	3.488130e+01
54	70	69	1.743425e+01
54	70	70	2.553813e+03
54	70	71	2.304869e+03
54	71	53	2.948335e+02
54	71	54	1.314320e+05
54	71	55	1.381457e+05
54	71	56	1.353984e+04
54	71	63	1.064099e+01
54	71	64	4.205006e+04
54	71	65	1.684055e+05
54	71	66	3.039367e+04
54	71	67	2.139719e+01
54	71	68	5.916884e+02
54	71	69	2.932076e+02
54	71	70	3.944284e+04
54	71	71	3.579247e+04
54	71	72	6.380806e+01
54	72	63	1.235336e+01
54	72	64	2.684472e+04
54	72	65	4.523943e+04
54	72	66	8.033389e+03
54	72	67	7.683201e+00
54	72	68	2.124607e+02
54	72	69	1.048174e+02
54	72	70	1.369236e+04
54	72	71	1.537564e+04
54	72	72	9.901825e+02
54	73	70	8.658315e+01
54	73	71	1.109882e+03
54	73	72	3.385054e+02
55	53	67	1.306240e+04
55	53	68	-2.234951e+04
55	53	69	1.284089e+05
55	54	53	1.544440e+04
55	54	54	1.252854e+04
55	54	55	4.200194e+05
55	54	56	5.604244e+04
55	54	58	5.808886e+01
55	54	59	1.151935e+03
55	54	60	4.483318e+02
55	54	65	9.136005e+02
55	54	66	-8.064530e+02
55	54	67	8.026787e+03
55	54	68	9.170582e+03
55	54	69	-4.853024e+04
55	54	70	1.488251e+01
55	54	71	1.144605e+02
55	54	72	2.399267e+01
55	55	53	-1.632515e+04
55	55	54	1.301577e+05
55	55	55	4.002750e+04
55	55	56	-2.995075e+03
55	55	57	2.656176e+03
55	55	58	1.148585e+04
55	55	59	-2.064240e+04
55	55	60	-4.857828e+03
55	55	65	1.972437e+04
55	55	66	-8.625737e+03
55	55	67	5.381060e+05
55	55	68	-2.547871e+05
55	55	69	1.682052e+06
55	55	70	2.320127e+02
55	55	71	1.784395e+03
55	55	72	3.740365e+02
55	56	53	2.523176e+05
55	56	54	9.546605e+05
55	56	55	7.765672e+06
55	56	56	7.587875e+05
55	56	57	2.153117e+04
55	56	58	5.015362e+04
55	56	59	-1.788165e+05
55	56	60	-3.030928e+04
55	56	61	4.113346e+03
55	56	62	2.064475e+03
55	56	65	4.424103e+04
55	56	66	-3.143550e+04
55	56	67	7.043692e+05
55	56	68	5.491502e+04
55	56	70	5.928581e+02
55	56	71	4.559635e+03
55	56	72	9.557693e+02
55	57	53	2.988685e+04
55	57	54	1.589588e+05
55	57	55	6.985094e+05
55	57	56	4.567742e+02
55	57	57	9.301130e+03
55	57	58	1.285684e+05
55	57	59	2.669528e+03
55	57	60	-5.828864e+03
55	57	61	4.900422e+04
55	57	62	2.459506e+04
55	57	65	2.399814e-01
55	57	66	2.186130e+01
55	57	67	1.422960e+01
55	58	56	7.013820e+03
55	58	57	4.306491e+03
55	58	58	1.103444e+05
55	58	59	1.954490e+03
55	58	60	3.931017e+02
55	58	61	1.425803e+04
55	58	62	7.156058e+03
55	58	65	3.117565e-01
55	58	66	2.839970e+01
55	58	67	1.848547e+01
55	58	69	1.305396e+02
55	58	70	6.953584e+03
55	58	71	9.333744e+02
55	58	72	3.424550e+04
55	59	55	4.857957e+01
55	59	56	9.644719e+02
55	59	57	4.419387e+02
55	59	58	8.847857e+03
55	59	59	4.469977e+02
55	59	69	8.350826e+03
55	59	70	2.769428e+05
55	59	71	3.553439e+05
55	59	72	5.636065e+05
55	60	55	1.968424e+03
55	60	56	1.191865e+04
55	60	57	4.939067e+04
55	60	68	3.173135e-01
55	60	69	5.009823e+03
55	60	70	1.513271e+05
55	60	71	2.374325e+05
55	60	72	1.990833e+05
55	61	55	3.590386e+03
55	61	56	2.173950e+04
55	61	57	9.008810e+04
55	61	68	2.537410e+01
55	61	69	1.468538e+03
55	61	70	8.542543e+02
55	62	68	3.915634e+01
55	62	69	2.266192e+03
55	62	70	1.318252e+03
55	63	57	9.874702e-01
55	63	58	1.754797e+02
55	63	59	1.292949e+02
55	63	71	1.912752e+02
55	63	72	1.477025e+03
55	63	73	3.106712e+02
55	64	55	1.270539e+02
55	64	56	1.235582e+04
55	64	57	1.286411e+04
55	64	58	2.434094e+04
55	64	59	1.990785e+04
55	64	71	5.980247e+04
55	64	72	4.617941e+05
55	64	73	9.713179e+04
55	65	54	1.900720e+03
55	65	55	3.013374e+04
55	65	56	3.093665e+05
55	65	57	3.845037e+05
55	65	58	2.406639e+05
55	65	59	4.562179e+03
55	65	71	4.754817e+04
55	65	72	3.671665e+05
55	65	73	7.722823e+04
55	66	54	2.961192e+04
55	66	55	4.170957e+05
55	66	56	2.651406e+05
55	66	57	1.944147e+05
55	66	58	1.046754e+05
55	66	59	2.769181e+05
55	67	54	7.568820e+04
55	67	55	1.062122e+06
55	67	56	3.424518e+05
55	68	57	7.394291e-01
55	68	58	1.106728e+02
55	68	59	7.930293e+01
55	69	53	2.505105e+02
55	69	54	1.106821e+05
55	69	55	9.156323e+04
55	69	56	7.419256e+02
55	69	57	1.606864e+03
55	69	58	3.642690e+04
55	69	59	1.856559e+04
55	69	60	2.049821e+03
55	69	61	-1.476381e+03
55	69	62	2.091115e+04
55	69	64	-1.575051e+03
55	69	65	-9.830699e+03
55	69	66	-1.667281e+03
55	69	67	1.991589e+00
55	69	68	8.272113e+02
55	69	69	1.589696e+02
55	69	70	2.419639e+04
55	69	71	8.303774e+03
55	70	53	-4.631122e+02
55	70	54	-2.022974e+05
55	70	55	-1.089209e+05
55	70	56	3.178379e+04
55	70	57	3.953304e+04
55	70	58	2.646181e+05
55	70	59	6.225366e+04
55	70	60	1.406320e+04
55	70	61	-1.280371e+04
55	70	62	1.665391e+05
55	70	63	1.067358e+00
55	70	64	2.987746e+03
55	70	65	2.085332e+04
55	70	66	9.935475e+03
55	70	67	1.181078e+03
55	70	68	4.134448e+04
55	70	69	1.770920e+04
55	70	70	2.525587e+05
55	70	71	8.376146e+04
55	71	53	2.365652e+03
55	71	54	1.046857e+06
55	71	55	9.076315e+05
55	71	56	2.144703e+04
55	71	57	2.226662e+04
55	71	58	1.445162e+05
55	71	59	4.398604e+04
55	71	60	7.522668e+03
55	71	61	-3.101875e+03
55	71	62	3.723856e+04
55	71	63	1.066278e+03
55	71	64	6.524689e+05
55	71	65	1.004751e+06
55	71	66	1.915655e+05
55	71	67	1.887294e+04
55	71	68	5.235148e+05
55	71	69	2.421537e+05
55	71	70	1.652611e+05
55	71	71	1.858888e+05
55	71	72	1.184739e+04
55	72	63	1.206167e+03
55	72	64	7.981709e+05
55	72	65	1.233017e+06
55	72	66	2.030512e+05
55	72	67	6.725753e+03
55	72	68	1.859847e+05
55	72	69	8.452189e+04
55	72	70	7.919941e+04
55	72	71	6.449796e+05
55	72	72	1.838495e+05
55	73	70	1.607610e+04
55	73	71	2.060744e+05
55	73	72	6.285110e+04
56	54	53	2.932867e+03
56	54	54	3.323539e+03
56	54	55	8.630316e+04
56	54	56	1.195953e+04
56	54	58	2.807058e+03
56	54	59	5.566558e+04
56	54	60	2.166497e+04
56	54	65	1.653226e+03
56	54	66	-4.906095e+02
56	54	67	3.391996e+04
56	54	68	4.160031e+03
56	54	70	1.408117e+03
56	54	71	1.082974e+04
56	54	72	2.270080e+03
56	55	53	-4.034767e+03
56	55	54	9.764493e+02
56	55	55	-9.288568e+04
56	55	56	-9.853803e+03
56	55	57	3.458586e+04
56	55	58	1.600148e+05
56	55	59	2.509649e+05
56	55	60	9.029371e+04
56	55	65	3.569267e+04
56	55	66	5.909975e+04
56	55	67	1.418443e+06
56	55	68	2.648115e+05
56	55	70	2.195201e+04
56	55	71	1.688316e+05
56	55	72	3.538968e+04
56	56	53	6.251922e+04
56	56	54	9.979192e+04
56	56	55	1.524800e+06
56	56	56	1.619843e+05
56	56	57	2.907697e+05
56	56	58	1.035066e+06
56	56	59	2.763229e+06
56	56	60	1.104275e+06
56	56	61	6.719957e+03
56	56	62	3.391294e+03
56	56	63	1.056486e+03
56	56	64	1.749215e+03
56	56	65	8.007058e+04
56	56	66	3.541691e+04
56	56	67	2.220483e+06
56	56	68	3.499166e+05
56	56	69	8.385495e+01
56	56	70	5.612616e+04
56	56	71	4.314125e+05
56	56	72	9.043065e+04
56	57	53	1.629575e+04
56	57	54	2.613693e+04
56	57	55	2.800685e+05
56	57	56	8.187867e+03
56	57	57	1.098307e+05
56	57	58	1.234212e+06
56	57	59	8.461963e+05
56	57	60	1.996289e+05
56	57	61	8.005801e+04
56	57	62	4.017705e+04
56	57	63	4.945635e+02
56	57	64	4.295162e+02
56	57	65	3.048467e+03
56	57	66	2.724605e+05
56	57	67	1.772630e+05
56	57	68	1.263555e+01
56	57	69	2.492978e+02
56	57	70	9.678238e+01
56	58	56	5.003480e+04
56	58	57	3.437427e+04
56	58	58	1.080176e+06
56	58	59	1.071054e+05
56	58	60	6.422087e+02
56	58	61	2.329329e+04
56	58	62	1.194348e+04
56	58	63	2.459138e+04
56	58	64	3.638971e+04
56	58	65	4.479394e+04
56	58	66	4.429034e+05
56	58	67	2.317270e+05
56	58	68	8.393548e+01
56	58	69	1.767287e+03
56	58	70	9.802292e+03
56	58	71	-4.898023e+03
56	58	72	6.052139e+04
56	59	55	4.104558e+02
56	59	56	9.026960e+03
56	59	57	1.422989e+04
56	59	58	1.617015e+05
56	59	59	2.449531e+04
56	59	62	1.088660e+00
56	59	63	3.795977e+03
56	59	64	5.512473e+03
56	59	65	3.523782e+04
56	59	66	7.842982e+04
56	59	67	6.684670e+03
56	59	69	7.116873e+03
56	59	70	2.892335e+05
56	59	71	2.091345e+05
56	59	72	9.960505e+05
56	60	55	1.663150e+04
56	60	56	1.012994e+05
56	60	57	4.230714e+05
56	60	58	1.448122e+03
56	60	65	1.120570e+03
56	60	66	3.563860e+04
56	60	67	6.771022e+04
56	60	68	4.716861e+01
56	60	69	7.335704e+03
56	60	70	1.498749e+05
56	60	71	1.692499e+05
56	60	72	3.518360e+05
56	61	55	3.033570e+04
56	61	56	1.978687e+05
56	61	57	8.950708e+05
56	61	58	3.309094e+04
56	61	65	2.058668e+02
56	61	66	4.017923e+03
56	61	67	1.015929e+04
56	61	68	5.630222e+03
56	61	69	2.780215e+05
56	61	70	1.915118e+05
56	62	56	4.718047e+03
56	62	57	4.318299e+04
56	62	58	1.041944e+04
56	62	67	8.617124e+03
56	62	68	2.516487e+04
56	62	69	5.188234e+05
56	62	70	2.356652e+05
56	63	57	1.899212e+02
56	63	58	3.375021e+04
56	63	59	2.486744e+04
56	63	60	6.891190e-01
56	63	61	3.256215e-01
56	63	62	1.028606e+01
56	63	66	2.165757e-01
56	63	67	2.367588e+03
56	63	68	5.319823e+03
56	63	69	4.342142e+04
56	63	71	1.605012e+02
56	63	72	1.239389e+03
56	63	73	2.606877e+02
56	64	55	1.207215e+02
56	64	56	1.020689e+04
56	64	57	1.301108e+04
56	64	58	5.816603e+04
56	64	59	1.856195e+04
56	64	60	2.359735e+03
56	64	61	4.872715e+02
56	64	62	1.539243e+04
56	64	66	1.421982e-01
56	64	67	7.084577e+00
56	64	68	2.564590e+03
56	64	69	-4.313359e+03
56	64	70	2.499880e+04
56	64	71	5.018093e+04
56	64	72	3.874967e+05
56	64	73	8.150438e+04
56	65	55	3.288694e+03
56	65	56	2.598434e+05
56	65	57	4.299158e+05
56	65	58	5.890182e+05
56	65	59	4.423353e+05
56	65	60	2.367862e+04
56	65	61	5.399864e+02
56	65	62	1.705764e+04
56	65	66	3.314787e+00
56	65	67	1.651489e+02
56	65	68	-3.846873e+03
56	65	69	8.238424e+03
56	65	70	-3.573336e+04
56	65	71	4.176997e+04
56	65	72	3.080936e+05
56	65	73	6.480308e+04
56	66	55	1.478223e+03
56	66	56	1.167749e+05
56	66	57	1.805372e+05
56	66	58	-2.155371e+04
56	66	59	-2.819245e+05
56	66	60	5.485233e+04
56	66	68	2.618802e+04
56	66	69	-3.816047e+04
56	66	70	2.615490e+05
56	66	71	4.051016e+04
56	67	56	3.533839e+01
56	67	57	2.758277e+03
56	67	58	4.278246e+03
56	67	61	2.829471e+00
56	67	62	1.692446e+02
56	67	63	1.012711e+02
56	67	69	6.425601e+03
56	67	70	5.975546e+02
56	67	71	9.077937e+04
56	68	56	7.924055e+01
56	68	57	1.937864e+03
56	68	58	1.010791e+04
56	68	59	6.146436e+03
56	68	61	1.424507e+01
56	68	62	1.147402e+03
56	68	63	4.278718e+02
56	68	64	5.717384e+03
56	68	66	3.589665e-01
56	68	67	4.984564e+01
56	68	68	7.224017e+02
56	68	69	-6.877913e+02
56	68	70	6.987340e+03
56	69	54	1.189450e+02
56	69	55	3.366151e+03
56	69	56	7.454739e+03
56	69	57	2.179325e+04
56	69	58	2.090919e+05
56	69	59	1.317634e+05
56	69	60	4.794912e+04
56	69	61	-1.901812e+04
56	69	62	2.389135e+05
56	69	63	2.223200e+03
56	69	64	8.064027e+04
56	69	65	1.313215e+05
56	69	66	2.445471e+04
56	69	67	3.924065e+03
56	69	68	1.363340e+04
56	69	69	2.969030e+04
56	69	70	1.711089e+05
56	69	71	2.085315e+04
56	70	54	2.627420e+04
56	70	55	6.937939e+05
56	70	56	3.366218e+05
56	70	57	2.201095e+05
56	70	58	4.563058e+05
56	70	59	1.911681e+05
56	70	60	1.881166e+05
56	70	61	-1.992582e+05
56	70	62	2.141393e+06
56	70	63	6.830761e-01
56	70	64	-2.086094e+03
56	70	65	1.868519e+05
56	70	66	2.351765e+05
56	70	67	1.073007e+04
56	70	68	1.995557e+05
56	70	69	3.144056e+05
56	70	70	1.944510e+06
56	70	71	8.224876e+05
56	71	54	1.998768e+04
56	71	55	5.301973e+05
56	71	56	2.440762e+05
56	71	57	1.530262e+05
56	71	58	5.665305e+04
56	71	59	7.404983e+05
56	71	60	4.453458e+05
56	71	61	-5.535641e+04
56	71	62	5.475175e+05
56	71	63	7.276242e+02
56	71	64	6.458456e+05
56	71	65	2.945450e+06
56	71	66	8.253555e+05
56	71	67	2.339524e+04
56	71	68	6.204455e+05
56	71	69	5.948725e+05
56	71	70	1.606773e+06
56	71	71	1.781360e+06
56	71	72	8.788229e+03
56	72	63	8.209276e+02
56	72	64	4.753987e+05
56	72	65	1.165846e+06
56	72	66	2.302529e+05
56	72	67	5.868690e+03
56	72	68	1.622847e+05
56	72	69	7.722513e+04
56	72	70	3.781038e+05
56	72	71	8.802474e+05
56	72	72	1.363770e+05
56	73	70	1.192502e+04
56	73	71	1.528631e+05
56	73	72	4.662206e+04
57	54	54	8.247852e+00
57	54	55	2.464032e+03
57	54	56	3.094857e+03
57	54	58	1.549076e+03
57	54	59	3.071906e+04
57	54	60	1.195582e+04
57	54	66	3.347470e+01
57	54	67	3.238951e+02
57	54	68	8.149655e+01
57	54	70	2.100456e+03
57	54	71	1.615447e+04
57	54	72	3.386225e+03
57	55	54	8.761927e+00
57	55	55	2.617611e+03
57	55	56	4.068661e+03
57	55	57	1.100942e+04
57	55	58	4.459696e+04
57	55	59	3.544092e+04
57	55	60	1.536362e+04
57	55	66	1.446081e+04
57	55	67	1.399466e+05
57	55	68	3.537949e+04
57	55	69	6.856431e+02
57	55	70	3.274529e+04
57	55	71	2.518420e+05
57	55	72	5.278994e+04
57	56	54	1.329918e+02
57	56	55	3.973107e+04
57	56	56	6.452012e+04
57	56	57	1.259093e+05
57	56	58	5.934361e+05
57	56	59	6.876003e+05
57	56	60	2.889902e+05
57	56	61	7.166235e+04
57	56	62	3.626128e+04
57	56	63	4.869285e+04
57	56	64	8.476837e+04
57	56	65	2.311716e+03
57	56	66	1.306691e+04
57	56	67	1.158977e+05
57	56	68	3.245178e+04
57	56	69	4.662788e+04
57	56	70	1.117767e+05
57	56	71	6.470455e+05
57	56	72	1.348933e+05
57	57	56	1.248437e+04
57	57	57	5.117354e+04
57	57	58	6.023019e+05
57	57	59	2.321048e+05
57	57	60	5.272889e+04
57	57	61	8.452046e+05
57	57	62	4.244263e+05
57	57	63	2.379285e+04
57	57	64	4.316839e+04
57	57	65	2.277696e+04
57	57	66	2.654464e+05
57	57	67	1.713278e+05
57	57	68	1.786121e+04
57	57	69	2.580714e+05
57	57	70	1.964729e+05
57	57	71	3.476185e+04
57	58	56	1.900755e+05
57	58	57	1.431523e+05
57	58	58	3.350855e+06
57	58	59	1.861352e+05
57	58	60	2.589335e+04
57	58	61	2.562920e+05
57	58	62	1.331983e+05
57	58	63	9.048367e+05
57	58	64	1.369809e+06
57	58	65	-7.281434e+04
57	58	66	1.868796e+05
57	58	67	2.427863e+05
57	58	68	5.555455e+04
57	58	69	7.171081e+05
57	58	70	2.950525e+05
57	58	71	8.883534e+03
57	59	55	9.300612e+01
57	59	56	2.219389e+04
57	59	57	5.698036e+03
57	59	58	3.802305e+05
57	59	59	5.470098e+04
57	59	60	1.735934e+04
57	59	61	6.310246e+02
57	59	62	-1.132468e+03
57	59	63	1.137721e+05
57	59	64	4.456875e+05
57	59	65	1.981337e+05
57	59	66	-1.013371e+05
57	59	67	1.799896e+04
57	60	55	3.768570e+03
57	60	56	2.384808e+04
57	60	57	1.037978e+05
57	60	58	2.115913e+03
57	60	61	5.865258e+03
57	60	62	-1.073726e+04
57	60	63	6.096036e+04
57	60	64	8.527914e+04
57	60	65	3.335085e+04
57	60	66	2.704346e+05
57	60	67	4.079212e+05
57	60	68	1.151578e+02
57	60	69	6.122439e+03
57	60	70	4.616144e+03
57	61	55	6.873835e+03
57	61	56	5.292729e+04
57	61	57	2.952093e+05
57	61	58	3.370118e+04
57	61	61	1.431940e+03
57	61	62	-2.621387e+03
57	61	63	1.359599e+04
57	61	64	1.011049e+03
57	61	65	-8.339729e+02
57	61	66	2.092908e+04
57	61	67	2.801769e+04
57	61	68	1.767563e+04
57	61	69	3.923066e+05
57	61	70	2.062179e+05
57	61	71	1.826065e+03
57	62	56	-4.109511e+03
57	62	57	-3.761323e+04
57	62	58	-9.075533e+03
57	62	64	3.906227e+03
57	62	65	-5.119273e+03
57	62	66	4.615672e+04
57	62	67	5.847806e+04
57	62	68	1.257673e+05
57	62	69	1.409835e+06
57	62	70	3.071214e+05
57	62	71	7.345259e+04
57	63	57	1.416296e+02
57	63	58	2.516849e+04
57	63	59	1.854435e+04
57	63	60	1.102652e+01
57	63	61	5.210234e+00
57	63	62	1.645862e+02
57	63	65	1.227643e+02
57	63	66	6.774922e+03
57	63	67	6.410811e+04
57	63	68	5.403289e+04
57	63	69	2.623988e+05
57	63	70	1.580919e+04
57	63	71	3.821292e+04
57	64	56	3.114960e+04
57	64	57	-4.246555e+04
57	64	58	3.772729e+05
57	64	59	2.608868e+05
57	64	60	7.697853e+04
57	64	61	7.796778e+03
57	64	62	2.462926e+05
57	64	65	1.311644e+03
57	64	66	6.579692e+04
57	64	67	1.385272e+05
57	64	68	5.194751e+04
57	64	69	-5.375696e+04
57	64	70	3.835486e+05
57	65	56	3.152474e+05
57	65	57	-5.477942e+05
57	65	58	3.551460e+06
57	65	59	4.782272e+05
57	65	60	4.822964e+05
57	65	61	8.640264e+03
57	65	62	2.729375e+05
57	65	66	1.215026e+04
57	65	67	6.053484e+05
57	65	68	2.847536e+05
57	65	69	1.359723e+05
57	65	70	-4.239572e+05
57	65	71	1.962142e+04
57	66	56	8.431913e+04
57	66	57	1.882050e+04
57	66	58	1.347135e+06
57	66	59	3.459455e+06
57	66	60	1.630041e+06
57	66	61	2.035194e+02
57	66	62	4.571683e+03
57	66	63	1.010424e+04
57	66	68	3.950993e+05
57	66	69	-4.106067e+05
57	66	70	4.282922e+06
57	66	71	4.246618e+05
57	67	56	2.298382e+03
57	67	57	1.793963e+05
57	67	58	2.782539e+05
57	67	60	9.596012e+02
57	67	61	1.564077e+03
57	67	62	9.821220e+04
57	67	63	1.288717e+05
57	67	64	5.069105e+02
57	67	66	2.740883e+01
57	67	67	5.450067e+03
57	67	68	4.084322e+03
57	67	69	6.735859e+04
57	67	70	6.264073e+03
57	67	71	9.516262e+05
57	68	55	4.476850e+00
57	68	56	2.807649e+03
57	68	57	1.231654e+05
57	68	58	3.027497e+05
57	68	59	1.081100e+05
57	68	60	1.402658e+04
57	68	61	-1.339981e+04
57	68	62	4.636317e+05
57	68	63	2.065429e+05
57	68	64	2.718820e+04
57	68	66	-8.456187e+00
57	68	67	-2.856626e+03
57	68	68	5.985137e+03
57	68	69	-8.420144e+03
57	68	70	6.432463e+04
57	69	55	-7.290185e+01
57	69	56	9.023111e+04
57	69	57	1.988067e+05
57	69	58	2.578931e+06
57	69	59	8.776416e+05
57	69	60	5.090261e+04
57	69	61	2.571590e+04
57	69	62	1.227595e+06
57	69	63	6.361145e+05
57	69	64	1.856484e+05
57	69	65	1.085721e+03
57	69	66	2.725187e+03
57	69	67	2.721653e+05
57	69	68	3.381768e+05
57	69	69	1.855911e+05
57	69	70	3.982056e+05
57	69	71	1.360675e+05
57	70	55	-4.573894e+03
57	70	56	2.156392e+05
57	70	57	9.851748e+05
57	70	58	9.252049e+06
57	70	59	3.105351e+06
57	70	60	8.644263e+04
57	70	61	-6.666198e+04
57	70	62	7.682064e+05
57	70	63	5.934652e+04
57	70	64	4.590070e+04
57	70	65	1.462125e+05
57	70	66	1.238520e+05
57	70	67	3.315650e+05
57	70	68	7.492972e+05
57	70	69	4.079928e+05
57	70	70	4.292809e+06
57	70	71	1.853535e+06
57	71	55	1.488285e+03
57	71	56	2.981749e+05
57	71	57	7.957146e+05
57	71	58	3.489318e+06
57	71	59	1.320214e+06
57	71	60	2.764299e+05
57	71	61	-2.191109e+04
57	71	62	1.985386e+05
57	71	64	1.266599e+04
57	71	65	3.193265e+05
57	71	66	1.983981e+05
57	71	67	1.217103e+04
57	71	68	3.259644e+05
57	71	69	5.744475e+05
57	71	70	1.683371e+06
57	71	71	9.292542e+05
57	72	64	1.514251e+04
57	72	65	1.421426e+05
57	72	66	3.496297e+04
57	72	69	9.048940e+02
57	72	70	2.841203e+04
57	72	71	5.597509e+04
58	54	53	2.540936e+03
58	54	54	-2.145280e+03
58	54	55	3.485332e+04
58	54	56	5.430350e+03
58	55	53	1.530806e+04
58	55	54	-1.299622e+04
58	55	55	1.885223e+05
58	55	56	5.768815e+03
58	55	57	5.476541e+02
58	55	58	7.352481e+03
58	55	59	2.307869e+03
58	55	67	3.125296e+03
58	55	68	2.053141e+04
58	55	69	8.108025e+04
58	56	53	2.561780e+03
58	56	54	-1.944117e+03
58	56	55	1.006347e+05
58	56	56	1.030391e+05
58	56	57	9.086037e+04
58	56	58	3.815444e+05
58	56	59	1.157221e+05
58	56	60	4.982537e+04
58	56	61	5.759854e+04
58	56	62	1.653444e+04
58	56	63	5.347336e+04
58	56	64	7.958699e+04
58	56	65	-2.283384e+03
58	56	67	-3.203947e+03
58	56	68	1.367694e+04
58	56	69	1.008334e+05
58	56	70	4.469322e+04
58	56	71	-1.714796e+03
58	57	55	3.335780e+03
58	57	56	1.524452e+05
58	57	57	1.043909e+06
58	57	58	8.689914e+05
58	57	59	2.022038e+05
58	57	60	-5.633127e+03
58	57	61	1.406348e+05
58	57	62	1.254983e+05
58	57	63	2.894748e+04
58	57	64	5.037538e+04
58	57	65	-1.987683e+04
58	57	66	-3.583435e+03
58	57	67	3.671467e+04
58	57	68	4.428067e+05
58	57	69	2.652833e+06
58	57	70	3.795908e+05
58	57	71	-5.676470e+04
58	58	55	4.821684e+03
58	58	56	6.260230e+04
58	58	57	1.013065e+06
58	58	58	3.632972e+05
58	58	59	6.776110e+04
58	58	60	7.539361e+05
58	58	61	1.017362e+06
58	58	62	4.506117e+05
58	58	63	1.291377e+06
58	58	64	2.315448e+06
58	58	65	5.405500e+05
58	58	66	8.676157e+05
58	58	67	5.609687e+04
58	58	68	5.514034e+05
58	58	69	1.523404e+06
58	58	70	5.175906e+05
58	58	71	2.310055e+04
58	59	55	1.785648e+02
58	59	56	1.889210e+04
58	59	57	2.837440e+05
58	59	58	1.083711e+05
58	59	59	1.518506e+05
58	59	60	2.404000e+05
58	59	61	1.594672e+05
58	59	62	3.130264e+04
58	59	63	4.099317e+05
58	59	64	1.441633e+06
58	59	65	3.039104e+05
58	59	66	7.072988e+05
58	59	67	1.308950e+05
58	59	68	4.824867e+04
58	59	69	1.948791e+04
58	59	70	2.805321e+04
58	60	55	6.418091e+01
58	60	56	4.296030e+03
58	60	57	-2.186969e+04
58	60	58	-1.835507e+04
58	60	59	4.282771e+03
58	60	60	1.092464e+05
58	60	61	2.348388e+05
58	60	62	4.068207e+04
58	60	63	3.005533e+05
58	60	64	1.814135e+05
58	60	65	8.321417e+04
58	60	66	9.767935e+05
58	60	67	1.667876e+06
58	60	68	1.176490e+05
58	60	69	1.077843e+05
58	60	70	2.491546e+04
58	61	56	2.501891e+05
58	61	57	2.657000e+06
58	61	58	7.531562e+05
58	61	59	9.675707e+02
58	61	60	2.137058e+04
58	61	61	1.486427e+05
58	61	62	1.421304e+05
58	61	63	7.054022e+04
58	61	64	8.923229e+03
58	61	65	-7.939755e+03
58	61	66	1.726102e+05
58	61	67	1.773439e+05
58	61	68	4.712313e+03
58	61	69	9.368552e+05
58	61	70	8.650911e+05
58	61	71	1.696858e+04
58	62	56	5.668122e+04
58	62	57	5.226564e+05
58	62	58	1.371032e+05
58	62	59	5.846627e+02
58	62	60	7.222649e+03
58	62	61	3.648576e+04
58	62	62	8.920850e+04
58	62	63	5.378009e+03
58	62	64	3.310109e+04
58	62	65	-4.400792e+04
58	62	66	3.570839e+05
58	62	67	6.656443e+03
58	62	68	2.466899e+04
58	62	69	1.032586e+06
58	62	70	1.024105e+06
58	62	71	6.825527e+05
58	63	57	2.343652e+00
58	63	58	4.101632e+02
58	63	59	2.613689e+03
58	63	60	3.985093e+04
58	63	61	2.015285e+05
58	63	62	1.104394e+05
58	63	63	6.530221e+03
58	63	64	5.096673e+03
58	63	65	2.325431e+03
58	63	66	1.912060e+05
58	63	67	3.776884e+05
58	63	68	2.597149e+04
58	63	69	5.204525e+04
58	63	70	1.470100e+05
58	63	71	3.550907e+05
58	64	56	2.520609e+02
58	64	57	2.964379e+03
58	64	58	2.069298e+04
58	64	59	2.859261e+04
58	64	60	1.712325e+05
58	64	61	1.585534e+05
58	64	62	6.953384e+05
58	64	63	5.148751e+03
58	64	64	7.237255e+01
58	64	65	8.371404e+03
58	64	66	9.288591e+04
58	64	67	3.075331e+05
58	64	68	2.609475e+04
58	64	69	-1.417761e+04
58	64	70	1.354504e+05
58	65	56	4.804456e+04
58	65	57	2.192799e+05
58	65	58	1.590453e+06
58	65	59	1.824454e+05
58	65	60	2.569171e+05
58	65	61	7.494010e+04
58	65	62	8.199266e+05
58	65	63	5.157134e+04
58	65	64	1.244159e+02
58	65	65	2.934416e+02
58	65	66	1.292962e+04
58	65	67	5.668398e+05
58	65	68	2.994578e+05
58	65	69	5.050523e+04
58	65	70	-1.131479e+05
58	65	71	5.232046e+03
58	66	55	8.252177e+01
58	66	56	3.568287e+04
58	66	57	1.511786e+05
58	66	58	1.112384e+06
58	66	59	2.021322e+05
58	66	60	8.754908e+05
58	66	61	9.089557e+02
58	66	62	2.391462e+04
58	66	63	1.731811e+03
58	66	64	1.229132e+03
58	66	65	-2.825038e+02
58	66	66	-1.839457e+03
58	66	67	1.319083e+03
58	66	68	1.451936e+05
58	66	69	-9.163998e+04
58	66	70	1.561984e+06
58	66	71	1.132359e+05
58	67	55	-3.646799e+01
58	67	56	3.782425e+03
58	67	57	2.895141e+05
58	67	58	4.494131e+05
58	67	59	5.649274e+00
58	67	60	1.367033e+03
58	67	61	2.580714e+03
58	67	62	1.861673e+03
58	67	63	-5.495808e+04
58	67	64	1.584020e+04
58	67	65	1.977418e+03
58	67	66	2.176004e+04
58	67	67	1.076728e+05
58	67	68	1.718738e+05
58	67	69	1.800732e+04
58	67	70	1.670314e+03
58	67	71	2.537509e+05
58	68	55	1.620903e+03
58	68	56	9.192722e+03
58	68	57	2.122261e+05
58	68	58	3.471127e+05
58	68	59	4.113702e+04
58	68	60	2.140477e+04
58	68	61	8.250014e+04
58	68	62	8.119568e+05
58	68	63	1.194838e+06
58	68	64	4.818634e+05
58	68	65	1.930799e+02
58	68	66	1.128040e+03
58	68	67	-5.965381e+04
58	68	68	4.394421e+03
58	68	69	-1.223831e+04
58	68	70	2.206526e+05
58	69	55	3.008321e+04
58	69	56	4.620623e+05
58	69	57	2.743013e+05
58	69	58	6.819664e+05
58	69	59	2.250314e+05
58	69	60	5.122374e+05
58	69	61	2.617172e+05
58	69	62	1.570237e+06
58	69	63	1.736512e+06
58	69	64	1.598143e+06
58	69	65	1.280919e+04
58	69	66	7.663994e+03
58	69	67	9.625675e+05
58	69	68	8.249382e+05
58	69	69	1.547753e+06
58	69	70	1.360480e+06
58	69	71	3.809266e+04
58	70	55	1.374773e+05
58	70	56	5.866063e+05
58	70	57	2.380534e+06
58	70	58	3.666747e+06
58	70	59	1.323041e+06
58	70	60	4.966624e+05
58	70	61	2.075431e+05
58	70	62	4.628347e+04
58	70	63	-8.109015e+04
58	70	64	3.143034e+05
58	70	65	7.744452e+03
58	70	66	2.889596e+03
58	70	67	1.859338e+05
58	70	68	5.770535e+05
58	70	69	6.932872e+05
58	70	70	4.989033e+06
58	70	71	6.428061e+05
58	71	55	1.377540e+05
58	71	56	6.016726e+05
58	71	57	2.354075e+06
58	71	58	1.476773e+06
58	71	59	3.658578e+05
58	71	68	9.693414e+04
58	71	69	-9.292236e+04
58	71	70	1.903299e+06
58	71	71	9.577840e+05
58	71	72	1.118902e+04
58	72	70	1.130589e+04
58	72	71	-6.232702e+03
58	72	72	1.436761e+05
58	73	70	3.451959e+03
58	73	71	-1.902993e+03
58	73	72	4.386776e+04
59	54	53	1.572003e+04
59	54	54	-1.321761e+04
59	54	55	2.319423e+05
59	54	56	5.408785e+04
59	55	53	9.470651e+04
59	55	54	-8.034577e+04
59	55	55	1.183664e+06
59	55	56	5.745906e+04
59	55	67	2.146216e+03
59	55	68	1.409941e+04
59	55	69	5.567977e+04
59	56	53	1.584899e+04
59	56	54	-1.114711e+04
59	56	55	8.849767e+05
59	56	56	8.818407e+05
59	56	57	5.087048e+04
59	56	58	1.000659e+04
59	56	59	8.135929e+01
59	56	60	2.912159e+04
59	56	61	7.136009e+04
59	56	62	4.835476e+04
59	56	63	2.302143e+04
59	56	64	1.810921e+05
59	56	65	3.962860e+04
59	56	67	-2.162051e+03
59	56	68	4.431011e+04
59	56	69	6.570123e+04
59	56	70	2.875651e+05
59	56	71	9.720541e+04
59	57	55	7.830841e+03
59	57	56	9.214894e+04
59	57	57	7.350988e+05
59	57	58	1.467310e+05
59	57	59	1.314900e+04
59	57	60	2.975772e+04
59	57	61	2.590063e+05
59	57	62	1.847274e+05
59	57	63	1.900731e+04
59	57	64	3.297130e+05
59	57	65	2.391068e+05
59	57	66	2.992062e+04
59	57	67	2.582299e+04
59	57	68	3.890795e+05
59	57	69	1.546300e+06
59	57	70	1.747554e+06
59	57	71	2.876730e+05
59	58	55	1.518932e+04
59	58	56	6.143012e+04
59	58	57	6.896760e+05
59	58	58	1.931984e+05
59	58	59	1.977329e+05
59	58	60	7.844211e+05
59	58	61	1.504856e+06
59	58	62	1.208040e+06
59	58	63	3.563949e+05
59	58	64	3.594767e+06
59	58	65	1.000711e+06
59	58	66	-3.549255e+04
59	58	67	3.087184e+03
59	58	68	1.174864e+06
59	58	69	1.480905e+06
59	58	70	3.917957e+06
59	58	71	7.550981e+05
59	59	55	3.884062e+04
59	59	56	5.934416e+05
59	59	57	3.852607e+05
59	59	58	7.807243e+04
59	59	59	4.852953e+05
59	59	60	1.110878e+06
59	59	61	1.624698e+06
59	59	62	3.146176e+05
59	59	63	1.082059e+06
59	59	64	8.362070e+06
59	59	65	4.248296e+06
59	59	66	3.367865e+05
59	59	67	9.963194e+04
59	59	68	7.558157e+05
59	59	69	7.863625e+04
59	59	70	2.844033e+05
59	60	55	1.396035e+04
59	60	56	2.004904e+05
59	60	57	-1.374918e+05
59	60	58	-2.278007e+04
59	60	59	-3.515145e+03
59	60	60	-1.326944e+04
59	60	61	9.213987e+05
59	60	62	9.007974e+05
59	60	63	1.470921e+06
59	60	64	1.695241e+06
59	60	65	5.612826e+05
59	60	66	5.054299e+04
59	60	67	1.413404e+05
59	60	68	1.021558e+06
59	60	69	2.172211e+05
59	60	70	7.402670e+04
59	61	56	7.415303e+04
59	61	57	1.273158e+06
59	61	58	9.748504e+05
59	61	59	5.755260e+03
59	61	60	7.786751e+04
59	61	61	2.253674e+06
59	61	62	1.903866e+06
59	61	63	3.215211e+05
59	61	64	3.179273e+04
59	61	65	-3.981219e+04
59	61	66	3.798506e+05
59	61	67	9.295146e+04
59	61	68	2.194381e+05
59	61	69	1.767205e+06
59	61	70	2.028073e+06
59	61	71	4.141888e+03
59	62	56	5.362245e+03
59	62	57	1.349482e+05
59	62	58	2.604446e+05
59	62	59	-1.406762e+03
59	62	60	6.509575e+04
59	62	61	4.287327e+05
59	62	62	8.498358e+05
59	62	63	8.698200e+04
59	62	64	1.134992e+05
59	62	65	-1.449729e+05
59	62	66	1.381305e+06
59	62	67	2.146634e+05
59	62	68	8.107563e+04
59	62	69	1.222120e+06
59	62	70	1.410971e+06
59	62	71	1.666054e+05
59	63	57	1.310708e+02
59	63	58	3.462844e+04
59	63	59	-6.034579e+03
59	63	60	8.183005e+05
59	63	61	1.544694e+06
59	63	62	3.011691e+05
59	63	63	1.183548e+05
59	63	64	3.840508e+04
59	63	65	3.815800e+03
59	63	66	1.050423e+06
59	63	67	4.111703e+05
59	63	68	1.016196e+04
59	63	69	1.499909e+04
59	63	70	5.645069e+04
59	63	71	8.667468e+04
59	64	57	3.796807e+04
59	64	58	1.250956e+05
59	64	59	5.633018e+05
59	64	60	1.107926e+06
59	64	61	8.412791e+05
59	64	62	8.869821e+04
59	64	63	1.027679e+05
59	64	64	2.209342e+05
59	64	65	2.235867e+05
59	64	66	1.367527e+06
59	64	67	2.687119e+06
59	64	68	2.747079e+05
59	64	69	2.351151e+05
59	64	70	4.059128e+05
59	65	57	6.756896e+04
59	65	58	3.313323e+05
59	65	59	5.531674e+05
59	65	60	7.627355e+03
59	65	61	1.173189e+05
59	65	62	-1.720940e+05
59	65	63	-4.826673e+04
59	65	64	3.554802e+05
59	65	65	3.263186e+05
59	65	66	1.077020e+05
59	65	67	7.941733e+04
59	65	68	2.240607e+05
59	65	69	1.095854e+05
59	65	70	1.575125e+05
59	66	55	9.284727e+03
59	66	56	-1.452030e+04
59	66	57	1.167738e+05
59	66	58	1.651365e+05
59	66	59	3.646388e+04
59	66	60	4.735783e+03
59	66	61	3.555662e+04
59	66	62	4.689917e+04
59	66	63	1.072335e+06
59	66	64	2.780271e+05
59	66	65	1.076806e+05
59	66	66	-5.472538e+04
59	66	67	2.803013e+04
59	66	68	5.511605e+05
59	66	69	6.222841e+04
59	66	70	2.623504e+02
59	67	55	-4.103104e+03
59	67	56	8.869479e+03
59	67	57	-1.276655e+04
59	67	58	1.227021e+04
59	67	59	8.870280e+03
59	67	60	9.662155e+04
59	67	61	9.184019e+04
59	67	62	7.539705e+05
59	67	63	2.280136e+06
59	67	64	4.735708e+05
59	67	65	4.454389e+05
59	67	66	1.034993e+06
59	67	67	7.657029e+05
59	67	68	1.083844e+06
59	67	69	1.325209e+05
59	67	70	1.833259e+03
59	68	55	1.213343e+05
59	68	56	-1.636723e+05
59	68	57	1.304653e+06
59	68	58	8.486713e+04
59	68	59	1.537026e+05
59	68	60	1.048515e+06
59	68	61	6.574399e+05
59	68	62	3.377938e+06
59	68	63	2.093935e+06
59	68	64	1.595982e+06
59	68	65	3.028838e+05
59	68	66	1.250905e+03
59	68	67	2.779515e+05
59	68	68	7.804636e+05
59	68	69	2.246058e+05
59	68	70	3.815742e+03
59	69	55	4.071142e+04
59	69	56	5.787323e+05
59	69	57	7.766228e+05
59	69	58	9.237288e+05
59	69	59	6.903834e+05
59	69	60	6.210349e+05
59	69	61	7.141531e+05
59	69	62	4.380739e+06
59	69	63	3.499659e+06
59	69	64	8.891371e+05
59	69	65	5.542078e+05
59	69	66	1.995963e+05
59	69	67	2.690355e+05
59	69	68	3.328834e+05
59	69	69	6.756507e+05
59	69	70	3.128421e+05
59	70	55	4.703294e+04
59	70	56	3.775739e+05
59	70	57	5.478117e+05
59	70	58	4.162731e+05
59	70	59	3.510902e+05
59	70	60	2.465843e+05
59	70	61	4.421768e+05
59	70	62	1.897293e+06
59	70	63	1.262642e+06
59	70	64	3.318828e+04
59	70	65	5.657121e+05
59	70	66	2.427933e+05
59	70	68	2.947168e+04
59	70	69	4.935246e+05
59	70	70	2.933117e+05
59	71	55	5.926234e+03
59	71	56	4.665870e+03
59	71	57	1.055015e+05
59	71	58	5.404764e+03
59	71	70	-1.306940e+03
59	71	71	7.204885e+02
59	71	72	-1.660869e+04
59	72	70	-1.678218e+04
59	72	71	9.251663e+03
59	72	72	-2.132692e+05
59	73	70	-5.124000e+03
59	73	71	2.824754e+03
59	73	72	-6.511618e+04
60	54	53	2.700697e+03
60	54	54	-2.295545e+03
60	54	55	3.244939e+04
60	55	53	1.627055e+04
60	55	54	-1.382969e+04
60	55	55	1.954938e+05
60	55	56	1.568296e+01
60	55	57	2.575914e+02
60	55	58	6.438547e+02
60	56	53	2.722852e+03
60	56	54	-2.314377e+03
60	56	55	3.503854e+04
60	56	56	1.573650e+05
60	56	57	2.733980e+05
60	56	58	5.464150e+04
60	56	59	4.406260e+01
60	56	60	2.093149e+03
60	56	61	2.550913e+04
60	56	62	6.474717e+04
60	56	63	3.727643e+03
60	56	64	4.519291e+04
60	56	65	1.330035e+04
60	56	68	2.172763e+00
60	56	69	6.808841e+03
60	56	70	8.153827e+04
60	56	71	2.912232e+04
60	57	55	6.192012e+04
60	57	56	1.051427e+06
60	57	57	3.031691e+06
60	57	58	3.617386e+05
60	57	59	4.296990e+04
60	57	60	5.679283e+04
60	57	61	8.421973e+05
60	57	62	2.894538e+05
60	57	63	2.177870e+03
60	57	64	2.564539e+05
60	57	65	5.447045e+04
60	57	68	1.160136e+04
60	57	69	7.493642e+04
60	57	70	2.251530e+05
60	57	71	-3.574780e+04
60	58	55	9.416763e+04
60	58	56	1.581552e+05
60	58	57	1.691149e+06
60	58	58	9.822907e+04
60	58	59	5.047870e+04
60	58	60	6.885442e+05
60	58	61	1.488846e+06
60	58	62	3.778049e+06
60	58	63	4.610720e+05
60	58	64	4.130604e+06
60	58	65	1.437174e+06
60	58	66	5.550017e+03
60	58	67	5.414138e+03
60	58	68	1.812123e+05
60	58	69	1.793525e+05
60	58	70	1.565042e+06
60	58	71	3.195564e+05
60	59	55	2.948399e+04
60	59	56	4.433822e+05
60	59	57	1.488215e+05
60	59	58	1.096801e+03
60	59	59	6.524311e+04
60	59	60	1.631110e+06
60	59	61	3.952364e+06
60	59	62	2.488197e+06
60	59	63	1.029733e+06
60	59	64	4.347246e+06
60	59	65	2.008936e+06
60	59	66	8.627866e+04
60	59	67	2.565599e+05
60	59	68	3.560038e+06
60	59	69	1.220248e+06
60	59	70	1.863802e+05
60	60	55	1.059733e+04
60	60	56	1.669050e+05
60	60	57	1.002494e+05
60	60	58	8.607625e+04
60	60	59	2.281593e+05
60	60	60	1.489226e+06
60	60	61	3.233604e+06
60	60	62	1.773835e+06
60	60	63	7.966596e+05
60	60	64	4.453024e+04
60	60	65	1.117165e+05
60	60	66	1.066136e+05
60	60	67	1.223875e+05
60	60	68	4.377368e+06
60	60	69	1.585048e+06
60	60	70	5.658390e+04
60	61	56	8.306686e+04
60	61	57	1.047146e+06
60	61	58	1.418648e+06
60	61	59	4.749350e+05
60	61	60	6.536950e+05
60	61	61	3.205420e+06
60	61	62	1.654452e+06
60	61	63	5.287264e+02
60	61	64	9.524825e+03
60	61	65	-8.928707e+03
60	61	66	1.611946e+05
60	61	67	6.503499e+04
60	61	68	4.655634e+05
60	61	69	3.999139e+05
60	61	70	3.175388e+05
60	62	56	1.455523e+05
60	62	57	1.222555e+06
60	62	58	7.765489e+05
60	62	59	-8.846243e+03
60	62	60	2.579934e+05
60	62	61	-1.794228e+05
60	62	62	5.464295e+05
60	62	63	2.198953e+05
60	62	64	6.471219e+02
60	62	65	4.054881e+03
60	62	66	8.907236e+04
60	62	67	1.035468e+05
60	62	68	-1.767480e+04
60	62	69	6.062752e+04
60	62	70	1.686986e+05
60	63	57	7.551385e+01
60	63	58	1.175025e+05
60	63	59	2.153146e+05
60	63	60	3.509761e+06
60	63	61	6.840583e+06
60	63	62	2.167843e+06
60	63	63	4.215190e+05
60	63	64	1.375794e+05
60	63	65	-1.173981e+05
60	63	66	2.139864e+06
60	63	67	1.002865e+05
60	63	68	-4.142842e+03
60	63	69	1.845498e+04
60	63	70	2.722737e+04
60	64	57	2.146345e+04
60	64	58	2.252815e+05
60	64	59	4.888124e+05
60	64	60	6.108695e+06
60	64	61	4.910172e+06
60	64	62	1.499657e+06
60	64	63	1.354314e+06
60	64	64	2.716337e+05
60	64	65	1.891917e+05
60	64	66	2.330727e+05
60	64	67	1.662856e+06
60	64	68	2.207917e+06
60	64	69	6.510688e+05
60	64	70	5.367042e+05
60	65	57	1.697664e+04
60	65	58	2.945541e+04
60	65	59	2.872664e+05
60	65	60	1.560638e+05
60	65	61	1.013836e+06
60	65	62	1.471080e+06
60	65	63	1.049820e+06
60	65	64	3.461069e+05
60	65	65	5.387451e+05
60	65	66	2.516691e+05
60	65	67	3.943406e+05
60	65	68	2.881820e+06
60	65	69	7.546022e+05
60	65	70	2.082654e+05
60	66	55	6.314712e+03
60	66	56	-9.568834e+03
60	66	57	6.612915e+04
60	66	58	4.329084e+03
60	66	59	7.068663e+04
60	66	60	-2.032153e+04
60	66	61	-4.610420e+04
60	66	62	7.123993e+05
60	66	63	3.102320e+06
60	66	64	2.120518e+06
60	66	65	2.113713e+06
60	66	66	7.885305e+05
60	66	67	7.089409e+05
60	66	68	5.016377e+06
60	66	69	9.761929e+05
60	66	70	6.382032e+04
60	67	55	-2.790595e+03
60	67	56	1.943898e+04
60	67	57	1.851726e+04
60	67	58	2.535799e+05
60	67	59	5.760053e+05
60	67	60	1.284478e+06
60	67	61	7.829793e+05
60	67	62	1.406668e+05
60	67	63	2.049980e+06
60	67	64	1.112926e+06
60	67	65	8.153966e+05
60	67	66	1.018165e+06
60	67	67	2.122991e+06
60	67	68	7.410912e+06
60	67	69	2.276921e+06
60	67	70	4.459653e+05
60	68	55	8.791957e+04
60	68	56	1.079598e+05
60	68	57	8.902348e+05
60	68	58	2.051158e+06
60	68	59	3.267520e+06
60	68	60	3.509201e+06
60	68	61	1.224009e+06
60	68	62	8.150449e+04
60	68	63	3.457206e+05
60	68	64	4.893566e+05
60	68	65	3.106220e+05
60	68	66	2.042710e+04
60	68	67	2.720370e+05
60	68	68	1.672275e+06
60	68	69	1.202101e+06
60	68	70	8.684561e+04
60	69	55	1.499942e+04
60	69	56	-4.130532e+04
60	69	57	1.143879e+06
60	69	58	1.467611e+06
60	69	59	6.855211e+05
60	69	60	7.309994e+05
60	69	61	7.222406e+05
60	69	62	7.004794e+05
60	69	63	6.229574e+05
60	69	64	2.124581e+05
60	69	65	9.243078e+05
60	69	66	2.697699e+05
60	69	67	4.736502e+03
60	69	68	9.286012e+04
60	69	69	4.377360e+05
60	69	70	3.000111e+05
60	70	55	2.855591e+05
60	70	56	1.766750e+06
60	70	57	3.467426e+06
60	70	58	2.437753e+05
60	70	60	1.301144e+04
60	70	61	9.947688e+04
60	70	62	4.817040e+05
60	70	63	3.583802e+05
60	70	64	4.238882e+04
60	70	65	9.072016e+05
60	70	66	2.873481e+05
60	70	68	1.259100e+04
60	70	69	5.202705e+05
60	70	70	3.670371e+05
60	71	55	6.527281e+04
60	71	56	2.812961e+05
60	71	57	1.354223e+06
60	71	58	7.110941e+04
60	71	63	2.454139e+03
60	71	64	-3.929974e+03
60	71	65	2.485844e+04
60	71	70	9.192103e+03
60	71	71	-5.067414e+03
60	71	72	1.168140e+05
60	72	70	1.180341e+05
60	72	71	-6.506975e+04
60	72	72	1.499987e+06
60	73	70	3.603864e+04
60	73	71	-1.986735e+04
60	73	72	4.579818e+05
61	54	53	6.536244e+02
61	54	54	-1.294713e+03
61	54	55	5.920107e+03
61	55	53	2.021632e+04
61	55	54	-4.004492e+04
61	55	55	1.831064e+05
61	55	56	4.203447e+02
61	55	57	6.904128e+03
61	55	58	1.725700e+04
61	56	53	9.562479e+03
61	56	54	-1.894156e+04
61	56	55	8.661076e+04
61	56	56	1.541790e+04
61	56	57	2.532377e+05
61	56	58	6.329726e+05
61	56	59	2.443243e+01
61	56	60	7.521373e+02
61	56	61	5.027031e+03
61	56	62	1.905194e+04
61	56	67	3.768942e+00
61	56	68	-3.633299e+00
61	56	69	-9.537226e+01
61	56	70	-6.438345e+03
61	56	71	-3.302921e+03
61	57	56	7.769080e+03
61	57	57	1.276212e+05
61	57	58	3.191585e+05
61	57	59	2.220396e+04
61	57	60	6.140132e+03
61	57	61	3.301923e+05
61	57	62	1.104788e+05
61	57	63	1.586857e+04
61	57	64	8.794667e+04
61	57	65	6.983241e+04
61	57	67	9.697686e+01
61	57	68	-9.348669e+01
61	57	69	5.413199e+03
61	57	70	4.127583e+04
61	57	71	1.215448e+04
61	58	56	3.602363e+03
61	58	57	-2.122698e+03
61	58	58	7.085012e+04
61	58	59	3.658311e+04
61	58	60	2.015089e+05
61	58	61	7.103362e+05
61	58	62	2.216732e+06
61	58	63	5.001736e+05
61	58	64	1.573241e+04
61	58	65	-8.798877e+04
61	58	66	5.489116e+03
61	58	67	4.868170e+03
61	58	68	9.392836e+04
61	58	69	5.311366e+04
61	58	70	1.350647e+05
61	58	71	2.644587e+04
61	59	56	5.060073e+03
61	59	57	-3.089171e+03
61	59	58	8.455339e+04
61	59	59	1.662726e+04
61	59	60	2.443752e+05
61	59	61	2.900542e+05
61	59	62	3.168800e+06
61	59	63	1.382953e+06
61	59	64	1.175551e+06
61	59	65	4.944711e+05
61	59	66	6.678997e+04
61	59	67	2.621004e+05
61	59	68	2.176943e+06
61	59	69	8.265796e+05
61	59	70	2.082629e+05
61	59	71	4.080825e+04
61	60	56	4.529313e+04
61	60	57	1.072969e+04
61	60	58	5.728351e+05
61	60	59	1.148494e+05
61	60	60	1.409960e+05
61	60	61	3.996080e+05
61	60	62	1.122487e+06
61	60	63	6.063794e+05
61	60	64	1.015354e+05
61	60	65	-1.278626e+05
61	60	66	5.955129e+04
61	60	67	7.193813e+04
61	60	68	2.535536e+06
61	60	69	8.112775e+05
61	60	70	5.097423e+04
61	61	56	1.513166e+05
61	61	57	5.988307e+05
61	61	58	1.366539e+06
61	61	59	3.095481e+05
61	61	60	2.731689e+05
61	61	61	3.544439e+05
61	61	62	1.816928e+05
61	61	65	4.381417e+01
61	61	66	2.588773e+04
61	61	67	1.983037e+06
61	61	68	4.585530e+06
61	61	69	9.513146e+05
61	61	70	6.046025e+05
61	62	56	1.278313e+05
61	62	57	9.776836e+05
61	62	58	2.673479e+05
61	62	59	1.597316e+04
61	62	60	9.610031e+04
61	62	61	2.259014e+04
61	62	62	2.049944e+05
61	62	63	1.164807e+04
61	62	65	1.619423e+04
61	62	66	3.242398e+04
61	62	67	7.428500e+05
61	62	68	2.098456e+06
61	62	69	4.985187e+05
61	62	70	3.292193e+05
61	63	58	4.064337e+04
61	63	59	9.153690e+04
61	63	60	1.262599e+06
61	63	61	1.317384e+06
61	63	62	1.785328e+06
61	63	63	1.320557e+05
61	63	65	-3.169133e+04
61	63	66	6.897416e+04
61	63	67	-1.627309e+05
61	63	68	9.210713e+05
61	63	69	3.727209e+05
61	64	58	3.258502e+04
61	64	59	4.655582e+04
61	64	60	1.921871e+06
61	64	61	1.964477e+06
61	64	62	4.076552e+06
61	64	63	4.335256e+05
61	64	64	1.131610e+05
61	64	65	1.965836e+05
61	64	66	3.439700e+05
61	64	67	5.215821e+06
61	64	68	1.445876e+07
61	64	69	3.525415e+06
61	65	57	2.502598e+03
61	65	58	1.146787e+05
61	65	59	6.354573e+04
61	65	60	4.783639e+04
61	65	61	4.803623e+04
61	65	62	8.667795e+04
61	65	63	1.963439e+05
61	65	64	-5.886154e+04
61	65	65	1.344510e+05
61	65	66	3.345515e+05
61	65	67	1.854269e+06
61	65	68	6.306324e+06
61	65	69	1.909392e+06
61	66	56	5.220041e+03
61	66	57	1.638424e+04
61	66	58	-3.869994e+04
61	66	59	-4.170759e+04
61	66	60	3.185078e+04
61	66	61	-4.496217e+04
61	66	62	2.278305e+05
61	66	63	1.305406e+06
61	66	64	1.960065e+06
61	66	65	1.807015e+06
61	66	66	1.449906e+06
61	66	67	8.185595e+05
61	66	68	3.355869e+06
61	66	69	9.901973e+05
61	66	70	8.212481e+04
61	67	56	4.728614e+04
61	67	57	2.069097e+05
61	67	58	2.588677e+06
61	67	59	1.080177e+06
61	67	60	1.037842e+06
61	67	61	3.624420e+05
61	67	62	1.598050e+04
61	67	63	4.607232e+05
61	67	64	3.619763e+05
61	67	65	3.045007e+05
61	67	66	1.332299e+06
61	67	67	2.517494e+06
61	67	68	5.852359e+06
61	67	69	2.970360e+06
61	67	70	5.738739e+05
61	68	55	2.607845e+03
61	68	56	1.977290e+05
61	68	57	1.573858e+05
61	68	58	2.560177e+06
61	68	59	2.234111e+06
61	68	60	3.059288e+06
61	68	61	2.549730e+05
61	68	62	2.297868e+04
61	68	63	5.129054e+04
61	68	67	5.419225e+04
61	68	68	8.057222e+05
61	68	69	9.319505e+05
61	68	70	1.119016e+05
61	69	55	2.167600e+04
61	69	56	-5.850588e+04
61	69	57	1.506941e+06
61	69	58	2.518079e+06
61	69	59	5.060385e+05
61	69	60	2.570109e+05
61	69	61	8.756929e+04
61	69	62	1.089494e+05
61	69	63	2.029977e+05
61	69	64	1.706527e+03
61	69	65	-1.079437e+04
61	69	66	2.982871e+00
61	69	67	6.158153e+02
61	69	68	1.328017e+04
61	69	69	6.111635e+05
61	69	70	4.698658e+05
61	69	71	1.065081e+04
61	69	72	2.986405e+01
61	70	55	2.446470e+05
61	70	56	2.039650e+06
61	70	57	6.067482e+06
61	70	58	1.257439e+06
61	70	59	3.259400e+04
61	70	63	-7.654908e+03
61	70	64	1.225831e+04
61	70	65	-7.753802e+04
61	70	66	8.744347e+01
61	70	67	1.805275e+04
61	70	68	3.110422e+04
61	70	69	7.808233e+05
61	70	70	5.640961e+05
61	70	71	9.435490e+04
61	70	72	2.314563e+03
61	71	55	5.506475e+04
61	71	56	2.933969e+05
61	71	57	1.553829e+06
61	71	58	1.539983e+05
61	71	59	1.950762e+03
61	71	63	-1.511914e+03
61	71	64	2.421127e+03
61	71	65	-1.531446e+04
61	71	66	4.049730e+01
61	71	67	8.360690e+03
61	71	68	6.299797e+03
61	71	69	2.162677e+04
61	71	70	-1.016731e+04
61	71	71	2.901004e+05
61	71	72	3.595416e+03
62	54	53	-1.252125e+03
62	54	54	2.480237e+03
62	54	55	-1.134094e+04
62	55	53	-3.872769e+04
62	55	54	7.671264e+04
62	55	55	-3.507704e+05
62	55	56	1.876610e+02
62	55	57	3.082318e+03
62	55	58	7.704312e+03
62	56	53	-1.831851e+04
62	56	54	3.628569e+04
62	56	55	-1.659172e+05
62	56	56	6.883252e+03
62	56	57	1.130569e+05
62	56	58	2.825881e+05
62	56	59	2.474504e+00
62	56	60	5.575076e-01
62	56	67	2.093616e+03
62	56	68	-1.979567e+03
62	56	69	3.642007e+04
62	56	70	1.615299e+05
62	56	71	7.692469e+04
62	57	56	3.468513e+03
62	57	57	5.705937e+04
62	57	58	1.548615e+05
62	57	59	9.447953e+04
62	57	60	2.166849e+04
62	57	61	6.969063e+03
62	57	62	1.018526e+05
62	57	63	4.175406e+04
62	57	64	3.588741e+03
62	57	67	5.386985e+04
62	57	68	-5.193326e+04
62	57	69	6.457329e+05
62	57	70	-6.908671e+04
62	57	71	-9.020250e+04
62	58	56	1.357490e+04
62	58	57	-3.824966e+03
62	58	58	3.371914e+05
62	58	59	1.481567e+05
62	58	60	6.026280e+04
62	58	61	-3.775599e+04
62	58	62	2.937757e+05
62	58	63	6.176971e+05
62	58	64	4.890832e+04
62	58	65	7.469685e+04
62	58	66	1.717391e+04
62	58	67	-4.897981e+03
62	58	68	1.249365e+05
62	58	69	5.686669e+05
62	58	70	3.240720e+06
62	58	71	1.256031e+06
62	59	56	1.367541e+04
62	59	57	-5.587407e+03
62	59	58	3.157726e+05
62	59	59	5.723838e+04
62	59	60	1.691939e+05
62	59	61	1.821256e+05
62	59	62	1.814776e+06
62	59	63	1.489032e+06
62	59	64	1.672702e+05
62	59	65	2.055598e+06
62	59	66	2.299715e+05
62	59	67	-2.070118e+05
62	59	68	1.408264e+06
62	59	69	1.131297e+05
62	59	70	6.726286e+05
62	59	71	2.581597e+05
62	60	57	-2.474750e+01
62	60	58	8.102888e+03
62	60	59	-5.738189e+02
62	60	60	1.241637e+05
62	60	61	-2.022175e+04
62	60	62	3.204666e+05
62	60	63	2.395633e+05
62	60	64	5.444602e+05
62	60	65	1.578599e+06
62	60	66	8.945669e+04
62	60	67	2.624795e+05
62	60	68	3.708152e+05
62	60	69	5.850562e+04
62	60	70	-3.252899e+01
62	61	57	-4.810805e+03
62	61	58	-6.481129e+04
62	61	59	7.527900e+04
62	61	60	1.048977e+04
62	61	61	4.937701e+05
62	61	62	1.383054e+05
62	61	63	2.290280e+04
62	61	64	6.885027e+01
62	61	65	4.610844e+04
62	61	66	2.404559e+05
62	61	67	9.930649e+05
62	61	68	3.463867e+06
62	61	69	1.825394e+05
62	61	70	-2.030935e+04
62	62	57	-3.470495e+03
62	62	58	-5.334100e+04
62	62	59	6.684492e+04
62	62	60	7.027808e+04
62	62	61	6.674168e+04
62	62	62	2.067114e+05
62	62	63	1.015017e+05
62	62	64	2.414380e+01
62	62	65	2.368786e+04
62	62	66	2.286837e+05
62	62	67	3.283452e+06
62	62	68	2.200082e+06
62	62	69	7.991833e+04
62	62	70	-1.727805e+04
62	63	57	5.082093e+03
62	63	58	9.544441e+03
62	63	59	8.835660e+04
62	63	60	2.168570e+05
62	63	61	2.093356e+06
62	63	62	3.634294e+06
62	63	63	3.742679e+05
62	63	65	-1.658328e+04
62	63	66	1.033362e+05
62	63	67	2.871485e+05
62	63	68	1.871742e+06
62	63	69	5.962136e+05
62	64	57	7.430006e+03
62	64	58	9.311058e+03
62	64	59	1.181532e+05
62	64	60	4.707060e+05
62	64	61	2.042793e+06
62	64	62	3.096713e+06
62	64	63	2.763038e+05
62	64	64	4.551397e+04
62	64	65	7.745010e+04
62	64	66	3.241449e+05
62	64	67	1.277094e+06
62	64	68	8.475596e+06
62	64	69	2.501949e+06
62	65	57	2.700147e+03
62	65	58	1.458208e+05
62	65	59	8.272283e+04
62	65	60	3.346352e+04
62	65	61	5.032990e+04
62	65	62	2.906804e+05
62	65	63	2.156176e+05
62	65	64	5.316973e+03
62	65	65	1.594559e+04
62	65	66	3.797303e+05
62	65	67	1.425233e+06
62	65	68	6.643047e+06
62	65	69	2.429639e+06
62	66	56	1.877816e+03
62	66	57	9.999946e+03
62	66	58	-2.050217e+05
62	66	59	-6.438025e+04
62	66	61	2.451322e+02
62	66	62	3.199135e+05
62	66	63	1.406466e+06
62	66	64	1.379611e+06
62	66	65	1.645884e+05
62	66	66	1.368794e+06
62	66	67	1.332221e+06
62	66	68	2.474279e+06
62	66	69	6.745565e+05
62	67	56	1.518114e+04
62	67	57	3.057205e+05
62	67	58	1.883669e+06
62	67	59	2.357826e+06
62	67	61	5.821190e+01
62	67	62	-4.344975e+03
62	67	63	2.726495e+04
62	67	64	2.775862e+05
62	67	65	8.611742e+04
62	67	66	5.415891e+05
62	67	67	6.884198e+05
62	67	68	1.762397e+06
62	67	69	1.289760e+06
62	68	55	8.569204e+01
62	68	56	8.580247e+03
62	68	57	3.241696e+04
62	68	58	4.167309e+04
62	68	59	6.531841e+05
62	68	61	-1.737359e+03
62	68	62	-3.277344e+04
62	68	63	-7.624459e+04
62	68	65	8.939055e+03
62	68	66	-1.029811e+04
62	68	67	2.938192e+05
62	68	68	1.939431e+06
62	68	69	2.468551e+06
62	69	55	2.185736e+03
62	69	56	1.421639e+05
62	69	57	1.354375e+06
62	69	58	3.357322e+06
62	69	59	1.049181e+06
62	69	61	-5.456481e+03
62	69	62	-1.530114e+05
62	69	63	-2.731742e+05
62	69	64	-3.479146e+04
62	69	65	2.200679e+05
62	69	66	3.062045e+01
62	69	67	6.328222e+03
62	69	68	5.022602e+03
62	69	69	6.526462e+03
62	69	70	-1.179649e+02
62	69	71	9.212799e+04
62	69	72	9.880803e+02
62	70	55	9.554784e+02
62	70	56	6.127808e+04
62	70	57	3.298353e+05
62	70	58	1.274576e+06
62	70	59	4.866728e+05
62	70	63	1.560628e+05
62	70	64	-2.499136e+05
62	70	65	1.580789e+06
62	70	66	8.976448e+02
62	70	67	1.857569e+05
62	70	68	1.567957e+05
62	70	69	6.700466e+04
62	70	70	-7.291647e+03
62	70	71	1.058368e+06
62	70	72	7.657951e+04
62	71	57	7.390437e+03
62	71	58	1.570413e+05
62	71	59	6.320185e+04
62	71	63	3.082382e+04
62	71	64	-4.936020e+04
62	71	65	3.122203e+05
62	71	66	4.157222e+02
62	71	67	8.582607e+04
62	71	68	6.467012e+04
62	71	69	1.767146e+05
62	71	70	-1.542639e+04
62	71	71	2.836745e+06
62	71	72	1.189577e+05
63	54	53	6.045759e+03
63	54	54	-1.197557e+04
63	54	55	5.475858e+04
63	55	53	1.869927e+05
63	55	54	-3.703992e+05
63	55	55	1.693659e+06
63	56	53	8.844903e+04
63	56	54	-1.752017e+05
63	56	55	8.011142e+05
63	56	58	1.809502e+00
63	56	59	1.518076e+01
63	56	60	3.420235e+00
63	56	67	2.476276e+03
63	56	68	-2.416337e+03
63	56	69	2.473728e+04
63	56	70	3.513152e+03
63	56	71	1.430011e+03
63	57	56	7.005038e+02
63	57	57	3.017889e+03
63	57	58	1.184534e+05
63	57	59	5.921034e+05
63	57	60	1.313187e+05
63	57	61	8.685291e+03
63	57	62	1.323468e+05
63	57	63	1.638185e+05
63	57	64	5.108234e+04
63	57	65	6.040824e+03
63	57	66	6.987729e+03
63	57	67	6.375046e+04
63	57	68	-6.113066e+04
63	57	69	8.421305e+05
63	57	70	6.186678e+05
63	57	71	1.213450e+05
63	58	56	7.673159e+04
63	58	57	-4.037429e+04
63	58	58	1.589227e+06
63	58	59	7.732108e+05
63	58	60	2.394661e+05
63	58	61	-1.029949e+05
63	58	62	1.469975e+06
63	58	63	1.438319e+06
63	58	64	2.567339e+05
63	58	65	9.548478e+04
63	58	66	3.116979e+04
63	58	67	4.041314e+04
63	58	68	-1.310554e+03
63	58	69	9.278272e+05
63	58	70	2.974746e+06
63	58	71	7.088188e+05
63	59	56	9.103229e+04
63	59	57	6.040562e+03
63	59	58	2.112270e+06
63	59	59	4.355273e+05
63	59	60	9.451598e+05
63	59	61	1.333533e+06
63	59	62	3.484122e+06
63	59	63	1.999248e+06
63	59	64	7.727199e+05
63	59	65	9.044045e+05
63	59	66	1.317509e+05
63	59	67	5.845946e+04
63	59	68	2.415906e+05
63	59	69	1.898803e+06
63	59	70	1.824435e+06
63	59	71	3.461761e+05
63	60	56	1.555262e+03
63	60	57	1.243063e+04
63	60	58	1.532356e+05
63	60	59	8.370279e+04
63	60	60	1.011636e+06
63	60	61	8.604212e+05
63	60	62	1.732762e+06
63	60	63	2.374498e+05
63	60	64	6.547709e+04
63	60	65	3.841002e+05
63	60	66	2.552526e+04
63	60	67	1.435969e+05
63	60	68	1.454136e+05
63	60	69	2.858384e+05
63	60	70	4.864725e+02
63	61	57	5.152481e+04
63	61	58	1.002371e+06
63	61	59	7.510941e+05
63	61	60	-1.314738e+05
63	61	61	5.484312e+06
63	61	62	2.315664e+06
63	61	63	9.196885e+05
63	61	64	6.792441e+04
63	61	65	4.793122e+05
63	61	66	4.023214e+05
63	61	67	8.410918e+05
63	61	68	1.897257e+05
63	61	69	7.833060e+05
63	61	70	3.037271e+05
63	62	57	3.863807e+04
63	62	58	7.265025e+05
63	62	59	1.823933e+05
63	62	60	-6.600240e+04
63	62	61	1.082964e+05
63	62	62	3.248951e+05
63	62	63	9.953987e+05
63	62	64	7.078225e+03
63	62	65	1.724932e+05
63	62	66	2.670451e+05
63	62	67	1.053681e+06
63	62	68	3.831800e+05
63	62	69	6.381824e+05
63	62	70	2.583940e+05
63	63	57	3.230881e+03
63	63	58	1.984484e+05
63	63	59	3.488981e+05
63	63	60	3.697935e+05
63	63	61	9.290170e+05
63	63	62	6.308816e+05
63	63	63	5.706264e+04
63	63	64	1.071640e+02
63	63	65	8.538697e+02
63	63	66	4.219062e+04
63	63	67	-3.114581e+04
63	63	68	3.308055e+05
63	64	57	-6.894333e+03
63	64	58	7.752987e+04
63	64	59	1.200433e+05
63	64	60	2.402412e+06
63	64	61	1.984228e+06
63	64	62	4.667544e+05
63	64	63	6.778327e+04
63	64	65	3.509513e+03
63	64	66	2.689847e+04
63	64	67	7.075676e+04
63	64	68	1.265501e+05
63	64	69	1.072239e+04
63	65	58	2.064029e+01
63	65	59	1.304725e+04
63	65	60	2.660245e+05
63	65	61	1.516304e+05
63	65	62	1.856631e+05
63	65	63	2.071432e+05
63	65	65	7.912232e+04
63	65	66	1.300304e+06
63	65	67	1.213709e+06
63	65	68	4.920804e+06
63	65	69	1.275952e+05
63	66	58	1.854677e+02
63	66	59	-2.837292e+01
63	66	60	2.521668e+03
63	66	61	5.876156e+03
63	66	62	2.440107e+05
63	66	63	2.227525e+05
63	66	65	8.519769e+04
63	66	66	1.371081e+06
63	66	67	2.098139e+06
63	66	68	1.204778e+06
63	66	69	2.082919e+05
63	67	55	9.478569e+01
63	67	56	1.837364e+03
63	67	57	2.477195e+04
63	67	58	6.069496e+04
63	67	59	2.390180e+04
63	67	60	9.042977e+02
63	67	61	7.206715e+04
63	67	62	6.753210e+05
63	67	63	2.465591e+05
63	67	65	1.846923e+05
63	67	66	1.192679e+05
63	67	67	3.338562e+06
63	67	68	6.840713e+05
63	67	69	6.077047e+05
63	67	70	6.021377e+02
63	68	55	4.590021e+03
63	68	56	7.604927e+04
63	68	57	1.342806e+05
63	68	58	1.860282e+04
63	68	59	2.828116e+05
63	68	60	2.030909e+03
63	68	61	9.170389e+04
63	68	62	4.392390e+05
63	68	63	5.784750e+05
63	68	64	1.285570e+02
63	68	65	9.814899e+04
63	68	66	-7.640153e+04
63	68	67	1.309278e+06
63	68	68	2.972059e+05
63	68	69	1.687795e+05
63	68	70	6.111815e+03
63	69	55	1.312815e+04
63	69	56	7.146060e+05
63	69	57	8.314436e+05
63	69	58	8.175847e+05
63	69	59	3.003599e+05
63	69	60	3.749850e+02
63	69	61	4.871569e+04
63	69	62	1.165341e+06
63	69	63	2.172611e+06
63	69	64	1.107761e+04
63	69	65	2.867348e+04
63	69	66	9.495709e+01
63	69	67	2.002751e+04
63	69	68	2.432507e+04
63	69	69	5.971980e+03
63	69	70	1.763312e+03
63	69	71	2.189567e+04
63	69	72	4.795364e+02
63	70	55	4.762437e+03
63	70	56	3.023243e+05
63	70	57	2.416226e+05
63	70	58	3.666053e+05
63	70	59	1.348910e+05
63	70	62	4.499214e+00
63	70	63	1.298393e+04
63	70	64	7.030535e+03
63	70	65	1.564298e+04
63	70	66	2.783686e+03
63	70	67	5.842171e+05
63	70	68	8.063651e+05
63	70	69	2.051943e+05
63	70	70	1.342066e+04
63	70	71	3.360834e+05
63	70	72	3.716567e+04
63	71	57	3.558490e+03
63	71	58	7.561526e+04
63	71	59	3.043164e+04
63	71	66	1.289196e+03
63	71	67	2.661552e+05
63	71	68	2.005485e+05
63	71	69	3.897507e+04
63	71	70	1.999823e+04
63	71	71	7.887212e+05
63	71	72	5.773272e+04
64	56	58	3.083122e-01
64	56	59	2.586575e+00
64	56	60	5.827572e-01
64	56	68	4.737215e+02
64	56	69	8.840078e+04
64	56	70	6.562450e+04
64	57	56	3.828600e+03
64	57	57	2.475913e+04
64	57	58	1.515336e+05
64	57	59	1.184964e+05
64	57	60	2.660314e+04
64	57	61	3.195838e+03
64	57	62	3.078749e+04
64	57	63	4.674128e+04
64	57	64	2.003339e+04
64	57	65	1.007855e+05
64	57	66	1.888128e+05
64	57	67	7.869447e+03
64	57	68	-1.994996e+02
64	57	69	-5.051063e+04
64	57	70	-3.431453e+04
64	58	56	3.499328e+03
64	58	57	1.496138e+05
64	58	58	1.122813e+06
64	58	59	6.531547e+05
64	58	60	1.070253e+05
64	58	61	1.153064e+04
64	58	62	1.515607e+05
64	58	63	3.781620e+05
64	58	64	1.421311e+05
64	58	65	7.786548e+05
64	58	66	9.526221e+05
64	58	67	1.010370e+04
64	58	68	4.049185e+04
64	58	69	1.195016e+06
64	58	70	9.118727e+05
64	59	56	1.398939e+05
64	59	57	7.060852e+05
64	59	58	6.188253e+06
64	59	59	2.019510e+06
64	59	60	1.384967e+05
64	59	61	4.677848e+05
64	59	62	5.628318e+05
64	59	63	1.402756e+06
64	59	64	1.490936e+06
64	59	65	2.784100e+06
64	59	66	4.271356e+06
64	59	67	1.884923e+05
64	59	68	5.300390e+04
64	59	69	1.624753e+05
64	59	70	2.106745e+05
64	60	56	3.708223e+04
64	60	57	2.233645e+05
64	60	58	2.599154e+06
64	60	59	3.633081e+06
64	60	60	1.194640e+06
64	60	61	8.899547e+05
64	60	62	1.139200e+06
64	60	63	1.820616e+06
64	60	64	9.300418e+05
64	60	65	8.841417e+05
64	60	66	1.603684e+06
64	60	67	2.077301e+05
64	60	68	5.957948e+05
64	60	69	6.589339e+05
64	61	56	1.158415e+04
64	61	57	-1.066628e+04
64	61	58	7.330424e+05
64	61	59	2.369172e+06
64	61	60	1.480076e+06
64	61	61	1.412476e+06
64	61	62	1.693709e+06
64	61	63	3.819438e+06
64	61	64	6.850048e+05
64	61	65	6.886466e+05
64	61	66	2.494964e+06
64	61	67	2.844456e+06
64	61	68	6.116414e+05
64	62	56	3.227216e+03
64	62	57	5.989180e+03
64	62	58	2.782811e+05
64	62	59	1.127749e+06
64	62	60	6.181130e+05
64	62	61	1.434986e+04
64	62	62	2.500468e+05
64	62	63	4.609657e+05
64	62	64	1.137259e+05
64	62	65	1.477914e+05
64	62	66	1.990129e+06
64	62	67	3.658155e+06
64	62	68	7.261578e+05
64	63	56	1.285617e+03
64	63	57	1.120883e+05
64	63	58	6.843740e+05
64	63	59	2.108638e+06
64	63	60	8.158828e+04
64	63	64	2.752706e+04
64	63	65	-4.502996e+04
64	63	66	2.875310e+05
64	63	67	9.248704e+05
64	63	68	9.625898e+05
64	63	69	1.624905e+03
64	64	57	9.029405e+04
64	64	58	6.688978e+05
64	64	59	2.655682e+06
64	64	60	9.484961e+04
64	64	64	2.581126e+02
64	64	65	9.482499e+03
64	64	66	3.651908e+04
64	64	67	5.150055e+05
64	64	68	3.357579e+05
64	64	69	3.017189e+04
64	65	57	6.912270e+03
64	65	58	9.875896e+04
64	65	59	3.149047e+04
64	65	60	7.031281e+04
64	65	61	2.268372e+00
64	65	64	3.212936e+03
64	65	65	1.793094e+05
64	65	66	1.870843e+06
64	65	67	3.275578e+06
64	65	68	2.669883e+06
64	65	69	2.177824e+05
64	66	57	4.874692e+03
64	66	58	1.270736e+05
64	66	59	3.149664e+04
64	66	60	6.344184e+05
64	66	61	2.028635e+04
64	66	62	4.615750e+04
64	66	63	1.169990e+04
64	66	64	9.077637e+03
64	66	65	1.727105e+05
64	66	66	2.118517e+06
64	66	67	2.855610e+06
64	66	68	1.155955e+06
64	66	69	1.300954e+05
64	67	55	8.879396e+02
64	67	56	2.248228e+04
64	67	57	4.348378e+04
64	67	58	1.568140e+05
64	67	59	1.780639e+05
64	67	60	1.781452e+05
64	67	61	9.048714e+04
64	67	62	4.975707e+05
64	67	63	1.259474e+05
64	67	65	6.171734e+04
64	67	66	1.718839e+05
64	67	67	1.314690e+06
64	67	68	5.510243e+05
64	67	69	1.060120e+05
64	67	70	6.786802e+04
64	68	55	3.858179e+04
64	68	56	5.901015e+05
64	68	57	1.392527e+06
64	68	58	4.629506e+05
64	68	59	1.351648e+06
64	68	60	3.386201e+04
64	68	61	3.912204e+05
64	68	62	1.964248e+05
64	68	63	3.972136e+04
64	68	64	1.101104e+02
64	68	65	4.501654e+04
64	68	66	5.696965e+04
64	68	67	9.166793e+05
64	68	68	3.020683e+06
64	68	69	6.576142e+05
64	68	70	6.888736e+05
64	69	55	2.064720e+04
64	69	56	2.644590e+05
64	69	57	7.213587e+05
64	69	58	1.300173e+06
64	69	59	1.635352e+06
64	69	60	2.551373e+04
64	69	61	7.359366e+04
64	69	62	2.001066e+04
64	69	63	1.913002e+05
64	69	64	4.693945e+04
64	69	65	3.838614e+05
64	69	66	1.191928e+04
64	69	67	-1.164496e+04
64	69	68	2.413580e+05
64	69	69	9.386262e+04
64	69	70	1.795052e+05
64	70	57	1.403643e+04
64	70	58	4.933178e+05
64	70	59	2.482375e+05
64	70	60	1.633937e+03
64	70	62	2.206496e+02
64	70	63	1.056722e+05
64	70	64	3.507943e+04
64	70	65	2.094177e+05
64	70	67	2.129861e+04
64	70	68	8.349233e+05
64	70	69	4.305720e+05
65	56	56	4.188976e+01
65	56	57	1.042913e+03
65	56	58	2.221141e+03
65	57	56	1.040200e+04
65	57	57	3.479241e+04
65	57	58	6.766608e+05
65	57	59	2.866672e+05
65	57	60	4.910222e+04
65	57	61	9.180029e+02
65	57	62	4.920110e+02
65	57	63	7.122996e+03
65	57	64	1.133491e+04
65	57	65	6.959791e+04
65	57	66	1.363998e+05
65	57	67	1.021176e+04
65	58	56	7.329923e+03
65	58	57	1.098026e+04
65	58	58	1.874146e+05
65	58	59	7.450418e+05
65	58	60	5.588121e+05
65	58	61	2.418714e+04
65	58	62	8.298921e+04
65	58	63	5.140699e+04
65	58	64	1.045589e+05
65	58	65	9.788526e+05
65	58	66	7.542942e+05
65	58	67	2.051522e+04
65	58	68	4.657760e+04
65	58	69	5.429902e+04
65	59	56	2.122361e+05
65	59	57	1.347282e+06
65	59	58	1.299131e+07
65	59	59	6.171142e+06
65	59	60	1.378148e+06
65	59	61	1.264317e+06
65	59	62	3.184186e+06
65	59	63	2.290775e+06
65	59	64	4.430843e+05
65	59	65	2.812857e+06
65	59	66	3.423104e+06
65	59	67	2.969729e+05
65	59	68	8.535915e+00
65	59	69	-8.170801e+03
65	60	56	2.300748e+04
65	60	57	4.656464e+05
65	60	58	3.560640e+06
65	60	59	5.269023e+06
65	60	60	1.978684e+06
65	60	61	1.763151e+06
65	60	62	3.256756e+06
65	60	63	4.323098e+06
65	60	64	7.320485e+05
65	60	65	7.384446e+05
65	60	66	9.404233e+05
65	60	67	3.073424e+05
65	60	68	1.002062e+06
65	60	69	7.411140e+05
65	60	70	3.401857e-02
65	61	56	1.572979e+04
65	61	57	1.322475e+05
65	61	58	1.289912e+06
65	61	59	1.868602e+06
65	61	60	5.378447e+05
65	61	61	1.440756e+05
65	61	62	1.206482e+05
65	61	63	3.146637e+06
65	61	64	5.131515e+05
65	61	65	2.641537e+05
65	61	66	3.248290e+06
65	61	67	3.626173e+06
65	61	68	1.863159e+06
65	61	69	1.210944e+04
65	61	70	3.466095e+00
65	62	56	3.124003e+03
65	62	57	1.932546e+05
65	62	58	2.480856e+06
65	62	59	2.450111e+06
65	62	60	7.444493e+04
65	62	61	2.283351e+00
65	62	62	3.010255e+04
65	62	63	3.116734e+04
65	62	64	9.932392e+04
65	62	65	4.196970e+05
65	62	66	3.533885e+06
65	62	67	7.545762e+06
65	62	68	1.081644e+06
65	62	69	8.770620e+01
65	62	70	5.097830e+00
65	63	56	1.621013e+04
65	63	57	5.800102e+05
65	63	58	5.353092e+06
65	63	59	5.549397e+06
65	63	60	5.032965e+05
65	63	62	6.948003e+01
65	63	63	1.440654e+03
65	63	64	2.730831e+04
65	63	65	3.601748e+04
65	63	66	4.060667e+05
65	63	67	1.851481e+06
65	63	68	5.162879e+05
65	63	69	2.252570e+04
65	64	57	2.389161e+04
65	64	58	8.516762e+05
65	64	59	1.988075e+06
65	64	60	2.319647e+05
65	64	62	1.109974e+03
65	64	63	2.301509e+04
65	64	64	1.690710e+04
65	64	65	9.109863e+03
65	64	66	2.082887e+05
65	64	67	6.375787e+05
65	64	68	9.738978e+05
65	64	69	5.668918e+04
65	65	57	-1.062449e+04
65	65	58	-1.346292e+05
65	65	59	-5.737405e+04
65	65	60	1.162129e+05
65	65	61	3.583234e+02
65	65	62	1.703863e+04
65	65	63	1.824566e+04
65	65	64	4.378858e+03
65	65	65	9.083980e+03
65	65	66	1.788768e+05
65	65	67	1.973784e+05
65	65	68	1.613903e+06
65	65	69	2.890020e+05
65	66	57	-6.990661e+03
65	66	58	-2.370164e+04
65	66	59	-5.003599e+04
65	66	60	1.240817e+06
65	66	61	1.390951e+05
65	66	62	1.284246e+05
65	66	63	6.775549e+04
65	66	64	3.384429e+03
65	66	65	2.565139e+04
65	66	66	2.094138e+05
65	66	67	2.265827e+05
65	66	68	1.778755e+06
65	66	69	5.293447e+05
65	66	70	1.647405e+03
65	67	55	2.188792e+02
65	67	56	6.818433e+03
65	67	57	3.414300e+04
65	67	58	3.859377e+05
65	67	59	4.391058e+05
65	67	60	1.213664e+06
65	67	61	6.714203e+05
65	67	62	1.843199e+05
65	67	63	4.279324e+04
65	67	66	7.363568e+03
65	67	67	1.114524e+05
65	67	68	5.241302e+05
65	67	69	6.576076e+05
65	67	70	6.644153e+04
65	68	55	9.417926e+03
65	68	56	1.746751e+05
65	68	57	4.010088e+05
65	68	58	3.856774e+05
65	68	59	8.090334e+05
65	68	60	4.673877e+05
65	68	61	3.965747e+06
65	68	62	1.233221e+06
65	68	63	1.800547e+05
65	68	64	1.530514e+04
65	68	65	2.252557e+04
65	68	66	3.389992e+03
65	68	67	3.519867e+05
65	68	68	1.808575e+06
65	68	69	8.727896e+05
65	68	70	5.709514e+05
65	69	55	5.351295e+03
65	69	56	7.689933e+04
65	69	57	1.829303e+05
65	69	58	4.417640e+04
65	69	59	8.560931e+05
65	69	60	5.400639e+05
65	69	61	1.209333e+06
65	69	62	6.354683e+05
65	69	63	1.683685e+06
65	69	64	1.162901e+06
65	69	65	1.048871e+06
65	69	66	2.327886e+04
65	69	67	-1.006184e+04
65	69	68	6.806612e+05
65	69	69	4.377295e+05
65	69	70	2.397376e+05
65	70	55	2.960898e+03
65	70	56	-3.314264e+03
65	70	57	3.201339e+04
65	70	58	7.443561e+03
65	70	59	1.923856e+05
65	70	60	1.013993e+05
65	70	62	2.152581e+04
65	70	63	6.026283e+05
65	70	64	8.545678e+05
65	70	65	5.722175e+05
65	70	67	3.310607e+02
65	70	68	2.213159e+04
65	70	69	1.654299e+05
65	70	70	1.026149e+05
65	71	55	1.000003e+04
65	71	56	-1.310515e+04
65	71	57	1.068146e+05
65	72	55	9.125685e+01
65	72	56	1.118381e+01
65	72	57	1.295012e+03
66	56	56	1.314646e+03
66	56	57	3.273021e+04
66	56	58	6.970712e+04
66	56	65	9.635822e+02
66	56	66	7.103858e+03
66	56	67	8.344703e+03
66	56	68	2.430109e+03
66	56	69	3.560017e+00
66	56	70	2.159375e+01
66	56	71	3.638183e+00
66	57	56	-7.424816e+02
66	57	57	2.542569e+03
66	57	58	-1.863613e+04
66	57	59	2.546240e+04
66	57	60	1.492374e+04
66	57	61	5.231392e+04
66	57	62	2.771105e+04
66	57	63	1.335169e+04
66	57	64	3.035976e+04
66	57	65	3.853597e+03
66	57	66	-6.155780e+02
66	57	67	3.089400e+03
66	57	68	3.957077e+02
66	57	69	1.662278e+02
66	57	70	3.358277e+03
66	57	71	9.180247e+00
66	58	56	1.698833e+04
66	58	57	1.505316e+06
66	58	58	2.031273e+06
66	58	59	2.291185e+05
66	58	60	1.461798e+05
66	58	61	3.814835e+04
66	58	62	6.535446e+04
66	58	63	2.712068e+05
66	58	64	2.123295e+05
66	58	65	9.645533e+03
66	58	66	1.022358e+05
66	58	67	1.257447e+05
66	58	68	8.497454e+04
66	58	69	5.722556e+04
66	58	70	6.446466e+04
66	58	71	6.884894e+01
66	59	56	9.149504e+03
66	59	57	6.509768e+05
66	59	58	9.551755e+05
66	59	59	7.024972e+05
66	59	60	7.660095e+05
66	59	61	1.350853e+06
66	59	62	2.339307e+06
66	59	63	2.032705e+06
66	59	64	1.807514e+06
66	59	65	8.935070e+04
66	59	66	1.962922e+04
66	59	67	3.291530e+04
66	59	68	7.383111e+04
66	59	69	-1.477210e+04
66	59	70	1.505531e+05
66	60	56	1.574940e+03
66	60	57	8.701006e+03
66	60	58	1.287727e+06
66	60	59	9.334237e+05
66	60	60	1.383259e+06
66	60	61	9.566389e+05
66	60	62	1.945539e+06
66	60	63	2.014130e+06
66	60	64	1.437093e+06
66	60	65	3.904956e+04
66	60	66	2.144752e+05
66	60	67	6.006614e+05
66	60	68	3.367511e+06
66	60	69	1.084678e+06
66	60	70	1.043145e+04
66	61	56	2.536712e+05
66	61	57	1.124174e+05
66	61	58	6.839311e+06
66	61	59	8.296298e+06
66	61	60	1.545075e+06
66	61	61	1.265960e+05
66	61	62	1.263670e+03
66	61	63	4.280218e+05
66	61	64	4.391327e+04
66	61	65	7.327482e+04
66	61	66	1.580475e+06
66	61	67	3.144321e+06
66	61	68	5.659479e+06
66	61	69	7.628259e+05
66	61	70	1.961894e+05
66	62	56	4.409730e+04
66	62	57	2.699607e+05
66	62	58	4.345921e+06
66	62	59	4.765889e+06
66	62	60	5.047919e+05
66	62	61	2.854171e+04
66	62	63	6.191925e+02
66	62	64	1.735570e+04
66	62	65	1.097714e+04
66	62	66	5.212175e+05
66	62	67	1.812408e+06
66	62	68	1.090193e+06
66	62	69	4.016881e+05
66	62	70	2.852446e+05
66	63	56	4.892577e+03
66	63	57	2.561451e+05
66	63	58	2.687857e+06
66	63	59	3.898235e+06
66	63	60	6.719829e+05
66	63	61	1.641926e+04
66	63	62	2.026658e+03
66	63	63	4.807598e+04
66	63	64	1.588224e+05
66	63	65	3.585400e+05
66	63	66	9.021057e+05
66	63	67	4.156269e+05
66	63	68	4.671700e+05
66	63	69	7.418132e+05
66	64	57	1.624834e+04
66	64	58	1.540408e+05
66	64	59	6.211207e+05
66	64	60	1.644684e+05
66	64	61	-3.128245e+04
66	64	62	3.263608e+04
66	64	63	6.813285e+05
66	64	64	3.919692e+05
66	64	65	1.169325e+05
66	64	66	1.081510e+06
66	64	67	4.404681e+05
66	64	68	2.342317e+06
66	64	69	5.299314e+05
66	65	57	7.187852e+04
66	65	58	1.052747e+06
66	65	59	3.824364e+05
66	65	60	2.958038e+04
66	65	61	1.523162e+05
66	65	62	-1.226037e+04
66	65	63	2.322542e+05
66	65	64	1.602780e+05
66	65	65	4.640040e+05
66	65	66	1.072552e+05
66	65	67	4.519228e+04
66	65	68	2.744860e+05
66	65	69	6.491310e+04
66	66	57	5.772956e+04
66	66	58	8.591283e+05
66	66	59	4.017245e+05
66	66	60	9.388048e+05
66	66	61	4.926601e+05
66	66	62	-3.352700e+04
66	66	63	-3.275151e+04
66	66	64	1.410831e+05
66	66	65	1.055772e+06
66	66	66	2.350731e+05
66	66	67	1.475128e+05
66	66	68	-7.044623e+04
66	66	69	1.123018e+06
66	66	70	5.294671e+02
66	67	56	1.310009e+01
66	67	57	2.321339e+05
66	67	58	5.148693e+06
66	67	59	3.028832e+06
66	67	60	2.659191e+06
66	67	61	8.599610e+05
66	67	62	3.769613e+05
66	67	63	1.627302e+04
66	67	64	2.658673e+03
66	67	65	3.208673e+03
66	67	66	6.075595e+04
66	67	67	6.380285e+04
66	67	68	5.440363e+05
66	67	69	2.123329e+06
66	67	70	2.099434e+04
66	68	56	9.966609e+00
66	68	57	1.939101e+05
66	68	58	2.957365e+06
66	68	59	1.513187e+06
66	68	60	1.920639e+06
66	68	61	9.860996e+06
66	68	62	2.561254e+06
66	68	63	1.095078e+05
66	68	64	2.845755e+04
66	68	65	-7.102341e+03
66	68	66	4.908846e+05
66	68	67	2.399647e+05
66	68	68	5.235358e+06
66	68	69	1.211510e+06
66	68	70	1.229040e+05
66	69	55	1.417793e+02
66	69	56	2.939557e+04
66	69	57	8.050546e+04
66	69	58	4.164536e+05
66	69	59	1.470463e+06
66	69	60	3.264668e+06
66	69	61	2.977321e+06
66	69	62	1.164934e+06
66	69	63	7.151669e+05
66	69	64	7.497483e+05
66	69	66	3.411341e+05
66	69	67	-1.486981e+05
66	69	68	5.872948e+06
66	69	69	1.274451e+06
66	69	70	1.968623e+04
66	70	55	4.753024e+03
66	70	56	5.666507e+05
66	70	57	5.874033e+05
66	70	58	6.919007e+04
66	70	59	2.813067e+05
66	70	60	5.767209e+05
66	70	61	2.159504e+04
66	70	62	2.103237e+04
66	70	63	1.888086e+05
66	70	64	5.277190e+05
66	70	67	3.652057e+03
66	70	68	1.684285e+05
66	70	69	3.667076e+05
66	70	70	6.808361e+04
66	71	55	4.346663e+04
66	71	56	4.702718e+05
66	71	57	1.078457e+06
66	72	55	1.212662e+04
66	72	56	1.486154e+03
66	72	57	1.720870e+05
67	54	54	7.883414e+01
67	54	55	2.362102e+03
67	54	56	1.103488e+03
67	55	54	9.225967e+02
67	55	55	2.764370e+04
67	55	56	1.291413e+04
67	55	69	1.721686e+03
67	55	70	-2.929936e+03
67	55	71	1.696857e+04
67	56	54	2.683578e+03
67	56	55	8.040787e+04
67	56	56	3.818898e+04
67	56	57	1.556912e+04
67	56	58	3.315831e+04
67	56	59	2.745879e+02
67	56	60	2.732367e+03
67	56	61	1.533272e+03
67	56	62	1.947093e+02
67	56	63	3.528241e+03
67	56	64	7.534535e+03
67	56	65	2.872934e+03
67	56	66	8.111845e+03
67	56	67	2.927388e+04
67	56	68	1.549600e+03
67	56	69	1.754886e+04
67	56	70	1.610213e+04
67	56	71	1.206804e+05
67	57	56	9.107314e+01
67	57	57	-2.934201e+03
67	57	58	-3.792097e+03
67	57	59	2.807251e+03
67	57	60	3.584607e+04
67	57	61	4.344939e+04
67	57	62	1.949207e+04
67	57	63	2.545534e+05
67	57	64	3.254072e+05
67	57	65	4.926456e+04
67	57	66	7.695747e+04
67	57	67	1.017422e+05
67	57	68	7.804125e+03
67	57	69	1.810564e+04
67	57	70	1.078943e+05
67	57	71	3.667499e+04
67	58	56	7.749891e+03
67	58	57	3.999987e+05
67	58	58	6.723957e+05
67	58	59	3.191490e+04
67	58	60	1.247922e+04
67	58	61	8.036020e+04
67	58	62	1.229201e+05
67	58	63	2.210904e+06
67	58	64	1.407817e+06
67	58	65	2.162517e+05
67	58	66	5.884872e+05
67	58	67	8.550258e+05
67	58	68	9.538301e+04
67	58	69	1.313837e+05
67	58	70	1.086768e+06
67	58	71	1.144485e+05
67	59	56	4.177540e+04
67	59	57	2.649308e+05
67	59	58	1.173810e+06
67	59	59	1.847952e+05
67	59	60	2.884107e+05
67	59	61	6.216929e+05
67	59	62	1.469535e+06
67	59	63	6.352672e+06
67	59	64	6.168491e+06
67	59	65	6.373718e+05
67	59	66	3.510024e+05
67	59	67	2.849477e+05
67	59	68	2.091345e+05
67	59	69	1.362838e+05
67	59	70	9.966669e+05
67	60	56	1.802464e+04
67	60	57	2.456014e+04
67	60	58	9.763754e+05
67	60	59	7.503408e+05
67	60	60	1.250544e+05
67	60	61	4.134380e+05
67	60	62	2.187051e+06
67	60	63	2.687643e+06
67	60	64	1.263597e+06
67	60	65	5.186880e+04
67	60	66	2.664578e+05
67	60	67	1.152941e+05
67	60	68	3.030039e+06
67	60	69	1.507188e+06
67	60	70	6.294691e+05
67	61	56	1.704792e+04
67	61	57	5.983807e+04
67	61	58	1.413531e+06
67	61	59	1.934725e+06
67	61	60	1.258497e+06
67	61	61	2.556170e+06
67	61	62	3.465776e+05
67	61	63	2.766809e+04
67	61	64	2.976407e+04
67	61	65	3.920028e+04
67	61	66	1.545108e+05
67	61	67	5.045363e+05
67	61	68	2.605190e+06
67	61	69	1.234405e+06
67	61	70	5.957788e+05
67	62	56	4.514693e+03
67	62	57	2.044242e+05
67	62	58	2.313549e+06
67	62	59	1.224193e+06
67	62	60	2.983302e+05
67	62	61	6.029443e+05
67	62	63	4.508628e+03
67	62	64	1.869719e+05
67	62	65	8.755436e+05
67	62	66	2.511526e+05
67	62	67	1.491864e+05
67	62	68	2.782396e+05
67	62	69	4.391681e+05
67	62	70	3.441559e+05
67	63	56	1.982079e+03
67	63	57	4.022354e+04
67	63	58	3.507463e+05
67	63	59	1.002177e+05
67	63	60	-1.647055e+03
67	63	61	1.695131e+05
67	63	62	9.367201e+02
67	63	63	5.338359e+04
67	63	64	1.078055e+06
67	63	65	1.846615e+06
67	63	66	1.026258e+06
67	63	67	6.715803e+04
67	63	68	4.331703e+05
67	63	69	1.094155e+06
67	64	57	6.161074e+03
67	64	58	4.763141e+04
67	64	59	-1.489327e+04
67	64	60	2.019807e+02
67	64	61	-3.234380e+05
67	64	62	1.779570e+04
67	64	63	3.621392e+05
67	64	64	5.022089e+05
67	64	65	2.889091e+05
67	64	66	3.973283e+05
67	64	67	1.483830e+06
67	64	68	4.800381e+06
67	64	69	1.197832e+06
67	65	57	4.298705e+02
67	65	58	5.580033e+04
67	65	59	1.533676e+05
67	65	60	1.061009e+04
67	65	61	1.576861e+06
67	65	62	2.503851e+05
67	65	63	4.535094e+05
67	65	64	2.274261e+05
67	65	65	1.357886e+06
67	65	66	4.557046e+05
67	65	67	5.548867e+05
67	65	68	2.516007e+06
67	65	69	6.952081e+05
67	66	57	4.171972e+03
67	66	58	-9.043372e+03
67	66	59	-5.568270e+04
67	66	60	1.644681e+05
67	66	61	9.238117e+04
67	66	62	2.718365e+06
67	66	63	2.005769e+06
67	66	64	2.228975e+05
67	66	65	7.399392e+05
67	66	66	4.185118e+05
67	66	67	9.352604e+04
67	66	68	1.416719e+06
67	66	69	1.235718e+06
67	66	70	2.407068e+04
67	67	56	2.604625e+01
67	67	57	1.436907e+05
67	67	58	2.022128e+06
67	67	59	1.076135e+06
67	67	60	3.161086e+05
67	67	61	9.231831e+04
67	67	62	1.621296e+06
67	67	63	4.428136e+05
67	67	64	4.116688e+04
67	67	65	6.146984e+04
67	67	66	-6.468108e+04
67	67	67	2.668554e+05
67	67	68	1.036263e+06
67	67	69	8.319108e+05
67	67	70	3.256664e+05
67	68	56	1.981611e+01
67	68	57	2.293631e+05
67	68	58	1.426705e+06
67	68	59	2.050344e+06
67	68	60	6.692350e+05
67	68	61	4.722597e+06
67	68	62	3.252411e+06
67	68	63	1.456625e+05
67	68	64	8.113114e+04
67	68	65	6.600213e+04
67	68	66	2.404985e+06
67	68	67	9.988806e+05
67	68	68	3.130056e+06
67	68	69	1.918648e+06
67	68	70	1.744389e+06
67	68	71	1.154861e+03
67	69	55	4.765063e+03
67	69	56	2.533920e+04
67	69	57	2.118964e+05
67	69	58	1.436556e+05
67	69	59	3.037123e+05
67	69	60	1.539204e+06
67	69	61	4.868451e+06
67	69	62	2.600800e+06
67	69	63	9.883668e+04
67	69	66	7.905556e+04
67	69	67	9.708972e+04
67	69	68	2.381823e+06
67	69	69	3.469541e+06
67	69	70	1.839912e+06
67	69	71	2.132327e+03
67	70	55	4.802105e+04
67	70	56	5.146917e+05
67	70	57	1.040771e+06
67	70	58	5.729300e+04
67	70	59	6.591847e+04
67	70	60	3.021343e+05
67	70	61	6.842923e+05
67	70	62	2.060162e+05
67	70	67	8.050459e+03
67	70	68	4.847314e+05
67	70	69	3.262701e+06
67	70	70	2.011723e+06
67	70	71	4.466468e+04
67	71	55	1.981101e+05
67	71	56	2.115047e+05
67	71	57	2.690064e+06
67	71	60	3.853625e+01
67	71	61	8.214233e+01
67	71	62	7.010800e+02
67	71	68	3.268653e+03
67	71	69	-3.747449e+03
67	71	70	5.284136e+04
67	71	71	7.478011e+03
67	72	55	1.702052e+04
67	72	56	2.085917e+03
67	72	57	2.415357e+05
68	54	54	7.216771e+02
68	54	55	2.162356e+04
68	54	56	1.010174e+04
68	54	70	9.273822e+01
68	54	71	8.529850e+02
68	54	72	2.065882e+02
68	55	54	8.445794e+03
68	55	55	2.530607e+05
68	55	56	1.182208e+05
68	55	69	-2.797332e+02
68	55	70	1.658869e+03
68	55	71	8.122351e+03
68	55	72	2.634915e+03
68	56	54	2.456647e+04
68	56	55	7.360835e+05
68	56	56	3.438714e+05
68	56	58	1.640717e+01
68	56	59	8.745213e+03
68	56	60	3.456243e+04
68	56	61	4.712308e+04
68	56	62	7.846366e+03
68	56	63	1.001003e+05
68	56	64	1.800195e+05
68	56	65	3.645484e+04
68	56	66	1.356672e+05
68	56	67	2.009210e+05
68	56	68	3.838845e+04
68	56	69	3.471908e+03
68	56	70	3.904225e+04
68	56	71	1.724716e+04
68	56	72	7.360980e+03
68	57	55	3.262043e+00
68	57	56	1.806847e+02
68	57	57	8.407902e+03
68	57	58	1.288009e+04
68	57	59	6.225865e+04
68	57	60	3.940318e+05
68	57	61	2.249999e+05
68	57	62	2.803332e+04
68	57	63	1.981178e+05
68	57	64	5.422917e+05
68	57	65	1.115236e+05
68	57	66	6.569901e+05
68	57	67	9.354018e+05
68	57	68	3.745799e+04
68	57	69	1.335266e+04
68	57	70	8.637301e+04
68	57	71	1.034683e+04
68	58	55	6.230381e+02
68	58	56	5.226744e+03
68	58	57	8.702912e+04
68	58	58	4.155757e+05
68	58	59	4.322033e+05
68	58	60	6.694603e+05
68	58	61	9.391230e+05
68	58	62	4.235123e+05
68	58	63	5.355183e+06
68	58	64	6.907426e+06
68	58	65	1.637113e+06
68	58	66	3.245768e+06
68	58	67	5.396756e+06
68	58	68	6.137087e+05
68	58	69	1.048874e+05
68	58	70	6.873669e+05
68	58	71	1.036920e+05
68	59	55	8.276106e+02
68	59	56	9.535673e+04
68	59	57	1.083668e+06
68	59	58	5.291735e+06
68	59	59	2.030794e+06
68	59	60	1.192134e+06
68	59	61	3.208050e+05
68	59	62	1.089137e+06
68	59	63	7.815814e+06
68	59	64	1.073233e+07
68	59	65	3.310021e+06
68	59	66	1.195735e+06
68	59	67	1.093617e+06
68	59	68	4.798190e+05
68	59	69	6.576125e+04
68	59	70	1.932827e+05
68	60	56	4.804036e+04
68	60	57	1.000602e+06
68	60	58	1.383430e+07
68	60	59	6.877580e+06
68	60	60	1.083513e+06
68	60	61	1.101392e+06
68	60	62	2.330178e+06
68	60	63	4.612327e+06
68	60	64	4.734958e+06
68	60	65	1.219935e+06
68	60	66	-1.065024e+05
68	60	67	6.943105e+05
68	60	68	9.343842e+05
68	60	69	8.589738e+05
68	60	70	4.474755e+05
68	61	56	1.152219e+03
68	61	57	2.461304e+05
68	61	58	2.896467e+06
68	61	59	1.315293e+06
68	61	60	5.109403e+05
68	61	61	1.618829e+06
68	61	62	4.177932e+05
68	61	63	1.948533e+05
68	61	64	2.137256e+05
68	61	65	6.148817e+04
68	61	66	2.710148e+04
68	61	67	3.853336e+05
68	61	68	4.815885e+05
68	61	69	4.957196e+05
68	61	70	3.629749e+05
68	62	56	2.968553e+04
68	62	57	2.628893e+05
68	62	58	1.383178e+06
68	62	59	2.497208e+05
68	62	60	1.331616e+05
68	62	61	2.590204e+05
68	62	63	3.121400e+04
68	62	64	4.224747e+05
68	62	65	5.247219e+05
68	62	66	1.156760e+04
68	62	67	1.487467e+05
68	62	68	1.339424e+05
68	62	69	2.452951e+04
68	62	70	3.131278e+04
68	63	56	1.303280e+04
68	63	57	7.057781e+04
68	63	58	1.769444e+05
68	63	59	-3.322622e+04
68	63	60	-4.344475e+02
68	63	61	4.471287e+04
68	63	63	1.858070e+05
68	63	64	2.797706e+06
68	63	65	2.425573e+06
68	63	66	-1.599624e+04
68	63	67	-2.123077e+05
68	63	68	-6.244227e+04
68	63	69	-5.111567e+04
68	64	57	-9.845745e+03
68	64	58	-7.251172e+04
68	64	59	4.076347e+04
68	64	60	1.566841e+05
68	64	61	-8.323923e+04
68	64	62	1.127862e+04
68	64	63	2.314786e+05
68	64	64	1.333683e+06
68	64	65	3.923388e+05
68	64	66	1.462570e+05
68	64	67	1.916901e+06
68	64	68	2.654200e+06
68	64	69	3.905557e+05
68	65	56	7.759453e+02
68	65	57	7.242503e+02
68	65	58	4.004891e+04
68	65	59	-7.679046e+04
68	65	60	2.160734e+04
68	65	61	4.276015e+05
68	65	62	1.630895e+05
68	65	63	5.756347e+05
68	65	64	2.970853e+05
68	65	65	4.954981e+05
68	65	66	1.519234e+05
68	65	67	2.709219e+05
68	65	68	1.109384e+06
68	65	69	1.330236e+05
68	66	56	2.409495e+02
68	66	57	1.688880e+04
68	66	58	3.935410e+05
68	66	59	9.924258e+05
68	66	60	3.551070e+06
68	66	61	2.141769e+04
68	66	62	1.836628e+06
68	66	63	2.413998e+06
68	66	64	1.413579e+06
68	66	65	9.841515e+05
68	66	66	4.365892e+05
68	66	67	3.876054e+04
68	66	68	7.447495e+05
68	66	69	5.806444e+05
68	67	56	1.158828e+04
68	67	57	1.053640e+05
68	67	58	3.455032e+05
68	67	59	1.784997e+05
68	67	60	5.648879e+05
68	67	61	-6.210715e+04
68	67	62	2.916289e+06
68	67	63	3.205994e+05
68	67	64	7.568078e+05
68	67	65	1.002522e+06
68	67	66	8.361643e+05
68	67	67	4.869244e+05
68	67	68	1.094221e+06
68	67	69	4.317751e+05
68	67	70	8.070072e+03
68	68	56	2.000504e+02
68	68	57	8.899176e+04
68	68	58	4.991624e+05
68	68	59	1.084482e+06
68	68	60	2.951096e+05
68	68	61	6.043507e+05
68	68	62	3.261390e+05
68	68	64	3.598624e+05
68	68	65	-9.244611e+04
68	68	66	5.681518e+06
68	68	67	6.912253e+05
68	68	68	1.019815e+06
68	68	69	5.133608e+05
68	68	70	7.053341e+05
68	68	71	3.553377e+04
68	69	54	5.722536e+00
68	69	55	4.981492e+01
68	69	56	5.324982e+03
68	69	57	1.037855e+06
68	69	58	2.102134e+06
68	69	59	5.966333e+06
68	69	60	1.217046e+06
68	69	61	2.838084e+06
68	69	62	1.315553e+06
68	69	67	6.794446e+04
68	69	68	5.304864e+05
68	69	69	4.904516e+05
68	69	70	7.379019e+05
68	69	71	8.079074e+04
68	70	54	-6.192485e+00
68	70	55	1.284965e+03
68	70	56	2.401791e+04
68	70	57	1.106136e+05
68	70	58	1.304013e+06
68	70	59	5.146553e+06
68	70	60	1.061709e+06
68	70	61	1.770322e+06
68	70	62	1.553483e+06
68	70	68	1.206936e+05
68	70	69	4.641642e+05
68	70	70	3.486381e+06
68	70	71	7.743739e+05
68	71	54	6.556524e+01
68	71	55	2.635024e+03
68	71	56	6.093929e+04
68	71	57	2.579131e+04
68	71	60	5.213385e+03
68	71	61	1.111264e+04
68	71	62	9.484576e+04
68	71	68	5.819047e+04
68	71	69	-1.891382e+04
68	71	70	1.098574e+06
68	71	71	1.383993e+05
69	54	54	1.752006e+02
69	54	55	5.216620e+03
69	54	56	1.332938e+04
69	54	57	1.088325e+04
69	54	70	2.271657e+03
69	54	71	2.089350e+04
69	54	72	5.060167e+03
69	55	54	8.353808e+03
69	55	55	5.207081e+04
69	55	56	7.857531e+04
69	55	57	-1.706302e+04
69	55	66	1.064356e+01
69	55	67	1.571240e+02
69	55	68	4.108260e+02
69	55	69	2.337275e+04
69	55	70	-1.053581e+04
69	55	71	4.991397e+05
69	55	72	6.506985e+04
69	56	54	1.360139e+04
69	56	55	1.825328e+05
69	56	56	3.026101e+05
69	56	57	1.108484e+05
69	56	58	2.793204e+02
69	56	59	4.945252e+04
69	56	60	2.922383e+05
69	56	61	1.483354e+05
69	56	62	1.322224e+04
69	56	63	1.348112e+05
69	56	64	1.190713e+05
69	56	65	9.911973e+03
69	56	66	6.628611e+04
69	56	67	1.604401e+05
69	56	68	3.051537e+04
69	56	69	1.582176e+05
69	56	70	-1.857117e+05
69	56	71	2.303432e+06
69	56	72	1.809404e+05
69	57	54	6.268186e+02
69	57	55	1.113845e+04
69	57	56	4.492743e+04
69	57	57	8.194554e+04
69	57	58	2.160508e+05
69	57	59	1.869769e+05
69	57	60	1.129196e+06
69	57	61	7.110519e+05
69	57	62	3.034883e+04
69	57	63	9.194681e+04
69	57	64	5.993248e+05
69	57	65	3.254704e+05
69	57	66	1.502262e+06
69	57	67	2.533526e+06
69	57	68	2.034097e+05
69	57	69	3.201368e+04
69	57	70	-3.751796e+04
69	57	71	2.947335e+05
69	57	72	1.014343e+03
69	58	55	2.122106e+04
69	58	56	7.953045e+04
69	58	57	5.277611e+05
69	58	58	-3.915787e+04
69	58	59	8.526239e+05
69	58	60	4.925747e+06
69	58	61	2.656309e+06
69	58	62	3.416071e+05
69	58	63	4.089869e+06
69	58	64	7.725395e+06
69	58	65	3.397358e+06
69	58	66	3.199808e+06
69	58	67	6.779586e+06
69	58	68	1.409730e+06
69	58	69	1.819106e+04
69	58	70	2.262906e+04
69	58	71	1.141721e+05
69	58	72	2.880718e+04
69	59	55	2.818893e+04
69	59	56	2.253895e+05
69	59	57	2.658487e+06
69	59	58	4.354823e+06
69	59	59	5.559412e+05
69	59	60	1.232495e+06
69	59	61	6.781346e+05
69	59	62	5.872579e+05
69	59	63	1.967879e+06
69	59	64	6.734599e+06
69	59	65	3.637218e+06
69	59	66	2.363584e+06
69	59	67	1.074278e+06
69	59	68	8.881527e+05
69	59	69	5.884315e+04
69	59	70	1.908365e+04
69	59	71	5.220436e+04
69	59	72	1.317187e+04
69	60	56	2.041952e+04
69	60	57	5.074973e+05
69	60	58	2.735484e+06
69	60	59	1.273230e+06
69	60	60	3.449086e+05
69	60	61	7.988687e+05
69	60	62	3.363456e+05
69	60	63	4.651468e+05
69	60	64	7.821056e+05
69	60	65	4.716112e+05
69	60	66	2.494162e+06
69	60	67	2.741551e+06
69	60	68	7.305862e+05
69	60	69	7.772300e+05
69	60	70	2.007798e+04
69	61	56	2.098800e+02
69	61	57	1.785683e+04
69	61	58	4.249181e+05
69	61	59	6.065764e+05
69	61	60	4.848746e+03
69	61	61	1.335822e+05
69	61	62	6.033853e+04
69	61	63	3.803450e+04
69	61	64	3.522316e+04
69	61	65	1.899988e+05
69	61	66	-5.448509e+04
69	61	67	2.814405e+06
69	61	68	1.242486e+06
69	61	69	1.138351e+06
69	61	70	1.110795e+06
69	62	56	5.407306e+03
69	62	57	4.616562e+04
69	62	58	2.839600e+05
69	62	59	1.793719e+05
69	62	63	8.205966e+03
69	62	64	8.416912e+03
69	62	65	1.588744e+05
69	62	66	3.999248e+04
69	62	67	7.766522e+04
69	62	68	2.624769e+05
69	62	69	-8.877194e+04
69	62	70	9.074933e+05
69	63	56	2.373962e+03
69	63	57	1.588150e+05
69	63	58	1.162312e+06
69	63	59	2.315823e+05
69	63	63	2.656848e+04
69	63	64	2.780728e+04
69	63	65	8.045017e+05
69	63	66	4.464199e+05
69	63	67	-4.495396e+04
69	63	68	8.228614e+04
69	63	69	1.352668e+05
69	64	57	6.246152e+04
69	64	58	4.836055e+05
69	64	59	1.019485e+05
69	64	60	1.075937e+04
69	64	61	-1.298019e+04
69	64	62	1.199733e+05
69	64	66	1.660182e+04
69	64	67	2.701374e+05
69	64	68	3.968219e+05
69	64	69	7.001733e+05
69	65	56	-2.512928e+02
69	65	57	2.976627e+02
69	65	58	1.752106e+04
69	65	59	1.640679e+04
69	65	60	1.335313e+05
69	65	61	1.863181e+04
69	65	62	-1.062569e+05
69	65	63	7.295299e+03
69	65	64	8.839083e+04
69	65	65	8.931087e+04
69	65	66	6.687754e+03
69	65	67	8.049147e+04
69	65	68	1.512501e+06
69	65	69	2.643790e+06
69	65	70	4.716019e+03
69	66	55	1.182231e+02
69	66	56	4.066422e+03
69	66	57	9.899323e+03
69	66	58	2.803578e+05
69	66	59	4.319109e+05
69	66	60	1.057447e+06
69	66	61	-1.294565e+05
69	66	62	1.490605e+06
69	66	63	5.305613e+04
69	66	64	1.841818e+06
69	66	65	1.346894e+06
69	66	66	4.636795e+04
69	66	67	2.051094e+05
69	66	68	1.909644e+06
69	66	69	2.250299e+06
69	66	70	-5.484722e+03
69	67	54	2.717217e-02
69	67	55	1.834363e+02
69	67	56	4.224042e+03
69	67	57	-3.659374e+04
69	67	58	4.932112e+04
69	67	59	4.894451e+05
69	67	60	5.682411e+05
69	67	61	1.401574e+05
69	67	62	6.544352e+05
69	67	63	1.403033e+05
69	67	64	1.081777e+06
69	67	65	1.794349e+06
69	67	66	1.215292e+06
69	67	67	1.233928e+06
69	67	68	3.807389e+04
69	67	69	2.474836e+05
69	67	70	5.470978e+04
69	67	71	2.546687e+02
69	68	54	4.074943e+00
69	68	55	2.369515e+03
69	68	56	8.816203e+04
69	68	57	7.474912e+04
69	68	58	3.370297e+04
69	68	59	4.964667e+05
69	68	60	4.173347e+05
69	68	61	4.196116e+05
69	68	62	2.654458e+05
69	68	64	1.800482e+03
69	68	65	4.356562e+05
69	68	66	9.965872e+05
69	68	67	6.200419e+05
69	68	68	3.202452e+04
69	68	69	6.744055e+04
69	68	70	2.962516e+05
69	68	71	6.997167e+04
69	69	54	7.136221e+03
69	69	55	-1.410376e+03
69	69	56	1.619823e+05
69	69	57	1.239630e+05
69	69	58	3.857365e+05
69	69	59	7.391512e+05
69	69	60	4.186467e+06
69	69	61	5.730501e+06
69	69	62	2.960427e+06
69	69	63	2.009837e+02
69	69	64	1.287482e+03
69	69	65	2.287766e+02
69	69	67	1.163078e+05
69	69	68	8.883123e+05
69	69	69	3.677430e+05
69	69	70	5.282134e+05
69	69	71	2.167605e+05
69	69	72	4.556855e+02
69	70	54	-7.101016e+03
69	70	55	4.044077e+04
69	70	56	4.246277e+05
69	70	57	2.248144e+05
69	70	58	3.779141e+05
69	70	59	2.233174e+06
69	70	60	1.751132e+06
69	70	61	5.479006e+06
69	70	62	6.375425e+06
69	70	63	5.548078e+03
69	70	64	3.554043e+04
69	70	65	6.315289e+03
69	70	68	1.144843e+05
69	70	69	3.814266e+05
69	70	70	3.529775e+06
69	70	71	9.781705e+05
69	70	72	2.428654e+03
69	71	54	8.057172e+04
69	71	55	-2.669613e+04
69	71	56	2.317734e+06
69	71	57	5.914527e+05
69	71	60	7.295803e+03
69	71	61	1.555144e+04
69	71	62	1.327306e+05
69	71	63	2.507481e+03
69	71	64	1.606267e+04
69	71	65	2.854225e+03
69	71	68	3.341632e+04
69	71	69	2.999262e+05
69	71	70	9.598400e+05
69	71	71	3.507232e+05
69	71	72	3.175985e+04
69	72	54	5.840448e+03
69	72	55	4.772643e+04
69	72	56	1.052487e+04
69	72	69	1.004213e+03
69	72	70	2.305428e+03
69	72	71	4.040995e+04
69	72	72	1.550077e+04
70	54	54	3.684259e-01
70	54	55	3.731466e-02
70	54	56	-1.639348e+04
70	54	57	-1.480704e+04
70	54	58	2.046645e+02
70	54	59	9.814466e+02
70	54	68	1.837105e-03
70	54	69	8.088797e-02
70	54	70	1.110845e+03
70	54	71	1.014079e+04
70	54	72	2.442623e+03
70	55	54	2.268737e+03
70	55	55	5.706433e+03
70	55	56	8.995144e+04
70	55	57	4.422848e+04
70	55	58	3.331804e+03
70	55	59	-1.764928e+03
70	55	66	9.549746e+01
70	55	67	1.253821e+03
70	55	68	3.451566e+03
70	55	69	3.993059e+02
70	55	70	4.427445e+04
70	55	71	3.839342e+05
70	55	72	9.012270e+04
70	56	54	5.171796e+03
70	56	55	4.276222e+04
70	56	56	-9.592176e+03
70	56	57	-1.188891e+05
70	56	58	9.180183e+03
70	56	59	2.576211e+04
70	56	60	1.962450e+05
70	56	61	9.417911e+04
70	56	65	7.411731e+02
70	56	66	3.854878e+04
70	56	67	1.914008e+05
70	56	68	6.348923e+05
70	56	69	1.159749e+04
70	56	70	1.370015e+05
70	56	71	7.237627e+05
70	56	72	1.926608e+05
70	57	54	1.717048e+03
70	57	55	9.599380e+04
70	57	56	5.335898e+05
70	57	57	8.608703e+04
70	57	58	2.672514e+03
70	57	59	1.639770e+04
70	57	60	-5.182996e+04
70	57	61	6.865484e+04
70	57	62	4.655548e+02
70	57	63	5.563458e+03
70	57	64	2.162668e+04
70	57	65	4.423556e+04
70	57	66	3.167332e+05
70	57	67	5.178549e+05
70	57	68	9.263234e+05
70	57	69	8.001960e+04
70	57	70	4.263139e+05
70	57	71	7.465064e+04
70	57	72	4.949064e+04
70	58	55	1.041074e+04
70	58	56	4.403206e+04
70	58	57	2.288756e+05
70	58	58	7.223050e+04
70	58	59	1.640215e+05
70	58	60	3.339223e+06
70	58	61	1.413790e+06
70	58	62	9.546849e+03
70	58	63	1.549422e+05
70	58	64	4.429762e+05
70	58	65	-1.238800e+05
70	58	66	8.831663e+05
70	58	67	6.644812e+05
70	58	68	-2.687940e+04
70	58	69	1.052276e+05
70	58	70	1.665882e+05
70	58	71	-2.028720e+05
70	58	72	-5.118739e+04
70	59	55	1.382908e+04
70	59	56	5.848985e+04
70	59	57	3.040262e+05
70	59	58	3.422645e+04
70	59	59	-3.603323e+04
70	59	60	4.882227e+05
70	59	61	2.837276e+04
70	59	62	2.139808e+04
70	59	63	2.956903e+05
70	59	64	8.504000e+05
70	59	65	3.678623e+05
70	59	66	1.191054e+06
70	59	67	-1.904093e+05
70	59	68	2.730859e+06
70	59	69	1.421793e+05
70	59	70	9.571739e+04
70	59	71	-9.276175e+04
70	59	72	-2.340506e+04
70	60	64	2.708614e+04
70	60	65	-2.958570e+04
70	60	66	3.531968e+05
70	60	67	3.768762e+05
70	60	68	4.544290e+04
70	60	69	3.675141e+05
70	60	70	3.647999e+05
70	61	64	5.224901e+01
70	61	65	1.013500e+05
70	61	66	-6.831616e+04
70	61	67	9.342649e+05
70	61	68	1.172879e+05
70	61	69	5.006344e+05
70	61	70	1.426716e+06
70	62	64	6.156700e+01
70	62	65	3.213529e+04
70	62	66	3.820873e+04
70	62	68	2.707946e+04
70	62	69	4.848004e+04
70	62	70	4.751085e+05
70	63	64	8.545185e+02
70	63	65	4.460214e+05
70	63	66	5.303177e+05
70	63	67	6.557393e+01
70	63	68	2.623461e+03
70	63	69	2.036261e+03
70	64	60	5.666868e+03
70	64	61	-6.836558e+03
70	64	62	6.318894e+04
70	64	67	2.417545e+04
70	64	68	1.525649e+05
70	64	69	3.242158e+05
70	65	56	1.387139e+04
70	65	57	-1.016536e+04
70	65	58	1.695676e+05
70	65	60	-6.389850e+03
70	65	61	1.128515e+04
70	65	62	-4.527296e+04
70	65	63	5.181764e+03
70	65	67	3.155659e+04
70	65	68	2.608970e+05
70	65	69	7.274485e+05
70	65	70	9.941123e+04
70	66	55	2.531880e+03
70	66	56	5.757484e+04
70	66	57	-3.731430e+04
70	66	58	3.624117e+05
70	66	59	1.218969e+04
70	66	60	7.102902e+04
70	66	61	-6.162072e+04
70	66	62	8.327603e+05
70	66	63	2.310392e+04
70	66	65	2.832096e+02
70	66	66	3.836769e+03
70	66	67	1.799311e+05
70	66	68	2.005292e+06
70	66	69	1.913911e+06
70	66	70	-5.857532e+04
70	67	54	2.182099e+02
70	67	55	6.149883e+03
70	67	56	2.946940e+05
70	67	57	3.785441e+05
70	67	58	3.673051e+06
70	67	59	5.033642e+05
70	67	60	3.463531e+05
70	67	61	9.403728e+04
70	67	62	5.814565e+05
70	67	63	1.159831e+05
70	67	65	4.088751e+03
70	67	66	1.318096e+05
70	67	67	2.467976e+05
70	67	68	1.286879e+05
70	67	69	1.562682e+06
70	67	70	1.218178e+06
70	67	71	3.039018e+03
70	68	54	3.272439e+04
70	68	55	8.671436e+04
70	68	56	9.211240e+05
70	68	57	1.299808e+06
70	68	58	4.012720e+05
70	68	59	2.785179e+05
70	68	60	2.974964e+05
70	68	61	5.295543e+05
70	68	62	7.651453e+04
70	68	65	1.341608e+03
70	68	66	8.458065e+04
70	68	67	1.170430e+05
70	68	68	8.617027e+03
70	68	69	3.126967e+04
70	68	70	2.743753e+05
70	68	71	1.751515e+05
70	68	72	1.579234e+03
70	69	54	5.302679e+04
70	69	55	3.382505e+04
70	69	56	7.100265e+05
70	69	57	7.506784e+05
70	69	58	4.473441e+04
70	69	59	-2.230864e+04
70	69	60	1.324661e+06
70	69	61	1.343168e+06
70	69	62	4.637701e+05
70	69	63	9.843458e+02
70	69	64	6.305621e+03
70	69	65	1.120465e+03
70	69	68	3.201702e+04
70	69	69	1.107748e+06
70	69	70	2.336750e+06
70	69	71	1.557385e+06
70	69	72	4.669899e+04
70	70	54	6.057116e+03
70	70	55	1.589780e+05
70	70	56	1.559149e+05
70	70	57	2.442787e+05
70	70	58	2.153111e+01
70	70	59	9.437477e+03
70	70	60	1.717983e+05
70	70	61	4.847570e+05
70	70	62	1.097341e+06
70	70	63	2.717248e+04
70	70	64	1.740642e+05
70	70	65	3.093000e+04
70	70	68	2.134582e+05
70	70	69	7.205044e+05
70	70	70	3.720006e+06
70	70	71	4.773039e+05
70	70	72	4.467800e+04
70	71	54	6.452516e+04
70	71	55	-2.679540e+05
70	71	56	1.722670e+06
70	71	57	2.803430e+05
70	71	58	2.157737e+02
70	71	59	1.446370e+04
70	71	60	8.751307e+03
70	71	63	1.228073e+04
70	71	64	7.866915e+04
70	71	65	1.397896e+04
70	71	68	3.026701e+04
70	71	69	6.495928e+05
70	71	70	1.016134e+06
70	71	71	2.810057e+06
70	71	72	4.168170e+05
70	72	54	1.394852e+05
70	72	55	1.139832e+06
70	72	56	2.513615e+05
70	72	58	6.772741e+02
70	72	59	4.539891e+04
70	72	60	2.746875e+04
70	72	68	1.119332e+03
70	72	69	1.867285e+04
70	72	70	1.018759e+05
70	72	71	6.583482e+05
70	72	72	2.237602e+05
71	54	54	1.627997e+01
71	54	55	-7.752520e+00
71	54	56	1.159516e+05
71	54	57	1.580643e+05
71	54	58	-2.249871e+04
71	54	59	1.488731e+05
71	54	68	9.399265e-01
71	54	69	4.138509e+01
71	54	70	2.704565e+02
71	54	71	1.700354e+03
71	54	72	3.923725e+02
71	55	54	9.852975e+04
71	55	55	-3.020202e+04
71	55	56	1.120482e+06
71	55	57	2.608349e+04
71	55	58	1.060685e+05
71	55	59	-2.677172e+05
71	55	66	2.948977e+02
71	55	67	4.317019e+03
71	55	68	1.596580e+04
71	55	69	2.042988e+05
71	55	70	4.091381e+05
71	55	71	3.888142e+05
71	55	72	8.934539e+04
71	56	54	1.228812e+05
71	56	55	2.330493e+05
71	56	56	3.264778e+06
71	56	57	2.116970e+06
71	56	58	-8.946932e+04
71	56	59	1.427187e+06
71	56	66	2.316052e+04
71	56	67	2.160036e+05
71	56	68	7.070477e+05
71	56	69	2.143301e+05
71	56	70	5.163764e+05
71	56	71	4.095248e+05
71	56	72	5.653624e+04
71	57	54	1.211142e+04
71	57	55	3.101775e+05
71	57	56	1.366607e+06
71	57	57	1.649220e+05
71	57	66	3.057024e+04
71	57	67	3.416337e+05
71	57	68	1.047221e+06
71	57	69	1.565933e+05
71	57	70	8.269014e+05
71	57	71	-1.024202e+05
71	57	72	-7.876259e+04
71	58	68	7.460262e+04
71	58	69	4.742047e+05
71	58	70	1.297909e+06
71	58	71	1.101403e+06
71	58	72	2.778989e+05
71	59	68	5.294229e+04
71	59	69	6.814969e+05
71	59	70	8.625151e+05
71	59	71	5.036083e+05
71	59	72	1.270673e+05
71	60	68	1.182177e+02
71	60	69	1.402208e+05
71	60	70	1.247420e+05
71	61	68	1.270807e+02
71	61	69	1.507334e+05
71	61	70	1.340941e+05
71	65	56	1.197978e+03
71	65	57	-1.923640e+03
71	65	58	1.212045e+04
71	65	67	8.141553e+02
71	65	68	2.934168e+04
71	65	69	5.680494e+04
71	65	70	4.067454e+04
71	66	55	5.696128e+03
71	66	56	6.084756e+04
71	66	57	2.346448e+02
71	66	58	7.996327e+04
71	66	67	5.739756e+03
71	66	68	2.055675e+05
71	66	69	1.308396e+05
71	66	70	-9.579556e+03
71	67	54	2.086583e+02
71	67	55	1.065137e+04
71	67	56	1.222852e+05
71	67	57	6.572386e+03
71	67	58	3.150012e+05
71	67	67	1.114813e+03
71	67	68	4.675308e+04
71	67	69	6.459280e+05
71	67	70	5.468588e+05
71	67	71	8.758217e+03
71	68	54	3.129196e+04
71	68	55	1.386695e+05
71	68	56	2.232032e+06
71	68	57	1.973994e+06
71	68	69	1.284314e+04
71	68	70	2.565853e+05
71	68	71	1.203209e+05
71	68	72	1.811423e+04
71	69	54	4.307531e+04
71	69	55	1.222780e+05
71	69	56	9.971313e+05
71	69	57	2.126406e+06
71	69	63	4.650509e+03
71	69	64	2.979070e+04
71	69	65	5.293601e+03
71	69	68	8.970270e+02
71	69	69	1.091737e+05
71	69	70	8.392234e+05
71	69	71	1.768674e+06
71	69	72	4.952875e+05
71	70	54	6.239904e+03
71	70	55	1.305475e+05
71	70	56	2.313300e+05
71	70	57	5.484844e+05
71	70	58	3.172686e+02
71	70	59	2.126709e+04
71	70	60	1.286772e+04
71	70	63	1.283755e+05
71	70	64	8.223606e+05
71	70	65	1.461278e+05
71	70	68	2.231385e+04
71	70	69	4.195196e+05
71	70	70	3.263155e+05
71	70	71	1.411948e+06
71	70	72	2.886509e+05
71	71	54	-1.142506e+04
71	71	55	-1.316304e+04
71	71	56	7.823533e+05
71	71	57	2.071602e+05
71	71	58	3.179502e+03
71	71	59	2.131278e+05
71	71	60	1.289536e+05
71	71	63	5.801993e+04
71	71	64	3.716698e+05
71	71	65	6.604316e+04
71	71	68	1.082995e+05
71	71	69	9.247497e+05
71	71	70	1.767755e+06
71	71	71	2.508305e+06
71	71	72	4.454038e+05
71	71	73	1.125574e+04
71	71	74	2.508012e+03
71	72	54	5.924105e+04
71	72	55	4.841005e+05
71	72	56	1.067563e+05
71	72	58	9.979876e+03
71	72	59	6.689691e+05
71	72	60	4.047619e+05
71	72	68	2.509947e+04
71	72	69	4.448483e+04
71	72	70	4.948634e+05
71	72	71	7.491121e+05
71	72	72	7.243342e+04
71	72	73	-7.726877e+03
71	72	74	-1.721708e+03
71	73	72	1.686172e+04
71	73	73	1.395444e+05
71	73	74	3.109337e+04
72	54	54	2.043335e+00
72	54	55	3.056387e+01
72	54	56	1.292764e+03
72	54	57	2.231557e+04
72	54	58	-1.864255e+04
72	54	59	1.069168e+05
72	54	68	7.860832e-01
72	54	69	3.461135e+01
72	54	70	6.167730e+01
72	55	54	1.270106e+04
72	55	55	1.899803e+05
72	55	56	5.032276e+05
72	55	57	6.105639e+04
72	55	58	5.764617e+04
72	55	59	-1.922677e+05
72	55	68	3.880524e+03
72	55	69	1.708600e+05
72	55	70	3.045416e+05
72	55	71	5.394718e+03
72	55	72	3.383026e+03
72	56	54	1.207081e+04
72	56	55	1.805532e+05
72	56	56	5.028927e+05
72	56	57	4.085895e+05
72	56	58	-1.323148e+05
72	56	59	1.024970e+06
72	56	68	3.665037e+03
72	56	69	1.613721e+05
72	56	70	2.945791e+05
72	56	71	5.431179e+05
72	56	72	3.405891e+05
72	57	68	2.707570e+02
72	57	69	1.663620e+02
72	57	70	1.446084e+04
72	57	71	8.006000e+05
72	57	72	5.020560e+05
72	58	68	1.686109e+04
72	58	69	1.036000e+04
72	58	70	2.566105e+05
72	59	68	1.000636e+04
72	59	69	6.148234e+03
72	59	70	1.522878e+05
72	68	70	2.984290e+00
72	68	71	5.637731e+03
72	68	72	5.139370e+03
72	69	55	3.586129e+02
72	69	56	3.590376e+03
72	69	57	9.263220e+02
72	69	70	7.917679e+01
72	69	71	1.495758e+05
72	69	72	1.363536e+05
72	70	55	5.319763e+03
72	70	56	5.326062e+04
72	70	57	1.374132e+04
72	70	58	1.052874e+02
72	70	59	7.057603e+03
72	70	60	4.270225e+03
72	70	68	1.407085e+03
72	70	69	9.696644e+00
72	70	70	1.965426e+04
72	70	71	6.649226e+04
72	70	72	6.061451e+04
72	71	55	1.388784e+04
72	71	56	1.390428e+05
72	71	57	3.587324e+04
72	71	58	1.055136e+03
72	71	59	7.072765e+04
72	71	60	4.279398e+04
72	71	68	2.703799e+04
72	71	69	1.863268e+02
72	71	70	3.769920e+05
72	71	72	-1.752725e+03
72	71	73	-1.450522e+04
72	71	74	-3.232062e+03
72	72	58	3.311877e+03
72	72	59	2.220011e+05
72	72	60	1.343225e+05
72	72	68	1.035928e+04
72	72	69	7.138891e+01
72	72	70	1.444400e+05
72	72	72	1.203216e+03
72	72	73	9.957587e+03
72	72	74	2.218756e+03
72	73	72	-2.172961e+04
72	73	73	-1.798301e+05
72	73	74	-4.006986e+04
73	71	72	1.488466e+04
73	71	73	1.231826e+05
73	71	74	2.744763e+04
73	72	72	-1.021807e+04
73	72	73	-8.456278e+04
73	72	74	-1.884233e+04
73	73	72	1.845343e+05
73	73	73	1.527171e+06
73	73	74	3.402852e+05
