0.0965	-3.814755e+00	2
60	67	62	6.224342e-26
60	67	63	6.071323e+00
60	67	64	6.071323e+00
60	68	62	4.560833e-23
60	68	63	4.448709e+03
60	68	64	4.448709e+03
60	69	62	3.929073e-23
60	69	63	3.832481e+03
60	69	64	3.832481e+03
61	67	62	4.700302e-24
61	67	63	4.584750e+02
61	67	64	4.584750e+02
61	68	62	3.444106e-21
61	68	63	3.359436e+05
61	68	64	3.359436e+05
61	69	62	2.967033e-21
61	69	63	2.894092e+05
61	69	64	2.894092e+05
62	67	62	2.929885e-24
62	67	63	2.857857e+02
62	67	64	2.857857e+02
62	68	62	2.146848e-21
62	68	63	2.094070e+05
62	68	64	2.094070e+05
62	69	62	1.849470e-21
62	69	63	1.804002e+05
62	69	64	1.804002e+05
64	57	62	8.752982e-27
64	57	63	6.071323e+00
64	57	64	6.071323e+00
64	58	62	5.499001e-24
64	58	63	3.814267e+03
64	58	64	3.814267e+03
64	59	62	6.439930e-24
64	59	63	4.466923e+03
64	59	64	4.466923e+03
65	57	62	3.857561e-25
65	57	63	2.675717e+02
65	57	64	2.675717e+02
65	58	62	2.423486e-22
65	58	63	1.681001e+05
65	58	64	1.681001e+05
65	59	62	2.838167e-22
65	59	63	1.968636e+05
65	59	64	1.968636e+05
66	57	62	6.872389e-25
66	57	63	4.766889e+02
66	57	64	4.766889e+02
66	58	62	4.317531e-22
66	58	63	2.994766e+05
66	58	64	2.994766e+05
66	59	62	5.056301e-22
66	59	63	3.507198e+05
66	59	64	3.507198e+05
