0.0198	-4.490564e+06	763
35	70	68	8.449713e+01
35	70	69	2.018848e+03
35	70	70	4.363068e+03
35	71	68	2.124780e+02
35	71	69	5.076631e+03
35	71	70	1.097145e+04
35	72	68	1.597664e+03
35	72	69	3.817219e+04
35	72	70	8.249648e+04
35	77	53	3.489496e+02
35	77	54	4.819545e+03
35	77	55	1.539150e+03
35	78	53	2.007443e+02
35	78	54	2.772595e+03
35	78	55	8.854446e+02
35	79	53	5.282625e+03
35	79	54	7.296139e+04
35	79	55	2.330065e+04
35	81	65	1.310693e+01
35	81	66	1.192129e+02
35	81	67	2.862590e+01
35	82	65	6.339400e+02
35	82	66	5.765945e+03
35	82	67	1.384543e+03
35	83	65	3.499358e+02
35	83	66	3.182810e+03
35	83	67	7.642697e+02
36	69	68	7.449499e+01
36	69	69	1.021461e+02
36	69	70	1.246609e+03
36	70	68	4.429379e+02
36	70	69	1.281482e+02
36	70	70	6.669559e+03
36	71	68	2.681146e+01
36	71	69	-1.168241e+03
36	71	70	-1.418744e+03
36	72	68	-4.023150e+02
36	72	69	-9.612312e+03
36	72	70	-2.077381e+04
36	77	53	3.805316e+02
36	77	54	5.255742e+03
36	77	55	1.678452e+03
36	78	53	2.189128e+02
36	78	54	3.023531e+03
36	78	55	9.655825e+02
36	79	53	5.760733e+03
36	79	54	7.956482e+04
36	79	55	2.540949e+04
36	81	65	8.305380e+02
36	81	66	7.554085e+03
36	81	67	1.813918e+03
36	82	65	4.017046e+04
36	82	66	3.653668e+05
36	82	67	8.773341e+04
36	83	65	2.217415e+04
36	83	66	2.016830e+05
36	83	67	4.842897e+04
37	69	68	7.688757e+03
37	69	69	1.054267e+04
37	69	70	1.286646e+05
37	70	68	4.904300e+04
37	70	69	9.270734e+04
37	70	70	8.601483e+05
37	71	68	1.113240e+04
37	71	69	7.928805e+04
37	71	70	2.855091e+05
37	72	68	2.137554e+04
37	72	69	5.107151e+05
37	72	70	1.103741e+06
37	77	53	5.646180e+03
37	77	54	7.798267e+04
37	77	55	2.490422e+04
37	78	53	3.248144e+03
37	78	54	4.486199e+04
37	78	55	1.432694e+04
37	79	53	8.547554e+04
37	79	54	1.180552e+06
37	79	55	3.770163e+05
37	81	65	1.349392e+03
37	81	66	1.227327e+04
37	81	67	2.947109e+03
37	82	65	6.526574e+04
37	82	66	5.936188e+05
37	82	67	1.425422e+05
37	83	65	3.602678e+04
37	83	66	3.276784e+05
37	83	67	7.868351e+04
38	69	68	5.139268e+03
38	69	69	7.046865e+03
38	69	70	8.600117e+04
38	70	68	3.202535e+04
38	70	69	4.391254e+04
38	70	70	5.359163e+05
38	71	68	5.540884e+03
38	71	69	7.597553e+03
38	71	70	9.272187e+04
41	68	59	1.013895e+02
41	68	60	-1.578283e+02
41	68	61	1.039133e+03
41	69	59	2.424769e+03
41	69	60	-3.774525e+03
41	69	61	2.485126e+04
41	70	59	1.030459e+03
41	70	60	-1.604067e+03
41	70	61	1.056109e+04
41	75	66	7.904819e-02
41	75	67	1.093786e+01
41	75	68	7.731701e+00
41	76	66	1.203516e+02
41	76	67	1.665299e+04
41	76	68	1.177158e+04
41	77	66	1.085551e+02
41	77	67	1.502072e+04
41	77	68	1.061777e+04
42	68	59	3.914919e+03
42	68	60	-6.094174e+03
42	68	61	4.012370e+04
42	69	59	9.362681e+04
42	69	60	-1.457445e+05
42	69	61	9.595737e+05
42	70	59	3.978877e+04
42	70	60	-6.193734e+04
42	70	61	4.077920e+05
42	74	69	4.609381e+02
42	74	70	4.077126e+03
42	74	71	9.580555e+02
42	75	66	2.019141e+00
42	75	67	2.793875e+02
42	75	68	1.974921e+02
42	75	69	5.765153e+03
42	75	70	5.099439e+04
42	75	71	1.198282e+04
42	76	66	3.074159e+03
42	76	67	4.253699e+05
42	76	68	3.006834e+05
42	76	69	1.731119e+03
42	76	70	1.531223e+04
42	76	71	3.598114e+03
42	77	66	2.772841e+03
42	77	67	3.836767e+05
42	77	68	2.712114e+05
42	81	46	8.333518e-01
42	81	47	4.428385e+01
42	81	48	2.514134e+01
42	82	46	2.999155e+02
42	82	47	1.593734e+04
42	82	48	9.048131e+03
42	83	46	2.422486e+02
42	83	47	1.287295e+04
42	83	48	7.308382e+03
42	93	38	6.738997e+02
42	93	39	5.643800e+03
42	93	40	1.269759e+03
42	94	38	-5.555222e+01
42	94	39	-4.652407e+02
42	94	40	-1.046713e+02
42	95	38	9.266067e+03
42	95	39	7.760180e+04
42	95	40	1.745909e+04
43	68	59	2.008477e+03
43	68	60	-3.126503e+03
43	68	61	2.058472e+04
43	69	59	4.803351e+04
43	69	60	-7.477153e+04
43	69	61	4.922916e+05
43	70	59	2.041290e+04
43	70	60	-3.177581e+04
43	70	61	2.092101e+05
43	74	69	7.082606e+03
43	74	70	6.264762e+04
43	74	71	1.472113e+04
43	75	66	8.831928e-01
43	75	67	1.222070e+02
43	75	68	8.638506e+01
43	75	69	8.858523e+04
43	75	70	7.835611e+05
43	75	71	1.841236e+05
43	76	66	1.344669e+03
43	76	67	1.860612e+05
43	76	68	1.315220e+05
43	76	69	2.659974e+04
43	76	70	2.352821e+05
43	76	71	5.528731e+04
43	77	66	1.212869e+03
43	77	67	1.678241e+05
43	77	68	1.186307e+05
43	81	46	9.093960e+00
43	81	47	4.832480e+02
43	81	48	2.743551e+02
43	82	46	3.272830e+03
43	82	47	1.739164e+05
43	82	48	9.873783e+04
43	82	73	2.347320e+03
43	82	74	-2.847971e+03
43	82	75	2.613373e+04
43	83	46	2.643540e+03
43	83	47	1.404762e+05
43	83	48	7.975279e+04
43	83	73	-4.083434e+03
43	83	74	4.954374e+03
43	83	75	-4.546264e+04
43	84	73	2.288885e+04
43	84	74	-2.777073e+04
43	84	75	2.548315e+05
43	92	66	1.354125e+02
43	92	67	1.536806e+03
43	92	68	4.329140e+02
43	93	38	7.653525e+02
43	93	39	6.409702e+03
43	93	40	1.442074e+03
43	93	66	3.762169e+03
43	93	67	4.269710e+04
43	93	68	1.202766e+04
43	94	38	-6.309103e+01
43	94	39	-5.283770e+02
43	94	40	-1.188759e+02
43	94	66	7.715264e+03
43	94	67	8.756104e+04
43	94	68	2.466571e+04
43	95	38	1.052354e+04
43	95	39	8.813288e+04
43	95	40	1.982840e+04
44	74	69	2.407745e+03
44	74	70	2.129718e+04
44	74	71	5.004476e+03
44	75	69	3.011472e+04
44	75	70	2.663731e+05
44	75	71	6.259316e+04
44	76	69	9.042631e+03
44	76	70	7.998460e+04
44	76	71	1.879502e+04
44	81	46	2.736086e+01
44	81	47	1.453941e+03
44	81	48	8.254481e+02
44	82	46	9.846915e+03
44	82	47	5.232596e+05
44	82	48	2.970710e+05
44	82	73	-4.172277e+03
44	82	74	5.062167e+03
44	82	75	-4.645177e+04
44	83	46	7.953578e+03
44	83	47	4.226487e+05
44	83	48	2.399510e+05
44	83	73	7.258158e+03
44	83	74	-8.806225e+03
44	83	75	8.080822e+04
44	84	73	-4.068412e+04
44	84	74	4.936149e+04
44	84	75	-4.529540e+05
44	92	66	1.142446e+03
44	92	67	1.296569e+04
44	92	68	3.652401e+03
44	93	38	1.096454e+04
44	93	39	9.182621e+04
44	93	40	2.065934e+04
44	93	66	3.174060e+04
44	93	67	3.602262e+05
44	93	68	1.014747e+05
44	94	38	-9.038502e+02
44	94	39	-7.569598e+03
44	94	40	-1.703031e+03
44	94	66	6.509201e+04
44	94	67	7.387334e+05
44	94	68	2.080992e+05
44	95	38	1.507615e+05
44	95	39	1.262603e+06
44	95	40	2.840642e+05
45	69	68	7.684291e-01
45	69	69	2.099147e+01
45	69	70	4.329473e+01
45	70	68	1.833434e+02
45	70	69	5.008462e+03
45	70	70	1.032991e+04
45	71	68	1.409466e+02
45	71	69	3.850293e+03
45	71	70	7.941197e+03
45	72	61	2.307902e-01
45	72	62	4.876425e-01
45	72	63	4.190605e+00
45	73	61	1.603382e+03
45	73	62	3.387827e+03
45	73	63	2.911362e+04
45	74	61	1.528034e+03
45	74	62	3.228623e+03
45	74	63	2.774550e+04
45	74	67	3.773746e+02
45	74	68	2.260481e+03
45	74	69	9.428087e+03
45	75	67	-6.061695e+02
45	75	68	-3.630967e+03
45	75	69	-1.514415e+04
45	76	67	3.817505e+03
45	76	68	2.286693e+04
45	76	69	9.537410e+04
45	78	52	3.449600e+01
45	78	53	5.208751e+03
45	78	54	3.737910e+03
45	79	52	6.755351e+01
45	79	53	1.020029e+04
45	79	54	7.319947e+03
45	79	67	9.210606e+02
45	79	68	5.823619e+03
45	79	69	1.021891e+03
45	79	81	6.109844e+02
45	79	82	-2.856158e+02
45	79	83	7.880540e+03
45	80	52	6.162778e+02
45	80	53	9.305535e+04
45	80	54	6.677849e+04
45	80	67	1.438663e+04
45	80	68	9.096277e+04
45	80	69	1.596156e+04
45	80	81	6.318713e+02
45	80	82	-2.953798e+02
45	80	83	8.149942e+03
45	81	67	4.936371e+03
45	81	68	3.121135e+04
45	81	69	5.476767e+03
45	81	81	9.817480e+03
45	81	82	-4.589360e+03
45	81	83	1.266269e+05
45	82	58	5.476671e+00
45	82	59	1.206507e+02
45	82	60	4.938839e+01
45	82	73	2.264053e+04
45	82	74	-2.746945e+04
45	82	75	2.520668e+05
45	83	58	2.222941e+02
45	83	59	4.897123e+03
45	83	60	2.004639e+03
45	83	73	-3.938581e+04
45	83	74	4.778627e+04
45	83	75	-4.384994e+05
45	84	58	1.159981e+02
45	84	59	2.555430e+03
45	84	60	1.046066e+03
45	84	73	2.207691e+05
45	84	74	-2.678562e+05
45	84	75	2.457918e+06
45	92	66	2.585645e+02
45	92	67	2.934465e+03
45	92	68	8.266309e+02
45	93	66	7.183703e+03
45	93	67	8.152831e+04
45	93	68	2.296631e+04
45	94	66	1.473197e+04
45	94	67	1.671941e+05
45	94	68	4.709813e+04
46	69	68	1.768627e+01
46	69	69	4.831425e+02
46	69	70	1.141373e+03
46	69	71	6.974450e+02
46	69	72	3.331791e+03
46	70	68	4.219856e+03
46	70	69	1.152754e+05
46	70	70	2.386700e+05
46	70	71	4.406324e+03
46	70	72	2.104961e+04
46	71	66	2.866272e+02
46	71	67	4.790953e+03
46	71	68	4.950719e+03
46	71	69	8.861884e+04
46	71	70	1.864745e+05
46	71	71	1.780427e+04
46	71	72	8.505343e+04
46	72	60	2.652094e+02
46	72	61	1.803949e+03
46	72	62	3.477118e+02
46	72	63	8.891553e+01
46	72	66	4.298152e+03
46	72	67	7.184330e+04
46	72	68	2.559262e+04
46	73	60	8.816218e+02
46	73	61	4.000077e+04
46	73	62	7.300380e+04
46	73	63	6.177278e+05
46	73	66	1.440910e+03
46	73	67	2.408470e+04
46	73	68	8.579652e+03
46	74	60	5.405888e+03
46	74	61	6.909250e+04
46	74	62	7.538104e+04
46	74	63	5.886991e+05
46	74	65	7.924459e-01
46	74	66	8.760263e+01
46	74	67	4.856896e+02
46	74	68	2.514242e+03
46	74	69	1.139263e+04
46	74	70	4.473705e+02
46	75	65	2.019891e+02
46	75	66	2.232932e+04
46	75	67	3.177643e+04
46	75	68	-9.647045e+00
46	75	69	8.499797e+03
46	75	70	4.216251e+03
46	76	65	2.584400e+02
46	76	66	2.856980e+04
46	76	67	4.502370e+04
46	76	68	2.258841e+04
46	76	69	9.631941e+04
46	76	70	1.040201e+03
46	77	61	2.001724e+00
46	77	62	1.030904e+01
46	77	63	4.717946e+01
46	78	52	-4.153116e+01
46	78	53	-6.271029e+03
46	78	54	-4.500223e+03
46	78	61	3.143625e+01
46	78	62	1.618993e+02
46	78	63	7.409342e+02
46	79	52	-8.133045e+01
46	79	53	-1.228055e+04
46	79	54	-8.812785e+03
46	79	61	8.485468e+01
46	79	62	7.130362e+02
46	79	63	2.066283e+03
46	79	67	-8.280804e+02
46	79	68	-5.235730e+03
46	79	69	-9.187323e+02
46	79	81	-2.180256e+02
46	79	82	1.019200e+02
46	79	83	-2.812116e+03
46	80	52	-7.419622e+02
46	80	53	-1.120332e+05
46	80	54	-8.039737e+04
46	80	61	7.383190e+01
46	80	62	4.645991e+03
46	80	63	2.764896e+03
46	80	67	-1.293431e+04
46	80	68	-8.178017e+04
46	80	69	-1.435026e+04
46	80	81	-2.254789e+02
46	80	82	1.054042e+02
46	80	83	-2.908250e+03
46	81	61	1.893677e+02
46	81	62	1.191626e+04
46	81	63	7.091539e+03
46	81	67	-4.438049e+03
46	81	68	-2.806059e+04
46	81	69	-4.923892e+03
46	81	81	-3.503300e+03
46	81	82	1.637682e+03
46	81	83	-4.518593e+04
46	82	58	6.037902e+02
46	82	59	1.330145e+04
46	82	60	5.444955e+03
46	83	58	2.450741e+04
46	83	59	5.398964e+05
46	83	60	2.210068e+05
46	83	61	2.473579e+01
46	83	62	4.685518e+02
46	83	63	1.782271e+02
46	84	58	1.278852e+04
46	84	59	2.817302e+05
46	84	60	1.153264e+05
46	84	61	1.179246e+03
46	84	62	2.233758e+04
46	84	63	8.496740e+03
46	85	61	6.480650e+02
46	85	62	1.227581e+04
46	85	63	4.669459e+03
47	69	65	2.438198e+03
47	69	66	-4.232154e+03
47	69	67	2.380107e+04
47	69	68	3.874307e+01
47	69	69	1.058359e+03
47	69	70	2.183425e+03
47	69	71	2.734646e+00
47	69	72	1.306378e+01
47	70	61	3.326125e+01
47	70	62	-5.928115e+00
47	70	63	4.503913e+02
47	70	65	2.065596e+04
47	70	66	-3.585402e+04
47	70	67	2.016382e+05
47	70	68	9.243907e+03
47	70	69	2.525193e+05
47	70	70	5.208226e+05
47	70	71	1.727697e+01
47	70	72	8.253445e+01
47	71	61	4.549188e+02
47	71	62	-8.107968e+01
47	71	63	6.160066e+03
47	71	65	4.690573e+03
47	71	66	-8.192904e+03
47	71	67	4.493335e+04
47	71	68	6.801806e+03
47	71	69	1.941261e+05
47	71	70	4.003980e+05
47	71	71	6.980961e+01
47	71	72	3.334901e+02
47	72	60	6.250758e+03
47	72	61	4.363515e+04
47	72	62	7.736155e+03
47	72	63	1.670573e+04
47	72	66	-7.669062e+02
47	72	67	-1.281878e+04
47	72	68	-4.558948e+03
47	72	69	1.859363e+02
47	72	70	8.044998e+01
47	73	60	2.077907e+04
47	73	61	1.546371e+05
47	73	62	5.534139e+04
47	73	63	2.484319e+05
47	73	66	-2.570971e+02
47	73	67	-4.297360e+03
47	73	68	-1.458168e+03
47	73	69	1.810248e+03
47	73	70	7.832489e+02
47	74	60	1.274121e+05
47	74	61	8.773412e+05
47	74	62	1.896277e+05
47	74	63	2.367574e+05
47	74	65	3.605371e-01
47	74	66	1.074298e+02
47	74	67	7.274760e+03
47	74	68	4.296390e+04
47	74	69	1.868349e+05
47	74	70	8.230918e+03
47	75	56	2.235934e+01
47	75	57	2.268546e+02
47	75	58	5.909506e+01
47	75	61	1.665548e+01
47	75	62	-2.670502e+01
47	75	63	1.686163e+02
47	75	65	9.189850e+01
47	75	66	1.227571e+04
47	75	67	4.306893e+04
47	75	68	4.486831e+04
47	75	69	5.277160e+04
47	75	70	5.405999e+04
47	76	56	1.107557e+02
47	76	57	1.123711e+03
47	76	58	2.927238e+02
47	76	61	4.193818e+03
47	76	62	-6.724274e+03
47	76	63	4.245726e+04
47	76	65	1.175818e+02
47	76	66	1.401074e+04
47	76	67	9.768592e+04
47	76	68	4.010818e+05
47	76	69	1.591462e+06
47	76	70	1.494025e+04
47	77	56	5.195009e+02
47	77	57	5.270780e+03
47	77	58	1.373025e+03
47	77	61	5.907794e+03
47	77	62	-5.866457e+03
47	77	63	6.698874e+04
47	77	64	1.947125e-01
47	77	66	1.308890e+01
47	77	67	1.930064e+03
47	77	68	7.431308e+03
47	77	69	3.460597e+03
47	77	70	2.295783e+03
47	77	71	1.420426e+03
47	78	52	3.848631e+02
47	78	53	5.811270e+04
47	78	54	4.170290e+04
47	78	60	1.385766e+00
47	78	61	8.953879e+03
47	78	62	4.389535e+04
47	78	63	1.983869e+05
47	78	64	3.856243e+02
47	78	66	1.376622e+02
47	78	67	1.765860e+04
47	78	68	6.197852e+04
47	78	69	4.736626e+04
47	78	70	2.598668e+04
47	78	71	-3.346808e+02
47	79	52	7.536772e+02
47	79	53	1.138021e+05
47	79	54	8.166678e+04
47	79	60	3.845316e+01
47	79	61	3.736518e+04
47	79	62	1.436229e+05
47	79	63	5.128437e+05
47	79	64	4.311433e+02
47	79	65	8.992713e+00
47	79	66	3.679325e+01
47	79	67	1.526345e+04
47	79	68	8.337455e+04
47	79	69	2.785695e+04
47	79	70	9.174260e+04
47	79	71	3.565240e+04
47	79	81	8.032168e+03
47	79	82	-3.754783e+03
47	79	83	1.035997e+05
47	80	52	6.875654e+03
47	80	53	1.038195e+06
47	80	54	7.450305e+05
47	80	60	1.741641e+01
47	80	61	1.071837e+04
47	80	62	2.318306e+05
47	80	63	1.334977e+05
47	80	64	4.478825e+03
47	80	65	4.253554e+03
47	80	67	1.711837e+05
47	80	68	1.082461e+06
47	80	69	1.990330e+05
47	80	70	5.941338e+04
47	80	71	1.263916e+04
47	80	81	8.306752e+03
47	80	82	-3.883143e+03
47	80	83	1.071414e+05
47	81	61	9.655444e+03
47	81	62	5.760029e+05
47	81	63	3.558589e+05
47	81	64	5.371462e+03
47	81	65	5.101294e+03
47	81	67	5.873694e+04
47	81	68	3.713779e+05
47	81	69	6.516700e+04
47	81	72	2.021310e+02
47	81	73	1.058061e+04
47	81	74	5.980556e+03
47	81	81	1.290633e+05
47	81	82	-6.033298e+04
47	81	83	1.664671e+06
47	82	58	4.090006e+02
47	82	59	9.010252e+03
47	82	60	3.688350e+03
47	82	61	2.151602e+02
47	82	62	1.604868e+03
47	82	63	5.894327e+03
47	82	72	1.958006e+03
47	82	73	1.024924e+05
47	82	74	5.793255e+04
47	83	58	1.660104e+04
47	83	59	3.657196e+05
47	83	60	1.497075e+05
47	83	61	2.311234e+02
47	83	62	4.378000e+03
47	83	63	1.665298e+03
47	83	72	4.930770e+02
47	83	73	2.581026e+04
47	83	74	1.458893e+04
47	84	58	8.662799e+03
47	84	59	1.908408e+05
47	84	60	7.812076e+04
47	84	61	1.101850e+04
47	84	62	2.087153e+05
47	84	63	7.939086e+04
47	85	61	6.055315e+03
47	85	62	1.147013e+05
47	85	63	4.362996e+04
48	69	65	-4.773516e+03
48	69	66	8.285731e+03
48	69	67	-4.659785e+04
48	69	70	2.019357e+03
48	69	71	9.720047e+03
48	69	72	4.643400e+04
48	70	61	8.846193e+02
48	70	62	-1.576647e+02
48	70	63	1.197865e+04
48	70	65	-4.044033e+04
48	70	66	7.019516e+04
48	70	67	-3.947683e+05
48	70	70	1.275791e+04
48	70	71	6.140940e+04
48	70	72	2.933611e+05
48	71	61	1.209906e+04
48	71	62	-2.156403e+03
48	71	63	1.638337e+05
48	71	64	1.293386e+01
48	71	65	-7.367582e+03
48	71	66	2.234675e+04
48	71	67	-2.477201e+04
48	71	68	2.310935e+04
48	71	70	5.154983e+04
48	71	71	2.481318e+05
48	71	72	1.185360e+06
48	72	60	2.639108e+03
48	72	61	5.064414e+04
48	72	62	-2.478387e+03
48	72	63	4.433563e+05
48	72	64	6.900110e+01
48	72	65	9.686321e+03
48	72	66	7.167374e+04
48	72	67	9.728006e+05
48	72	68	3.470516e+05
48	72	69	1.276584e+04
48	72	70	5.523459e+03
48	73	60	8.773051e+03
48	73	61	5.951213e+04
48	73	62	1.115994e+04
48	73	64	3.088997e+02
48	73	65	4.336309e+04
48	73	66	7.983134e+04
48	73	67	3.261210e+05
48	73	68	1.211631e+05
48	73	69	1.242863e+05
48	73	70	5.377557e+04
48	74	60	5.379419e+04
48	74	61	3.649137e+05
48	74	62	6.843002e+04
48	74	65	1.179951e+01
48	74	66	2.263177e+03
48	74	67	1.912150e+04
48	74	68	5.708107e+04
48	74	69	4.826915e+05
48	74	70	1.872724e+05
48	75	56	2.977166e+03
48	75	57	3.020590e+04
48	75	58	7.868560e+03
48	75	61	2.652388e+02
48	75	62	-4.252779e+02
48	75	63	2.685683e+03
48	75	64	1.921060e+02
48	75	65	3.165017e+03
48	75	66	3.631456e+05
48	75	67	1.031119e+06
48	75	68	9.102341e+05
48	75	69	8.181689e+05
48	75	70	1.506571e+05
48	76	56	1.474721e+04
48	76	57	1.496231e+05
48	76	58	3.897644e+04
48	76	61	6.678662e+04
48	76	62	-1.070842e+05
48	76	63	6.762998e+05
48	76	64	5.275505e+04
48	76	65	4.794505e+04
48	76	66	4.405975e+05
48	76	67	8.873349e+05
48	76	68	3.979791e+05
48	76	69	2.532849e+05
48	76	70	6.823859e+04
48	77	56	6.917201e+04
48	77	57	7.018092e+05
48	77	58	1.828195e+05
48	77	61	8.625814e+04
48	77	62	-1.336652e+05
48	77	63	8.834752e+05
48	77	64	8.253616e+04
48	77	65	6.649662e+04
48	77	66	9.222596e+04
48	77	67	5.657158e+04
48	77	68	3.048735e+05
48	77	69	1.550358e+05
48	77	70	4.765591e+04
48	77	71	2.871817e+04
48	78	52	2.027998e+01
48	78	53	1.295083e+04
48	78	54	1.514755e+04
48	78	60	1.218434e+01
48	78	61	1.566944e+04
48	78	62	6.912317e+04
48	78	63	5.418603e+05
48	78	64	1.750766e+05
48	78	65	4.675477e+03
48	78	66	7.400364e+04
48	78	67	5.032551e+05
48	78	68	1.332901e+06
48	78	69	9.796515e+05
48	78	70	5.167854e+05
48	78	71	-7.669718e+03
48	79	52	1.246196e+02
48	79	53	7.958234e+04
48	79	54	9.308107e+04
48	79	60	3.380993e+02
48	79	61	1.660183e+05
48	79	62	3.247744e+05
48	79	63	9.589273e+05
48	79	64	1.682279e+05
48	79	65	5.312778e+02
48	79	66	1.349282e+03
48	79	67	1.189503e+05
48	79	68	2.829462e+05
48	79	69	2.420870e+05
48	79	70	1.097989e+06
48	79	71	5.346259e+05
48	80	52	2.126772e+01
48	80	53	1.358161e+04
48	80	54	1.588532e+04
48	80	60	1.531337e+02
48	80	61	6.542223e+04
48	80	62	2.039173e+05
48	80	63	9.082358e+04
48	80	64	1.665071e+05
48	80	65	1.571814e+05
48	80	68	2.432592e+03
48	80	69	1.244041e+05
48	80	70	6.251611e+05
48	80	71	1.153116e+05
48	81	61	1.707958e+04
48	81	62	4.049205e+05
48	81	63	5.186715e+05
48	81	64	1.973435e+05
48	81	65	1.915495e+05
48	81	69	4.368815e+00
48	81	70	1.771795e+03
48	81	71	2.155600e+03
48	81	72	-3.355989e+02
48	81	73	-1.756702e+04
48	81	74	-9.929540e+03
48	82	34	1.973243e+02
48	82	35	3.298832e+01
48	82	36	2.818936e+03
48	82	61	4.563593e+03
48	82	62	3.412905e+04
48	82	63	1.297578e+05
48	82	64	4.067926e+03
48	82	65	4.521714e+04
48	82	69	7.515165e+00
48	82	70	3.047813e+03
48	82	71	3.708028e+03
48	82	72	-3.250884e+03
48	82	73	-1.701685e+05
48	82	74	-9.618562e+04
48	83	34	1.842685e+03
48	83	35	3.080568e+02
48	83	36	2.632425e+04
48	83	61	7.518968e+02
48	83	62	1.449917e+04
48	83	63	1.980964e+04
48	83	64	1.173962e+04
48	83	65	1.410465e+05
48	83	72	-8.186575e+02
48	83	73	-4.285287e+04
48	83	74	-2.422205e+04
48	84	34	5.996441e+03
48	84	35	1.002474e+03
48	84	36	8.566399e+04
48	84	61	3.584567e+04
48	84	62	6.789979e+05
48	84	63	2.582764e+05
48	84	65	1.548468e-02
48	84	66	6.783824e-01
48	84	67	1.210546e+00
48	85	61	1.969931e+04
48	85	62	3.731494e+05
48	85	63	1.419381e+05
48	85	65	3.080286e-01
48	85	66	1.349470e+01
48	85	67	2.408076e+01
48	86	65	1.200689e-01
48	86	66	5.260206e+00
48	86	67	9.386625e+00
48	105	93	1.200733e+01
48	105	94	8.005052e+02
48	105	95	1.285445e+03
48	106	93	5.142720e+02
48	106	94	3.428551e+04
48	106	95	5.505539e+04
48	107	93	9.234708e+02
48	107	94	6.156601e+04
48	107	95	9.886218e+04
49	66	77	1.758096e+01
49	66	78	1.301411e+02
49	66	79	2.639422e+01
49	67	77	5.044762e+02
49	67	78	3.734330e+03
49	67	79	7.573680e+02
49	68	77	1.023451e+03
49	68	78	7.575983e+03
49	68	79	1.536503e+03
49	69	59	8.891963e+01
49	69	60	-4.071966e+01
49	69	61	1.148806e+03
49	69	65	2.225030e+04
49	69	66	-3.862143e+04
49	69	67	2.172018e+05
49	70	59	1.075640e+03
49	70	60	-4.925763e+02
49	70	61	1.573808e+04
49	70	62	-3.281628e+02
49	70	63	2.493232e+04
49	70	65	1.885004e+05
49	70	66	-3.271935e+05
49	70	67	1.840093e+06
49	71	59	3.161043e+02
49	71	60	-1.447561e+02
49	71	61	2.926689e+04
49	71	62	-4.488329e+03
49	71	63	3.410028e+05
49	71	64	1.687417e+02
49	71	65	6.357011e+04
49	71	66	-4.505078e+04
49	71	67	4.178499e+05
49	72	61	6.814847e+04
49	72	62	-1.214593e+04
49	72	63	9.228082e+05
49	72	64	8.474034e+02
49	72	65	1.104277e+05
49	72	66	1.545783e+05
49	72	67	1.301770e-02
49	72	68	8.175010e+02
49	72	69	2.036324e+04
49	72	70	8.810661e+03
49	72	71	5.628931e+01
49	72	72	1.246301e+04
49	72	73	9.484107e+03
49	73	62	6.528524e-01
49	73	63	5.761635e+01
49	73	64	3.973159e+03
49	73	65	4.953382e+05
49	73	66	6.959752e+05
49	73	67	9.431031e+00
49	73	68	7.967032e+03
49	73	69	1.982534e+05
49	73	70	8.577928e+04
49	73	71	4.194895e+02
49	73	72	9.287912e+04
49	73	73	7.067921e+04
49	74	62	1.251699e-01
49	74	63	5.215320e+02
49	74	64	8.396003e+03
49	74	65	2.099150e+04
49	74	66	1.328888e+04
49	74	67	2.850548e+04
49	74	68	5.209712e+04
49	74	69	6.428435e+05
49	74	70	2.732255e+05
49	74	71	8.557805e+01
49	74	72	1.894783e+04
49	74	73	1.441893e+04
49	75	56	2.090093e+03
49	75	57	2.120578e+04
49	75	58	5.524053e+03
49	75	61	1.724699e+02
49	75	62	5.218205e+01
49	75	63	3.034225e+03
49	75	64	1.982561e+04
49	75	65	4.723770e+04
49	75	66	2.266049e+05
49	75	67	1.276189e+06
49	75	68	7.332625e+05
49	75	69	4.674072e+04
49	75	70	1.024918e+02
49	76	56	1.035315e+04
49	76	57	1.050416e+05
49	76	58	2.736307e+04
49	76	61	2.807031e+04
49	76	62	-2.476245e+04
49	76	63	3.383375e+05
49	76	64	3.990332e+05
49	76	65	4.428542e+05
49	76	66	1.793326e+05
49	76	67	8.343908e+05
49	76	68	6.041237e+05
49	76	69	3.133359e+05
49	76	70	1.994019e+04
49	76	71	3.309717e+01
49	76	72	6.323596e+00
49	76	77	4.704375e+01
49	76	78	6.728925e+02
49	76	79	2.194372e+02
49	77	56	4.856160e+04
49	77	57	4.926989e+05
49	77	58	1.283468e+05
49	77	61	3.257803e+04
49	77	62	-3.838058e+04
49	77	63	4.269856e+05
49	77	64	1.271190e+06
49	77	65	1.416215e+06
49	77	66	1.603914e+05
49	77	67	2.558436e+05
49	77	68	1.400689e+06
49	77	69	1.361646e+06
49	77	70	1.199626e+05
49	77	71	7.450440e+04
49	77	72	1.660528e+03
49	77	73	4.042796e+01
49	77	77	-3.389634e+01
49	77	78	-4.848379e+02
49	77	79	-1.581106e+02
49	78	52	-3.592471e+01
49	78	53	-2.294159e+04
49	78	54	-2.683293e+04
49	78	60	4.091970e+01
49	78	61	1.678800e+04
49	78	62	6.193669e+04
49	78	63	7.043219e+05
49	78	64	1.401343e+06
49	78	65	1.377109e+06
49	78	66	2.599403e+05
49	78	67	4.108922e+05
49	78	68	1.793046e+06
49	78	69	1.566217e+06
49	78	70	6.901589e+05
49	78	71	-8.335125e+03
49	78	72	1.210040e+04
49	78	73	9.428193e+03
49	78	77	5.795150e+02
49	78	78	8.289120e+03
49	78	79	2.703167e+03
49	79	52	-2.207558e+02
49	79	53	-1.409751e+05
49	79	54	-1.648872e+05
49	79	60	1.135467e+03
49	79	61	4.658448e+05
49	79	62	5.862446e+05
49	79	63	4.479874e+05
49	79	64	5.716395e+05
49	79	65	1.013139e+05
49	79	66	3.306455e+04
49	79	67	1.277096e+05
49	79	68	7.202228e+05
49	79	69	5.188628e+05
49	79	70	1.324668e+06
49	79	71	9.143633e+05
49	79	72	7.688360e+03
49	79	73	7.225821e+03
49	80	52	-3.767443e+01
49	80	53	-2.405897e+04
49	80	54	-2.813984e+04
49	80	60	5.142818e+02
49	80	61	2.124511e+05
49	80	62	2.672888e+05
49	80	63	5.126300e+04
49	80	64	7.763602e+05
49	80	65	5.390066e+05
49	80	66	7.042395e+02
49	80	67	8.726661e+03
49	80	68	2.928500e+04
49	80	69	2.112383e+05
49	80	70	4.776333e+05
49	80	71	3.256515e+04
49	81	61	2.726790e+04
49	81	62	2.036283e+05
49	81	63	7.535173e+05
49	81	64	3.802151e+05
49	81	65	3.845322e+05
49	81	66	3.977897e+03
49	81	67	9.771172e+04
49	81	68	5.848986e+04
49	81	69	2.181927e+04
49	81	70	2.154561e+05
49	81	71	2.426504e+05
49	81	72	2.015146e+03
49	81	73	1.054834e+05
49	81	74	5.962320e+04
49	82	34	2.366064e+03
49	82	35	3.955542e+02
49	82	36	3.380113e+04
49	82	56	9.564603e+01
49	82	57	2.395346e+03
49	82	58	5.090898e+03
49	82	61	1.030440e+04
49	82	62	7.973803e+04
49	82	63	3.555858e+05
49	82	64	1.235274e+05
49	82	65	3.368771e+05
49	82	66	8.787098e+03
49	82	67	3.471054e+04
49	82	68	1.302448e+04
49	82	69	9.042464e+02
49	82	70	3.448436e+05
49	82	71	4.209132e+05
49	82	72	1.952035e+04
49	82	73	1.021799e+06
49	82	74	5.775589e+05
49	83	34	2.209516e+04
49	83	35	3.693828e+03
49	83	36	3.156471e+05
49	83	56	7.981348e+02
49	83	57	1.998838e+04
49	83	58	4.248188e+04
49	83	62	8.253000e+03
49	83	63	2.161825e+05
49	83	64	3.547751e+05
49	83	65	1.050804e+06
49	83	66	1.492453e+04
49	83	67	1.227901e+04
49	83	68	4.526486e-01
49	83	69	1.469959e+03
49	83	70	4.421373e+04
49	83	71	8.822057e+04
49	83	72	5.018837e+03
49	83	73	2.604323e+05
49	83	74	1.469055e+05
49	84	34	7.190175e+04
49	84	35	1.202040e+04
49	84	36	1.027174e+06
49	84	56	1.790428e+02
49	84	57	4.483923e+03
49	84	58	9.529810e+03
49	84	65	2.864293e+02
49	84	66	1.254844e+04
49	84	67	2.239219e+04
49	84	68	3.490844e+02
49	84	69	4.504209e+03
49	84	70	2.027664e+04
49	84	71	3.832076e+04
49	84	72	3.467852e+03
49	84	73	1.048308e+05
49	84	74	4.914421e+04
49	85	65	5.697787e+03
49	85	66	2.496196e+05
49	85	67	4.454360e+05
49	85	68	3.018740e+02
49	85	69	3.344782e+03
49	85	70	9.269635e+02
49	85	72	1.693380e+03
49	85	73	5.118973e+04
49	85	74	2.399751e+04
49	86	65	2.220985e+03
49	86	66	9.730115e+04
49	86	67	1.736300e+05
49	105	93	7.282344e+01
49	105	94	4.854997e+03
49	105	95	7.796114e+03
49	106	93	3.119017e+03
49	106	94	2.079388e+05
49	106	95	3.339064e+05
49	107	93	5.600774e+03
49	107	94	3.733927e+05
49	107	95	5.995909e+05
50	66	77	8.536129e+02
50	66	78	6.318777e+03
50	66	79	1.281526e+03
50	67	72	7.336138e+00
50	67	73	3.289789e+02
50	67	74	1.773583e+02
50	67	77	2.449397e+04
50	67	78	1.813139e+05
50	67	79	3.677269e+04
50	68	72	9.518792e+01
50	68	73	4.268569e+03
50	68	74	2.301261e+03
50	68	77	4.969188e+04
50	68	78	3.678387e+05
50	68	79	7.460222e+04
50	69	59	5.665982e+03
50	69	60	-2.594667e+03
50	69	61	7.320222e+04
50	69	72	2.638281e+02
50	69	73	1.183100e+04
50	69	74	6.378302e+03
50	70	59	6.854007e+04
50	70	60	-3.138709e+04
50	70	61	8.855103e+05
50	70	67	1.193547e+01
50	70	68	6.126528e+02
50	70	69	3.442997e+02
50	71	59	2.014225e+04
50	71	60	-9.223897e+03
50	71	61	2.602298e+05
50	71	64	1.041252e+03
50	71	65	1.189752e+04
50	71	66	3.337717e+04
50	71	67	1.510040e+03
50	71	68	6.039474e+04
50	71	69	3.229912e+04
50	72	62	7.791050e+02
50	72	63	6.807806e+04
50	72	64	4.678955e+04
50	72	65	4.723557e+04
50	72	66	1.116851e+05
50	72	67	5.021045e+03
50	72	68	6.737112e+04
50	72	69	2.115860e+04
50	72	70	3.023010e-01
50	72	71	3.928738e+02
50	72	72	8.709806e+04
50	72	73	6.627761e+04
50	73	62	5.414582e+03
50	73	63	4.731372e+05
50	73	64	3.254089e+05
50	73	65	2.573251e+05
50	73	66	6.750904e+05
50	73	67	2.683390e+05
50	73	68	2.287802e+05
50	73	70	2.620782e+03
50	73	71	-1.331913e+03
50	73	72	6.754322e+05
50	73	73	4.939262e+05
50	74	62	1.038125e+03
50	74	63	9.439423e+04
50	74	64	1.244022e+05
50	74	65	1.934131e+05
50	74	66	1.158137e+05
50	74	67	3.706182e+05
50	74	68	2.674685e+05
50	74	69	5.313160e+03
50	74	70	4.448216e+03
50	74	71	-3.815768e+03
50	74	72	1.599616e+05
50	74	73	1.007864e+05
50	74	74	4.379037e+02
50	75	57	2.872960e+00
50	75	58	4.041684e+01
50	75	59	1.305080e+01
50	75	61	-8.076294e+01
50	75	62	1.080311e+03
50	75	63	5.391775e+03
50	75	64	2.039562e+05
50	75	65	6.768332e+05
50	75	66	1.228692e+06
50	75	67	4.748067e+05
50	75	68	1.741951e+05
50	75	69	1.191833e+05
50	75	70	8.535773e+04
50	75	71	2.205241e+04
50	75	72	4.810328e+02
50	75	73	3.932819e+02
50	75	74	7.519999e+03
50	76	57	4.723584e+03
50	76	58	6.645144e+04
50	76	59	2.145750e+04
50	76	61	-4.911976e+03
50	76	62	1.482364e+03
50	76	63	-1.453957e+04
50	76	64	3.110186e+05
50	76	65	5.336300e+05
50	76	66	9.747949e+05
50	76	67	1.989380e+06
50	76	68	6.773964e+05
50	76	69	8.218346e+05
50	76	70	2.618308e+05
50	76	71	2.397935e+04
50	76	72	1.498306e+03
50	76	73	9.650331e+02
50	76	74	1.845254e+04
50	76	77	4.852559e+03
50	76	78	6.940880e+04
50	76	79	2.263493e+04
50	77	57	4.277297e+03
50	77	58	6.017306e+04
50	77	59	1.943019e+04
50	77	61	-2.711619e+03
50	77	62	3.719698e+04
50	77	63	1.139489e+05
50	77	64	9.438857e+05
50	77	65	1.103784e+06
50	77	66	3.663443e+06
50	77	67	3.507410e+06
50	77	68	4.323669e+06
50	77	69	2.632610e+06
50	77	70	6.769414e+05
50	77	71	5.286986e+05
50	77	72	8.298985e+04
50	77	73	1.561441e+03
50	77	77	-3.496405e+03
50	77	78	-5.001099e+04
50	77	79	-1.630910e+04
50	78	43	4.417923e+02
50	78	44	-5.521473e+02
50	78	45	4.878285e+03
50	78	52	1.959489e+02
50	78	53	1.251334e+05
50	78	54	1.463585e+05
50	78	59	1.249548e+01
50	78	60	2.436907e+01
50	78	61	2.229062e+02
50	78	62	6.713302e+04
50	78	63	1.114751e+06
50	78	64	1.428463e+06
50	78	65	2.095564e+06
50	78	66	3.870514e+06
50	78	67	6.746345e+06
50	78	68	4.623512e+06
50	78	69	1.979261e+06
50	78	70	1.180657e+06
50	78	71	5.444904e+05
50	78	72	4.914661e+05
50	78	73	3.641431e+05
50	78	77	5.977692e+04
50	78	78	8.550220e+05
50	78	79	2.788315e+05
50	79	40	1.385599e+03
50	79	41	1.713173e+04
50	79	42	5.106334e+03
50	79	43	5.554866e+02
50	79	44	-6.942412e+02
50	79	45	6.133701e+03
50	79	52	1.204098e+03
50	79	53	7.689393e+05
50	79	54	8.993665e+05
50	79	58	1.419840e-01
50	79	59	9.830365e+02
50	79	60	1.911084e+03
50	79	61	1.800010e+04
50	79	62	3.661896e+03
50	79	63	5.231773e+04
50	79	64	2.118728e+05
50	79	65	5.145498e+05
50	79	66	7.439610e+05
50	79	67	2.879259e+06
50	79	68	2.210417e+06
50	79	69	4.278300e+05
50	79	70	6.721013e+05
50	79	71	7.090522e+01
50	79	72	2.969459e+05
50	79	73	2.790814e+05
50	80	40	-2.012465e+03
50	80	41	-2.488239e+04
50	80	42	-7.416520e+03
50	80	43	7.294294e+03
50	80	44	-9.116330e+03
50	80	45	8.054382e+04
50	80	52	2.054927e+02
50	80	53	1.312280e+05
50	80	54	1.534869e+05
50	80	58	5.728998e+02
50	80	59	1.702097e+04
50	80	60	8.727048e+03
50	80	61	1.098913e+04
50	80	62	7.628185e+03
50	80	63	1.625435e+05
50	80	64	6.783248e+05
50	80	65	3.616544e+05
50	80	66	4.046128e+05
50	80	67	3.651925e+05
50	80	68	6.914372e+05
50	80	69	8.341582e+05
50	80	70	2.335379e+05
50	80	71	3.678252e+03
50	81	40	1.458157e+04
50	81	41	1.802885e+05
50	81	42	5.373734e+04
50	81	58	5.378042e+02
50	81	59	1.540034e+04
50	81	60	7.065340e+03
50	81	62	2.354146e+03
50	81	63	2.991817e+04
50	81	64	5.121646e+04
50	81	65	1.075548e+04
50	81	66	1.369947e+05
50	81	67	7.338473e+05
50	81	68	9.654729e+05
50	81	69	2.642347e+05
50	81	70	2.424068e+05
50	81	71	1.681731e+05
50	82	34	6.913430e+02
50	82	35	1.155775e+02
50	82	36	9.876391e+03
50	82	56	2.967462e+02
50	82	57	7.431670e+03
50	82	58	1.579474e+04
50	82	62	5.789824e+03
50	82	63	1.031327e+05
50	82	64	2.428108e+05
50	82	65	6.948595e+04
50	82	66	2.599922e+05
50	82	67	4.313761e+05
50	82	68	9.981541e+04
50	82	69	1.157218e+05
50	82	70	2.489058e+05
50	82	71	3.122250e+05
50	83	34	6.456010e+03
50	83	35	1.079304e+03
50	83	36	9.222930e+04
50	83	56	2.476250e+03
50	83	57	6.201485e+04
50	83	58	1.318020e+05
50	83	62	1.613452e+04
50	83	63	2.924122e+05
50	83	64	6.829686e+05
50	83	65	2.177093e+05
50	83	66	4.825308e+05
50	83	67	3.969976e+05
50	83	68	3.684595e+01
50	83	69	1.178140e+04
50	83	70	3.639428e+05
50	83	71	7.017505e+05
50	83	72	6.624773e+02
50	83	73	2.002624e+04
50	83	74	9.388209e+03
50	84	34	2.100906e+04
50	84	35	3.512256e+03
50	84	36	3.001313e+05
50	84	56	5.554884e+02
50	84	57	1.391157e+04
50	84	58	2.956667e+04
50	84	63	5.628512e+01
50	84	64	4.221208e+03
50	84	65	6.898513e+03
50	84	66	1.292228e+04
50	84	67	2.305928e+04
50	84	68	2.841575e+04
50	84	69	3.197907e+05
50	84	70	2.471508e+05
50	84	71	3.064274e+05
50	84	72	2.228236e+04
50	84	73	6.735804e+05
50	84	74	3.157715e+05
50	85	65	5.867532e+03
50	85	66	2.570560e+05
50	85	67	4.587062e+05
50	85	68	2.457278e+04
50	85	69	2.722679e+05
50	85	70	7.545556e+04
50	85	72	1.088065e+04
50	85	73	3.289147e+05
50	85	74	1.541937e+05
50	86	65	2.287151e+03
50	86	66	1.001999e+05
50	86	67	1.788026e+05
50	105	93	1.226809e+01
50	105	94	8.178895e+02
50	105	95	1.313360e+03
50	106	93	5.254402e+02
50	106	94	3.503008e+04
50	106	95	5.625101e+04
50	107	93	9.435256e+02
50	107	94	6.290301e+04
50	107	95	1.010091e+05
51	66	77	1.481609e+03
51	66	78	1.096745e+04
51	66	79	2.224333e+03
51	67	72	3.709457e+02
51	67	73	1.663454e+04
51	67	74	8.967973e+03
51	67	77	4.251398e+04
51	67	78	3.147051e+05
51	67	79	6.382606e+04
51	68	63	2.919328e-01
51	68	64	9.633304e+01
51	68	65	1.196851e+02
51	68	72	4.813097e+03
51	68	73	2.158366e+05
51	68	74	1.163613e+05
51	68	77	8.624979e+04
51	68	78	6.384547e+05
51	68	79	1.294865e+05
51	69	59	3.383149e+03
51	69	60	-1.549272e+03
51	69	61	4.370894e+04
51	69	63	1.945101e+01
51	69	64	6.418515e+03
51	69	65	7.974428e+03
51	69	71	8.655586e+01
51	69	72	1.369072e+04
51	69	73	6.001003e+05
51	69	74	3.225135e+05
51	70	59	4.092517e+04
51	70	60	-1.874118e+04
51	70	61	5.287369e+05
51	70	63	3.123852e+01
51	70	64	1.030820e+04
51	70	65	1.280701e+04
51	70	67	1.189542e+02
51	70	68	6.105971e+03
51	70	69	3.431444e+03
51	70	71	1.540128e+03
51	70	72	6.236056e+03
51	70	73	3.337313e+04
51	71	59	1.202691e+04
51	71	60	-5.507575e+03
51	71	61	1.553828e+05
51	71	64	1.761119e+03
51	71	65	1.090039e+04
51	71	66	4.555720e+04
51	71	67	1.721638e+04
51	71	68	6.030768e+05
51	71	69	3.219074e+05
51	71	71	3.724792e+03
51	71	72	1.508187e+04
51	71	73	8.071278e+04
51	72	62	7.455363e+02
51	72	63	6.514484e+04
51	72	64	4.670526e+04
51	72	65	3.446749e+04
51	72	66	1.246147e+05
51	72	67	1.098750e+05
51	72	68	6.809683e+05
51	72	69	2.109648e+05
51	72	70	4.319185e+02
51	72	71	1.715944e+02
51	72	72	1.686544e+04
51	72	73	1.277115e+04
51	73	62	5.181288e+03
51	73	63	4.565048e+05
51	73	64	3.255846e+05
51	73	65	2.732945e+05
51	73	66	8.474227e+05
51	73	67	3.297016e+05
51	73	68	3.127308e+05
51	73	69	2.832490e+04
51	73	70	1.265402e+05
51	73	71	-1.092663e+05
51	73	72	8.443357e+05
51	73	73	9.517554e+04
51	74	62	9.933964e+02
51	74	63	1.843913e+05
51	74	64	2.796894e+05
51	74	65	1.988443e+06
51	74	66	3.173993e+05
51	74	67	7.098186e+05
51	74	68	6.706732e+05
51	74	69	2.948854e+05
51	74	70	1.668530e+05
51	74	71	-9.062906e+04
51	74	72	8.176506e+05
51	74	73	2.043609e+04
51	74	74	1.949937e+04
51	75	57	-2.919914e+00
51	75	58	-4.107739e+01
51	75	59	-1.326410e+01
51	75	61	9.372828e+02
51	75	62	1.081080e+04
51	75	63	1.390741e+05
51	75	64	8.557921e+05
51	75	65	3.706225e+06
51	75	66	1.469246e+06
51	75	67	1.666997e+06
51	75	68	2.291104e+06
51	75	69	1.477903e+06
51	75	70	8.775628e+05
51	75	71	3.209857e+05
51	75	72	7.476539e+04
51	75	73	1.751241e+04
51	75	74	3.348573e+05
51	76	57	-4.800783e+03
51	76	58	-6.753748e+04
51	76	59	-2.180819e+04
51	76	61	5.713007e+04
51	76	62	2.010644e+05
51	76	63	1.227094e+06
51	76	64	1.348261e+06
51	76	65	1.279714e+06
51	76	66	7.106027e+06
51	76	67	8.727674e+06
51	76	68	8.752628e+06
51	76	69	3.615232e+06
51	76	70	4.813573e+05
51	76	71	9.251837e+04
51	76	72	5.273754e+04
51	76	73	4.297187e+04
51	76	74	8.216713e+05
51	76	77	3.243115e+03
51	76	78	4.638805e+04
51	76	79	1.512762e+04
51	77	57	-4.347202e+03
51	77	58	-6.115650e+04
51	77	59	-1.974774e+04
51	77	61	4.523960e+04
51	77	62	9.512253e+04
51	77	63	7.828971e+05
51	77	64	7.573770e+05
51	77	65	2.982222e+06
51	77	66	7.587830e+06
51	77	67	1.390685e+07
51	77	68	9.951102e+06
51	77	69	3.839320e+06
51	77	70	2.417115e+06
51	77	71	7.391245e+05
51	77	72	4.845148e+04
51	77	73	8.011406e+02
51	77	77	-2.336756e+03
51	77	78	-3.342389e+04
51	77	79	-1.089988e+04
51	78	43	1.183658e+03
51	78	44	-1.479324e+03
51	78	45	1.306999e+04
51	78	59	2.195238e+02
51	78	60	4.281222e+02
51	78	61	-8.132554e+03
51	78	62	3.912000e+04
51	78	63	4.338647e+05
51	78	64	2.665386e+06
51	78	65	3.619540e+06
51	78	66	5.156453e+06
51	78	67	1.597249e+07
51	78	68	9.986899e+06
51	78	69	3.946110e+06
51	78	70	2.843102e+06
51	78	71	3.043182e+05
51	78	72	2.542000e+05
51	78	73	1.895896e+05
51	78	74	8.970441e+03
51	78	77	3.995077e+04
51	78	78	5.714377e+05
51	78	79	1.863517e+05
51	79	40	-2.556172e+03
51	79	41	-3.160486e+04
51	79	42	-9.420237e+03
51	79	43	1.488270e+03
51	79	44	-1.860024e+03
51	79	45	1.643353e+04
51	79	58	4.094970e+00
51	79	59	1.731607e+04
51	79	60	3.359560e+04
51	79	61	4.390417e+05
51	79	62	-2.371651e+05
51	79	63	1.406481e+06
51	79	64	1.635377e+06
51	79	65	2.495199e+06
51	79	66	3.582245e+06
51	79	67	9.775406e+06
51	79	68	7.726108e+06
51	79	69	2.290621e+06
51	79	70	5.810429e+05
51	79	71	2.024061e+04
51	79	72	1.814443e+05
51	79	73	1.662649e+05
51	79	74	1.808415e+04
51	80	40	3.712624e+03
51	80	41	4.590339e+04
51	80	42	1.368210e+04
51	80	43	1.954301e+04
51	80	44	-2.442465e+04
51	80	45	2.157946e+05
51	80	58	1.652304e+04
51	80	59	4.839628e+05
51	80	60	2.382020e+05
51	80	61	1.930989e+05
51	80	62	1.585190e+04
51	80	63	1.543809e+05
51	80	64	3.981533e+05
51	80	65	3.468200e+05
51	80	66	1.731063e+06
51	80	67	1.783417e+06
51	80	68	2.695912e+06
51	80	69	2.214362e+06
51	80	70	1.128208e+06
51	80	71	2.182356e+04
51	80	72	9.089505e+02
51	80	73	5.748954e+04
51	80	74	1.245467e+05
51	81	40	-2.690029e+04
51	81	41	-3.325988e+05
51	81	42	-9.913539e+04
51	81	58	1.551085e+04
51	81	59	4.441623e+05
51	81	60	2.038025e+05
51	81	61	3.030089e+01
51	81	62	3.428132e+04
51	81	63	3.570620e+05
51	81	64	8.506629e+05
51	81	65	5.745797e+05
51	81	66	7.358402e+05
51	81	67	7.813116e+05
51	81	68	1.102073e+06
51	81	69	1.494786e+06
51	81	70	7.855061e+05
51	81	71	2.281348e+05
51	81	72	8.188175e+04
51	81	73	1.246604e+02
51	82	56	1.911379e+03
51	82	57	4.786830e+04
51	82	58	1.017359e+05
51	82	62	4.531291e+03
51	82	63	4.432026e+04
51	82	64	1.508170e+05
51	82	65	7.323754e+04
51	82	66	8.636127e+05
51	82	67	4.379454e+05
51	82	68	1.892679e+05
51	82	69	6.774303e+05
51	82	70	9.614704e+04
51	82	71	5.550219e+04
51	82	72	7.692232e+03
51	82	73	1.135656e+04
51	83	56	1.594983e+04
51	83	57	3.994453e+05
51	83	58	8.489526e+05
51	83	63	1.618903e+03
51	83	64	1.214127e+05
51	83	65	1.904746e+05
51	83	66	2.321676e+05
51	83	67	1.941979e+05
51	83	68	1.389267e+05
51	83	69	7.872544e+04
51	83	70	5.590800e+05
51	83	71	5.649048e+05
51	83	72	5.125014e+03
51	83	73	1.096099e+04
51	83	74	1.673080e+03
51	84	56	3.577969e+03
51	84	57	8.960616e+04
51	84	58	1.904426e+05
51	84	63	4.669265e+03
51	84	64	3.501803e+05
51	84	65	5.478131e+05
51	84	66	7.374283e+01
51	84	67	5.272909e+02
51	84	68	4.379585e+04
51	84	69	4.854287e+05
51	84	70	4.190919e+05
51	84	71	2.818141e+05
51	84	72	3.970955e+03
51	84	73	1.200393e+05
51	84	74	5.627386e+04
51	85	68	3.777916e+04
51	85	69	4.185952e+05
51	85	70	1.160083e+05
51	85	72	1.939049e+03
51	85	73	5.861613e+04
51	85	74	2.747898e+04
51	86	57	1.531592e+02
51	86	58	-9.570719e+01
51	86	59	1.920566e+03
51	87	57	6.546169e+03
51	87	58	-4.090617e+03
51	87	59	8.208683e+04
51	88	57	1.176167e+04
51	88	58	-7.349717e+03
51	88	59	1.474875e+05
51	94	53	7.936822e+01
51	94	54	1.707447e+03
51	94	55	6.911980e+02
51	95	53	2.507582e+03
51	95	54	5.394557e+04
51	95	55	2.183790e+04
51	96	53	1.195882e+03
51	96	54	2.572700e+04
51	96	55	1.041464e+04
52	67	72	2.075331e+02
52	67	73	9.306531e+03
52	67	74	5.017314e+03
52	68	63	1.037145e+01
52	68	64	3.422408e+03
52	68	65	4.252034e+03
52	68	72	2.692785e+03
52	68	73	1.207542e+05
52	68	74	6.510070e+04
52	69	63	6.910329e+02
52	69	64	2.280295e+05
52	69	65	2.833062e+05
52	69	71	9.102136e+02
52	69	72	1.114897e+04
52	69	73	3.544125e+05
52	69	74	1.804367e+05
52	70	63	1.109806e+03
52	70	64	3.662176e+05
52	70	65	4.549925e+05
52	70	67	3.058899e+01
52	70	68	1.570146e+03
52	70	69	8.823936e+02
52	70	71	1.619584e+04
52	70	72	6.557780e+04
52	70	73	3.509488e+05
52	71	63	1.668806e+00
52	71	64	7.217866e+01
52	71	65	3.337535e+03
52	71	66	1.898352e+02
52	71	67	6.466010e+04
52	71	68	2.692313e+05
52	71	69	8.277828e+04
52	71	71	3.916957e+04
52	71	72	1.585996e+05
52	71	73	8.487683e+05
52	72	63	1.754763e+01
52	72	64	8.299217e+02
52	72	65	1.011196e+05
52	72	66	-1.028305e+05
52	72	67	1.373533e+06
52	72	68	1.432971e+06
52	72	69	5.889137e+04
52	72	70	1.171849e+03
52	72	71	2.935125e+02
52	72	72	3.729819e+01
52	73	63	3.125075e+03
52	73	64	2.521746e+03
52	73	65	1.335307e+05
52	73	66	-6.811294e+04
52	73	67	7.869493e+05
52	73	68	5.745207e+05
52	73	69	2.820968e+05
52	73	70	2.145616e+05
52	73	71	-3.412467e+04
52	73	72	3.258493e+05
52	74	63	7.606660e+04
52	74	64	5.324407e+04
52	74	65	1.832828e+06
52	74	66	4.506056e+05
52	74	67	1.553045e+06
52	74	68	5.264075e+05
52	74	69	4.791558e+05
52	74	70	3.403378e+05
52	74	71	1.891835e+05
52	74	72	8.312528e+05
52	74	73	5.485474e+02
52	74	74	1.048885e+04
52	75	57	3.337619e+01
52	75	58	4.695366e+02
52	75	59	1.516157e+02
52	75	62	2.000605e+03
52	75	63	1.085074e+05
52	75	64	2.469766e+05
52	75	65	2.293052e+06
52	75	66	3.198147e+06
52	75	67	3.200748e+06
52	75	68	2.113715e+06
52	75	69	6.478690e+05
52	75	70	8.131670e+05
52	75	71	8.909687e+05
52	75	72	6.634051e+05
52	75	73	9.420054e+03
52	75	74	1.801222e+05
52	76	57	5.487553e+04
52	76	58	7.719896e+05
52	76	59	2.492793e+05
52	76	61	1.547749e+02
52	76	62	5.473935e+04
52	76	63	2.707899e+05
52	76	64	1.087536e+06
52	76	65	3.898468e+06
52	76	66	7.730528e+06
52	76	67	1.047587e+07
52	76	68	1.173497e+07
52	76	69	4.442862e+06
52	76	70	1.618175e+06
52	76	71	4.846401e+05
52	76	72	2.827238e+04
52	76	73	2.311488e+04
52	76	74	4.419830e+05
52	77	57	4.969085e+04
52	77	58	6.990516e+05
52	77	59	2.257273e+05
52	77	61	1.107988e+04
52	77	62	5.713634e+05
52	77	63	9.572420e+05
52	77	64	4.253035e+05
52	77	65	4.167734e+06
52	77	66	2.177111e+07
52	77	67	3.187742e+07
52	77	68	2.302097e+07
52	77	69	7.610105e+06
52	77	70	2.792023e+06
52	77	71	6.806082e+05
52	77	72	7.539011e+04
52	78	43	8.487566e+03
52	78	44	-1.060767e+04
52	78	45	9.371997e+04
52	78	59	5.336714e+02
52	78	60	1.040783e+03
52	78	61	9.000804e+02
52	78	62	2.146827e+05
52	78	63	1.000867e+06
52	78	64	2.268320e+06
52	78	65	7.861791e+06
52	78	66	1.302892e+07
52	78	67	3.177391e+07
52	78	68	2.414376e+07
52	78	69	6.930340e+06
52	78	70	2.227215e+06
52	78	71	4.090838e+05
52	78	72	-1.030281e+05
52	78	73	3.782373e+03
52	78	74	1.194492e+04
52	79	40	1.309996e+04
52	79	41	1.619697e+05
52	79	42	4.827717e+04
52	79	43	1.067182e+04
52	79	44	-1.333753e+04
52	79	45	1.178386e+05
52	79	57	1.162871e-02
52	79	58	3.450859e+00
52	79	59	4.186607e+04
52	79	60	8.167955e+04
52	79	61	8.486366e+05
52	79	62	-1.880749e+05
52	79	63	1.700081e+06
52	79	64	3.339681e+06
52	79	65	9.399982e+06
52	79	66	1.158393e+07
52	79	67	1.720270e+07
52	79	68	9.759397e+06
52	79	69	2.988839e+06
52	79	70	9.592636e+05
52	79	71	5.805427e+05
52	79	72	8.108311e+05
52	79	73	3.155685e+05
52	79	74	3.673291e+05
52	80	40	-1.902659e+04
52	80	41	-2.352473e+05
52	80	42	-7.011852e+04
52	80	43	1.401355e+05
52	80	44	-1.751399e+05
52	80	45	1.547381e+06
52	80	57	7.659099e-02
52	80	58	7.612647e+03
52	80	59	2.439980e+05
52	80	60	1.808117e+05
52	80	61	4.989081e+05
52	80	62	6.026426e+05
52	80	63	2.196516e+06
52	80	64	1.277559e+06
52	80	65	1.823704e+06
52	80	66	4.617892e+06
52	80	67	5.686713e+06
52	80	68	2.859787e+06
52	80	69	1.103882e+06
52	80	70	3.173318e+05
52	80	71	3.825039e+04
52	80	72	3.045668e+04
52	80	73	4.071104e+05
52	80	74	5.426854e+05
52	80	77	5.722729e+02
52	80	78	3.983530e+03
52	80	79	1.521402e+04
52	81	40	1.378596e+05
52	81	41	1.704514e+06
52	81	42	5.080526e+05
52	81	57	3.020106e-01
52	81	58	7.177303e+03
52	81	59	2.043898e+05
52	81	60	1.168243e+05
52	81	61	2.461928e+04
52	81	62	4.692888e+05
52	81	63	6.108470e+05
52	81	64	6.073137e+05
52	81	65	6.549928e+05
52	81	66	2.033200e+06
52	81	67	2.955597e+06
52	81	68	2.720510e+04
52	81	69	1.168454e+06
52	81	70	6.250755e+05
52	81	71	3.057589e+05
52	81	72	2.020053e+04
52	81	73	1.260999e+04
52	81	74	1.200698e+02
52	81	77	-1.063880e+03
52	81	78	-7.405552e+03
52	81	79	-2.828350e+04
52	82	61	5.134089e+02
52	82	62	1.968024e+04
52	82	63	5.522923e+04
52	82	64	1.014427e+05
52	82	65	8.272489e+04
52	82	66	7.772319e+05
52	82	67	5.103266e+05
52	82	68	1.074120e+06
52	82	69	9.132092e+05
52	82	70	1.395933e+05
52	82	71	7.260990e+04
52	82	72	3.198083e+05
52	82	73	4.721544e+05
52	82	77	5.387138e+03
52	82	78	3.749929e+04
52	82	79	1.432184e+05
52	83	58	6.380309e+01
52	83	59	6.064981e+02
52	83	60	1.955640e+03
52	83	63	1.031792e+03
52	83	64	7.738240e+04
52	83	65	1.210629e+05
52	83	66	1.391682e+04
52	83	67	4.814440e+05
52	83	68	1.239908e+05
52	83	69	-1.377487e+05
52	83	70	2.020772e+05
52	83	71	1.767940e+05
52	83	72	2.081666e+05
52	83	73	3.073302e+05
52	84	58	6.474648e+02
52	84	59	6.156714e+03
52	84	60	2.044831e+04
52	84	61	4.755867e+02
52	84	63	2.975911e+03
52	84	64	2.240777e+05
52	84	65	3.564518e+05
52	84	66	8.624601e+04
52	84	67	6.685304e+05
52	84	68	1.830215e+05
52	84	69	1.369343e+02
52	84	70	1.052843e+05
52	84	71	9.102537e+04
52	85	58	1.686870e+02
52	85	59	1.887304e+03
52	85	60	8.834411e+04
52	85	61	6.562711e+04
52	85	64	1.032638e+03
52	85	65	8.445076e+03
52	85	66	1.863557e+03
52	85	71	7.834839e+01
52	85	72	3.322154e+03
52	85	73	1.758908e+03
52	86	57	9.864958e+02
52	86	58	-6.164485e+02
52	86	59	1.257085e+04
52	86	60	5.876497e+04
52	86	61	4.636775e+04
52	86	71	1.882431e+03
52	86	72	7.981946e+04
52	86	73	4.226025e+04
52	87	57	4.216377e+04
52	87	58	-2.634760e+04
52	87	59	5.287199e+05
52	87	71	8.016328e+02
52	87	72	3.399109e+04
52	87	73	1.799652e+04
52	88	57	7.575674e+04
52	88	58	-4.733941e+04
52	88	59	9.499648e+05
52	90	82	1.338993e+01
52	90	83	3.014298e+03
52	90	84	2.299086e+03
52	91	82	1.417353e+02
52	91	83	3.190701e+04
52	91	84	2.433634e+04
52	92	82	3.805373e+01
52	92	83	8.566535e+03
52	92	84	6.533928e+03
52	94	53	9.969699e+02
52	94	54	2.144780e+04
52	94	55	8.682362e+03
52	95	53	3.149855e+04
52	95	54	6.776279e+05
52	95	55	2.743130e+05
52	96	53	1.502186e+04
52	96	54	3.231652e+05
52	96	55	1.308217e+05
53	65	27	2.088540e+01
53	65	28	2.027703e+02
53	65	29	5.114833e+01
53	65	78	3.804030e+01
53	65	79	1.895441e+03
53	65	80	1.055781e+03
53	66	27	1.320277e+03
53	66	28	1.281819e+04
53	66	29	3.233357e+03
53	66	78	6.063466e+02
53	66	79	3.021255e+04
53	66	80	1.682871e+04
53	67	27	2.146276e+03
53	67	28	2.083757e+04
53	67	29	5.256229e+03
53	67	78	2.104287e+02
53	67	79	1.048507e+04
53	67	80	5.840296e+03
53	68	63	5.166872e+00
53	68	64	1.704983e+03
53	68	65	2.118288e+03
53	69	63	3.442603e+02
53	69	64	1.136003e+05
53	69	65	1.411381e+05
53	69	71	2.432491e+02
53	69	72	9.849281e+02
53	69	73	5.270982e+03
53	70	63	5.528855e+02
53	70	64	1.824431e+05
53	70	65	2.266692e+05
53	70	71	4.328241e+03
53	70	72	1.752527e+04
53	70	73	9.378897e+04
53	71	63	1.263122e+03
53	71	64	2.734245e+04
53	71	65	5.839280e+04
53	71	66	-1.362082e+03
53	71	67	3.397721e+04
53	71	68	3.848297e+04
53	71	71	1.046783e+04
53	71	72	4.238479e+04
53	71	73	2.268282e+05
53	72	63	7.907975e+03
53	72	64	2.986673e+05
53	72	65	5.674349e+05
53	72	66	1.784073e+04
53	72	67	6.731965e+05
53	72	68	5.343086e+05
53	72	69	1.704700e+04
53	72	70	8.199931e+03
53	72	71	2.110831e+03
53	73	63	1.263947e+04
53	73	64	1.583833e+05
53	73	65	1.451123e+05
53	73	66	9.289749e+05
53	73	67	3.344734e+05
53	73	68	4.749092e+05
53	73	69	5.861929e+05
53	73	70	1.120612e+06
53	73	71	1.236363e+05
53	73	72	7.379558e+02
53	74	61	1.262836e+02
53	74	62	5.285610e+03
53	74	63	2.803193e+04
53	74	64	1.776135e+05
53	74	65	1.370420e+05
53	74	66	7.019741e+05
53	74	67	2.588125e+05
53	74	68	1.562896e+06
53	74	69	1.755439e+06
53	74	70	1.446952e+06
53	74	71	3.430538e+05
53	74	72	1.458589e+05
53	75	61	-1.783814e+02
53	75	62	-3.620067e+03
53	75	63	5.475274e+04
53	75	64	-2.586046e+05
53	75	65	3.278592e+05
53	75	66	1.716980e+06
53	75	67	2.804416e+06
53	75	68	2.859117e+06
53	75	69	9.847924e+05
53	75	70	3.754078e+05
53	75	71	2.379332e+05
53	75	72	1.928377e+05
53	76	61	1.342044e+03
53	76	62	8.527395e+04
53	76	63	1.189990e+06
53	76	64	3.448569e+06
53	76	65	4.579542e+06
53	76	66	1.148437e+07
53	76	67	7.772378e+06
53	76	68	7.157021e+06
53	76	69	2.545239e+06
53	76	70	8.001528e+05
53	76	71	1.214176e+06
53	77	62	5.617720e+03
53	77	63	2.368539e+05
53	77	64	4.000251e+06
53	77	65	9.643010e+06
53	77	66	2.178670e+07
53	77	67	2.309545e+07
53	77	68	1.823991e+07
53	77	69	4.971130e+06
53	77	70	9.169198e+05
53	77	71	2.754417e+05
53	77	72	3.723350e+04
53	77	73	4.425638e+01
53	77	74	2.137536e+02
53	78	61	2.521428e+01
53	78	62	3.378819e+03
53	78	63	1.303363e+06
53	78	64	2.910154e+06
53	78	65	1.029139e+07
53	78	66	2.421059e+07
53	78	67	3.311152e+07
53	78	68	2.267608e+07
53	78	69	3.931103e+06
53	78	70	2.200633e+06
53	78	71	3.281774e+05
53	78	72	-4.583142e+04
53	78	73	4.704796e+04
53	78	74	1.560037e+05
53	79	57	1.348581e+02
53	79	58	1.816953e+04
53	79	59	1.278283e+04
53	79	60	1.314691e+02
53	79	61	9.133401e+02
53	79	62	5.289827e+03
53	79	63	9.481888e+05
53	79	64	2.952470e+06
53	79	65	7.163341e+06
53	79	66	1.777675e+07
53	79	67	2.298094e+07
53	79	68	1.123637e+07
53	79	69	1.494071e+06
53	79	70	1.353001e+06
53	79	71	3.662705e+05
53	79	72	5.002773e+05
53	79	73	5.488577e+04
53	79	74	-1.435245e+05
53	80	57	8.882253e+02
53	80	58	1.196712e+05
53	80	59	8.439491e+04
53	80	60	4.199763e+04
53	80	61	3.921886e+04
53	80	62	5.794430e+05
53	80	63	3.795634e+05
53	80	64	9.504962e+05
53	80	65	3.348332e+06
53	80	66	7.120602e+06
53	80	67	3.773400e+06
53	80	68	4.022873e+06
53	80	69	1.849924e+06
53	80	70	6.770591e+04
53	80	71	6.727071e+04
53	80	72	5.944894e+05
53	80	73	1.460895e+06
53	80	74	1.654516e+06
53	80	77	-4.954861e+02
53	80	78	-3.449026e+03
53	80	79	-1.317262e+04
53	81	57	3.502415e+03
53	81	58	4.718829e+05
53	81	59	3.322888e+05
53	81	60	4.172307e+04
53	81	61	5.320668e+04
53	81	62	8.042894e+05
53	81	63	7.396379e+05
53	81	64	1.165310e+05
53	81	65	3.997253e+05
53	81	66	1.415983e+06
53	81	67	1.644992e+06
53	81	68	5.470081e+05
53	81	69	8.726481e+04
53	81	70	1.482431e+04
53	81	71	6.521055e+05
53	81	72	1.422245e+06
53	81	73	5.793853e+05
53	81	74	9.136818e+04
53	81	77	9.211298e+02
53	81	78	6.411886e+03
53	81	79	2.448846e+04
53	82	59	1.007509e+03
53	82	60	7.118436e+04
53	82	61	1.160968e+05
53	82	62	1.123879e+05
53	82	63	2.135466e+05
53	82	64	-4.043365e+04
53	82	65	-1.497278e+04
53	82	66	5.593307e+03
53	82	67	1.185491e+05
53	82	68	7.964844e+05
53	82	69	5.007298e+05
53	82	70	1.363723e+02
53	82	71	2.842274e+03
53	82	72	1.684888e+05
53	82	73	2.483627e+05
53	82	77	-4.664299e+03
53	82	78	-3.246769e+04
53	82	79	-1.240015e+05
53	83	58	9.981424e+02
53	83	59	9.738370e+03
53	83	60	4.827529e+04
53	83	61	2.802352e+04
53	83	64	7.171190e+01
53	83	65	5.864712e+02
53	83	66	1.576198e+04
53	83	67	5.451858e+05
53	83	68	1.712182e+06
53	83	69	7.111447e+05
53	83	70	3.352865e+03
53	83	71	2.955596e+04
53	83	72	1.159723e+05
53	83	73	1.616618e+05
53	84	58	1.012901e+04
53	84	59	9.628002e+04
53	84	60	3.092632e+05
53	84	61	-9.491259e+02
53	84	64	5.388038e+04
53	84	65	4.406423e+05
53	84	66	1.923903e+05
53	84	67	7.457539e+05
53	84	68	2.003257e+05
53	84	70	1.442426e+03
53	84	71	1.224341e+04
53	84	72	2.784527e+03
53	85	58	2.638957e+03
53	85	59	2.451896e+04
53	85	60	-8.510205e+04
53	85	61	-1.309717e+05
53	85	64	6.226073e+04
53	85	65	5.091781e+05
53	85	66	1.123593e+05
53	85	71	-8.739112e+01
53	85	72	-3.705586e+03
53	85	73	-1.961915e+03
53	86	57	1.762112e+02
53	86	58	-1.101121e+02
53	86	59	1.809463e+03
53	86	60	-1.172769e+05
53	86	61	-9.253588e+04
53	86	71	-2.099696e+03
53	86	72	-8.903197e+04
53	86	73	-4.713780e+04
53	87	57	7.531435e+03
53	87	58	-4.706297e+03
53	87	59	9.444174e+04
53	87	71	-8.941547e+02
53	87	72	-3.791424e+04
53	87	73	-2.007362e+04
53	88	57	1.353192e+04
53	88	58	-8.455925e+03
53	88	59	1.696859e+05
53	90	82	5.390557e+01
53	90	83	1.213505e+04
53	90	84	9.255730e+03
53	91	82	5.706024e+02
53	91	83	1.284522e+05
53	91	84	9.797395e+04
53	92	82	1.531979e+02
53	92	83	3.448741e+04
53	92	84	2.630448e+04
53	94	53	3.001854e+02
53	94	54	6.457885e+03
53	94	55	2.614240e+03
53	95	53	9.484142e+03
53	95	54	2.040322e+05
53	95	55	8.259503e+04
53	96	53	4.523050e+03
53	96	54	9.730431e+04
53	96	55	3.939011e+04
54	65	27	6.217337e+02
54	65	28	6.036232e+03
54	65	29	1.522625e+03
54	65	78	2.068490e+02
54	65	79	1.030670e+04
54	65	80	5.740942e+03
54	66	27	3.930308e+04
54	66	28	3.815823e+05
54	66	29	9.625322e+04
54	66	64	1.242970e+02
54	66	65	-1.550508e+02
54	66	66	1.373230e+03
54	66	78	3.297087e+03
54	66	79	1.642846e+05
54	66	80	9.150824e+04
54	67	27	6.389210e+04
54	67	28	6.203099e+05
54	67	29	1.564717e+05
54	67	64	4.420475e+03
54	67	65	-5.514199e+03
54	67	66	4.883730e+04
54	67	78	1.144233e+03
54	67	79	5.701393e+04
54	67	80	3.175736e+04
54	68	64	8.378079e+03
54	68	65	-1.045100e+04
54	68	66	9.256081e+04
54	71	63	3.653408e+02
54	71	64	2.293661e+04
54	71	65	3.890990e+04
54	71	68	4.005016e+02
54	71	69	-2.310940e+02
54	71	70	5.066092e+03
54	72	63	5.246608e+03
54	72	64	2.433253e+05
54	72	65	4.263723e+05
54	72	66	1.067103e+05
54	72	67	2.047836e+04
54	72	68	1.604488e+04
54	72	69	3.720396e+04
54	72	70	6.142821e+04
54	73	63	-1.350065e+03
54	73	64	1.242687e+05
54	73	65	-2.943751e+03
54	73	66	6.679001e+05
54	73	67	1.201587e+05
54	73	68	7.747519e+04
54	73	69	1.870841e+05
54	73	70	1.808001e+04
54	74	61	-6.020017e+01
54	74	62	-2.519683e+03
54	74	63	-2.100907e+03
54	74	64	6.586910e+04
54	74	65	2.074485e+05
54	74	66	1.278259e+06
54	74	67	4.560739e+05
54	74	68	1.209232e+06
54	74	69	1.140011e+06
54	74	70	9.688108e+04
54	74	71	3.859322e+04
54	75	61	8.503553e+01
54	75	62	4.447952e+03
54	75	63	1.207770e+05
54	75	64	1.153145e+06
54	75	65	9.810835e+05
54	75	66	2.365723e+06
54	75	67	2.661567e+06
54	75	68	1.309645e+06
54	75	69	6.828972e+05
54	75	70	6.393951e+05
54	75	71	1.371803e+04
54	76	61	-6.212113e+02
54	76	62	-1.865194e+04
54	76	63	2.112124e+05
54	76	64	2.641754e+06
54	76	65	3.670654e+06
54	76	66	4.208116e+06
54	76	67	3.325591e+06
54	76	68	2.616159e+06
54	76	69	4.406339e+05
54	76	70	2.315786e+05
54	76	71	5.666492e+05
54	77	61	1.685984e+02
54	77	62	1.461947e+04
54	77	63	1.116301e+05
54	77	64	2.297951e+06
54	77	65	2.037820e+06
54	77	66	6.845484e+06
54	77	67	8.566279e+06
54	77	68	7.130248e+06
54	77	69	9.922136e+05
54	77	70	1.837720e+05
54	77	71	4.033053e-01
54	77	72	8.327199e+02
54	77	73	3.940307e+03
54	77	74	1.903126e+04
54	78	61	1.458056e+03
54	78	62	5.394501e+03
54	78	63	3.680621e+05
54	78	64	1.220242e+06
54	78	65	7.379844e+06
54	78	66	1.184676e+07
54	78	67	1.804803e+07
54	78	68	1.324547e+07
54	78	69	3.249009e+06
54	78	70	5.361515e+05
54	78	71	1.711965e+03
54	78	72	2.841455e+04
54	78	73	1.344535e+05
54	78	74	6.493957e+05
54	79	57	1.299297e+02
54	79	58	1.750552e+04
54	79	59	1.231581e+04
54	79	60	5.038125e+00
54	79	61	4.402235e+04
54	79	62	6.513925e+04
54	79	63	1.073103e+06
54	79	64	5.666811e+05
54	79	65	1.831526e+06
54	79	66	5.559693e+06
54	79	67	1.123247e+07
54	79	68	9.105027e+06
54	79	69	3.888475e+06
54	79	70	2.098135e+06
54	79	71	-4.301082e+03
54	79	72	8.003942e+03
54	79	73	2.294510e+05
54	79	74	3.188940e+05
54	80	57	8.557650e+02
54	80	58	1.152978e+05
54	80	59	8.683969e+04
54	80	60	2.187788e+05
54	80	61	1.328573e+05
54	80	62	3.659424e+04
54	80	63	7.662192e+05
54	80	64	1.151801e+06
54	80	65	1.523172e+06
54	80	66	2.859819e+06
54	80	67	2.536875e+06
54	80	68	1.816122e+06
54	80	69	1.328149e+06
54	80	70	3.103143e+05
54	80	71	1.128932e+05
54	80	72	5.180854e+05
54	80	73	2.071241e+06
54	80	74	9.282091e+04
54	80	77	6.854518e+03
54	80	78	4.771357e+04
54	80	79	1.822291e+05
54	81	57	3.374419e+03
54	81	58	4.546379e+05
54	81	59	3.252691e+05
54	81	60	2.009054e+05
54	81	61	8.908681e+04
54	81	62	6.693068e+04
54	81	63	2.100512e+05
54	81	64	1.505582e+06
54	81	65	1.384609e+06
54	81	66	6.867641e+05
54	81	67	-1.825611e+04
54	81	68	1.543503e+05
54	81	69	3.981559e+04
54	81	70	4.469346e+03
54	81	71	4.087747e+04
54	81	72	3.318810e+05
54	81	73	9.147527e+05
54	81	74	1.054835e+05
54	81	77	-1.274284e+04
54	81	78	-8.870155e+04
54	81	79	-3.387716e+05
54	82	59	-1.401032e+03
54	82	60	-8.215260e+04
54	82	61	-1.821007e+05
54	82	62	1.988040e+04
54	82	63	5.297333e+04
54	82	64	3.450352e+05
54	82	65	2.557270e+05
54	82	66	5.174163e+04
54	82	67	5.567548e+03
54	82	68	4.507407e+05
54	82	69	3.866730e+05
54	82	70	1.044380e+03
54	82	71	8.864773e+03
54	82	72	2.016122e+03
54	82	77	6.452557e+04
54	82	78	4.491556e+05
54	82	79	1.715428e+06
54	83	58	2.546741e+03
54	83	59	2.464906e+04
54	83	60	1.366966e+05
54	83	61	7.141643e+03
54	83	63	1.137565e+04
54	83	64	-1.611227e+04
54	83	65	1.210144e+05
54	83	66	1.619533e+02
54	83	67	9.620693e+03
54	83	68	6.538537e+03
54	83	70	2.567725e+04
54	83	71	2.179503e+05
54	83	72	4.956858e+04
54	84	58	2.584397e+04
54	84	59	2.456856e+05
54	84	60	7.975807e+05
54	84	61	4.286419e+03
54	84	63	8.173923e+03
54	84	64	2.008998e+04
54	84	65	3.459352e+05
54	84	66	5.799369e+04
54	84	67	8.858830e+04
54	84	68	6.020750e+04
54	84	70	1.104653e+04
54	84	71	9.376374e+04
54	84	72	2.132475e+04
54	85	58	6.733249e+03
54	85	59	6.656266e+04
54	85	60	9.560184e+05
54	85	61	5.914910e+05
54	85	64	3.662784e+04
54	85	65	2.995482e+05
54	85	66	6.610068e+04
54	85	71	8.912747e+02
54	85	72	3.779212e+04
54	85	73	2.000896e+04
54	86	59	1.807230e+03
54	86	60	5.296431e+05
54	86	61	4.179082e+05
54	86	71	2.141414e+04
54	86	72	9.080092e+05
54	86	73	4.807437e+05
54	87	71	9.119205e+03
54	87	72	3.866755e+05
54	87	73	2.047245e+05
54	90	82	2.896019e+02
54	90	83	6.519426e+04
54	90	84	4.972542e+04
54	91	82	3.065501e+03
54	91	83	6.900957e+05
54	91	84	5.263546e+05
54	92	82	8.230392e+02
54	92	83	1.852800e+05
54	92	84	1.413180e+05
55	65	27	2.897055e+02
55	65	28	2.812667e+03
55	65	29	7.094885e+02
55	65	78	9.151227e+02
55	65	79	4.559800e+04
55	65	80	2.539856e+04
55	65	83	1.015221e+01
55	65	84	1.111543e+03
55	65	85	1.613307e+03
55	66	27	1.831382e+04
55	66	28	1.778036e+05
55	66	29	4.485053e+04
55	66	64	-9.913660e+00
55	66	65	1.236652e+01
55	66	66	-1.095259e+02
55	66	78	1.458668e+04
55	66	79	7.268133e+05
55	66	80	4.048426e+05
55	66	83	3.911128e+01
55	66	84	4.282206e+03
55	66	85	6.215245e+03
55	67	27	2.977141e+04
55	67	28	2.890421e+05
55	67	29	7.291017e+04
55	67	64	-3.525676e+02
55	67	65	4.398007e+02
55	67	66	-3.895158e+03
55	67	78	5.062214e+03
55	67	79	2.522359e+05
55	67	80	1.404980e+05
55	67	83	2.164796e+02
55	67	84	2.370186e+04
55	67	85	3.440117e+04
55	68	64	-6.682176e+02
55	68	65	8.335496e+02
55	68	66	-7.382452e+03
55	70	63	6.058648e+01
55	70	64	1.031246e+03
55	70	65	3.709771e+02
55	71	63	9.990644e+03
55	71	64	2.149144e+04
55	71	65	1.063021e+05
55	71	68	6.634091e+03
55	71	69	-3.827946e+03
55	71	70	8.391707e+04
55	72	63	1.560436e+04
55	72	64	-1.327676e+03
55	72	65	1.778975e+05
55	72	66	1.366366e+04
55	72	67	3.721825e+03
55	72	68	8.045097e+04
55	72	69	-4.635527e+04
55	72	70	1.017778e+06
55	73	63	1.453862e+05
55	73	64	-1.133254e+05
55	73	65	1.696393e+06
55	73	66	2.547159e+04
55	73	67	3.431331e+04
55	73	68	2.415598e+04
55	73	69	-1.083881e+04
55	73	70	3.113903e+05
55	74	61	1.626185e+03
55	74	62	6.806410e+04
55	74	63	1.342875e+05
55	74	64	4.708457e+05
55	74	65	2.663127e+05
55	74	66	1.809624e+05
55	74	67	5.938448e+04
55	74	68	6.002886e+04
55	74	69	4.939650e+03
55	74	70	2.083472e+04
55	75	61	-2.297061e+03
55	75	62	-9.614368e+04
55	75	63	-1.666372e+05
55	75	64	2.068547e+05
55	75	65	2.838307e+05
55	75	66	4.253780e+05
55	75	67	9.047253e+05
55	75	68	6.055139e+05
55	75	69	1.036157e+04
55	75	70	4.237566e+04
55	75	81	4.772063e-05
55	75	82	2.179242e-03
55	75	83	1.181661e-03
55	76	61	1.811154e+04
55	76	62	7.887592e+05
55	76	63	1.393659e+06
55	76	64	8.575292e+05
55	76	65	1.739016e+06
55	76	66	1.928699e+06
55	76	67	1.995806e+06
55	76	68	3.408632e+05
55	76	69	2.005477e+05
55	76	70	8.506519e+05
55	76	71	1.411766e+03
55	76	81	7.277877e+02
55	76	82	3.323564e+04
55	76	83	1.802153e+04
55	77	61	7.541430e+03
55	77	62	5.958672e+05
55	77	63	3.998283e+05
55	77	64	6.051580e+05
55	77	65	2.694576e+06
55	77	66	3.354848e+06
55	77	67	2.797673e+06
55	77	68	1.347308e+06
55	77	69	6.439624e+05
55	77	70	4.413692e+05
55	77	71	2.987037e+04
55	77	72	5.392861e+02
55	77	73	2.551822e+03
55	77	74	1.232503e+04
55	77	81	7.270426e+02
55	77	82	3.320161e+04
55	77	83	1.800308e+04
55	78	57	9.141403e+01
55	78	58	2.292978e+02
55	78	59	1.727386e+03
55	78	61	2.627872e+03
55	78	62	1.444718e+05
55	78	63	1.529219e+05
55	78	64	8.968659e+05
55	78	65	2.116147e+06
55	78	66	3.417353e+06
55	78	67	4.473676e+06
55	78	68	4.424967e+06
55	78	69	1.297773e+06
55	78	70	2.620043e+05
55	78	71	3.547623e+05
55	78	72	1.840184e+04
55	78	73	8.707476e+04
55	78	74	4.205617e+05
55	79	57	7.230796e+01
55	79	58	1.813732e+02
55	79	59	1.366621e+03
55	79	60	1.027215e+01
55	79	61	2.540430e+04
55	79	62	3.715267e+04
55	79	63	4.350459e+05
55	79	64	1.002357e+05
55	79	65	3.693520e+05
55	79	66	5.999721e+05
55	79	67	1.482333e+06
55	79	68	3.466276e+06
55	79	69	1.191477e+06
55	79	70	9.627388e+05
55	79	71	6.570439e+05
55	79	72	1.427380e+04
55	79	73	7.391369e+04
55	79	74	2.064597e+05
55	80	57	1.424156e+03
55	80	58	3.572273e+03
55	80	59	3.858202e+04
55	80	60	4.460644e+05
55	80	61	2.400715e+05
55	80	62	1.760056e+04
55	80	63	2.035030e+05
55	80	64	7.875861e+04
55	80	65	-4.612170e+04
55	80	66	8.800964e+05
55	80	67	8.076228e+05
55	80	68	1.056434e+06
55	80	69	6.351736e+05
55	80	70	7.332701e+05
55	80	71	7.043744e+05
55	80	72	3.165225e+05
55	80	73	4.028325e+05
55	81	59	1.247233e+04
55	81	60	5.115604e+05
55	81	61	3.357989e+05
55	81	64	5.872896e+04
55	81	65	3.104919e+05
55	81	66	6.629112e+05
55	81	67	3.220420e+03
55	81	68	2.408604e+05
55	81	69	8.134875e+05
55	81	70	6.016011e+05
55	81	71	1.716529e+04
55	81	72	1.669772e+05
55	81	73	1.392310e+05
55	82	59	1.265448e+04
55	82	60	9.962995e+05
55	82	61	1.260515e+06
55	82	62	7.067208e+02
55	82	63	4.918088e+02
55	82	64	2.410359e+03
55	82	65	6.413712e+04
55	82	66	3.041499e+04
55	82	67	4.402270e+04
55	82	68	7.675974e+04
55	82	69	7.417526e+04
55	82	70	3.779849e+03
55	82	71	3.208362e+04
55	82	72	7.296799e+03
55	83	59	7.929061e+03
55	83	60	7.273372e+05
55	83	61	6.319611e+05
55	83	62	1.981017e+04
55	83	63	7.580987e+02
55	83	64	2.267885e+04
55	83	65	-1.694047e+05
55	83	66	7.490007e+02
55	83	67	8.396678e+04
55	83	68	5.706657e+04
55	83	69	3.488636e-01
55	83	70	9.293225e+04
55	83	71	7.888113e+05
55	83	72	1.793999e+05
55	84	61	1.578036e+01
55	84	62	9.009898e+03
55	84	63	-3.867030e+03
55	84	64	1.629578e+04
55	84	65	-1.217250e+05
55	84	66	6.896873e+03
55	84	67	7.731745e+05
55	84	68	5.254751e+05
55	84	69	7.258709e+01
55	84	70	4.007992e+04
55	84	71	3.393521e+05
55	84	72	7.717909e+04
55	85	68	6.394201e-01
55	85	69	9.530250e+01
55	85	70	1.313163e+02
55	88	84	9.929263e-01
55	88	85	2.205098e+02
55	88	86	1.678740e+02
55	89	84	1.588429e+01
55	89	85	3.527595e+03
55	89	86	2.685557e+03
55	90	84	4.014588e+01
55	90	85	8.915626e+03
55	90	86	6.787463e+03
56	65	83	4.813615e+01
56	65	84	5.270318e+03
56	65	85	7.649403e+03
56	66	64	1.709795e+03
56	66	65	-2.132837e+03
56	66	66	1.888978e+04
56	66	83	1.854440e+02
56	66	84	2.030384e+04
56	66	85	2.946924e+04
56	67	64	6.080685e+04
56	67	65	-7.585183e+04
56	67	66	6.717926e+05
56	67	83	1.026426e+03
56	67	84	1.123810e+05
56	67	85	1.631112e+05
56	68	64	1.152466e+05
56	68	65	-1.437612e+05
56	68	66	1.273241e+06
56	69	60	1.517092e+01
56	69	61	1.568284e+02
56	69	62	4.140529e+01
56	70	58	1.886814e+01
56	70	59	1.585296e+03
56	70	60	2.401886e+03
56	70	61	-2.018724e+02
56	70	62	-5.329767e+01
56	70	63	1.343761e+03
56	70	64	2.287224e+04
56	70	65	8.227984e+03
56	70	71	1.406722e+02
56	70	72	5.215336e+03
56	70	73	2.637978e+03
56	71	58	2.999177e+02
56	71	59	2.519900e+04
56	71	60	3.865557e+04
56	71	61	1.716912e+03
56	71	62	4.532932e+02
56	71	63	3.896759e+04
56	71	64	6.632698e+05
56	71	65	2.386025e+05
56	71	68	2.351652e+03
56	71	69	-1.356930e+03
56	71	70	2.974691e+04
56	71	71	5.819025e+00
56	71	72	2.157369e+02
56	71	73	1.091222e+02
56	72	58	1.039237e+02
56	72	59	8.731642e+03
56	72	60	1.333689e+04
56	72	63	1.796860e+04
56	72	64	3.058447e+05
56	72	65	1.100236e+05
56	72	68	2.884269e+04
56	72	69	-1.452446e+04
56	72	70	3.688275e+05
56	72	71	1.971826e+03
56	72	72	7.310425e+04
56	72	73	3.697698e+04
56	73	60	3.429729e-02
56	73	61	1.248847e+00
56	73	62	6.276639e-01
56	73	63	8.378667e+02
56	73	64	3.498837e+04
56	73	65	1.843143e+04
56	73	67	3.513205e-01
56	73	68	2.383714e+04
56	73	69	8.593278e+04
56	73	70	4.890310e+05
56	73	78	7.512041e+00
56	73	79	1.740910e+02
56	73	80	7.294455e+01
56	74	60	3.318666e+01
56	74	61	1.208406e+03
56	74	62	6.073384e+02
56	74	63	1.146988e+04
56	74	64	4.789693e+05
56	74	65	2.523149e+05
56	74	66	2.584660e+02
56	74	67	1.848000e+04
56	74	68	5.728966e+04
56	74	69	1.592595e+05
56	74	70	6.700649e+05
56	74	78	1.142090e+02
56	74	79	2.646785e+03
56	74	80	1.109009e+03
56	75	56	2.243106e+02
56	75	57	7.523654e+03
56	75	58	1.451760e+04
56	75	60	3.770083e+01
56	75	61	1.372778e+03
56	75	62	6.899509e+02
56	75	63	3.643319e+03
56	75	64	1.525406e+05
56	75	65	1.111154e+05
56	75	66	6.656276e+04
56	75	67	2.877378e+05
56	75	68	3.032440e+05
56	75	69	1.432737e+05
56	75	70	6.687066e+04
56	75	78	3.859125e+01
56	75	79	8.943494e+02
56	75	80	3.747346e+02
56	75	81	7.525889e-05
56	75	82	3.436822e-03
56	75	83	1.863566e-03
56	76	56	-3.760410e+02
56	76	57	-1.261288e+04
56	76	58	-2.433774e+04
56	76	61	4.469503e+02
56	76	62	3.555319e+04
56	76	63	2.478966e+04
56	76	64	1.398286e+04
56	76	65	7.506203e+04
56	76	66	4.879078e+05
56	76	67	9.281649e+05
56	76	68	9.432892e+04
56	76	69	-1.210249e+05
56	76	70	7.508147e+04
56	76	71	1.214897e+03
56	76	81	1.147774e+03
56	76	82	5.241501e+04
56	76	83	2.842125e+04
56	77	56	2.226380e+03
56	77	57	7.467551e+04
56	77	58	1.440934e+05
56	77	61	4.062435e+03
56	77	62	3.256216e+05
56	77	63	2.429919e+05
56	77	64	2.250248e+05
56	77	65	1.413517e+06
56	77	66	1.188047e+06
56	77	67	1.124980e+06
56	77	68	2.437559e+05
56	77	69	1.632794e+06
56	77	70	7.540574e+05
56	77	71	2.619638e+04
56	77	81	1.146599e+03
56	77	82	5.236134e+04
56	77	83	2.839215e+04
56	78	57	1.467918e+03
56	78	58	3.682042e+03
56	78	59	2.773820e+04
56	78	61	9.749787e+02
56	78	62	7.875082e+04
56	78	63	7.022404e+04
56	78	64	3.079688e+05
56	78	65	1.597928e+06
56	78	66	6.965551e+05
56	78	67	4.696014e+05
56	78	68	2.686086e+05
56	78	69	1.342003e+03
56	78	70	2.189446e+05
56	78	71	2.450635e+05
56	79	57	1.161114e+03
56	79	58	2.912474e+03
56	79	59	2.194075e+04
56	79	63	3.373759e+01
56	79	64	2.879650e+04
56	79	65	4.102818e+05
56	79	66	4.046707e+05
56	79	67	1.155418e+06
56	79	68	1.795334e+06
56	79	69	1.813896e+04
56	79	70	2.155801e+05
56	79	71	2.262306e+05
56	80	57	2.286896e+04
56	80	58	5.736322e+04
56	80	59	4.321385e+05
56	80	66	2.025672e+04
56	80	67	5.481517e+05
56	80	68	3.706029e+05
56	80	69	1.066625e+05
56	80	70	2.218023e+05
56	80	71	1.776689e+05
56	81	59	9.435782e+00
56	81	60	9.461085e+02
56	81	61	6.286097e+02
56	81	66	5.805018e+02
56	81	67	2.417504e+04
56	81	68	3.919539e+05
56	81	69	8.619602e+05
56	81	70	5.186014e+05
56	81	71	9.886081e+04
56	82	59	5.820350e+02
56	82	60	5.835958e+04
56	82	61	3.880656e+04
56	82	62	1.799148e+04
56	82	63	1.598857e+04
56	82	64	-1.130699e+03
56	82	65	8.446010e+03
56	82	66	8.998527e+01
56	82	67	1.103369e+04
56	82	68	7.682944e+04
56	82	69	1.097900e+05
56	83	59	9.516393e+02
56	83	60	9.541912e+04
56	83	61	6.428129e+04
56	83	62	5.043211e+05
56	83	63	5.470053e+05
56	83	64	-1.720392e+05
56	83	65	1.285085e+06
56	83	66	1.741618e+02
56	83	67	1.952442e+04
56	83	68	1.327564e+04
56	83	69	9.251837e+02
56	83	70	1.274801e+03
56	84	61	4.017316e+02
56	84	62	2.293712e+05
56	84	63	2.807349e+05
56	84	64	-1.236179e+05
56	84	65	9.233920e+05
56	84	66	1.603699e+03
56	84	67	1.797828e+05
56	84	68	1.234778e+05
56	84	69	1.925004e+05
56	84	70	2.652444e+05
56	85	68	1.695738e+03
56	85	69	2.527416e+05
56	85	70	3.482500e+05
56	86	63	3.393556e+01
56	86	64	-6.384372e+01
56	86	65	3.172765e+02
56	87	57	7.243454e+01
56	87	58	9.370320e+02
56	87	59	2.874320e+02
56	87	63	8.578550e+03
56	87	64	-1.613902e+04
56	87	65	8.020412e+04
56	88	57	2.042699e+02
56	88	58	2.642488e+03
56	88	59	8.105757e+02
56	88	63	6.645116e+03
56	88	64	-1.250160e+04
56	88	65	6.212772e+04
56	88	84	5.693099e+01
56	88	85	1.264328e+04
56	88	86	9.625322e+03
56	89	57	1.410299e+03
56	89	58	1.824400e+04
56	89	59	5.596295e+03
56	89	84	9.107509e+02
56	89	85	2.022602e+05
56	89	86	1.539806e+05
56	90	84	2.301827e+03
56	90	85	5.111915e+05
56	90	86	3.891699e+05
57	65	83	2.321895e+02
57	65	84	2.542190e+04
57	65	85	3.689765e+04
57	66	83	8.945073e+02
57	66	84	9.793757e+04
57	66	85	1.421478e+05
57	67	83	4.951067e+03
57	67	84	5.420811e+05
57	67	85	7.867831e+05
57	69	60	6.155734e+03
57	69	61	6.363451e+04
57	69	62	1.680056e+04
57	70	58	4.936916e+01
57	70	59	4.147983e+03
57	70	60	-1.588060e+03
57	70	61	-8.191153e+04
57	70	62	-2.162600e+04
57	70	63	5.518012e+02
57	70	64	9.392241e+03
57	70	65	3.378734e+03
57	70	71	9.486960e+01
57	70	72	3.517233e+03
57	70	73	2.264369e+03
57	70	74	1.382227e+03
57	70	75	9.473907e+03
57	71	58	7.847451e+02
57	71	59	6.593407e+04
57	71	60	1.681003e+05
57	71	61	6.966522e+05
57	71	62	1.839277e+05
57	71	63	1.600163e+04
57	71	64	2.723647e+05
57	71	65	9.797958e+04
57	71	71	3.924363e+00
57	71	72	1.454934e+02
57	71	73	3.364714e+03
57	71	74	9.373518e+03
57	71	75	6.424691e+04
57	72	58	2.719200e+02
57	72	59	2.284665e+04
57	72	60	3.489644e+04
57	72	63	7.378615e+03
57	72	64	1.255919e+05
57	72	65	4.518000e+04
57	72	68	1.575183e+02
57	72	69	9.261304e+02
57	72	70	3.906283e+03
57	72	71	1.329803e+03
57	72	72	4.930166e+04
57	72	73	2.555435e+04
57	72	74	1.757266e+03
57	72	75	1.204446e+04
57	73	60	9.925819e+00
57	73	61	3.614229e+02
57	73	62	1.816492e+02
57	73	67	8.377956e+01
57	73	68	8.734643e+03
57	73	69	4.404144e+04
57	73	70	1.838372e+05
57	73	78	1.195000e+03
57	73	79	2.769404e+04
57	73	80	1.160387e+04
57	74	60	9.604394e+03
57	74	61	3.497190e+05
57	74	62	1.757670e+05
57	74	67	1.733210e+04
57	74	68	2.863678e+05
57	74	69	1.706066e+05
57	74	70	3.217360e+05
57	74	78	1.816813e+04
57	74	79	4.210451e+05
57	74	80	1.764189e+05
57	75	56	1.667438e+03
57	75	57	5.592792e+04
57	75	58	1.079182e+05
57	75	60	1.091082e+04
57	75	61	3.972891e+05
57	75	62	1.996754e+05
57	75	64	5.753091e+02
57	75	65	5.004814e+04
57	75	66	3.360886e+04
57	75	67	1.765044e+05
57	75	68	3.639138e+05
57	75	69	2.347555e+05
57	75	70	2.891307e+04
57	75	71	1.119520e-03
57	75	72	1.564495e-03
57	75	78	6.139018e+03
57	75	79	1.422713e+05
57	75	80	5.961202e+04
57	75	81	8.176791e-04
57	75	82	3.734068e-02
57	75	83	2.024742e-02
57	76	56	-2.795343e+03
57	76	57	-9.375923e+04
57	76	58	-1.809173e+05
57	76	62	5.487913e+03
57	76	63	1.847663e+04
57	76	64	9.067224e+04
57	76	65	1.112537e+05
57	76	66	9.351032e+04
57	76	67	1.021109e+06
57	76	68	-3.796893e+03
57	76	69	-1.053804e+05
57	76	70	1.007128e+04
57	76	71	2.512800e+04
57	76	72	1.258572e+03
57	76	81	1.247043e+04
57	76	82	5.694830e+05
57	76	83	3.087936e+05
57	77	56	1.655004e+04
57	77	57	5.551087e+05
57	77	58	1.071135e+06
57	77	62	7.525016e+04
57	77	63	2.986265e+05
57	77	64	1.275312e+06
57	77	65	9.887499e+05
57	77	66	7.582328e+05
57	77	67	2.532876e+05
57	77	68	5.677359e+04
57	77	69	1.364194e+06
57	77	70	1.449344e+06
57	77	71	5.301258e+05
57	77	72	1.264196e+03
57	77	81	1.245766e+04
57	77	82	5.688999e+05
57	77	83	3.084775e+05
57	78	57	3.704101e+03
57	78	58	9.291159e+03
57	78	59	6.999376e+04
57	78	60	2.915498e+00
57	78	61	1.840604e+02
57	78	62	2.544829e+04
57	78	63	1.087400e+05
57	78	64	9.263053e+05
57	78	65	9.990201e+05
57	78	66	2.927844e+05
57	78	69	3.001347e+04
57	78	70	4.781071e+05
57	78	71	2.162457e+05
57	79	57	2.929922e+03
57	79	58	7.349251e+03
57	79	59	5.536465e+04
57	79	60	6.591202e+02
57	79	61	4.161140e+04
57	79	62	2.478501e+04
57	79	63	3.064394e+02
57	79	64	1.511687e+05
57	79	65	3.221346e+05
57	79	66	6.916318e+04
57	79	67	-4.993990e+03
57	79	68	-9.645983e+03
57	79	69	2.180849e-01
57	79	70	9.326895e+03
57	79	71	9.148013e+03
57	80	57	5.770687e+04
57	80	58	1.447487e+05
57	80	59	1.090446e+06
57	80	60	5.030220e+02
57	80	61	3.175665e+04
57	80	62	1.891522e+04
57	80	66	-2.657340e+03
57	80	67	-8.884485e+04
57	80	68	-1.716054e+05
57	80	69	1.082922e+01
57	80	70	4.631364e+05
57	80	71	4.542538e+05
57	81	66	-9.786371e+02
57	81	67	-3.271951e+04
57	81	68	-6.319833e+04
57	81	69	6.025734e+00
57	81	70	2.577042e+05
57	81	71	2.527617e+05
57	82	61	1.376340e+01
57	82	62	7.858303e+03
57	82	63	6.635706e+03
57	83	59	3.133243e-02
57	83	60	-3.949836e-02
57	83	61	3.861486e+02
57	83	62	2.202770e+05
57	83	63	1.860062e+05
57	83	68	5.741363e+00
57	83	69	8.557227e+02
57	83	70	1.179091e+03
57	84	59	1.882033e+02
57	84	60	-2.372533e+02
57	84	61	2.248489e+03
57	84	62	1.001846e+05
57	84	63	8.459783e+04
57	84	68	1.194590e+03
57	84	69	1.780479e+05
57	84	70	2.453303e+05
57	85	59	1.981384e+02
57	85	60	-2.497777e+02
57	85	61	2.182454e+03
57	85	68	1.568425e+03
57	85	69	2.337662e+05
57	85	70	3.221040e+05
57	86	63	3.922286e+02
57	86	64	-7.379083e+02
57	86	65	3.667094e+03
57	87	57	3.154840e+03
57	87	58	4.081183e+04
57	87	59	1.251892e+04
57	87	63	9.915122e+04
57	87	64	-1.865354e+05
57	87	65	9.270025e+05
57	88	57	8.896843e+03
57	88	58	1.150919e+05
57	88	59	3.530411e+04
57	88	63	7.680452e+04
57	88	64	-1.444941e+05
57	88	65	7.180747e+05
57	88	84	3.303061e+01
57	88	85	7.335464e+03
57	88	86	5.584485e+03
57	89	57	6.142469e+04
57	89	58	7.946056e+05
57	89	59	2.437431e+05
57	89	84	5.284057e+02
57	89	85	1.173487e+05
57	89	86	8.933754e+04
57	90	84	1.335490e+03
57	90	85	2.965866e+05
57	90	86	2.257912e+05
58	61	73	2.571608e-02
58	61	74	2.673642e+00
58	61	75	1.789778e+00
58	62	73	3.773610e+02
58	62	74	3.923337e+04
58	62	75	2.626344e+04
58	63	73	3.900029e+02
58	63	74	4.054772e+04
58	63	75	2.714329e+04
58	69	60	7.488820e+03
58	69	61	7.741519e+04
58	69	62	2.043889e+04
58	69	75	2.069308e-01
58	69	76	3.615950e+02
58	69	77	3.976738e+02
58	70	58	3.603104e+02
58	70	59	3.027318e+04
58	70	60	3.660013e+04
58	70	61	-9.965029e+04
58	70	62	-2.630933e+04
58	70	71	2.158177e+03
58	70	72	8.001313e+04
58	70	73	4.127652e+04
58	70	74	2.292603e+03
58	70	75	1.571347e+04
58	70	76	-4.011978e+02
58	70	77	-4.412280e+02
58	71	58	5.727296e+03
58	71	59	4.812059e+05
58	71	60	8.169893e+05
58	71	61	8.475193e+05
58	71	62	2.237591e+05
58	71	71	8.927487e+01
58	71	72	3.309812e+03
58	71	73	7.132894e+03
58	71	74	1.554720e+04
58	71	75	1.065642e+05
58	71	76	4.118662e+03
58	71	77	4.529609e+03
58	72	58	1.984551e+03
58	72	59	1.667414e+05
58	72	60	2.546843e+05
58	72	71	3.025154e+04
58	72	72	1.121558e+06
58	72	73	5.683203e+05
58	72	74	2.914654e+03
58	72	75	1.997729e+04
58	73	60	7.819984e+00
58	73	61	2.847444e+02
58	73	62	1.431110e+02
58	73	67	1.080759e+02
58	73	68	1.704774e+03
58	73	69	5.881852e+02
58	73	78	1.630127e+03
58	73	79	3.777807e+04
58	73	80	1.582911e+04
58	74	60	7.566752e+03
58	74	61	2.755236e+05
58	74	62	1.384767e+05
58	74	67	2.235847e+04
58	74	68	3.526793e+05
58	74	69	1.216822e+05
58	74	74	7.439863e+00
58	74	75	5.744444e+01
58	74	76	1.208152e+01
58	74	78	2.478357e+04
58	74	79	5.743573e+05
58	74	80	2.406571e+05
58	75	56	3.394203e+02
58	75	57	1.138457e+04
58	75	58	2.196761e+04
58	75	60	8.596010e+03
58	75	61	3.130013e+05
58	75	62	1.573128e+05
58	75	65	1.737838e+03
58	75	66	1.605433e+03
58	75	67	5.691781e+04
58	75	68	4.634020e+05
58	75	69	1.598840e+05
58	75	70	1.667144e-03
58	75	71	2.274886e-01
58	75	72	3.179083e-01
58	75	74	8.336143e+03
58	75	75	6.436477e+04
58	75	76	1.353698e+04
58	75	78	8.374375e+03
58	75	79	1.940755e+05
58	75	80	8.131812e+04
58	76	56	-5.690143e+02
58	76	57	-1.908544e+04
58	76	58	-3.682715e+04
58	76	62	3.691442e+03
58	76	63	4.401550e+04
58	76	64	3.659101e+04
58	76	65	1.196214e+04
58	76	66	1.105075e+04
58	76	67	1.895671e+05
58	76	69	3.496071e+03
58	76	70	2.410159e+04
58	76	71	1.871124e+05
58	76	72	2.557442e+05
58	76	74	7.390738e+03
58	76	75	5.706514e+04
58	76	76	1.200175e+04
58	77	56	3.368893e+03
58	77	57	1.129968e+05
58	77	58	2.180380e+05
58	77	62	6.476572e+04
58	77	63	8.252741e+05
58	77	64	6.119043e+05
58	77	65	1.430083e+04
58	77	66	2.100277e+03
58	77	67	3.602862e+04
58	77	69	1.022708e+05
58	77	70	6.671598e+05
58	77	71	3.039694e+05
58	77	72	2.568870e+05
58	78	60	2.221264e+00
58	78	61	1.402322e+02
58	78	62	6.517704e+04
58	78	63	3.872965e+05
58	78	64	1.059966e+06
58	78	65	1.440986e+05
58	78	69	4.732406e+04
58	78	70	3.080934e+05
58	78	71	5.559569e+04
58	79	60	5.021715e+02
58	79	61	3.170296e+04
58	79	62	1.888324e+04
58	79	63	7.350636e+01
58	79	64	3.512018e+04
58	79	65	4.208176e+04
58	79	66	8.771274e+02
58	79	67	2.932566e+04
58	79	68	5.664305e+04
58	80	60	3.832431e+02
58	80	61	2.419480e+04
58	80	62	1.441116e+04
58	80	66	1.560441e+04
58	80	67	5.217139e+05
58	80	68	1.007700e+06
58	81	66	5.746744e+03
58	81	67	1.921352e+05
58	81	68	3.711127e+05
58	83	59	6.676594e+00
58	83	60	-8.416664e+00
58	83	61	7.354132e+01
58	84	59	4.010404e+04
58	84	60	-5.055605e+04
58	84	61	4.417378e+05
58	85	59	4.222111e+04
58	85	60	-5.322487e+04
58	85	61	4.650569e+05
58	86	63	1.118530e+02
58	86	64	-2.104315e+02
58	86	65	1.045756e+03
58	87	57	1.684977e+03
58	87	58	2.179729e+04
58	87	59	6.686259e+03
58	87	63	2.827525e+04
58	87	64	-5.319485e+04
58	87	65	2.643560e+05
58	88	57	4.751737e+03
58	88	58	6.146971e+04
58	88	59	1.885566e+04
58	88	63	2.190257e+04
58	88	64	-4.120579e+04
58	88	65	2.047755e+05
58	89	57	3.280647e+04
58	89	58	4.243929e+05
58	89	59	1.301813e+05
59	24	94	5.499313e+01
59	24	95	1.811254e+03
59	24	96	3.514664e+03
59	25	94	-4.545081e+01
59	25	95	-1.520544e+03
59	25	96	-3.162277e+03
59	26	94	6.562496e+02
59	26	95	2.159362e+04
59	26	96	4.171636e+04
59	61	73	2.873933e-01
59	61	74	2.987963e+01
59	61	75	2.000190e+01
59	62	73	4.217246e+03
59	62	74	4.384575e+05
59	62	75	2.935104e+05
59	63	73	4.358528e+03
59	63	74	4.531463e+05
59	63	75	3.033433e+05
59	69	67	2.768246e+00
59	69	68	4.601411e+03
59	69	69	5.072644e+03
59	69	75	2.884860e+01
59	69	76	5.041061e+04
59	69	77	5.544042e+04
59	70	67	5.122466e+01
59	70	68	8.514622e+04
59	70	69	9.386610e+04
59	70	73	8.392095e+03
59	70	74	2.390172e+04
59	70	75	1.637924e+05
59	70	76	-5.593170e+04
59	70	77	-6.151239e+04
59	71	67	1.925385e+01
59	71	68	3.200396e+04
59	71	69	3.528151e+04
59	71	73	5.691065e+04
59	71	74	1.620885e+05
59	71	75	1.111297e+06
59	71	76	5.741901e+05
59	71	77	6.314810e+05
59	72	73	1.066912e+04
59	72	74	3.038695e+04
59	72	75	2.082748e+05
59	74	74	-5.391463e+00
59	74	75	-4.162840e+01
59	74	76	-8.755146e+00
59	75	70	2.195825e-03
59	75	71	2.996293e-01
59	75	72	4.187227e-01
59	75	74	-6.040972e+03
59	75	75	-4.664337e+04
59	75	76	-9.809879e+03
59	76	62	5.873580e+02
59	76	63	1.059514e+03
59	76	64	1.032044e+04
59	76	70	1.766452e+03
59	76	71	2.410395e+05
59	76	72	3.368453e+05
59	76	74	-5.355864e+03
59	76	75	-4.135064e+04
59	76	76	-8.701950e+03
59	76	77	2.936091e+01
59	77	62	8.633327e+03
59	77	63	1.557335e+04
59	77	64	1.516958e+05
59	77	70	1.774345e+03
59	77	71	2.421166e+05
59	77	72	3.383504e+05
59	77	75	7.964618e+00
59	77	76	-1.269840e+01
59	77	77	8.082533e+01
59	78	56	5.686920e-04
59	78	57	5.776305e+00
59	78	58	5.550995e+00
59	78	60	4.524884e+01
59	78	61	2.856638e+03
59	78	62	2.433032e+04
59	78	63	4.081931e+04
59	78	64	3.976099e+05
59	78	75	5.597536e+01
59	78	76	-8.924442e+01
59	78	77	5.680407e+02
59	79	56	2.762585e-02
59	79	57	2.806006e+02
59	79	58	2.696555e+02
59	79	60	1.022962e+04
59	79	61	6.458135e+05
59	79	62	3.846660e+05
59	80	56	4.794356e-02
59	80	57	4.869712e+02
59	80	58	4.679764e+02
59	80	60	7.806956e+03
59	80	61	4.928667e+05
59	80	62	2.935663e+05
59	83	59	8.738263e+00
59	83	60	-1.101565e+01
59	83	61	9.625019e+01
59	84	59	5.248779e+04
59	84	60	-6.616728e+04
59	84	61	5.781423e+05
59	85	59	5.525859e+04
59	85	60	-6.966021e+04
59	85	61	6.086621e+05
59	94	68	2.069274e+02
59	94	69	1.536854e+02
59	94	70	3.203470e+03
59	95	68	7.686549e+03
59	95	69	5.708814e+03
59	95	70	1.189964e+05
59	96	68	3.890593e+03
59	96	69	2.889551e+03
59	96	70	6.023076e+04
60	24	94	1.217371e+03
60	24	95	4.004374e+04
60	24	96	7.723991e+04
60	25	94	1.124597e+04
60	25	95	3.126925e+05
60	25	96	8.855367e+04
60	26	94	2.524284e+04
60	26	95	7.802772e+05
60	26	96	1.055007e+06
60	61	73	8.011624e-02
60	61	74	8.329503e+00
60	61	75	5.575902e+00
60	62	42	1.004934e+02
60	62	43	-1.667683e+02
60	62	44	1.002091e+03
60	62	73	1.175636e+03
60	62	74	1.222282e+05
60	62	75	8.182149e+04
60	63	42	1.537222e+04
60	63	43	-2.551013e+04
60	63	44	1.532873e+05
60	63	73	1.215021e+03
60	63	74	1.263229e+05
60	63	75	8.456259e+04
60	64	42	1.105555e+04
60	64	43	-1.834663e+04
60	64	44	1.102427e+05
60	69	67	1.660966e+01
60	69	68	2.760876e+04
60	69	69	3.043619e+04
60	69	75	2.041936e+01
60	69	76	3.568119e+04
60	69	77	3.924135e+04
60	70	67	3.073513e+02
60	70	68	5.108829e+05
60	70	69	5.632027e+05
60	70	75	-2.265574e+01
60	70	76	-3.958909e+04
60	70	77	-4.353916e+04
60	71	67	1.155243e+02
60	71	68	1.920259e+05
60	71	69	2.116913e+05
60	71	75	2.325819e+02
60	71	76	4.064182e+05
60	71	77	4.469693e+05
60	74	74	9.157729e+01
60	74	75	7.070838e+02
60	74	76	1.487115e+02
60	75	74	1.026096e+05
60	75	75	7.922662e+05
60	75	76	1.666268e+05
60	76	74	9.097262e+04
60	76	75	7.068184e+05
60	76	76	1.407091e+05
60	76	77	4.468573e+04
60	77	75	1.212172e+04
60	77	76	-1.932629e+04
60	77	77	1.230118e+05
60	78	56	3.533532e-01
60	78	57	3.589072e+03
60	78	58	3.449076e+03
60	78	75	8.519149e+04
60	78	76	-1.358252e+05
60	78	77	8.645275e+05
60	79	56	1.716515e+01
60	79	57	1.743495e+05
60	79	58	1.675488e+05
60	80	56	2.978943e+01
60	80	57	3.025766e+05
60	80	58	2.907743e+05
60	82	50	4.496090e-01
60	82	51	3.185362e+02
60	82	52	3.696540e+02
60	82	57	7.075291e+01
60	82	58	2.384236e+02
60	82	59	1.447972e+03
60	83	50	1.999176e+01
60	83	51	1.416364e+04
60	83	52	1.643658e+04
60	83	57	2.206462e+03
60	83	58	7.435350e+03
60	83	59	4.515568e+04
60	84	50	3.552929e+01
60	84	51	2.517157e+04
60	84	52	2.921103e+04
60	84	57	4.356454e+03
60	84	58	1.468041e+04
60	84	59	8.915569e+04
60	94	68	-2.993418e+02
60	94	69	-2.223218e+02
60	94	70	-4.634149e+03
60	95	68	-1.111939e+04
60	95	69	-8.258389e+03
60	95	70	-1.721406e+05
60	96	68	-5.628144e+03
60	96	69	-4.180033e+03
60	96	70	-8.713001e+04
61	24	94	5.048623e+02
61	24	95	1.657192e+04
61	24	96	3.165220e+04
61	25	94	1.293541e+04
61	25	95	3.635048e+05
61	25	96	1.437677e+05
61	26	94	1.770281e+04
61	26	95	5.276548e+05
61	26	96	5.263325e+05
61	62	42	6.248885e+02
61	62	43	-1.037000e+03
61	62	44	6.231208e+03
61	63	42	9.558760e+04
61	63	43	-1.586272e+05
61	63	44	9.531719e+05
61	64	42	6.874565e+04
61	64	43	-1.140831e+05
61	64	44	6.855118e+05
61	69	67	2.768307e+00
61	69	68	4.601511e+03
61	69	69	5.072754e+03
61	70	67	5.122578e+01
61	70	68	8.514807e+04
61	70	69	9.386814e+04
61	71	67	1.925426e+01
61	71	68	3.200466e+04
61	71	69	3.528227e+04
61	76	75	4.875567e+03
61	76	76	-7.773369e+03
61	76	77	4.947749e+04
61	77	75	1.342156e+04
61	77	76	-2.139869e+04
61	77	77	1.362027e+05
61	78	56	4.141734e-01
61	78	57	4.206833e+03
61	78	58	4.042741e+03
61	78	75	9.432679e+04
61	78	76	-1.503901e+05
61	78	77	9.572330e+05
61	79	56	2.011966e+01
61	79	57	2.043590e+05
61	79	58	1.963878e+05
61	80	56	3.491688e+01
61	80	57	3.546569e+05
61	80	58	3.408232e+05
61	82	50	1.364207e+00
61	82	51	9.665046e+02
61	82	52	1.121606e+03
61	82	57	6.511692e+02
61	82	58	2.194315e+03
61	82	59	1.332631e+04
61	83	50	6.065913e+01
61	83	51	4.297540e+04
61	83	52	4.987197e+04
61	83	57	2.030701e+04
61	83	58	6.843070e+04
61	83	59	4.155870e+05
61	84	50	1.078032e+02
61	84	51	7.637575e+04
61	84	52	8.863231e+04
61	84	57	4.009431e+04
61	84	58	1.351101e+05
61	84	59	8.205379e+05
61	94	68	2.180769e+03
61	94	69	1.619661e+03
61	94	70	3.376076e+04
61	95	68	8.100708e+04
61	95	69	6.016411e+04
61	95	70	1.254081e+06
61	96	68	4.100222e+04
61	96	69	3.045243e+04
61	96	70	6.347606e+05
62	62	42	1.078903e+02
62	62	43	-1.790435e+02
62	62	44	1.075851e+03
62	63	42	1.650370e+04
62	63	43	-2.738782e+04
62	63	44	1.645702e+05
62	64	42	1.186930e+04
62	64	43	-1.969705e+04
62	64	44	1.183572e+05
62	82	50	8.929260e+00
62	82	51	6.326146e+03
62	82	52	7.341348e+03
62	82	57	1.577836e+02
62	82	58	5.317003e+02
62	82	59	3.229073e+03
62	83	50	3.970375e+02
62	83	51	2.812906e+05
62	83	52	3.264314e+05
62	83	57	4.920555e+03
62	83	58	1.658132e+04
62	83	59	1.007001e+05
62	84	50	7.056137e+02
62	84	51	4.999088e+05
62	84	52	5.801328e+05
62	84	57	9.715178e+03
62	84	58	3.273827e+04
62	84	59	1.988230e+05
62	89	58	1.529996e+02
62	89	59	2.120319e+02
62	89	60	2.564700e+03
62	90	58	1.694518e+02
62	90	59	2.348318e+02
62	90	60	2.840483e+03
62	91	58	2.480789e+03
62	91	59	3.437959e+03
62	91	60	4.158494e+04
62	98	66	1.920142e+01
62	98	67	3.049835e+03
62	98	68	2.207170e+03
62	99	66	4.770000e+01
62	99	67	7.576374e+03
62	99	68	5.483032e+03
62	100	66	3.619762e+02
62	100	67	5.749407e+04
62	100	68	4.160853e+04
63	58	84	5.539436e+00
63	58	85	4.165719e+01
63	58	86	8.565210e+00
63	59	84	1.202954e+03
63	59	85	9.046355e+03
63	59	86	1.860037e+03
63	60	84	1.570504e+03
63	60	85	1.181037e+04
63	60	86	2.428351e+03
63	75	80	1.945742e+02
63	75	81	3.145457e+03
63	75	82	1.100185e+03
63	76	80	-2.427600e+02
63	76	81	-3.924420e+03
63	76	82	-1.372643e+03
63	77	80	2.149541e+03
63	77	81	3.474916e+04
63	77	82	1.215420e+04
63	79	71	7.240731e-02
63	79	72	7.485231e+02
63	79	73	7.784821e+02
63	80	70	8.255872e+01
63	80	71	1.562241e+03
63	80	72	1.082621e+04
63	80	73	1.064240e+04
63	81	70	1.240563e+03
63	81	71	2.346272e+04
63	81	72	3.661351e+04
63	81	73	2.880588e+04
63	82	70	3.220571e+03
63	82	71	6.090357e+04
63	82	72	2.314692e+04
63	89	58	3.949900e+03
63	89	59	5.473901e+03
63	89	60	6.621132e+04
63	90	58	4.374634e+03
63	90	59	6.062511e+03
63	90	60	7.333106e+04
63	91	58	6.404505e+04
63	91	59	8.875573e+04
63	91	60	1.073573e+06
63	98	66	2.416849e+02
63	98	67	3.838773e+04
63	98	68	2.778126e+04
63	99	66	6.003915e+02
63	99	67	9.536247e+04
63	99	68	6.901395e+04
63	100	66	4.556130e+03
63	100	67	7.236676e+05
63	100	68	5.237192e+05
64	58	84	2.587657e+02
64	58	85	1.945948e+03
64	58	86	4.001099e+02
64	59	84	5.619406e+04
64	59	85	4.225857e+05
64	59	86	8.688861e+04
64	60	84	7.336353e+04
64	60	85	5.517022e+05
64	60	86	1.134365e+05
64	74	78	1.727416e+00
64	74	79	-2.817897e+00
64	74	80	1.735779e+01
64	75	78	3.110231e+01
64	75	79	-5.073656e+01
64	75	80	5.877561e+03
64	75	81	8.996345e+04
64	75	82	3.146647e+04
64	76	78	1.152632e+01
64	76	79	-1.880264e+01
64	76	80	-6.827375e+03
64	76	81	-1.122426e+05
64	76	82	-3.925905e+04
64	77	80	6.147920e+04
64	77	81	9.938632e+05
64	77	82	3.476231e+05
64	79	71	1.316709e+00
64	79	72	1.361170e+04
64	79	73	1.415650e+04
64	80	70	9.978540e+02
64	80	71	1.888822e+04
64	80	72	1.932534e+05
64	80	73	1.935294e+05
64	81	70	1.499419e+04
64	81	71	2.836008e+05
64	81	72	6.114351e+05
64	81	73	5.238276e+05
64	82	70	3.892574e+04
64	82	71	7.361170e+05
64	82	72	2.797675e+05
64	89	58	1.735634e+03
64	89	59	2.405298e+03
64	89	60	2.909405e+04
64	90	58	1.922267e+03
64	90	59	2.663940e+03
64	90	60	3.222255e+04
64	91	58	2.814217e+04
64	91	59	3.900033e+04
64	91	60	4.717411e+05
64	98	66	7.286483e+01
64	98	67	1.157340e+04
64	98	68	8.375685e+03
64	99	66	1.810102e+02
64	99	67	2.875054e+04
64	99	68	2.080680e+04
64	100	66	1.373614e+03
64	100	67	2.181763e+05
64	100	68	1.578945e+05
65	51	46	3.424361e-01
65	51	47	8.964793e+00
65	51	48	3.962758e+00
65	52	46	3.370313e+02
65	52	47	8.823299e+03
65	52	48	3.900212e+03
65	53	46	2.963910e+02
65	53	47	7.759357e+03
65	53	48	3.429912e+03
65	58	84	1.413126e+02
65	58	85	1.062687e+03
65	58	86	2.185010e+02
65	59	84	3.068771e+04
65	59	85	2.307751e+05
65	59	86	4.745009e+04
65	60	84	4.006400e+04
65	60	85	3.012859e+05
65	60	86	6.194794e+04
65	74	78	4.060989e+03
65	74	79	-6.624607e+03
65	74	80	4.080650e+04
65	75	78	7.311856e+04
65	75	79	-1.192768e+05
65	75	80	7.372775e+05
65	75	81	4.125311e+04
65	75	82	1.442908e+04
65	76	78	2.709727e+04
65	76	79	-4.420321e+04
65	76	80	2.691007e+05
65	76	81	-5.146933e+04
65	76	82	-1.800240e+04
65	77	80	2.819154e+04
65	77	81	4.557401e+05
65	77	82	1.594040e+05
65	79	71	4.904865e-01
65	79	72	5.070489e+03
65	79	73	5.273431e+03
65	80	70	2.930843e+02
65	80	71	5.549164e+03
65	80	72	7.142364e+04
65	80	73	7.209154e+04
65	81	70	4.404011e+03
65	81	71	8.330154e+04
65	81	72	2.192739e+05
65	81	73	1.951308e+05
65	82	70	1.143306e+04
65	82	71	2.162083e+05
65	82	72	8.217180e+04
65	84	70	1.057612e+02
65	84	71	4.850213e+02
65	84	72	2.390530e+03
65	85	70	5.188509e+02
65	85	71	2.379452e+03
65	85	72	1.172763e+04
65	86	70	2.448671e+03
65	86	71	1.122961e+04
65	86	72	5.534751e+04
66	51	46	9.172839e+00
66	51	47	2.401400e+02
66	51	48	1.061504e+02
66	52	46	9.028060e+03
66	52	47	2.363498e+05
66	52	48	1.044750e+05
66	53	46	7.939428e+03
66	53	47	2.078500e+05
66	53	48	9.187709e+04
66	66	57	2.515509e+00
66	66	58	3.202645e+01
66	66	59	9.725881e+00
66	67	57	1.166279e+03
66	67	58	1.484859e+04
66	67	59	4.509262e+03
66	68	57	1.401245e+03
66	68	58	1.784009e+04
66	68	59	5.417727e+03
66	69	62	4.014880e+02
66	69	63	6.008945e+02
66	69	64	6.816787e+03
66	70	62	3.202311e+03
66	70	63	4.792798e+03
66	70	64	5.437142e+04
66	71	62	6.921746e+02
66	71	63	1.035956e+03
66	71	64	1.175230e+04
66	74	78	4.408317e+03
66	74	79	-7.191197e+03
66	74	80	4.429660e+04
66	75	78	7.937225e+04
66	75	79	-1.294783e+05
66	75	80	7.975652e+05
66	76	78	2.941484e+04
66	76	79	-4.798383e+04
66	76	80	2.955725e+05
66	84	70	3.115198e+02
66	84	71	1.428631e+03
66	84	72	7.041309e+03
66	85	70	1.528276e+03
66	85	71	7.008679e+03
66	85	72	3.454375e+04
66	86	70	7.212563e+03
66	86	71	3.307684e+04
66	86	72	1.630262e+05
67	51	46	1.904561e+01
67	51	47	4.986039e+02
67	51	48	2.204007e+02
67	52	46	1.874501e+04
67	52	47	4.907342e+05
67	52	48	2.169220e+05
67	53	46	1.648467e+04
67	53	47	4.315599e+05
67	53	48	1.907649e+05
67	66	57	2.799239e+01
67	66	58	3.563878e+02
67	66	59	1.082288e+02
67	67	57	1.297826e+04
67	67	58	1.652340e+05
67	67	59	5.017871e+04
67	68	57	1.559294e+04
67	68	58	1.985231e+05
67	68	59	6.028804e+04
67	69	62	1.302373e+03
67	69	63	1.949221e+03
67	69	64	2.211275e+04
67	70	62	1.038787e+04
67	70	63	1.554719e+04
67	70	64	1.763736e+05
67	71	62	2.245322e+03
67	71	63	3.360502e+03
67	71	64	3.812289e+04
67	84	70	2.083376e+03
67	84	71	9.554368e+03
67	84	72	4.709071e+04
67	85	70	1.022077e+04
67	85	71	4.687249e+04
67	85	72	2.310209e+05
67	86	70	4.823603e+04
67	86	71	2.212106e+05
67	86	72	1.090283e+06
68	66	57	8.342126e+01
68	66	58	1.062086e+03
68	66	59	3.225372e+02
68	67	57	3.867704e+04
68	67	58	4.924205e+05
68	67	59	1.495396e+05
68	68	57	4.646916e+04
68	68	58	5.916267e+05
68	68	59	1.796668e+05
68	69	62	8.125698e+03
68	69	63	1.216148e+04
68	69	64	1.379647e+05
68	70	62	6.481143e+04
68	70	63	9.700123e+04
68	70	64	1.100421e+06
68	71	62	1.400889e+04
68	71	63	2.096667e+04
68	71	64	2.378543e+05
70	104	69	1.746582e+01
70	104	70	6.647832e+01
70	104	71	3.710031e+02
70	105	69	4.075647e+03
70	105	70	1.551271e+04
70	105	71	8.657356e+04
70	106	69	3.123853e+03
70	106	70	1.188999e+04
70	106	71	6.635585e+04
71	30	120	1.077550e+02
71	30	121	1.046079e+02
71	30	122	3.346620e+03
71	30	123	4.888646e+02
71	31	120	2.848153e+03
71	31	121	-5.489014e+03
71	31	122	2.420936e+04
71	31	123	-6.837850e+02
71	32	120	5.940767e+03
71	32	121	-7.421458e+03
71	32	122	8.184758e+04
71	32	123	5.212737e+03
71	73	60	4.694308e+01
71	73	61	7.720667e+02
71	73	62	1.928718e+03
71	74	60	2.043981e+02
71	74	61	3.361709e+03
71	74	62	8.397963e+03
71	75	60	1.042211e+03
71	75	61	1.714111e+04
71	75	62	4.282062e+04
71	104	69	-2.130946e+01
71	104	70	-8.110797e+01
71	104	71	-4.526485e+02
71	105	69	-4.972561e+03
71	105	70	-1.892654e+04
71	105	71	-1.056255e+05
71	106	69	-3.811308e+03
71	106	70	-1.450658e+04
71	106	71	-8.095855e+04
72	30	120	1.962999e+03
72	30	121	8.843059e+03
72	30	122	1.149657e+05
72	30	123	2.034091e+04
72	31	120	5.188549e+04
72	31	121	-1.096981e+05
72	31	122	3.654974e+05
72	31	123	-2.845125e+04
72	32	120	1.082244e+05
72	32	121	-6.122543e+04
72	32	122	2.066831e+06
72	32	123	2.168940e+05
72	73	60	1.958014e+02
72	73	61	3.220320e+03
72	73	62	8.044757e+03
72	74	60	8.525522e+02
72	74	61	1.402182e+04
72	74	62	3.502823e+04
72	75	60	4.347103e+03
72	75	61	7.149624e+04
72	75	62	1.786064e+05
72	104	69	1.941588e+02
72	104	70	7.390062e+02
72	104	71	4.124256e+03
72	105	69	4.530693e+04
72	105	70	1.724470e+05
72	105	71	9.623949e+05
72	106	69	3.472631e+04
72	106	70	1.321751e+05
72	106	71	7.376448e+05
73	14	116	3.794321e-01
73	14	117	3.118085e+01
73	14	118	1.982950e+01
73	15	116	1.942785e+01
73	15	117	1.596535e+03
73	15	118	1.015318e+03
73	16	116	1.091000e+01
73	16	117	8.965589e+02
73	16	118	5.701676e+02
73	30	120	7.319119e+02
73	30	121	5.188987e+03
73	30	122	5.759101e+04
73	30	123	1.070254e+04
73	31	120	1.934571e+04
73	31	121	-4.354751e+04
73	31	122	1.156802e+05
73	31	123	-1.496986e+04
73	32	120	4.035188e+04
73	32	121	-2.655786e+03
73	32	122	9.276443e+05
73	32	123	1.141206e+05
73	73	60	1.027235e+03
73	73	61	1.689479e+04
73	73	62	4.220528e+04
73	74	60	4.472752e+03
73	74	61	7.356278e+04
73	74	62	1.837689e+05
73	75	60	2.280625e+04
73	75	61	3.750914e+05
73	75	62	9.370246e+05
74	14	116	1.045571e+02
74	14	117	8.592259e+03
74	14	118	5.464256e+03
74	15	116	5.353576e+03
74	15	117	4.399445e+05
74	15	118	2.797832e+05
74	16	116	3.006383e+03
74	16	117	2.470576e+05
74	16	118	1.571165e+05
75	0	105	4.393237e-01
75	0	106	1.008760e+02
75	0	107	7.714941e+01
75	1	105	-6.911700e-01
75	1	106	-1.587041e+02
75	1	107	-1.213760e+02
75	2	105	4.483118e+00
75	2	106	1.029398e+03
75	2	107	7.872782e+02
75	14	116	8.188195e+01
75	14	117	6.728869e+03
75	14	118	4.279231e+03
75	15	116	4.192554e+03
75	15	117	3.445344e+05
75	15	118	2.191070e+05
75	16	116	2.354393e+03
75	16	117	1.934786e+05
75	16	118	1.230429e+05
76	0	105	2.823436e+02
76	0	106	6.483078e+04
76	0	107	4.958222e+04
76	1	105	-4.441997e+02
76	1	106	-1.019956e+05
76	1	107	-7.800569e+04
76	2	105	2.881201e+03
76	2	106	6.615716e+05
76	2	107	5.059663e+05
76	4	104	3.842938e+01
76	4	105	-6.830489e+01
76	4	106	3.706672e+02
76	5	104	5.586581e+02
76	5	105	-9.929663e+02
76	5	106	5.388487e+03
76	6	104	1.839329e+02
76	6	105	-3.269248e+02
76	6	106	1.774109e+03
77	0	105	2.407657e+02
77	0	106	5.528380e+04
77	0	107	4.228074e+04
77	1	105	-3.787868e+02
77	1	106	-8.697575e+04
77	1	107	-6.651857e+04
77	2	105	2.456915e+03
77	2	106	5.641485e+05
77	2	107	4.314577e+05
77	4	104	6.540496e+03
77	4	105	-1.162516e+04
77	4	106	6.308578e+04
77	5	104	9.508092e+04
77	5	105	-1.689981e+05
77	5	106	9.170946e+05
77	6	104	3.130450e+04
77	6	105	-5.564103e+04
77	6	106	3.019448e+05
78	4	104	4.786523e+03
78	4	105	-8.507630e+03
78	4	106	4.616799e+04
78	5	104	6.958295e+04
78	5	105	-1.236777e+05
78	5	106	6.711562e+05
78	6	104	2.290953e+04
78	6	105	-4.071971e+04
78	6	106	2.209719e+05
