0.2611	-3.769484e+00	2
52	56	62	2.146992e-21
52	56	63	4.951418e+02
52	56	64	4.951418e+02
52	57	62	8.020842e-20
52	57	63	1.849776e+04
52	57	64	1.849776e+04
52	58	62	4.067942e-20
52	58	63	9.381535e+03
52	58	64	9.381535e+03
53	56	62	1.621247e-20
53	56	63	3.738939e+03
53	56	64	3.738939e+03
53	57	62	6.056739e-19
53	57	63	1.396812e+05
53	57	64	1.396812e+05
53	58	62	3.071805e-19
53	58	63	7.084231e+04
53	58	64	7.084231e+04
54	56	62	5.913745e-20
54	56	63	1.363835e+04
54	56	64	1.363835e+04
54	57	62	2.209287e-18
54	57	63	5.095082e+05
54	57	64	5.095082e+05
54	58	62	1.120487e-18
54	58	63	2.584080e+05
54	58	64	2.584080e+05
72	68	62	2.132365e-21
72	68	63	4.951418e+02
72	68	64	4.951418e+02
72	69	62	3.400519e-20
72	69	63	7.896109e+03
72	69	64	7.896109e+03
72	70	62	8.605907e-20
72	70	63	1.998318e+04
72	70	64	1.998318e+04
73	68	62	5.233746e-20
73	68	63	1.215292e+04
73	68	64	1.215292e+04
73	69	62	8.346344e-19
73	69	63	1.938047e+05
73	69	64	1.938047e+05
73	70	62	2.112262e-18
73	70	63	4.904737e+05
73	70	64	4.904737e+05
74	68	62	2.249912e-20
74	68	63	5.224364e+03
74	68	64	5.224364e+03
74	69	62	3.587972e-19
74	69	63	8.331382e+04
74	69	64	8.331382e+04
74	70	62	9.080308e-19
74	70	63	2.108476e+05
74	70	64	2.108476e+05
