0.1022	-3.834653e+00	2
59	65	62	4.853397e-23
59	65	63	3.230630e+03
59	65	64	3.230630e+03
59	66	62	2.080290e-22
59	66	63	1.384731e+04
59	66	64	1.384731e+04
59	67	62	1.071799e-21
59	67	63	7.134356e+04
59	67	64	7.134356e+04
60	65	62	4.176178e-22
60	65	63	2.779844e+04
60	65	64	2.779844e+04
60	66	62	1.790017e-21
60	66	63	1.191512e+05
60	66	64	1.191512e+05
60	67	62	9.222456e-21
60	67	63	6.138863e+05
60	67	64	6.138863e+05
61	65	62	9.602011e-23
61	65	63	6.391512e+03
61	65	64	6.391512e+03
61	66	62	4.115668e-22
61	66	63	2.739566e+04
61	66	64	2.739566e+04
61	67	62	2.120458e-21
61	67	63	1.411468e+05
61	67	64	1.411468e+05
65	59	62	3.793214e-23
65	59	63	3.230630e+03
65	59	64	3.230630e+03
65	60	62	7.238773e-22
65	60	63	6.165167e+04
65	60	64	6.165167e+04
65	61	62	2.763833e-22
65	61	63	2.353920e+04
65	61	64	2.353920e+04
66	59	62	-3.875108e-23
66	59	63	-3.300378e+03
66	59	64	-3.300378e+03
66	60	62	-7.395056e-22
66	60	63	-6.298271e+04
66	60	64	-6.298271e+04
66	61	62	-2.823503e-22
66	61	63	-2.404740e+04
66	61	64	-2.404740e+04
67	59	62	4.401892e-22
67	59	63	3.749033e+04
67	59	64	3.749033e+04
67	60	62	8.400342e-21
67	60	63	7.154460e+05
67	60	64	7.154460e+05
67	61	62	3.207331e-21
67	61	63	2.731641e+05
67	61	64	2.731641e+05
