0.0738	-2.319521e+00	2
57	54	54	4.076084e+02
57	54	55	5.145231e+03
57	54	56	1.554052e+03
57	55	54	5.145231e+03
57	55	55	6.494812e+04
57	55	56	1.961676e+04
57	56	54	1.554052e+03
57	56	55	1.961676e+04
57	56	56	5.924998e+03
58	54	54	4.897557e+03
58	54	55	6.182174e+04
58	54	56	1.867248e+04
58	55	54	6.182174e+04
58	55	55	7.803743e+05
58	55	56	2.357023e+05
58	56	54	1.867248e+04
58	56	55	2.357023e+05
58	56	56	7.119091e+04
59	54	54	1.432944e+03
59	54	55	1.808801e+04
59	54	56	5.463258e+03
59	55	54	1.808801e+04
59	55	55	2.283245e+05
59	55	56	6.896257e+04
59	56	54	5.463258e+03
59	56	55	6.896257e+04
59	56	56	2.082928e+04
67	70	70	4.076084e+02
67	70	71	3.312271e+02
67	70	72	6.368056e+03
67	71	70	3.312271e+02
67	71	71	2.691589e+02
67	71	72	5.174753e+03
67	72	70	6.368056e+03
67	72	71	5.174753e+03
67	72	72	9.948798e+04
68	70	70	2.101186e+02
68	70	71	1.707447e+02
68	70	72	3.282678e+03
68	71	70	1.707447e+02
68	71	71	1.387491e+02
68	71	72	2.667541e+03
68	72	70	3.282678e+03
68	72	71	2.667541e+03
68	72	72	5.128519e+04
69	70	70	6.120383e+03
69	70	71	4.973491e+03
69	70	72	9.561858e+04
69	71	70	4.973491e+03
69	71	71	4.041514e+03
69	71	72	7.770073e+04
69	72	70	9.561858e+04
69	72	71	7.770073e+04
69	72	72	1.493847e+06
