0.0517	-3.781748e+00	2
53	56	62	8.478044e-26
53	56	63	1.194133e+04
53	56	64	1.194133e+04
53	57	62	6.610926e-25
53	57	63	9.311494e+04
53	57	64	9.311494e+04
53	58	62	1.402064e-25
53	58	63	1.974809e+04
53	58	64	1.974809e+04
54	56	62	-1.651589e-25
54	56	63	-2.326264e+04
54	56	64	-2.326264e+04
54	57	62	-1.287860e-24
54	57	63	-1.813951e+05
54	57	64	-1.813951e+05
54	58	62	-2.731330e-25
54	58	63	-3.847080e+04
54	58	64	-3.847080e+04
55	56	62	7.761186e-25
55	56	63	1.093164e+05
55	56	64	1.093164e+05
55	57	62	6.051942e-24
55	57	63	8.524164e+05
55	57	64	8.524164e+05
55	58	62	1.283513e-24
55	58	63	1.807829e+05
55	58	64	1.807829e+05
71	68	62	8.478044e-26
71	68	63	1.194133e+04
71	68	64	1.194133e+04
71	69	62	-1.141349e-25
71	69	63	-1.607590e+04
71	69	64	-1.607590e+04
71	70	62	9.154339e-25
71	70	63	1.289389e+05
71	70	64	1.289389e+05
72	68	62	5.217773e-25
72	68	63	7.349236e+04
72	68	64	7.349236e+04
72	69	62	-7.024378e-25
72	69	63	-9.893841e+04
72	69	64	-9.893841e+04
72	70	62	5.633996e-24
72	70	63	7.935487e+05
72	70	64	7.935487e+05
73	68	62	8.918246e-26
73	68	63	1.256136e+04
73	68	64	1.256136e+04
73	69	62	-1.200611e-25
73	69	63	-1.691061e+04
73	69	64	-1.691061e+04
73	70	62	9.629656e-25
73	70	63	1.356338e+05
73	70	64	1.356338e+05
