0.4490	-3.747787e+00	2
50	59	62	4.037252e-20
50	59	63	9.801432e+02
50	59	64	9.801432e+02
50	60	62	1.287470e-18
50	60	63	3.125653e+04
50	60	64	3.125653e+04
50	61	62	6.161953e-19
50	61	63	1.495967e+04
50	61	64	1.495967e+04
51	59	62	6.232828e-19
51	59	63	1.513174e+04
51	59	64	1.513174e+04
51	60	62	1.987634e-17
51	60	63	4.825475e+05
51	60	64	4.825475e+05
51	61	62	9.513003e-18
51	61	63	2.309518e+05
51	61	64	2.309518e+05
52	59	62	2.124547e-19
52	59	63	5.157865e+03
52	59	64	5.157865e+03
52	60	62	6.775130e-18
52	60	63	1.644831e+05
52	60	64	1.644831e+05
52	61	62	3.242641e-18
52	61	63	7.872316e+04
52	61	64	7.872316e+04
74	65	62	4.244044e-20
74	65	63	9.801432e+02
74	65	64	9.801432e+02
74	66	62	5.204360e-19
74	66	63	1.201924e+04
74	66	64	1.201924e+04
74	67	62	1.480737e-18
74	67	63	3.419696e+04
74	67	64	3.419696e+04
75	65	62	9.601551e-20
75	65	63	2.217436e+03
75	65	64	2.217436e+03
75	66	62	1.177413e-18
75	66	63	2.719184e+04
75	66	64	2.719184e+04
75	67	62	3.349959e-18
75	67	63	7.736582e+04
75	67	64	7.736582e+04
76	65	62	7.825292e-19
76	65	63	1.807217e+04
76	65	64	1.807217e+04
76	66	62	9.595952e-18
76	66	63	2.216143e+05
76	66	64	2.216143e+05
76	67	62	2.730226e-17
76	67	63	6.305336e+05
76	67	64	6.305336e+05
