0.1760	-3.773405e+00	2
52	67	62	2.457070e-24
52	67	63	2.338867e+00
52	67	64	2.338867e+00
52	68	62	9.175278e-22
52	68	63	8.733879e+02
52	68	64	8.733879e+02
52	69	62	7.440425e-22
52	69	63	7.082486e+02
52	69	64	7.082486e+02
53	67	62	7.010927e-22
53	67	63	6.673649e+02
53	67	64	6.673649e+02
53	68	62	2.618045e-19
53	68	63	2.492097e+05
53	68	64	2.492097e+05
53	69	62	2.123027e-19
53	69	63	2.020894e+05
53	69	64	2.020894e+05
54	67	62	8.851812e-22
54	67	63	8.425974e+02
54	67	64	8.425974e+02
54	68	62	3.305474e-19
54	68	63	3.146457e+05
54	68	64	3.146457e+05
54	69	62	2.680478e-19
54	69	63	2.551528e+05
54	69	64	2.551528e+05
72	57	62	2.423122e-24
72	57	63	2.338867e+00
72	57	64	2.338867e+00
72	58	62	7.264929e-22
72	58	63	7.012320e+02
72	58	64	7.012320e+02
72	59	62	9.121199e-22
72	59	63	8.804045e+02
72	59	64	8.804045e+02
73	57	62	8.656815e-22
73	57	63	8.355808e+02
73	57	64	8.355808e+02
73	58	62	2.595460e-19
73	58	63	2.505213e+05
73	58	64	2.505213e+05
73	59	62	3.258628e-19
73	59	63	3.145322e+05
73	59	64	3.145322e+05
74	57	62	6.986752e-22
74	57	63	6.743815e+02
74	57	64	6.743815e+02
74	58	62	2.094747e-19
74	58	63	2.021910e+05
74	58	64	2.021910e+05
74	59	62	2.629978e-19
74	59	63	2.538530e+05
74	59	64	2.538530e+05
