0.0795	-2.125104e+00	2
58	53	53	3.875759e+02
58	53	54	2.283508e+02
58	53	55	5.878452e+03
58	54	53	2.283508e+02
58	54	54	1.345390e+02
58	54	55	3.463448e+03
58	55	53	5.878452e+03
58	55	54	3.463448e+03
58	55	55	8.915980e+04
59	53	53	5.250586e+03
59	53	54	3.093525e+03
59	53	55	7.963683e+04
59	54	53	3.093525e+03
59	54	54	1.822634e+03
59	54	55	4.692019e+04
59	55	53	7.963683e+04
59	55	54	4.692019e+04
59	55	55	1.207870e+06
60	53	53	1.657245e+03
60	53	54	9.764107e+02
60	53	55	2.513581e+04
60	54	53	9.764107e+02
60	54	54	5.752787e+02
60	54	55	1.480944e+04
60	55	53	2.513581e+04
60	55	54	1.480944e+04
60	55	55	3.812405e+05
66	71	71	3.875759e+02
66	71	72	4.715724e+03
66	71	73	1.391079e+03
66	72	71	4.715724e+03
66	72	72	5.737728e+04
66	72	73	1.692557e+04
66	73	71	1.391079e+03
66	73	72	1.692557e+04
66	73	73	4.992827e+03
67	71	71	4.945174e+02
67	71	72	6.016905e+03
67	71	73	1.774910e+03
67	72	71	6.016905e+03
67	72	72	7.320904e+04
67	72	73	2.159574e+04
67	73	71	1.774910e+03
67	73	72	2.159574e+04
67	73	73	6.370467e+03
68	71	71	6.413314e+03
68	71	72	7.803225e+04
68	71	73	2.301852e+04
68	72	71	7.803225e+04
68	72	72	9.494360e+05
68	72	73	2.800715e+05
68	73	71	2.301852e+04
68	73	72	2.800715e+05
68	73	73	8.261754e+04
