0.0191	-4.594967e+06	763
32	67	68	1.150073e+03
32	67	69	-2.233683e+03
32	67	70	1.054818e+04
32	68	68	7.312814e+03
32	68	69	-1.420302e+04
32	68	70	6.707127e+04
32	69	68	1.290217e+03
32	69	69	-2.505872e+03
32	69	70	1.183354e+04
33	67	68	4.158701e+03
33	67	69	-8.077071e+03
33	67	70	3.814255e+04
33	68	68	2.644337e+04
33	68	69	-5.135858e+04
33	68	70	2.425319e+05
33	69	68	4.665465e+03
33	69	69	-9.061313e+03
33	69	70	4.279046e+04
34	67	68	2.404192e+04
34	67	69	-4.669446e+04
34	67	70	2.205064e+05
34	68	68	1.528721e+05
34	68	69	-2.969098e+05
34	68	70	1.402104e+06
34	69	68	2.697158e+04
34	69	69	-5.238448e+04
34	69	70	2.473765e+05
35	71	67	2.646153e-01
35	71	68	6.470625e+01
35	71	69	4.990572e+01
35	72	67	1.749526e+02
35	72	68	4.278109e+04
35	72	69	3.299559e+04
35	73	67	2.040828e+02
35	73	68	4.990429e+04
35	73	69	3.848947e+04
36	71	67	2.436527e+00
36	71	68	5.958028e+02
36	71	69	4.595223e+02
36	72	67	1.610930e+03
36	72	68	3.939201e+05
36	72	69	3.038171e+05
36	73	67	1.879156e+03
36	73	68	4.595091e+05
36	73	69	3.544037e+05
37	71	67	5.906051e-01
37	71	68	1.444204e+02
37	71	69	1.113865e+02
37	72	67	3.904836e+02
37	72	68	9.548479e+04
37	72	69	7.364415e+04
37	73	67	4.555004e+02
37	73	68	1.113833e+05
37	73	69	8.590614e+04
39	67	61	3.315689e+01
39	67	62	1.233171e+03
39	67	63	6.244479e+02
39	68	61	-6.211182e+01
39	68	62	-2.310062e+03
39	68	63	-1.169760e+03
39	69	61	3.107673e+02
39	69	62	1.155805e+04
39	69	63	5.852720e+03
39	77	55	3.050401e-01
39	77	56	2.481811e+01
39	77	57	3.816029e+01
39	78	55	2.709988e+00
39	78	56	2.204851e+02
39	78	57	3.390176e+02
39	79	55	6.389814e-01
39	79	56	5.198763e+01
39	79	57	7.993611e+01
40	67	61	1.517432e+03
40	67	62	5.643630e+04
40	67	63	2.857799e+04
40	68	61	-2.842560e+03
40	68	62	-1.057204e+05
40	68	63	-5.353429e+04
40	69	61	1.422233e+04
40	69	62	5.289566e+05
40	69	63	2.678509e+05
40	77	55	4.339455e+02
40	77	56	3.530587e+04
40	77	57	5.428626e+04
40	78	55	3.855189e+03
40	78	56	3.136588e+05
40	78	57	4.822814e+05
40	79	55	9.090054e+02
40	79	56	7.395683e+04
40	79	57	1.137159e+05
40	80	63	9.039668e+01
40	80	64	2.547344e+03
40	80	65	1.161067e+03
40	81	63	1.219864e+03
40	81	64	3.437530e+04
40	81	65	1.566809e+04
40	82	63	3.841103e+02
40	82	64	1.082408e+04
40	82	65	4.933564e+03
41	67	61	2.675696e+03
41	67	62	9.951445e+04
41	67	63	5.039172e+04
41	68	61	-5.012302e+03
41	68	62	-1.864175e+05
41	68	63	-9.439731e+04
41	69	61	2.507831e+04
41	69	62	9.327122e+05
41	69	63	4.723030e+05
41	77	55	3.900113e+02
41	77	56	3.173138e+04
41	77	57	4.879013e+04
41	78	55	3.464876e+03
41	78	56	2.819028e+05
41	78	57	4.334534e+05
41	79	55	8.169744e+02
41	79	56	6.646917e+04
41	79	57	1.022029e+05
41	80	63	1.805147e+03
41	80	64	5.086835e+04
41	80	65	2.318555e+04
41	81	63	2.435967e+04
41	81	64	6.864463e+05
41	81	65	3.128789e+05
41	82	63	7.670366e+03
41	82	64	2.161480e+05
41	82	65	9.851920e+04
42	73	63	7.269338e-03
42	73	64	2.963533e-01
42	73	65	5.396059e-01
42	74	63	3.634108e+00
42	74	64	1.481538e+02
42	74	65	2.697613e+02
42	75	63	4.337080e+00
42	75	64	1.768122e+02
42	75	65	3.219432e+02
42	77	46	9.854338e-03
42	77	47	2.827885e+01
42	77	48	2.623516e+01
42	78	46	8.030981e-01
42	78	47	2.304639e+03
42	78	48	2.138085e+03
42	79	46	5.097455e-01
42	79	47	1.462809e+03
42	79	48	1.357093e+03
42	80	63	7.049773e+02
42	80	64	1.986599e+04
42	80	65	9.054822e+03
42	81	63	9.513362e+03
42	81	64	2.680829e+05
42	81	65	1.221909e+05
42	82	63	2.995564e+03
42	82	64	8.441385e+04
42	82	65	3.847542e+04
42	93	37	3.427637e+00
42	93	38	1.508761e+03
42	93	39	1.821385e+03
42	93	66	6.380182e+00
42	93	67	6.279748e+01
42	93	68	1.600127e+01
42	94	37	1.403360e+01
42	94	38	6.177242e+03
42	94	39	7.457203e+03
42	94	66	1.077373e+03
42	94	67	1.060414e+04
42	94	68	2.702014e+03
42	95	37	7.454514e+01
42	95	38	3.281293e+04
42	95	39	3.961196e+04
42	95	66	1.456602e+03
42	95	67	1.433673e+04
42	95	68	3.653105e+03
43	73	63	7.546454e+00
43	73	64	3.076506e+02
43	73	65	5.601763e+02
43	74	63	3.772644e+03
43	74	64	1.538015e+05
43	74	65	2.800449e+05
43	75	63	4.502414e+03
43	75	64	1.835525e+05
43	75	65	3.342160e+05
43	76	67	5.032940e-02
43	76	68	1.800160e+01
43	76	69	1.453059e+01
43	77	46	1.126218e+00
43	77	47	3.231890e+03
43	77	48	2.998324e+03
43	77	67	6.211301e+00
43	77	68	2.221631e+03
43	77	69	1.793263e+03
43	78	46	9.178325e+01
43	78	47	2.633891e+05
43	78	48	2.443542e+05
43	78	64	8.886442e-01
43	78	65	7.073172e+01
43	78	66	4.464758e+01
43	78	67	8.827091e+00
43	78	68	3.157236e+03
43	78	69	2.548468e+03
43	79	46	5.825702e+01
43	79	47	1.671793e+05
43	79	48	1.550974e+05
43	79	64	2.468540e+02
43	79	65	1.964837e+04
43	79	66	1.240253e+04
43	80	42	4.020531e+00
43	80	43	9.705161e+03
43	80	44	1.052393e+04
43	80	64	1.935115e+02
43	80	65	1.540257e+04
43	80	66	9.722476e+03
43	81	42	-2.966328e+00
43	81	43	-7.160420e+03
43	81	44	-7.764506e+03
43	82	42	4.936591e+01
43	82	43	1.191644e+05
43	82	44	1.292177e+05
43	93	37	9.184373e+00
43	93	38	4.042734e+03
43	93	39	4.880412e+03
43	93	66	1.097901e+02
43	93	67	1.080618e+03
43	93	68	2.753496e+02
43	94	37	3.760310e+01
43	94	38	1.655196e+04
43	94	39	1.998162e+04
43	94	66	1.853943e+04
43	94	67	1.824759e+05
43	94	68	4.649622e+04
43	95	37	1.997441e+02
43	95	38	8.792243e+04
43	95	39	1.061405e+05
43	95	66	2.506519e+04
43	95	67	2.467063e+05
43	95	68	6.286260e+04
44	71	71	8.117708e+02
44	71	72	-1.194448e+03
44	71	73	8.502517e+03
44	72	71	7.090493e+03
44	72	72	-1.043302e+04
44	72	73	7.426608e+04
44	73	63	8.535561e+00
44	73	64	3.479741e+02
44	73	65	6.335982e+02
44	73	71	1.649745e+03
44	73	72	-2.427451e+03
44	73	73	1.727948e+04
44	74	63	4.267121e+03
44	74	64	1.739602e+05
44	74	65	3.167501e+05
44	75	62	2.828387e+00
44	75	63	5.197290e+03
44	75	64	2.078067e+05
44	75	65	3.780214e+05
44	76	62	3.756717e+00
44	76	63	1.391282e+02
44	76	64	2.605045e+02
44	76	67	6.207052e+00
44	76	68	2.220112e+03
44	76	69	1.792037e+03
44	77	46	1.622083e+00
44	77	47	4.654870e+03
44	77	48	4.318466e+03
44	77	58	4.900928e+02
44	77	59	1.462046e+04
44	77	60	6.818334e+03
44	77	62	4.709256e+01
44	77	63	1.744051e+03
44	77	64	3.265570e+03
44	77	67	7.660307e+02
44	77	68	2.739905e+05
44	77	69	2.211606e+05
44	78	46	1.321948e+02
44	78	47	3.793575e+05
44	78	48	3.519416e+05
44	78	58	-7.243713e+02
44	78	59	-2.160946e+04
44	78	60	-1.007769e+04
44	78	64	2.147330e+01
44	78	65	1.709169e+03
44	78	66	1.078869e+03
44	78	67	1.088632e+03
44	78	68	3.893773e+05
44	78	69	3.142989e+05
44	79	46	8.390718e+01
44	79	47	2.407872e+05
44	79	48	2.233857e+05
44	79	58	5.124753e+03
44	79	59	1.528818e+05
44	79	60	7.129727e+04
44	79	64	5.965008e+03
44	79	65	4.747854e+05
44	79	66	2.996961e+05
44	80	42	2.434275e+01
44	80	43	5.876098e+04
44	80	44	6.371833e+04
44	80	64	4.676034e+03
44	80	65	3.721894e+05
44	80	66	2.349350e+05
44	81	42	-1.795996e+01
44	81	43	-4.335356e+04
44	81	44	-4.701107e+04
44	82	42	2.988914e+02
44	82	43	7.214941e+05
44	82	44	7.823627e+05
44	93	37	6.585241e+01
44	93	38	2.898660e+04
44	93	39	3.499280e+04
44	93	66	2.691755e+02
44	93	67	2.649382e+03
44	93	68	6.750824e+02
44	94	37	2.696161e+02
44	94	38	1.186784e+05
44	94	39	1.432692e+05
44	94	66	4.545364e+04
44	94	67	4.473813e+05
44	94	68	1.139961e+05
44	95	37	1.432175e+03
44	95	38	6.304082e+05
44	95	39	7.610325e+05
44	95	66	6.145304e+04
44	95	67	6.048567e+05
44	95	68	1.541220e+05
45	71	71	1.239376e+04
45	71	72	-1.823631e+04
45	71	73	1.298127e+05
45	72	65	1.642840e+01
45	72	66	1.919725e+02
45	72	67	5.514663e+01
45	72	71	1.082545e+05
45	72	72	-1.592868e+05
45	72	73	1.133862e+06
45	73	65	2.490630e+03
45	73	66	2.910401e+04
45	73	67	8.360512e+03
45	73	71	2.518758e+04
45	73	72	-3.706126e+04
45	73	73	2.638156e+05
45	74	65	3.422714e+03
45	74	66	3.999578e+04
45	74	67	1.148932e+04
45	75	62	5.723350e+02
45	75	63	2.119616e+04
45	75	64	3.968781e+04
45	75	68	1.847505e+02
45	75	69	1.993071e+03
45	75	70	5.422571e+02
45	76	59	4.585034e+01
45	76	60	5.670225e+02
45	76	61	1.690319e+02
45	76	62	7.601861e+02
45	76	63	2.815313e+04
45	76	64	5.278267e+04
45	76	65	4.786170e+02
45	76	66	9.211170e+01
45	76	67	4.296629e+00
45	76	68	3.038333e+03
45	76	69	1.743888e+04
45	76	70	4.407118e+03
45	77	58	3.434270e+03
45	77	59	1.027352e+05
45	77	60	5.129045e+04
45	77	61	1.046867e+03
45	77	62	9.529359e+03
45	77	63	3.529153e+05
45	77	64	6.682565e+05
45	77	65	5.373886e+04
45	77	66	2.378926e+04
45	77	67	3.537431e+03
45	77	68	1.949209e+05
45	77	69	2.098348e+05
45	77	70	1.543830e+04
45	78	58	-5.075950e+03
45	78	59	-1.513770e+05
45	78	60	-7.001435e+04
45	78	61	1.800393e+02
45	78	64	5.045543e+03
45	78	65	3.277141e+04
45	78	66	-1.784544e+04
45	78	67	-4.719267e+03
45	78	68	2.695337e+05
45	78	69	2.175631e+05
45	79	58	3.591112e+04
45	79	59	1.071302e+06
45	79	60	4.996075e+05
45	79	64	2.546652e+03
45	79	65	2.189572e+05
45	79	66	2.591654e+05
45	79	67	2.864426e+04
45	80	42	4.093941e+00
45	80	43	9.882366e+03
45	80	44	1.071609e+04
45	80	64	1.996348e+03
45	80	65	1.588995e+05
45	80	66	1.003012e+05
45	80	81	5.658697e+02
45	80	82	3.921991e+03
45	80	83	7.501005e+02
45	81	42	-3.020489e+00
45	81	43	-7.291160e+03
45	81	44	-7.906277e+03
45	81	56	1.170614e+02
45	81	57	2.102537e+03
45	81	58	5.065743e+03
45	81	81	7.231189e+03
45	81	82	5.011872e+04
45	81	83	9.585455e+03
45	82	42	5.026727e+01
45	82	43	1.213402e+05
45	82	44	1.315770e+05
45	82	56	7.482055e+02
45	82	57	1.343850e+04
45	82	58	3.237802e+04
45	82	81	2.201138e+03
45	82	82	1.525589e+04
45	82	83	2.917765e+03
45	83	56	3.002605e+03
45	83	57	5.392970e+04
45	83	58	1.299354e+05
46	70	57	1.444423e+02
46	70	58	-2.627546e+02
46	70	59	1.376200e+03
46	71	57	5.526994e+03
46	71	58	-1.005414e+04
46	71	59	5.265941e+04
46	71	71	4.197939e+03
46	71	72	-6.176889e+03
46	71	73	4.396936e+04
46	72	57	2.826653e+03
46	72	58	-5.141957e+03
46	72	59	2.693144e+04
46	72	63	3.538830e-02
46	72	64	4.036605e+01
46	72	65	7.203685e+01
46	72	66	4.344049e+02
46	72	67	2.675198e+03
46	72	68	1.949362e+03
46	72	71	3.666731e+04
46	72	72	-5.395265e+04
46	72	73	3.840548e+05
46	73	63	4.309398e+01
46	73	64	4.915561e+04
46	73	65	4.911750e+04
46	73	66	6.422160e+04
46	73	67	3.494614e+04
46	73	68	1.260969e+04
46	73	71	8.531381e+03
46	73	72	-1.255316e+04
46	73	73	8.935800e+04
46	74	63	4.828745e+01
46	74	64	5.507960e+04
46	74	65	5.642973e+04
46	74	66	8.816850e+04
46	74	67	2.828648e+04
46	74	68	2.261595e+03
46	75	62	4.300086e+02
46	75	63	1.592517e+04
46	75	64	2.981837e+04
46	75	68	3.113948e+02
46	75	69	3.375968e+03
46	75	70	9.935408e+02
46	75	71	3.821695e+02
46	76	59	6.025731e+03
46	76	60	7.451907e+04
46	76	61	2.221447e+04
46	76	62	5.711455e+02
46	76	63	2.115210e+04
46	76	64	4.047372e+04
46	76	65	6.060333e+03
46	76	66	1.166335e+03
46	76	68	2.530817e+03
46	76	69	2.895046e+04
46	76	70	1.529595e+04
46	76	71	3.778727e+04
46	77	58	6.633921e+02
46	77	59	5.710953e+04
46	77	60	4.707488e+05
46	77	61	1.375810e+05
46	77	62	7.159629e+03
46	77	63	2.651535e+05
46	77	64	5.908816e+05
46	77	65	6.576777e+05
46	77	66	1.174032e+05
46	77	67	-2.050571e+03
46	77	68	8.865547e+03
46	77	69	9.807863e+04
46	77	70	3.765850e+04
46	77	71	5.589195e+04
46	77	72	3.110179e+01
46	77	73	3.349594e+01
46	78	58	-9.805127e+02
46	78	59	-2.283256e+04
46	78	60	6.573054e+04
46	78	61	2.366107e+04
46	78	63	5.588971e-02
46	78	64	6.382342e+04
46	78	65	4.472228e+05
46	78	66	1.027461e+05
46	78	67	3.731892e+03
46	78	71	5.437148e+00
46	78	72	1.566962e+04
46	78	73	1.687584e+04
46	79	58	6.936892e+03
46	79	59	2.069416e+05
46	79	60	9.650835e+04
46	79	63	6.877167e-01
46	79	64	6.390896e+02
46	79	65	-1.035705e+04
46	79	66	-8.947505e+04
46	79	67	-1.953233e+04
46	79	71	4.540876e+00
46	79	72	1.308660e+04
46	79	73	1.409398e+04
46	80	63	2.043498e-01
46	80	64	1.899006e+02
46	80	65	2.162891e+02
46	80	71	5.537918e+01
46	80	72	6.460219e+02
46	80	73	1.853675e+02
46	80	81	1.365607e+03
46	80	82	9.464899e+03
46	80	83	1.810209e+03
46	81	56	7.468687e+02
46	81	57	1.341449e+04
46	81	58	3.232017e+04
46	81	71	9.176574e+02
46	81	72	1.070487e+04
46	81	73	3.071621e+03
46	81	81	1.745095e+04
46	81	82	1.209510e+05
46	81	83	2.313248e+04
46	82	56	4.773659e+03
46	82	57	8.573953e+04
46	82	58	2.065764e+05
46	82	71	3.253551e+02
46	82	72	3.795407e+03
46	82	73	1.089042e+03
46	82	81	5.311983e+03
46	82	82	3.681687e+04
46	82	83	7.041411e+03
46	83	56	1.915705e+04
46	83	57	3.440792e+05
46	83	58	8.290067e+05
46	88	57	2.130894e+01
46	88	58	2.286369e+03
46	88	59	1.540368e+03
46	89	57	2.053579e+02
46	89	58	2.203413e+04
46	89	59	1.484479e+04
46	90	57	5.151759e+01
46	90	58	5.527643e+03
46	90	59	3.724074e+03
47	70	57	6.354049e+02
47	70	58	-1.155863e+03
47	70	59	6.053932e+03
47	71	57	2.431336e+04
47	71	58	-4.422837e+04
47	71	59	2.316499e+05
47	72	57	1.243451e+04
47	72	58	-2.261958e+04
47	72	59	1.184720e+05
47	72	63	-4.813007e-02
47	72	64	-5.490008e+01
47	72	65	2.523921e+02
47	72	66	3.908220e+03
47	72	67	8.923546e+04
47	72	68	6.734749e+04
47	73	63	-5.861022e+01
47	73	64	-6.685438e+04
47	73	65	-1.368522e+04
47	73	66	5.359710e+05
47	73	67	7.239330e+05
47	73	68	4.356455e+05
47	74	63	-6.567363e+01
47	74	64	-7.491133e+04
47	74	65	-3.751851e+03
47	74	66	7.335399e+05
47	74	67	3.129450e+05
47	74	68	7.813981e+04
47	74	69	1.213351e+02
47	74	70	5.118408e+01
47	75	65	1.127052e+00
47	75	66	1.650904e+02
47	75	67	2.280980e+02
47	75	68	3.424939e+03
47	75	69	3.996805e+04
47	75	70	1.259674e+04
47	75	71	4.814033e+03
47	76	59	8.473046e+03
47	76	60	1.047846e+05
47	76	61	3.123674e+04
47	76	64	2.628054e+02
47	76	65	1.922447e+03
47	76	66	1.330047e+04
47	76	67	1.788897e+04
47	76	68	2.643877e+04
47	76	69	3.110290e+05
47	76	70	1.794771e+05
47	76	71	4.759908e+05
47	77	59	5.247616e+04
47	77	60	6.489628e+05
47	77	61	1.934587e+05
47	77	64	2.857056e+04
47	77	65	2.206188e+05
47	77	66	2.174462e+05
47	77	67	4.856624e+04
47	77	68	9.122757e+04
47	77	69	1.014864e+06
47	77	70	4.143520e+05
47	77	71	7.040482e+05
47	77	72	7.278959e+02
47	77	73	7.839278e+02
47	78	53	5.634674e+01
47	78	54	7.231199e+02
47	78	55	2.207054e+02
47	78	59	9.024810e+03
47	78	60	1.116081e+05
47	78	61	3.327088e+04
47	78	63	3.285709e+01
47	78	64	4.983317e+04
47	78	65	1.322724e+05
47	78	66	-2.756052e+05
47	78	67	-6.604576e+04
47	78	69	3.296914e-01
47	78	70	2.109397e+02
47	78	71	3.070612e+02
47	78	72	3.667266e+05
47	78	73	3.950704e+05
47	78	74	-1.396372e+02
47	78	75	1.264856e+03
47	79	53	4.103596e+03
47	79	54	5.266307e+04
47	79	55	1.607344e+04
47	79	63	4.043029e+02
47	79	64	3.757154e+05
47	79	65	6.392423e+05
47	79	66	1.696177e+06
47	79	67	3.688503e+05
47	79	68	1.993112e+03
47	79	69	5.887197e+02
47	79	70	-2.901430e+02
47	79	71	-1.410543e+02
47	79	72	3.062745e+05
47	79	73	3.328505e+05
47	79	74	-3.676552e+03
47	79	75	3.330279e+04
47	80	53	6.460671e+03
47	80	54	8.291234e+04
47	80	55	2.530590e+04
47	80	63	1.201355e+02
47	80	64	1.116410e+05
47	80	65	1.290374e+05
47	80	66	1.333065e+04
47	80	67	5.231971e+03
47	80	68	3.213891e+04
47	80	69	9.503948e+03
47	80	70	2.261862e+03
47	80	71	3.768036e+03
47	80	72	2.146381e+04
47	80	73	7.487896e+03
47	80	74	-1.629105e+03
47	80	75	1.475669e+04
47	80	81	1.059301e+04
47	80	82	7.341920e+04
47	80	83	1.404179e+04
47	81	56	1.322016e+02
47	81	57	2.374469e+03
47	81	58	5.720924e+03
47	81	67	6.632184e+03
47	81	68	8.095590e+04
47	81	69	2.393095e+04
47	81	71	3.048878e+04
47	81	72	3.556648e+05
47	81	73	1.020533e+05
47	81	81	1.353670e+05
47	81	82	9.382163e+05
47	81	83	1.794386e+05
47	82	56	8.449751e+02
47	82	57	1.517657e+04
47	82	58	3.656564e+04
47	82	71	1.080979e+04
47	82	72	1.261008e+05
47	82	73	3.618298e+04
47	82	81	4.120504e+04
47	82	82	2.855884e+05
47	82	83	5.462021e+04
47	83	56	3.390949e+03
47	83	57	6.090472e+04
47	83	58	1.467407e+05
47	83	69	3.908511e+02
47	83	70	-9.851265e+01
47	83	71	5.229094e+03
47	84	69	4.253551e+03
47	84	70	-1.072093e+03
47	84	71	5.690713e+04
47	85	69	1.281469e+04
47	85	70	-3.229899e+03
47	85	71	1.714444e+05
47	88	57	5.842559e+02
47	88	58	6.268845e+04
47	88	59	4.223435e+04
47	89	57	5.630574e+03
47	89	58	6.041393e+05
47	89	59	4.070197e+05
47	90	57	1.412527e+03
47	90	58	1.515588e+05
47	90	59	1.021079e+05
48	61	72	1.725073e+02
48	61	73	1.296132e+03
48	61	74	2.662971e+02
48	62	72	5.259889e+03
48	62	73	3.952014e+04
48	62	74	8.119619e+03
48	63	72	2.474155e+03
48	63	73	1.858954e+04
48	63	74	3.819319e+03
48	64	62	9.857691e-01
48	64	63	2.969525e+01
48	64	64	5.928937e+01
48	65	62	7.261416e+00
48	65	63	2.187424e+02
48	65	64	4.367400e+02
48	66	62	1.466414e+00
48	66	63	4.417415e+01
48	66	64	8.819788e+01
48	70	57	3.218100e+03
48	70	58	-5.854036e+03
48	70	59	3.066101e+04
48	71	57	1.231385e+05
48	71	58	-2.240010e+05
48	71	59	1.173224e+06
48	71	66	1.943497e+00
48	71	67	5.933402e+01
48	71	68	2.792348e+01
48	72	57	6.297636e+04
48	72	58	-1.145601e+05
48	72	59	6.000184e+05
48	72	63	3.808615e-01
48	72	64	4.344338e+02
48	72	65	1.207240e+03
48	72	66	2.276740e+03
48	72	67	1.245662e+05
48	72	68	6.619000e+04
48	73	63	4.637928e+02
48	73	64	5.290302e+05
48	73	65	4.686595e+05
48	73	66	4.044272e+03
48	73	67	3.483421e+05
48	73	68	2.518868e+05
48	73	69	5.724101e+02
48	73	70	2.182743e+02
48	74	62	4.439941e+01
48	74	63	4.408492e+02
48	74	64	5.932148e+05
48	74	65	5.355637e+05
48	74	66	-2.196415e+03
48	74	67	1.766668e+05
48	74	68	3.893366e+04
48	74	69	9.016618e+03
48	74	70	3.731330e+03
48	74	77	2.669448e+00
48	74	78	3.941945e+01
48	74	79	1.309785e+01
48	75	62	-4.135077e+01
48	75	63	7.342427e+01
48	75	64	-3.990506e+02
48	75	65	1.035736e+01
48	75	66	1.517144e+03
48	75	67	2.096169e+03
48	75	68	1.375559e+04
48	75	69	3.209472e+05
48	75	70	1.352003e+05
48	75	71	1.452085e+03
48	75	77	4.431775e+01
48	75	78	6.544354e+02
48	75	79	2.174484e+02
48	76	62	5.248811e+02
48	76	63	-9.320023e+02
48	76	64	5.267192e+03
48	76	65	3.118235e+03
48	76	66	1.196370e+05
48	76	67	1.643957e+05
48	76	68	2.365987e+04
48	76	69	5.621263e+05
48	76	70	2.643659e+05
48	76	71	1.435759e+05
48	76	77	1.572907e+01
48	76	78	2.322694e+02
48	76	79	7.717584e+01
48	77	64	3.329484e+03
48	77	65	3.853947e+04
48	77	66	8.560249e+04
48	77	67	1.034178e+05
48	77	68	2.278134e+04
48	77	69	3.398075e+04
48	77	70	4.421738e+04
48	77	71	2.123662e+05
48	77	72	3.063485e+02
48	77	73	3.299306e+02
48	78	53	-6.924225e+01
48	78	54	-8.886131e+02
48	78	55	-2.712160e+02
48	78	57	1.548055e+01
48	78	58	6.393424e+03
48	78	59	7.764753e+03
48	78	63	2.781399e+01
48	78	64	2.702471e+04
48	78	65	4.372915e+04
48	78	66	9.767276e+03
48	78	67	1.173624e+03
48	78	68	2.639723e+04
48	78	69	2.871307e+04
48	78	70	4.625458e+04
48	78	71	3.948249e+04
48	78	72	1.543437e+05
48	78	73	1.673626e+05
48	78	74	-1.394642e+03
48	78	75	1.263289e+04
48	79	53	-5.042744e+03
48	79	54	-6.471553e+04
48	79	55	-1.975200e+04
48	79	57	1.829852e+02
48	79	58	7.557239e+04
48	79	59	9.178196e+04
48	79	63	3.422481e+02
48	79	64	3.180484e+05
48	79	65	3.682412e+05
48	79	66	4.245814e+04
48	79	67	9.836267e+03
48	79	68	1.902164e+04
48	79	69	5.611921e+03
48	79	70	-5.894200e+04
48	79	71	-5.153535e+04
48	79	72	1.289013e+05
48	79	73	1.687826e+05
48	79	74	-3.671995e+04
48	79	75	3.326152e+05
48	80	37	5.297831e-01
48	80	38	3.619155e+02
48	80	39	4.211331e+02
48	80	53	-7.939259e+03
48	80	54	-1.018876e+05
48	80	55	-3.109741e+04
48	80	57	5.296604e+01
48	80	58	2.187483e+04
48	80	59	2.656678e+04
48	80	63	1.016964e+02
48	80	64	9.450565e+04
48	80	65	1.088134e+05
48	80	66	8.320670e+03
48	80	67	2.675012e+04
48	80	68	3.067237e+05
48	80	69	9.140899e+04
48	80	70	4.941170e+05
48	80	71	4.252938e+05
48	80	72	4.153877e+04
48	80	73	2.519391e+04
48	80	74	-1.627086e+04
48	80	75	1.473840e+05
48	81	37	6.282912e+00
48	81	38	4.292101e+03
48	81	39	4.994386e+03
48	81	67	6.329550e+04
48	81	68	7.726178e+05
48	81	69	2.295445e+05
48	81	70	6.109984e+04
48	81	71	9.364710e+04
48	81	72	6.883158e+05
48	81	73	1.975032e+05
48	82	37	1.816020e+01
48	82	38	1.240594e+04
48	82	39	1.443584e+04
48	82	66	3.010881e+02
48	82	67	4.054342e+03
48	82	68	1.274953e+03
48	82	71	2.092012e+04
48	82	72	2.440421e+05
48	82	73	7.002469e+04
48	83	66	2.052788e+03
48	83	67	2.764210e+04
48	83	68	8.692504e+03
48	83	69	-7.516032e+02
48	83	70	1.894389e+02
48	83	71	-1.005550e+04
48	84	66	3.867442e+02
48	84	67	5.207756e+03
48	84	68	1.637663e+03
48	84	69	-8.179541e+03
48	84	70	2.061624e+03
48	84	71	-1.094319e+05
48	85	69	-2.464254e+04
48	85	70	6.211066e+03
48	85	71	-3.296860e+05
48	88	57	2.633191e+02
48	88	58	2.825315e+04
48	88	59	1.903466e+04
48	89	57	2.537652e+03
48	89	58	2.722804e+05
48	89	59	1.834403e+05
48	90	57	6.366139e+02
48	90	58	6.830627e+04
48	90	59	4.601918e+04
48	102	92	1.602714e+01
48	102	93	9.861093e+01
48	102	94	4.047519e+02
48	103	92	1.228367e+02
48	103	93	7.557831e+02
48	103	94	3.102137e+03
48	104	92	4.443812e+02
48	104	93	2.734164e+03
48	104	94	1.122247e+04
49	61	72	6.386737e+02
49	61	73	4.798671e+03
49	61	74	9.859119e+02
49	62	72	1.947369e+04
49	62	73	1.463154e+05
49	62	74	3.006126e+04
49	63	72	9.160063e+03
49	63	73	6.882407e+04
49	63	74	1.414026e+04
49	64	62	1.069829e+03
49	64	63	3.222747e+04
49	64	64	6.434520e+04
49	65	62	7.880624e+03
49	65	63	2.373954e+05
49	65	64	4.739825e+05
49	66	62	1.591460e+03
49	66	63	4.794104e+04
49	66	64	9.571884e+04
49	71	66	-3.305552e+00
49	71	67	-5.615182e+01
49	71	68	8.868431e+01
49	71	69	8.896734e+02
49	72	65	9.283306e+03
49	72	66	-6.283255e+03
49	72	67	5.838341e+03
49	72	68	-5.332512e+04
49	72	69	1.805440e+04
49	72	70	6.599095e+00
49	72	71	7.442596e+02
49	72	72	5.064227e+02
49	73	65	-9.931525e+03
49	73	66	-1.836326e+03
49	73	67	-2.661979e+05
49	73	68	-6.080715e+04
49	73	69	2.733934e+04
49	73	70	7.898708e+03
49	73	71	2.069695e+04
49	73	72	1.408300e+04
49	74	62	8.303999e+03
49	74	63	-1.474481e+04
49	74	64	8.013658e+04
49	74	65	1.066426e+05
49	74	66	-2.733361e+04
49	74	67	1.425718e+06
49	74	68	3.494617e+03
49	74	69	6.729616e+04
49	74	70	2.599498e+04
49	74	71	9.382522e+03
49	74	72	6.384227e+03
49	74	73	3.429636e+01
49	74	74	8.107993e+03
49	74	75	6.225415e+03
49	74	77	2.253387e+03
49	74	78	3.327552e+04
49	74	79	1.105641e+04
49	75	62	-7.733814e+03
49	75	63	1.373237e+04
49	75	64	-7.463409e+04
49	75	65	1.666317e+03
49	75	66	9.418896e+03
49	75	67	2.799902e+04
49	75	68	3.038167e+04
49	75	69	5.963053e+05
49	75	70	2.668635e+05
49	75	73	-4.401606e+01
49	75	74	-1.040582e+04
49	75	75	-7.989718e+03
49	75	77	3.741037e+04
49	75	78	5.524349e+05
49	75	79	1.835568e+05
49	76	62	9.816825e+04
49	76	63	-1.743103e+05
49	76	64	9.512657e+05
49	76	65	4.500370e+04
49	76	66	4.127507e+05
49	76	67	5.385937e+05
49	76	68	1.945603e+04
49	76	69	3.519016e+05
49	76	70	1.867634e+05
49	76	73	3.757974e+02
49	76	74	8.884296e+04
49	76	75	6.821409e+04
49	76	76	1.113102e+01
49	76	77	1.327753e+04
49	76	78	1.960678e+05
49	76	79	6.514719e+04
49	77	64	6.451692e+04
49	77	65	7.576674e+05
49	77	66	5.705742e+05
49	77	67	7.993938e+05
49	77	68	1.777457e+05
49	77	69	1.712538e+05
49	77	70	6.237255e+04
49	77	74	1.333395e+01
49	77	75	1.190135e-01
49	77	76	1.859742e+02
49	78	53	6.251393e+02
49	78	54	8.022660e+03
49	78	55	2.448618e+03
49	78	57	1.032177e+02
49	78	58	4.262863e+04
49	78	59	5.177207e+04
49	78	64	2.462862e+04
49	78	65	2.752878e+05
49	78	66	2.731101e+05
49	78	67	2.237136e+05
49	78	68	2.156240e+05
49	78	69	1.516266e+05
49	78	70	1.568465e+05
49	78	71	5.141089e+04
49	78	73	3.577607e+03
49	78	74	-4.380270e+03
49	78	75	3.972025e+04
49	78	76	6.623381e+01
49	79	53	4.552738e+04
49	79	54	5.842708e+05
49	79	55	1.783269e+05
49	79	57	1.220068e+03
49	79	58	5.038846e+05
49	79	59	6.119631e+05
49	79	64	1.519995e+04
49	79	65	1.597981e+05
49	79	66	1.266383e+06
49	79	67	3.954958e+05
49	79	68	1.039476e+05
49	79	69	1.495508e+05
49	79	70	-7.347182e+04
49	79	71	-6.608027e+04
49	79	73	9.419591e+04
49	79	74	-1.154545e+05
49	79	75	1.045805e+06
49	80	37	8.051119e+00
49	80	38	5.500033e+03
49	80	39	6.399963e+03
49	80	53	7.167796e+04
49	80	54	9.198716e+05
49	80	55	2.807565e+05
49	80	57	3.531551e+02
49	80	58	1.458521e+05
49	80	59	1.771360e+05
49	80	64	6.192050e+03
49	80	65	1.989541e+04
49	80	66	2.735762e+05
49	80	67	7.354705e+04
49	80	68	1.631811e+05
49	80	69	4.751333e+04
49	80	70	6.434551e+05
49	80	71	5.494217e+05
49	80	72	7.256629e+01
49	80	73	4.173883e+04
49	80	74	-5.115867e+04
49	80	75	4.634034e+05
49	81	37	9.548147e+01
49	81	38	6.522710e+04
49	81	39	7.589974e+04
49	81	64	5.628665e+01
49	81	65	2.455824e+02
49	81	66	1.250524e+03
49	81	67	1.728231e+04
49	81	68	2.097355e+05
49	81	69	6.379062e+04
49	81	70	1.075102e+05
49	81	71	5.999665e+04
49	81	72	1.005996e+04
49	82	37	2.759808e+02
49	82	38	1.885332e+05
49	82	39	2.193815e+05
49	82	66	8.106796e+03
49	82	67	1.091631e+05
49	82	68	3.432812e+04
49	82	70	5.676241e+02
49	82	71	-3.565766e+02
49	82	72	7.113511e+03
49	83	57	5.134733e+02
49	83	58	3.187326e+03
49	83	59	5.493730e+02
49	83	66	5.527132e+04
49	83	67	7.442634e+05
49	83	68	2.340457e+05
49	83	69	3.606841e+03
49	83	70	-9.090916e+02
49	83	71	4.825497e+04
49	84	57	-2.050211e+02
49	84	58	-1.272645e+03
49	84	59	-2.193553e+02
49	84	66	1.041309e+04
49	84	67	1.402188e+05
49	84	68	4.409408e+04
49	84	69	3.925250e+04
49	84	70	-9.893453e+03
49	84	71	5.251487e+05
49	85	57	6.701552e+03
49	85	58	4.159911e+04
49	85	59	7.170094e+03
49	85	69	1.182562e+05
49	85	70	-2.980606e+04
49	85	71	1.582118e+06
49	92	59	4.109522e+00
49	92	60	1.427065e+00
49	92	61	6.026804e+01
49	93	59	2.170576e+02
49	93	60	7.537504e+01
49	93	61	3.183250e+03
49	94	59	1.230127e+02
49	94	60	4.271717e+01
49	94	61	1.804038e+03
49	102	92	6.004470e+02
49	102	93	3.694397e+03
49	102	94	1.516378e+04
49	103	92	4.602002e+03
49	103	93	2.831494e+04
49	103	94	1.162196e+05
49	104	92	1.664847e+04
49	104	93	1.024338e+05
49	104	94	4.204428e+05
50	61	72	3.632627e+03
50	61	73	2.729372e+04
50	61	74	5.607637e+03
50	62	72	1.107618e+05
50	62	73	8.322080e+05
50	62	74	1.709815e+05
50	63	72	5.210030e+04
50	63	73	3.914553e+05
50	63	74	8.042653e+04
50	64	62	1.206808e+03
50	64	63	3.635380e+04
50	64	64	7.258382e+04
50	65	62	8.889641e+03
50	65	63	2.677910e+05
50	65	64	5.346701e+05
50	66	62	1.795227e+03
50	66	63	5.407930e+04
50	66	64	1.079745e+05
50	70	64	3.072608e-01
50	70	65	-4.109870e-01
50	70	66	3.324502e+00
50	71	62	9.788438e+01
50	71	63	1.478348e+02
50	71	64	3.078138e+03
50	71	65	-1.890790e+03
50	71	66	1.531388e+04
50	71	67	2.469649e+03
50	71	68	6.008647e+03
50	71	69	3.745722e+04
50	72	62	-1.755365e+02
50	72	63	-2.651129e+02
50	72	64	-1.485715e+03
50	72	65	6.649449e+02
50	72	66	3.964607e+04
50	72	67	7.645535e+05
50	72	68	4.414526e+05
50	72	69	7.601301e+05
50	72	70	5.806707e+01
50	72	71	6.548924e+03
50	72	72	4.456139e+03
50	73	58	6.840281e+02
50	73	59	-9.188337e+02
50	73	60	7.391124e+03
50	73	62	9.397568e+02
50	73	63	2.925265e+03
50	73	64	1.704336e+04
50	73	65	2.176646e+04
50	73	66	5.635383e+04
50	73	67	7.868371e+05
50	73	68	4.193153e+05
50	73	69	3.376277e+05
50	73	70	1.626449e+04
50	73	71	1.821176e+05
50	73	72	1.239198e+05
50	74	57	3.058859e+01
50	74	58	7.829341e+03
50	74	59	-1.913728e+03
50	74	60	5.163334e+04
50	74	62	1.106300e+04
50	74	63	-1.420922e+04
50	74	64	9.599944e+04
50	74	65	8.844913e+04
50	74	66	4.952143e+04
50	74	67	4.838458e+05
50	74	68	6.361925e+04
50	74	69	1.268074e+05
50	74	70	4.716239e+04
50	74	71	9.638374e+04
50	74	72	6.170180e+04
50	74	73	3.377107e+02
50	74	74	7.983809e+04
50	74	75	6.130065e+04
50	74	77	1.961289e+03
50	74	78	2.896214e+04
50	74	79	9.623212e+03
50	75	57	4.639589e+02
50	75	58	6.448689e+04
50	75	59	4.386740e+04
50	75	60	1.967962e+05
50	75	62	-1.010688e+04
50	75	63	2.786507e+04
50	75	64	-7.806942e+04
50	75	65	1.899894e+05
50	75	66	1.412974e+05
50	75	67	2.116493e+05
50	75	68	1.445594e+05
50	75	69	7.962964e+05
50	75	70	3.517620e+05
50	75	71	-1.345900e+04
50	75	72	-6.498996e+03
50	75	73	-4.334189e+02
50	75	74	-1.024645e+05
50	75	75	-7.867345e+04
50	75	77	3.256101e+04
50	75	78	4.808248e+05
50	75	79	1.597630e+05
50	76	57	1.565607e+02
50	76	58	1.561492e+04
50	76	59	2.305841e+04
50	76	62	1.405026e+05
50	76	63	-5.147447e+04
50	76	64	1.204704e+06
50	76	65	1.161651e+06
50	76	66	5.012617e+05
50	76	67	7.057613e+05
50	76	68	3.086831e+05
50	76	69	1.766572e+05
50	76	70	1.203850e+05
50	76	71	2.188260e+05
50	76	72	6.202668e+04
50	76	73	3.700416e+03
50	76	74	8.776111e+05
50	76	75	6.717179e+05
50	76	76	3.900803e+04
50	76	77	1.155641e+04
50	76	78	1.706523e+05
50	76	79	5.670240e+04
50	77	62	1.732161e+04
50	77	63	4.319746e+04
50	77	64	2.400450e+05
50	77	65	5.694951e+05
50	77	66	1.662588e+06
50	77	67	3.644452e+06
50	77	68	1.210303e+06
50	77	69	1.569901e+06
50	77	70	6.393363e+05
50	77	71	3.963918e+04
50	77	74	4.672803e+04
50	77	75	4.170759e+02
50	77	76	6.517359e+05
50	78	49	3.317518e+01
50	78	50	1.393315e+03
50	78	51	7.353705e+02
50	78	57	1.904859e+01
50	78	58	7.867014e+03
50	78	59	9.554415e+03
50	78	62	3.012576e+03
50	78	63	-7.551736e+02
50	78	64	8.005839e+04
50	78	65	2.201934e+05
50	78	66	5.099647e+05
50	78	67	5.394898e+05
50	78	68	4.880665e+05
50	78	69	7.877776e+05
50	78	70	1.129994e+06
50	78	71	7.809909e+04
50	78	72	1.120545e-01
50	78	73	1.396537e+02
50	78	74	1.676656e+04
50	78	75	1.485395e+02
50	78	76	2.321125e+05
50	79	47	1.836566e+00
50	79	48	7.222747e+01
50	79	49	7.337456e+02
50	79	50	2.523567e+04
50	79	51	1.331900e+04
50	79	57	2.251606e+02
50	79	58	9.299072e+04
50	79	59	1.129364e+05
50	79	63	1.238890e+02
50	79	64	2.338298e+05
50	79	65	2.018376e+05
50	79	66	1.907062e+06
50	79	67	1.388514e+06
50	79	68	1.026266e+06
50	79	69	1.699768e+05
50	79	70	1.720904e+05
50	79	71	4.635538e+04
50	79	72	1.209581e+01
50	79	73	1.507503e+04
50	79	74	1.344957e+04
50	80	37	2.079939e+01
50	80	38	1.420887e+04
50	80	39	1.653376e+04
50	80	47	8.356590e+01
50	80	48	3.286434e+03
50	80	49	7.488923e+03
50	80	50	6.059676e+04
50	80	51	3.198205e+04
50	80	57	6.517394e+01
50	80	58	2.691666e+04
50	80	59	3.269003e+04
50	80	64	7.623250e+04
50	80	65	8.063113e+04
50	80	66	1.098594e+06
50	80	67	7.378888e+05
50	80	68	1.299465e+05
50	80	69	-1.235222e+04
50	80	70	-2.008638e+04
50	80	71	-1.599901e+04
50	80	72	5.159999e+03
50	80	73	2.193654e+04
50	80	74	1.957124e+04
50	81	37	2.466683e+02
50	81	38	1.685087e+05
50	81	39	1.960806e+05
50	81	47	4.526043e+01
50	81	48	1.779978e+03
50	81	49	3.274650e+03
50	81	64	1.468212e+04
50	81	65	6.907080e+04
50	81	66	3.307131e+05
50	81	67	8.492180e+03
50	81	68	-9.516311e+03
50	81	69	1.847998e+04
50	81	70	1.132072e+06
50	81	71	5.710158e+05
50	81	72	7.128975e+05
50	82	37	7.129731e+02
50	82	38	4.870596e+05
50	82	39	5.667536e+05
50	82	66	3.626154e+03
50	82	67	4.882847e+04
50	82	68	1.535490e+04
50	82	70	4.022458e+04
50	82	71	-2.526874e+04
50	82	72	5.040977e+05
50	83	57	1.235102e+04
50	83	58	7.666751e+04
50	83	59	1.419226e+04
50	83	60	1.185687e+04
50	83	61	3.490139e+03
50	83	66	2.472276e+04
50	83	67	3.329076e+05
50	83	68	1.046882e+05
50	83	70	2.275628e+02
50	83	71	4.663408e+03
50	83	72	1.066828e+04
50	84	57	-4.931550e+03
50	84	58	-3.061203e+04
50	84	59	3.889600e+03
50	84	60	1.111569e+05
50	84	61	3.271967e+04
50	84	66	4.657754e+03
50	84	67	6.271961e+04
50	84	68	1.972320e+04
50	84	70	1.493360e+03
50	84	71	3.060319e+04
50	84	72	7.000962e+04
50	85	57	1.611982e+05
50	85	58	1.000619e+06
50	85	59	1.747208e+05
50	85	60	2.731474e+04
50	85	61	8.040252e+03
50	85	70	2.715168e+02
50	85	71	5.564149e+03
50	85	72	1.272887e+04
50	92	59	6.434360e+02
50	92	60	2.234385e+02
50	92	61	9.436287e+03
50	93	59	3.398514e+04
50	93	60	1.180162e+04
50	93	61	4.984078e+05
50	94	59	1.926034e+04
50	94	60	6.688312e+03
50	94	61	2.824618e+05
50	102	92	1.120442e+03
50	102	93	6.893794e+03
50	102	94	2.829581e+04
50	103	92	8.587396e+03
50	103	93	5.283606e+04
50	103	94	2.168674e+05
50	104	92	3.106626e+04
50	104	93	1.911427e+05
50	104	94	7.845518e+05
51	67	73	1.472146e+01
51	67	74	2.613393e+02
51	67	75	9.613710e+01
51	68	68	8.939550e+00
51	68	69	1.406562e+03
51	68	70	1.016347e+03
51	68	73	2.233706e+02
51	68	74	3.965335e+03
51	68	75	1.458701e+03
51	69	68	-4.497467e+00
51	69	69	-7.076381e+02
51	69	70	-5.113219e+02
51	69	73	5.774508e+02
51	69	74	1.025106e+04
51	69	75	3.770988e+03
51	70	63	1.985634e-03
51	70	64	1.870570e+01
51	70	65	-1.267114e+01
51	70	66	1.433680e+02
51	70	68	1.145830e+02
51	70	69	1.802867e+04
51	70	70	1.302707e+04
51	70	71	8.290819e+01
51	70	72	1.319037e+02
51	70	73	1.422835e+03
51	71	62	4.383752e+03
51	71	63	8.152585e+03
51	71	64	1.401944e+05
51	71	65	-7.956585e+04
51	71	66	6.595800e+05
51	71	67	9.955280e+02
51	71	68	3.028439e+03
51	71	69	1.978539e+04
51	71	71	1.286778e+03
51	71	72	2.157146e+03
51	71	73	2.712626e+04
51	71	74	2.738483e+03
51	72	62	-5.153304e+03
51	72	63	1.744201e+04
51	72	64	2.209423e+04
51	72	65	-6.755125e+04
51	72	66	7.893175e+05
51	72	67	4.897957e+04
51	72	68	6.323637e+04
51	72	69	4.077315e+05
51	72	70	3.392633e+02
51	72	71	2.529890e+04
51	72	72	2.204653e+04
51	72	73	6.134852e+04
51	72	74	1.991223e+03
51	73	58	-9.134242e+02
51	73	59	5.068015e+03
51	73	60	-1.356095e+04
51	73	61	3.621674e+00
51	73	62	4.154578e+04
51	73	63	6.892681e+04
51	73	64	7.285047e+05
51	73	65	2.535729e+05
51	73	66	8.739301e+05
51	73	67	4.155021e+05
51	73	68	8.718964e+04
51	73	69	1.597352e+05
51	73	70	1.842714e+04
51	73	71	6.149147e+05
51	73	72	4.193135e+05
51	73	73	7.896032e+04
51	73	74	4.230801e+04
51	74	57	-2.124387e+01
51	74	58	5.873484e+02
51	74	59	1.055963e+05
51	74	60	-7.872371e+04
51	74	61	4.637760e+03
51	74	62	7.125786e+03
51	74	63	2.478958e+04
51	74	64	1.860268e+05
51	74	65	7.599743e+05
51	74	66	1.630731e+06
51	74	67	1.072028e+06
51	74	68	2.932346e+05
51	74	69	1.237272e+05
51	74	70	7.165223e+03
51	74	71	2.541799e+05
51	74	72	2.150673e+05
51	74	73	1.821765e+04
51	74	74	2.034979e+04
51	74	75	1.562482e+04
51	75	57	-3.222209e+02
51	75	58	-6.180037e+04
51	75	59	4.438096e+04
51	75	60	-3.703580e+05
51	75	61	4.309123e+04
51	75	62	6.707214e+04
51	75	63	8.440656e+04
51	75	64	3.102835e+05
51	75	65	6.987812e+05
51	75	66	1.905965e+06
51	75	67	1.481013e+06
51	75	68	1.329672e+06
51	75	69	4.335419e+05
51	75	70	8.046462e+05
51	75	71	1.070119e+05
51	75	72	1.520455e+05
51	75	73	-1.104734e+02
51	75	74	-2.611699e+04
51	75	75	-2.005294e+04
51	76	57	-1.087319e+02
51	76	58	-1.084461e+04
51	76	59	-1.601271e+04
51	76	60	2.177255e+02
51	76	61	1.092641e+04
51	76	62	1.465468e+04
51	76	63	1.058317e+05
51	76	64	1.109146e+05
51	76	65	2.508055e+06
51	76	66	6.559797e+06
51	76	67	4.564871e+06
51	76	68	1.315612e+06
51	76	69	2.750289e+05
51	76	70	8.281467e+05
51	76	71	-9.924059e+04
51	76	72	-5.116079e+04
51	76	73	9.431925e+02
51	76	74	2.259713e+05
51	76	75	1.712334e+05
51	76	76	4.172282e+04
51	77	59	3.184955e-01
51	77	60	1.320889e+02
51	77	61	1.599176e+04
51	77	62	-1.023741e+04
51	77	63	-3.474322e+04
51	77	64	1.799024e+04
51	77	65	2.764464e+06
51	77	66	1.084572e+07
51	77	67	1.366571e+07
51	77	68	6.558682e+06
51	77	69	3.046257e+06
51	77	70	9.405614e+05
51	77	71	2.106911e+05
51	77	74	4.998011e+04
51	77	75	4.461026e+02
51	77	76	6.970940e+05
51	78	49	2.181102e+00
51	78	50	9.160348e+01
51	78	51	4.834693e+01
51	78	60	5.900452e+01
51	78	61	1.056542e+04
51	78	62	2.262757e+04
51	78	63	8.167185e+03
51	78	64	3.262820e+05
51	78	65	2.348831e+06
51	78	66	4.363786e+06
51	78	67	6.385329e+06
51	78	68	3.720280e+06
51	78	69	2.062593e+06
51	78	70	1.599156e+06
51	78	71	8.335374e+05
51	78	72	5.525399e-01
51	78	73	6.886470e+02
51	78	74	1.842063e+04
51	78	75	1.638244e+02
51	78	76	2.482666e+05
51	79	47	9.345059e+01
51	79	48	3.675174e+03
51	79	49	6.800773e+03
51	79	50	1.659119e+03
51	79	51	8.756577e+02
51	79	63	2.357376e+03
51	79	64	2.812216e+05
51	79	65	2.131724e+06
51	79	66	6.279488e+06
51	79	67	6.615033e+06
51	79	68	4.691655e+06
51	79	69	2.681625e+06
51	79	70	3.367934e+05
51	79	71	4.977707e+02
51	79	72	5.964435e+01
51	79	73	7.437077e+04
51	79	74	8.016662e+04
51	79	75	1.126544e+04
51	80	47	4.252111e+03
51	80	48	1.672247e+05
51	80	49	3.077405e+05
51	80	50	3.983933e+03
51	80	51	2.102659e+03
51	80	64	9.659434e+04
51	80	65	1.540088e+06
51	80	66	2.017406e+06
51	80	67	2.919261e+06
51	80	68	1.408746e+06
51	80	69	3.465842e+05
51	80	70	2.774940e+05
51	80	71	6.185453e+04
51	80	72	7.137145e+03
51	80	73	1.122192e+05
51	80	74	1.115565e+05
51	80	75	1.224499e+04
51	81	47	2.303002e+03
51	81	48	9.057119e+04
51	81	49	1.666251e+05
51	81	64	3.368422e+04
51	81	65	4.654721e+05
51	81	66	8.422813e+05
51	81	67	3.782740e+05
51	81	68	2.279868e+05
51	81	69	8.573176e+04
51	81	70	2.271916e+05
51	81	71	2.108574e+04
51	81	72	4.848767e+05
51	81	73	4.881858e+04
51	82	61	6.581028e+02
51	82	62	8.555312e+03
51	82	63	2.632399e+03
51	82	67	1.190275e+03
51	82	68	-1.840735e+02
51	82	69	1.622176e+04
51	82	70	2.787923e+04
51	82	71	-1.351974e+04
51	82	72	3.233296e+05
51	82	73	1.440326e+04
51	83	57	5.262348e+03
51	83	58	3.266542e+04
51	83	59	1.286748e+04
51	83	60	8.779986e+04
51	83	61	2.569361e+04
51	83	62	-4.361316e+03
51	83	63	-1.341941e+03
51	83	67	1.014711e+04
51	83	68	-1.569228e+03
51	83	69	1.379781e+05
51	83	70	3.911570e+03
51	83	71	2.586338e+03
51	83	72	3.656459e+02
51	84	57	-2.101166e+03
51	84	58	-1.304274e+04
51	84	59	6.715083e+04
51	84	60	8.528512e+05
51	84	61	3.222503e+05
51	84	62	1.095285e+05
51	84	63	3.370101e+04
51	84	67	2.315808e+03
51	84	68	-3.581348e+02
51	84	69	3.147791e+04
51	84	70	5.118359e+01
51	84	71	1.048897e+03
51	84	72	2.399518e+03
51	85	57	6.868108e+04
51	85	58	4.263298e+05
51	85	59	9.211975e+04
51	85	60	2.399317e+05
51	85	61	1.483825e+05
51	85	70	9.305996e+00
51	85	71	1.907063e+02
51	85	72	4.362707e+02
51	90	56	6.301611e+00
51	90	57	4.048107e+01
51	90	58	7.212570e+00
51	91	56	4.604485e+01
51	91	57	2.957886e+02
51	91	58	5.270108e+01
51	92	56	9.232692e+00
51	92	57	5.931011e+01
51	92	58	1.056737e+01
51	92	59	8.798515e+02
51	92	60	3.055357e+02
51	92	61	1.290343e+04
51	93	59	4.647218e+04
51	93	60	1.613785e+04
51	93	61	6.815361e+05
51	94	59	2.633710e+04
51	94	60	9.145776e+03
51	94	61	3.862458e+05
52	67	64	3.047097e+00
52	67	65	1.311961e+03
52	67	66	1.079503e+03
52	67	73	4.942920e+02
52	67	74	8.774805e+03
52	67	75	3.227928e+03
52	68	60	5.830325e+02
52	68	61	-9.269723e+02
52	68	62	6.074736e+03
52	68	63	-1.647115e+02
52	68	64	1.732918e+03
52	68	65	1.718541e+03
52	68	66	1.414043e+03
52	68	68	1.643378e+02
52	68	69	2.585716e+04
52	68	70	1.868375e+04
52	68	73	7.499956e+03
52	68	74	1.331413e+05
52	68	75	4.897777e+04
52	69	60	6.855487e+03
52	69	61	-1.083813e+04
52	69	62	7.012341e+04
52	69	63	-3.354030e+02
52	69	64	3.571248e+03
52	69	65	2.179696e+04
52	69	66	1.793488e+04
52	69	68	-8.267798e+01
52	69	69	-1.300868e+04
52	69	70	-9.399749e+03
52	69	73	1.938866e+04
52	69	74	3.441927e+05
52	69	75	1.266158e+05
52	70	60	4.079494e+02
52	70	61	-7.065780e+02
52	70	62	6.712675e+03
52	70	63	-2.966686e+03
52	70	64	3.186682e+04
52	70	65	6.542998e+02
52	70	66	7.632594e+01
52	70	68	2.106407e+03
52	70	69	3.314252e+05
52	70	70	2.394797e+05
52	70	71	2.030218e+02
52	70	72	3.229999e+02
52	70	73	3.484174e+03
52	71	60	1.318835e+04
52	71	61	-2.024280e+04
52	71	62	1.434063e+05
52	71	63	1.029067e+04
52	71	64	4.377207e+05
52	71	65	2.158876e+05
52	71	66	3.511476e+05
52	71	71	3.151004e+03
52	71	72	6.228256e+03
52	71	73	1.098200e+05
52	71	74	3.026960e+04
52	72	62	-1.536153e+04
52	72	63	-4.126435e+04
52	72	64	8.501130e+04
52	72	65	2.847730e+05
52	72	66	4.310765e+05
52	72	67	2.272936e+04
52	72	68	2.275178e+04
52	72	69	8.123029e+04
52	72	70	8.207807e+03
52	72	71	8.590223e+03
52	72	72	6.064212e+04
52	72	73	2.094137e+05
52	72	74	2.200983e+04
52	73	58	5.760203e+03
52	73	59	-1.276430e+04
52	73	60	6.707129e+04
52	73	61	9.986968e+02
52	73	62	7.751440e+04
52	73	63	1.514734e+05
52	73	64	1.241386e+06
52	73	65	4.977346e+05
52	73	66	7.483630e+05
52	73	67	7.180285e+05
52	73	68	1.745149e+05
52	73	69	1.392063e+05
52	73	70	3.735284e+05
52	73	71	6.519313e+03
52	73	72	6.165094e+04
52	73	73	8.890243e+05
52	73	74	4.676482e+05
52	74	57	3.786574e+02
52	74	58	6.611368e+04
52	74	59	-1.293560e+05
52	74	60	4.477324e+05
52	74	61	7.379676e+04
52	74	62	1.845455e+05
52	74	63	5.356713e+05
52	74	64	1.656461e+05
52	74	65	7.054615e+05
52	74	66	1.591944e+06
52	74	67	2.668931e+06
52	74	68	1.761094e+06
52	74	69	1.680992e+06
52	74	70	5.902994e+05
52	74	71	1.897997e+05
52	74	72	8.628044e+05
52	74	73	4.817486e+05
52	75	57	5.743367e+03
52	75	58	7.353188e+05
52	75	59	5.588570e+05
52	75	60	1.875103e+06
52	75	61	5.467191e+05
52	75	62	7.743234e+05
52	75	63	1.283702e+06
52	75	64	7.140324e+05
52	75	65	3.351252e+06
52	75	66	4.003165e+06
52	75	67	3.302894e+06
52	75	68	2.128845e+06
52	75	69	7.243935e+05
52	75	70	1.452960e+06
52	75	71	3.356360e+05
52	75	72	1.120541e+06
52	76	57	1.938072e+03
52	76	58	2.105394e+05
52	76	59	2.565483e+05
52	76	60	6.253466e+05
52	76	61	4.504234e+05
52	76	62	3.395486e+05
52	76	63	1.339150e+06
52	76	64	2.534465e+06
52	76	65	2.655974e+06
52	76	66	1.326372e+07
52	76	67	1.733786e+07
52	76	68	1.114429e+07
52	76	69	3.005291e+06
52	76	70	1.503595e+06
52	76	71	2.731139e+06
52	76	72	1.057616e+06
52	77	58	3.773806e+03
52	77	59	-6.308661e+03
52	77	60	1.394336e+05
52	77	61	1.729218e+05
52	77	62	2.897118e+05
52	77	63	7.036427e+05
52	77	64	3.928201e+06
52	77	65	6.926854e+06
52	77	66	2.031704e+07
52	77	67	2.525597e+07
52	77	68	1.365024e+07
52	77	69	4.550051e+06
52	77	70	1.168795e+06
52	77	71	5.759676e+05
52	77	73	1.120569e+02
52	77	74	4.213660e+03
52	77	75	7.854183e+03
52	78	49	4.667567e+02
52	78	50	1.960318e+04
52	78	51	1.034626e+04
52	78	59	1.663359e+02
52	78	60	4.777665e+02
52	78	61	6.878395e+04
52	78	62	3.073154e+05
52	78	63	3.086251e+05
52	78	64	2.853268e+06
52	78	65	5.994494e+06
52	78	66	1.496120e+07
52	78	67	1.806945e+07
52	78	68	9.135523e+06
52	78	69	3.258970e+06
52	78	70	2.992026e+06
52	78	71	1.015055e+06
52	78	72	2.599194e+00
52	78	73	3.372746e+03
52	78	74	7.952691e+03
52	78	75	9.381164e+03
52	79	47	1.602320e+02
52	79	48	6.301517e+03
52	79	49	2.004687e+04
52	79	50	3.550521e+05
52	79	51	1.873911e+05
52	79	59	6.393577e+03
52	79	60	4.147915e+03
52	79	61	9.775432e+04
52	79	62	1.940559e+04
52	79	63	4.316323e+04
52	79	64	1.456068e+06
52	79	65	5.737024e+06
52	79	66	9.699576e+06
52	79	67	8.806634e+06
52	79	68	5.907255e+06
52	79	69	1.370259e+06
52	79	70	6.000060e+05
52	79	71	1.035832e+04
52	79	72	2.805720e+02
52	79	73	3.518242e+05
52	79	74	5.011161e+05
52	79	75	2.263611e+05
52	80	47	7.290743e+03
52	80	48	2.867264e+05
52	80	49	5.477943e+05
52	80	50	8.525632e+05
52	80	51	4.499699e+05
52	80	59	3.274968e+03
52	80	60	2.124677e+03
52	80	61	5.007248e+04
52	80	62	4.929273e+03
52	80	63	-5.710630e+03
52	80	64	2.855163e+05
52	80	65	1.928981e+06
52	80	66	2.748866e+06
52	80	67	2.067417e+06
52	80	68	2.039166e+06
52	80	69	4.563915e+05
52	80	70	6.205229e+05
52	80	71	1.356627e+05
52	80	72	4.437522e+04
52	80	73	5.544578e+05
52	80	74	5.845579e+05
52	80	75	1.062421e+05
52	81	47	3.948766e+03
52	81	48	1.552949e+05
52	81	49	2.856983e+05
52	81	62	8.933088e+01
52	81	63	1.692149e+04
52	81	64	6.484310e+04
52	81	65	3.419547e+05
52	81	66	2.716671e+05
52	81	67	2.304956e+05
52	81	68	4.489497e+05
52	81	69	1.349512e+05
52	81	70	4.214893e+05
52	81	71	9.465000e+04
52	81	72	5.350929e+05
52	81	73	5.511138e+05
52	82	61	-3.924649e+02
52	82	62	-4.933404e+03
52	82	63	2.786015e+04
52	82	64	4.559353e+04
52	82	65	6.996352e+04
52	82	66	2.007828e+04
52	82	67	-1.622509e+03
52	82	68	2.509175e+02
52	82	69	-1.756311e+04
52	82	70	3.352145e+05
52	82	71	2.083710e+05
52	82	72	1.578719e+05
52	82	73	1.625986e+05
52	83	59	1.496888e+03
52	83	60	1.837084e+04
52	83	61	6.824461e+03
52	83	62	2.600906e+03
52	83	63	8.002774e+02
52	83	67	-1.383190e+04
52	83	68	2.139074e+03
52	83	69	-1.825245e+05
52	83	70	4.127665e+05
52	83	71	3.198834e+05
52	83	72	1.493766e+05
52	84	59	2.425064e+04
52	84	60	3.681405e+05
52	84	61	5.169727e+05
52	84	62	-6.531820e+04
52	84	63	-2.009787e+04
52	84	67	-3.156766e+03
52	84	68	4.881870e+02
52	84	69	-4.290872e+04
52	84	70	2.090994e+04
52	84	71	4.285040e+05
52	84	72	9.802706e+05
52	85	59	1.639044e+04
52	85	60	2.904793e+05
52	85	61	5.977891e+05
52	85	70	3.801762e+03
52	85	71	7.790889e+04
52	85	72	1.782289e+05
52	88	62	3.565742e-01
52	88	63	9.970200e+01
52	88	64	7.822050e+01
52	89	62	6.883630e+01
52	89	63	1.924738e+04
52	89	64	1.510039e+04
52	90	56	1.166406e+04
52	90	57	7.492904e+04
52	90	58	1.335022e+04
52	90	62	5.136167e+01
52	90	63	1.436128e+04
52	90	64	1.126704e+04
52	91	56	8.522740e+04
52	91	57	5.474943e+05
52	91	58	9.754785e+04
52	92	56	1.708939e+04
52	92	57	1.097809e+05
52	92	58	1.955983e+04
53	66	28	1.861534e+02
53	66	29	2.987777e+03
53	66	30	1.040880e+03
53	67	28	1.223592e+03
53	67	29	1.963875e+04
53	67	30	6.841741e+03
53	67	64	3.380432e+01
53	67	65	1.455482e+04
53	67	66	1.197594e+04
53	67	73	9.534739e+02
53	67	74	1.692633e+04
53	67	75	6.226573e+03
53	68	28	2.228080e+02
53	68	29	3.576086e+03
53	68	30	1.245836e+03
53	68	60	1.117608e+04
53	68	61	-1.776901e+04
53	68	62	1.159236e+05
53	68	63	-2.588195e+03
53	68	64	2.721178e+04
53	68	65	1.906540e+04
53	68	66	1.568731e+04
53	68	68	3.922678e+02
53	68	69	6.172000e+04
53	68	70	4.459735e+04
53	68	73	1.446718e+04
53	68	74	2.568254e+05
53	68	75	9.447659e+04
53	69	60	1.102968e+05
53	69	61	-1.753451e+05
53	69	62	1.125494e+06
53	69	63	-5.270358e+03
53	69	64	5.588297e+04
53	69	65	2.418142e+05
53	69	66	1.989686e+05
53	69	68	-1.973490e+02
53	69	69	-3.105119e+04
53	69	70	-2.243682e+04
53	69	73	3.740012e+04
53	69	74	6.639371e+05
53	69	75	2.442380e+05
53	70	60	2.771986e+04
53	70	61	-4.408871e+04
53	70	62	3.243705e+05
53	70	63	-4.662096e+04
53	70	64	4.898698e+05
53	70	65	4.648338e+02
53	70	68	5.375872e+03
53	70	69	7.970661e+05
53	70	70	5.737837e+05
53	70	71	1.557495e+03
53	70	72	2.477915e+03
53	70	73	2.672907e+04
53	71	60	3.747533e+03
53	71	61	-5.752088e+03
53	71	62	4.045080e+04
53	71	63	2.168729e+04
53	71	64	2.585950e+05
53	71	65	1.893133e+05
53	71	66	7.555399e+03
53	71	68	2.267734e+03
53	71	69	3.889146e+04
53	71	70	1.404738e+04
53	71	71	2.417313e+04
53	71	72	3.879472e+04
53	71	73	4.302721e+05
53	71	74	8.375004e+03
53	72	62	3.008231e+04
53	72	63	3.562155e+05
53	72	64	1.269638e+06
53	72	65	5.446458e+05
53	72	66	3.162376e+05
53	72	67	2.407214e+03
53	72	68	7.414264e+03
53	72	69	3.252003e+04
53	72	70	7.288503e+03
53	72	71	6.211934e+04
53	72	72	1.195761e+05
53	72	73	1.086825e+06
53	72	74	6.089687e+03
53	73	58	4.445628e+03
53	73	59	3.586986e+04
53	73	60	7.827798e+03
53	73	61	1.265918e+03
53	73	62	1.864142e+04
53	73	63	2.638819e+05
53	73	64	4.364731e+05
53	73	65	2.133484e+05
53	73	66	3.776039e+05
53	73	67	2.271242e+05
53	73	68	4.577462e+04
53	73	69	1.224044e+05
53	73	70	3.698301e+05
53	73	71	6.152919e+04
53	73	72	2.426665e+04
53	73	73	2.506518e+05
53	73	74	1.293891e+05
53	74	58	1.300460e+05
53	74	59	1.049285e+06
53	74	60	2.290179e+05
53	74	61	4.161336e+04
53	74	62	1.589100e+05
53	74	63	5.450957e+05
53	74	64	-2.818889e+04
53	74	65	4.329692e+05
53	74	66	8.844351e+05
53	74	67	1.386170e+06
53	74	68	9.693425e+05
53	74	69	1.297460e+06
53	74	70	9.398649e+04
53	74	71	-8.540916e+04
53	74	72	3.450514e+05
53	74	73	2.142866e+05
53	75	58	7.673368e+04
53	75	59	4.548692e+05
53	75	60	3.128506e+05
53	75	61	1.905747e+05
53	75	62	3.193067e+05
53	75	63	1.892706e+06
53	75	64	1.014661e+06
53	75	65	1.070510e+06
53	75	66	4.915703e+06
53	75	67	4.949675e+06
53	75	68	3.767337e+06
53	75	69	2.677360e+06
53	75	70	2.401337e+06
53	75	71	7.380497e+05
53	75	72	2.671393e+05
53	76	58	1.340776e+05
53	76	59	-2.482453e+05
53	76	60	1.683152e+06
53	76	61	3.420181e+05
53	76	62	1.883872e+05
53	76	63	2.116247e+06
53	76	64	2.829927e+06
53	76	65	6.325730e+06
53	76	66	1.565902e+07
53	76	67	2.192967e+07
53	76	68	1.586937e+07
53	76	69	3.134035e+06
53	76	70	1.304414e+06
53	76	71	1.259387e+05
53	76	72	9.946796e+04
53	77	58	2.934663e+04
53	77	59	-5.432134e+04
53	77	60	3.725779e+05
53	77	61	4.996503e+05
53	77	62	1.024581e+06
53	77	63	6.425291e+05
53	77	64	3.669750e+06
53	77	65	1.569010e+07
53	77	66	3.630177e+07
53	77	67	3.503516e+07
53	77	68	1.965360e+07
53	77	69	7.548821e+06
53	77	70	1.742448e+06
53	77	71	1.104682e+05
53	77	73	7.912927e+02
53	77	74	2.903324e+04
53	77	75	5.344145e+04
53	78	56	2.531381e-01
53	78	57	2.245942e-01
53	78	58	3.992918e+00
53	78	59	1.514861e+03
53	78	60	2.930497e+03
53	78	61	2.994027e+05
53	78	62	7.123529e+05
53	78	63	1.008646e+06
53	78	64	1.715733e+06
53	78	65	9.253045e+06
53	78	66	3.158578e+07
53	78	67	2.991597e+07
53	78	68	2.019610e+07
53	78	69	6.520471e+06
53	78	70	3.086412e+06
53	78	71	1.006849e+06
53	78	73	1.726709e+03
53	78	74	4.766209e+04
53	78	75	6.880529e+04
53	79	56	1.890522e+00
53	79	57	1.677347e+00
53	79	58	2.982048e+01
53	79	59	5.822784e+04
53	79	60	3.862063e+04
53	79	61	8.981702e+05
53	79	62	1.072854e+05
53	79	63	-1.564542e+05
53	79	64	2.580317e+06
53	79	65	4.552209e+06
53	79	66	1.463114e+07
53	79	67	1.246629e+07
53	79	68	6.322235e+06
53	79	69	1.207882e+06
53	79	70	6.668429e+05
53	79	71	3.707201e+04
53	79	73	1.526579e+04
53	79	74	9.196577e+05
53	79	75	1.228198e+06
53	80	56	6.938583e+00
53	80	57	6.156188e+00
53	80	58	1.094470e+02
53	80	59	2.982592e+04
53	80	60	1.934995e+04
53	80	61	4.560221e+05
53	80	62	3.830623e+04
53	80	63	-2.762462e+04
53	80	64	1.155781e+06
53	80	65	1.953634e+06
53	80	66	4.507892e+06
53	80	67	2.458928e+06
53	80	68	3.535867e+06
53	80	69	2.416748e+05
53	80	70	2.406502e+05
53	80	71	3.405967e+01
53	80	72	1.302911e+04
53	80	73	1.544312e+04
53	80	74	4.474851e+05
53	80	75	3.640555e+05
53	80	79	9.952710e+02
53	80	80	8.145580e+03
53	80	81	1.798573e+03
53	81	62	1.230528e+03
53	81	63	2.393791e+05
53	81	64	7.957153e+05
53	81	65	6.095565e+05
53	81	66	4.242067e+05
53	81	67	4.392721e+05
53	81	68	6.328234e+05
53	81	69	6.428273e+04
53	81	70	2.802584e+04
53	81	71	8.422958e+02
53	81	72	1.599655e+05
53	81	73	1.769956e+05
53	81	79	1.468062e+04
53	81	80	1.201504e+05
53	81	81	2.652962e+04
53	82	60	1.100264e+02
53	82	61	8.704392e+03
53	82	62	1.124832e+05
53	82	63	4.385782e+05
53	82	64	5.365301e+05
53	82	65	-1.041073e+05
53	82	66	-2.986942e+04
53	82	67	1.280486e+04
53	82	68	-8.370969e+02
53	82	69	1.774623e+05
53	82	70	2.416921e+05
53	82	71	1.410052e+05
53	82	72	7.031648e+04
53	82	73	1.049964e+05
53	82	79	4.874735e+03
53	82	80	3.989621e+04
53	82	81	8.809224e+03
53	83	59	5.640830e+00
53	83	60	1.052519e+03
53	83	61	-6.506713e+00
53	83	62	-3.461807e+04
53	83	63	-1.691532e+04
53	83	65	1.776880e+00
53	83	66	8.120224e+01
53	83	67	1.091707e+05
53	83	68	-1.687620e+04
53	83	69	1.486997e+06
53	83	70	2.746907e+05
53	83	71	1.707421e+05
53	84	59	1.917475e+03
53	84	60	3.698506e+04
53	84	61	2.321404e+05
53	84	62	1.423032e+06
53	84	63	4.248051e+05
53	84	65	4.824421e-01
53	84	66	2.204729e+01
53	84	67	2.491722e+04
53	84	68	-3.851546e+03
53	84	69	3.385279e+05
53	85	59	2.374795e+03
53	85	60	4.553673e+04
53	85	61	1.317518e+05
53	85	62	2.423186e+04
53	86	77	8.936873e-01
53	86	78	8.163927e+01
53	86	79	1.226182e+02
53	87	77	7.392081e+01
53	87	78	6.752743e+03
53	87	79	1.014229e+04
53	88	62	2.406093e+00
53	88	63	6.727697e+02
53	88	64	5.278167e+02
53	88	77	1.132724e+02
53	88	78	1.034755e+04
53	88	79	1.554152e+04
53	89	62	4.644940e+02
53	89	63	1.298775e+05
53	89	64	1.018945e+05
53	90	56	1.279350e+04
53	90	57	8.218449e+04
53	90	58	1.464293e+04
53	90	62	3.465786e+02
53	90	63	9.690712e+04
53	90	64	7.602780e+04
53	91	56	9.348005e+04
53	91	57	6.005087e+05
53	91	58	1.069935e+05
53	92	56	1.874417e+04
53	92	57	1.204111e+05
53	92	58	2.145383e+04
54	66	28	6.745415e+03
54	66	29	1.082644e+05
54	66	30	3.771712e+04
54	67	28	4.433783e+04
54	67	29	7.116256e+05
54	67	30	2.479159e+05
54	67	64	1.008915e+02
54	67	65	4.343996e+04
54	67	66	3.574309e+04
54	68	28	8.073624e+03
54	68	29	1.295823e+05
54	68	30	4.514383e+04
54	68	60	4.276741e+03
54	68	61	-6.799657e+03
54	68	62	4.950000e+04
54	68	63	-6.591285e+03
54	68	64	6.931887e+04
54	68	65	5.690211e+04
54	68	66	4.681996e+04
54	69	57	2.260833e-03
54	69	58	3.951741e-02
54	69	59	1.441865e-02
54	69	60	5.833516e+04
54	69	61	-9.185399e+04
54	69	62	6.073849e+05
54	69	63	-1.342187e+04
54	69	64	1.425615e+05
54	69	65	7.217125e+05
54	69	66	5.938366e+05
54	70	57	2.157863e+03
54	70	58	3.771757e+04
54	70	59	1.376195e+04
54	70	60	-4.592200e+03
54	70	61	6.458685e+03
54	70	62	6.004631e+04
54	70	63	-1.187285e+05
54	70	64	1.246268e+06
54	70	65	3.649197e+00
54	70	68	6.738164e+03
54	70	69	1.155590e+05
54	70	70	4.173926e+04
54	71	57	2.166713e+03
54	71	58	3.787228e+04
54	71	59	1.381840e+04
54	71	60	1.916670e+05
54	71	61	-2.921063e+05
54	71	62	1.990995e+06
54	71	63	4.461251e+03
54	71	64	3.605440e+04
54	71	65	2.460503e+04
54	71	66	8.060848e+03
54	71	68	4.419191e+04
54	71	69	7.565073e+05
54	71	70	2.730228e+05
54	71	72	1.308006e+00
54	71	73	9.239267e+00
54	71	74	1.797643e+00
54	72	61	-2.173855e+03
54	72	62	-1.620516e+04
54	72	63	-1.935530e+03
54	72	64	3.827462e+04
54	72	65	3.618820e+05
54	72	66	3.371468e+05
54	72	67	3.691816e+03
54	72	68	6.001863e+04
54	72	69	1.838073e+05
54	72	70	5.590635e+04
54	72	72	1.361401e+02
54	72	73	9.616428e+02
54	72	74	1.871026e+02
54	73	61	2.406709e+04
54	73	62	1.797758e+05
54	73	63	6.583998e+04
54	73	64	2.988177e+04
54	73	65	1.874878e+05
54	73	66	2.117856e+05
54	73	67	6.346610e+04
54	73	68	4.093803e+02
54	73	69	9.730216e+04
54	73	70	2.804567e+04
54	73	71	1.283908e+04
54	73	72	4.648797e+03
54	73	73	1.408751e+03
54	73	74	2.740945e+02
54	74	55	9.031292e+02
54	74	56	1.003278e+04
54	74	57	2.785410e+03
54	74	61	1.162673e+02
54	74	62	4.854107e+02
54	74	63	1.252647e+04
54	74	64	-6.322658e+03
54	74	65	9.229864e+04
54	74	66	6.162293e+05
54	74	67	8.554929e+05
54	74	68	8.520345e+05
54	74	69	9.985898e+05
54	74	70	3.074099e+04
54	74	71	1.210017e+05
54	74	72	3.892824e+04
54	75	55	5.972695e+03
54	75	56	6.635011e+04
54	75	57	1.842085e+04
54	75	58	3.503460e+03
54	75	59	-6.569437e+03
54	75	60	3.284220e+04
54	75	61	3.579130e+04
54	75	62	3.391383e+04
54	75	63	1.771484e+05
54	75	64	3.912107e+05
54	75	65	1.530919e+06
54	75	66	4.449554e+06
54	75	67	4.384120e+06
54	75	68	2.071604e+06
54	75	69	1.708222e+06
54	75	70	5.547742e+05
54	75	71	1.015985e+05
54	75	72	9.069344e+03
54	76	55	1.093855e+03
54	76	56	1.215153e+04
54	76	57	3.373642e+03
54	76	58	2.836983e+04
54	76	59	-5.319706e+04
54	76	60	2.657900e+05
54	76	61	6.378023e+04
54	76	62	1.352296e+05
54	76	63	7.863221e+05
54	76	64	1.575781e+06
54	76	65	5.394692e+06
54	76	66	1.012939e+07
54	76	67	1.248668e+07
54	76	68	7.750263e+06
54	76	69	3.296849e+06
54	76	70	1.096884e+06
54	76	71	1.526699e+05
54	77	58	6.209531e+03
54	77	59	-1.164367e+04
54	77	60	5.953914e+04
54	77	61	6.331669e+05
54	77	62	1.020426e+06
54	77	63	5.328016e+05
54	77	64	4.178927e+06
54	77	65	1.196217e+07
54	77	66	2.342902e+07
54	77	67	2.484332e+07
54	77	68	1.363462e+07
54	77	69	5.681274e+06
54	77	70	1.309258e+06
54	77	71	5.380531e+04
54	77	73	4.273729e+02
54	77	74	9.415041e+03
54	77	75	1.131517e+04
54	78	56	1.575377e+03
54	78	57	1.397737e+03
54	78	58	2.484948e+04
54	78	59	3.641187e+02
54	78	60	3.414156e+04
54	78	61	3.262919e+05
54	78	62	6.367072e+05
54	78	63	1.525882e+06
54	78	64	2.882479e+06
54	78	65	6.207009e+06
54	78	66	1.649981e+07
54	78	67	2.211477e+07
54	78	68	1.201442e+07
54	78	69	6.137578e+06
54	78	70	3.129736e+06
54	78	71	9.661907e+05
54	78	73	7.750487e+03
54	78	74	1.301450e+05
54	78	75	6.017862e+04
54	79	56	1.176546e+04
54	79	57	1.043878e+04
54	79	58	1.855845e+05
54	79	59	1.423078e+04
54	79	60	7.470694e+04
54	79	61	8.191203e+05
54	79	62	3.482705e+05
54	79	63	9.783505e+05
54	79	64	9.262590e+05
54	79	65	2.784115e+06
54	79	66	6.660651e+06
54	79	67	6.701409e+06
54	79	68	4.551171e+06
54	79	69	2.127919e+06
54	79	70	1.227588e+06
54	79	71	2.203198e+05
54	79	73	1.853562e+04
54	79	74	4.966393e+05
54	79	75	3.869346e+05
54	80	56	4.318151e+04
54	80	57	3.831236e+04
54	80	58	6.811311e+05
54	80	59	7.151635e+03
54	80	60	4.542192e+03
54	80	61	1.095926e+05
54	80	62	8.101701e+03
54	80	63	1.784059e+04
54	80	64	8.510914e+05
54	80	65	1.476234e+06
54	80	66	1.846554e+06
54	80	67	1.995355e+06
54	80	68	2.173656e+06
54	80	69	3.552075e+05
54	80	70	8.722781e+05
54	80	71	4.086298e+02
54	80	72	8.422366e+03
54	80	73	1.936092e+04
54	80	74	5.174553e+04
54	80	75	4.205137e+04
54	80	79	6.760845e+03
54	80	80	5.533267e+04
54	80	81	1.221765e+04
54	81	59	3.233782e+03
54	81	60	2.016763e+04
54	81	61	3.492069e+03
54	81	62	3.923460e+02
54	81	63	8.640536e+04
54	81	64	5.476893e+05
54	81	65	1.577343e+06
54	81	66	7.229103e+05
54	81	67	7.009257e+05
54	81	68	2.979881e+05
54	81	69	6.698906e+03
54	81	70	3.368034e+05
54	81	71	5.802591e+03
54	81	72	1.195986e+05
54	81	73	2.729991e+05
54	81	79	9.972498e+04
54	81	80	8.161775e+05
54	81	81	1.802149e+05
54	82	60	4.446063e+03
54	82	61	1.652450e+04
54	82	62	9.447813e+04
54	82	63	1.292581e+05
54	82	64	2.386502e+05
54	82	65	7.484907e+05
54	82	66	2.592123e+05
54	82	67	2.481735e+04
54	82	68	1.117281e+04
54	82	69	4.443104e+03
54	82	70	1.650311e+05
54	82	71	1.544185e+04
54	82	72	3.182755e+05
54	82	73	7.265048e+05
54	82	79	3.311392e+04
54	82	80	2.710137e+05
54	82	81	5.984078e+04
54	83	60	3.815987e+04
54	83	61	1.420099e+05
54	83	62	8.047126e+05
54	83	64	4.105482e+01
54	83	65	1.313720e+04
54	83	66	4.961108e+05
54	83	67	2.669359e+05
54	84	60	8.756766e+03
54	84	61	4.801273e+04
54	84	62	1.996856e+05
54	84	64	9.452232e+01
54	84	65	8.374494e+03
54	84	66	1.426882e+05
54	84	67	7.247599e+04
54	85	60	4.053467e-01
54	85	61	9.904983e+03
54	85	62	9.654351e+03
54	85	79	5.561918e+00
54	85	80	5.956213e+01
54	85	81	1.612231e+01
54	86	71	1.404587e+02
54	86	72	4.102682e+03
54	86	73	8.274481e+03
54	86	77	2.811712e+01
54	86	78	2.568528e+03
54	86	79	3.945634e+03
54	86	80	9.405557e+02
54	86	81	2.545901e+02
54	87	71	-1.700138e+02
54	87	72	-4.965963e+03
54	87	73	-1.001559e+04
54	87	77	2.325691e+03
54	87	78	2.124543e+05
54	87	79	3.193192e+05
54	87	80	2.390269e+03
54	87	81	6.469993e+02
54	88	62	9.355221e+00
54	88	63	2.615821e+03
54	88	64	2.052224e+03
54	88	71	1.564793e+03
54	88	72	4.570631e+04
54	88	73	9.218261e+04
54	88	77	3.563768e+03
54	88	78	3.255539e+05
54	88	79	4.889661e+05
54	89	62	1.806016e+03
54	89	63	5.049818e+05
54	89	64	3.961799e+05
54	90	62	1.347545e+03
54	90	63	3.767882e+05
54	90	64	2.956065e+05
55	61	82	2.225430e+02
55	61	83	2.937610e+03
55	61	84	9.125169e+02
55	62	82	8.408701e+02
55	62	83	1.109965e+04
55	62	84	3.447909e+03
55	63	72	1.076801e+01
55	63	73	-7.523635e+00
55	63	74	1.331928e+02
55	63	82	4.716277e+03
55	63	83	6.225576e+04
55	63	84	1.933865e+04
55	64	72	1.397053e+03
55	64	73	-9.761245e+02
55	64	74	1.728058e+04
55	64	85	8.731789e+02
55	64	86	-9.568862e+02
55	64	87	9.974979e+03
55	65	72	9.761819e+02
55	65	73	-6.820608e+02
55	65	74	1.207470e+04
55	65	85	1.550787e+04
55	65	86	-1.699453e+04
55	65	87	1.771580e+05
55	66	28	3.384342e+03
55	66	29	5.431896e+04
55	66	30	1.892362e+04
55	66	85	5.706117e+03
55	66	86	-6.253134e+03
55	66	87	6.518526e+04
55	67	28	2.224539e+04
55	67	29	3.570403e+05
55	67	30	1.243856e+05
55	68	28	4.050738e+03
55	68	29	6.501466e+04
55	68	30	2.264978e+04
55	69	57	3.062043e-03
55	69	58	5.352187e-02
55	69	59	1.952844e-02
55	70	57	2.922581e+03
55	70	58	5.108420e+04
55	70	59	1.863901e+04
55	70	63	3.840399e+00
55	70	64	1.071658e+02
55	70	65	4.865020e+01
55	70	68	2.591660e+03
55	70	69	4.444677e+04
55	70	70	1.605392e+04
55	71	57	2.934569e+03
55	71	58	5.129373e+04
55	71	59	1.871546e+04
55	71	61	-3.868060e+03
55	71	62	-2.883472e+04
55	71	63	1.134120e+04
55	71	64	4.806651e+05
55	71	65	2.182081e+05
55	71	68	1.671400e+04
55	71	69	2.875176e+05
55	71	70	1.039921e+05
55	71	71	6.988578e-01
55	71	72	3.717701e+02
55	71	73	2.626045e+03
55	71	74	5.109380e+02
55	72	61	4.035962e+03
55	72	62	3.008636e+04
55	72	63	2.442051e+04
55	72	64	5.101374e+05
55	72	65	2.315893e+05
55	72	66	-2.356324e+01
55	72	67	-1.515497e+03
55	72	68	5.083380e+04
55	72	69	6.612766e+04
55	72	70	1.462343e+04
55	72	71	-1.391569e+00
55	72	72	3.869463e+04
55	72	73	2.733244e+05
55	72	74	5.317953e+04
55	73	61	-4.468275e+04
55	73	62	-3.330907e+05
55	73	63	-7.047980e+04
55	73	64	-1.218034e+04
55	73	65	1.559664e+04
55	73	66	2.208423e+03
55	73	67	2.062142e+05
55	73	68	-4.902840e+04
55	73	69	-7.051952e+04
55	73	70	-7.795114e+03
55	73	71	5.927312e+03
55	73	72	5.207570e+04
55	73	73	4.004045e+05
55	73	74	7.790494e+04
55	74	55	5.796404e+02
55	74	56	6.439171e+03
55	74	57	1.787713e+03
55	74	61	1.827531e+03
55	74	62	-3.152494e+02
55	74	63	2.701261e+04
55	74	64	2.094892e+04
55	74	65	9.617531e+03
55	74	66	9.823121e+05
55	74	67	7.477520e+05
55	74	68	7.048632e+05
55	74	69	3.649535e+05
55	74	70	9.303081e+04
55	74	71	9.583853e+04
55	74	72	-3.875069e+04
55	74	73	3.082546e+02
55	75	55	3.833355e+03
55	75	56	4.258439e+04
55	75	57	1.182275e+04
55	75	60	1.147442e+01
55	75	61	2.081833e+04
55	75	62	1.494570e+04
55	75	63	6.582654e+04
55	75	64	-6.109558e+04
55	75	65	2.810283e+05
55	75	66	2.650661e+06
55	75	67	5.796470e+06
55	75	68	5.606015e+05
55	75	69	2.205780e+05
55	75	70	2.726868e+04
55	75	71	3.244481e+04
55	75	72	-3.541495e+03
55	75	73	1.141906e+03
55	76	55	7.020507e+02
55	76	56	7.799016e+03
55	76	57	2.165248e+03
55	76	60	1.987146e+01
55	76	61	6.257966e+04
55	76	62	4.421568e+04
55	76	63	1.196193e+06
55	76	64	9.211072e+05
55	76	65	5.785534e+05
55	76	66	3.872073e+06
55	76	67	3.249229e+06
55	76	68	2.752683e+06
55	76	69	1.687195e+06
55	76	70	1.484989e+05
55	76	71	1.919749e+04
55	76	72	3.328823e+04
55	76	73	6.501593e+03
55	76	74	1.900302e+00
55	77	60	7.921577e+02
55	77	61	3.038129e+05
55	77	62	2.897536e+05
55	77	63	4.635682e+05
55	77	64	8.450284e+05
55	77	65	2.866893e+06
55	77	66	5.101423e+06
55	77	67	6.520531e+06
55	77	68	6.535128e+06
55	77	69	2.294299e+06
55	77	70	6.720413e+05
55	77	71	-8.964637e+03
55	77	72	1.789687e+02
55	77	73	2.275106e+03
55	77	74	1.354407e+04
55	77	75	4.313502e+03
55	78	56	1.657047e+03
55	78	57	1.470198e+03
55	78	58	2.613772e+04
55	78	60	2.116529e+04
55	78	61	2.249817e+05
55	78	62	3.789712e+05
55	78	63	1.030047e+06
55	78	64	6.409148e+05
55	78	65	3.998378e+06
55	78	66	4.458878e+06
55	78	67	3.327974e+06
55	78	68	2.659230e+06
55	78	69	1.359647e+06
55	78	70	1.612510e+06
55	78	71	2.600367e+05
55	78	72	2.476833e+02
55	78	73	2.669020e+04
55	78	74	4.068053e+05
55	78	75	1.590220e+05
55	79	56	1.237540e+04
55	79	57	1.097994e+04
55	79	58	1.952054e+05
55	79	59	1.071804e+04
55	79	60	1.068965e+05
55	79	61	5.228561e+05
55	79	62	4.935482e+04
55	79	63	1.525681e+06
55	79	64	1.255370e+05
55	79	65	3.186892e+05
55	79	66	1.904704e+06
55	79	67	1.609532e+06
55	79	68	7.911460e+05
55	79	69	2.019908e+05
55	79	70	6.012429e+05
55	79	71	8.351949e+04
55	79	73	5.308926e+04
55	79	74	1.350733e+06
55	79	75	7.406508e+05
55	80	56	4.542011e+04
55	80	57	4.029853e+04
55	80	58	7.164419e+05
55	80	59	-7.963997e+02
55	80	60	-4.966784e+03
55	80	61	-8.600095e+02
55	80	63	1.567793e+04
55	80	64	4.989986e+05
55	80	65	9.323033e+05
55	80	66	6.347175e+05
55	80	67	1.497944e+06
55	80	68	8.114403e+05
55	80	69	-1.710567e+04
55	80	70	8.671825e+05
55	80	71	1.210047e+02
55	80	72	2.494056e+03
55	80	73	6.146401e+03
55	80	74	1.727764e+05
55	80	75	1.404079e+05
55	80	79	1.269449e+03
55	80	80	1.038953e+04
55	80	81	2.294045e+03
55	81	59	1.475613e+05
55	81	60	9.202727e+05
55	81	61	1.593472e+05
55	81	63	9.930645e+03
55	81	64	2.832840e+05
55	81	65	1.161824e+06
55	81	66	2.475444e+05
55	81	67	6.645755e+05
55	81	68	3.105129e+05
55	81	69	2.371445e+04
55	81	70	7.557903e+05
55	81	71	1.718281e+03
55	81	72	3.541589e+04
55	81	73	8.084133e+04
55	81	79	1.872485e+04
55	81	80	1.532495e+05
55	81	81	3.383803e+04
55	82	60	2.316588e+03
55	82	61	8.609965e+03
55	82	62	4.884123e+04
55	82	64	3.830953e+04
55	82	65	3.149543e+05
55	82	66	1.330456e+05
55	82	67	3.349584e+04
55	82	68	3.550741e+04
55	82	69	1.412027e+04
55	82	70	5.244721e+05
55	82	71	4.572686e+03
55	82	72	9.424871e+04
55	82	73	2.151348e+05
55	82	79	6.217631e+03
55	82	80	5.088685e+04
55	82	81	1.123600e+04
55	83	60	1.988319e+04
55	83	61	8.067344e+04
55	83	62	4.258007e+05
55	83	64	2.465762e+03
55	83	65	1.524098e+05
55	83	66	7.041996e+05
55	83	67	2.571636e+05
55	83	68	7.430660e+02
55	84	60	4.585789e+03
55	84	61	5.905179e+05
55	84	62	6.552367e+05
55	84	64	5.677033e+03
55	84	65	3.301266e+05
55	84	66	6.729838e+05
55	84	67	8.460336e+04
55	84	68	3.220999e+03
55	85	60	1.502932e+01
55	85	61	3.672540e+05
55	85	62	3.579611e+05
55	85	66	1.080441e+04
55	85	67	8.063903e+04
55	85	68	1.647216e+04
55	85	79	1.055087e+03
55	85	80	1.129884e+04
55	85	81	3.058376e+03
55	86	71	1.923900e+00
55	86	72	5.619553e+01
55	86	73	1.133378e+02
55	86	77	1.338763e+01
55	86	78	1.222974e+03
55	86	79	1.849790e+04
55	86	80	1.784218e+05
55	86	81	4.829532e+04
55	87	71	-2.328724e+00
55	87	72	-6.802011e+01
55	87	73	-1.371861e+02
55	87	77	1.107349e+03
55	87	78	1.011575e+05
55	87	79	1.942750e+05
55	87	80	4.534300e+05
55	87	81	1.227347e+05
55	88	71	2.143338e+01
55	88	72	6.260514e+02
55	88	73	1.262650e+03
55	88	77	1.696845e+03
55	88	78	1.550085e+05
55	88	79	2.328153e+05
56	61	82	3.248055e+02
56	61	83	4.287494e+03
56	61	84	1.331835e+03
56	62	82	1.227265e+03
56	62	83	1.620013e+04
56	62	84	5.032284e+03
56	63	72	2.181626e+02
56	63	73	-1.524308e+02
56	63	74	2.698521e+03
56	63	82	6.883489e+03
56	63	83	9.086337e+04
56	63	84	2.822511e+04
56	64	72	2.830465e+04
56	64	73	-1.977653e+04
56	64	74	3.501090e+05
56	64	85	5.361271e+03
56	64	86	-5.875229e+03
56	64	87	6.124583e+04
56	65	72	1.977770e+04
56	65	73	-1.381873e+04
56	65	74	2.446364e+05
56	65	85	9.521746e+04
56	65	86	-1.043455e+05
56	65	87	1.087741e+06
56	66	85	3.503525e+04
56	66	86	-3.839390e+04
56	66	87	4.002340e+05
56	68	74	7.126757e+00
56	68	75	6.811787e+02
56	68	76	4.480263e+02
56	69	57	3.775875e-02
56	69	58	6.599903e-01
56	69	59	2.408096e-01
56	69	65	2.895181e+00
56	69	66	9.274538e+02
56	69	67	1.155962e+03
56	69	74	1.798926e+02
56	69	75	1.719421e+04
56	69	76	1.130901e+04
56	70	57	3.603901e+04
56	70	58	6.299308e+05
56	70	59	2.298418e+05
56	70	63	1.200285e+00
56	70	64	3.349378e+01
56	70	65	6.382600e+01
56	70	66	1.557537e+04
56	70	67	1.941287e+04
56	70	74	3.812749e+02
56	70	75	3.644243e+04
56	70	76	2.396900e+04
56	71	57	3.618683e+04
56	71	58	6.325146e+05
56	71	59	2.307846e+05
56	71	61	1.973338e+04
56	71	62	1.473987e+05
56	71	63	3.861670e+04
56	71	64	1.502278e+05
56	71	65	6.821649e+04
56	71	66	5.572465e+03
56	71	67	6.928948e+03
56	71	68	3.614323e+03
56	71	69	4.286471e+04
56	71	70	8.582626e+04
56	71	71	5.472016e+04
56	71	72	4.695973e+02
56	71	73	3.317059e+03
56	71	74	6.453856e+02
56	72	61	-1.787584e+04
56	72	62	-1.260354e+05
56	72	63	5.728501e+04
56	72	64	1.597928e+05
56	72	65	7.272824e+04
56	72	66	6.394369e+03
56	72	67	3.430843e+04
56	72	68	7.133094e+04
56	72	69	3.352439e+05
56	72	70	4.588763e+03
56	72	71	-1.089590e+05
56	72	72	4.887669e+04
56	72	73	3.452467e+05
56	72	74	6.717312e+04
56	73	61	2.278449e+05
56	73	62	1.701587e+06
56	73	63	4.019651e+05
56	73	64	5.012241e+05
56	73	65	3.216479e+05
56	73	66	3.511223e+05
56	73	67	2.717729e+05
56	73	68	2.942175e+05
56	73	69	1.625115e+06
56	73	70	1.755878e+06
56	73	71	6.789729e+05
56	73	72	1.230789e+05
56	73	73	5.057665e+05
56	73	74	9.840475e+04
56	74	55	1.379550e+04
56	74	56	1.532530e+05
56	74	57	4.254777e+04
56	74	61	4.653511e+03
56	74	62	-8.027313e+02
56	74	63	4.832688e+04
56	74	64	2.305369e+05
56	74	65	3.508719e+05
56	74	66	4.541839e+05
56	74	67	1.005236e+06
56	74	68	9.769349e+05
56	74	69	3.156422e+05
56	74	70	9.004944e+05
56	74	71	1.802271e+06
56	74	72	4.906851e+05
56	74	73	7.860215e+03
56	75	55	9.123428e+04
56	75	56	1.013513e+06
56	75	57	2.813826e+05
56	75	61	1.034876e+04
56	75	62	-1.785162e+03
56	75	63	4.108817e+05
56	75	64	2.552648e+06
56	75	65	1.469476e+06
56	75	66	2.759423e+06
56	75	67	4.878150e+05
56	75	68	1.489951e+04
56	75	69	9.874365e+03
56	75	70	1.399500e+05
56	75	71	4.777226e+05
56	75	72	2.542182e+05
56	75	73	2.911756e+04
56	76	55	1.670888e+04
56	76	56	1.856174e+05
56	76	57	5.153315e+04
56	76	61	8.546716e+04
56	76	62	-1.237569e+04
56	76	63	1.210674e+06
56	76	64	1.037343e+06
56	76	65	1.271596e+06
56	76	66	9.523304e+05
56	76	67	2.942681e+05
56	76	68	5.398575e+05
56	76	69	1.148222e+05
56	76	70	2.787513e+05
56	76	71	1.608272e+05
56	76	72	8.490421e+05
56	76	73	1.674520e+05
56	76	74	3.905317e+02
56	77	61	2.777988e+03
56	77	62	4.156787e+03
56	77	63	4.875909e+05
56	77	64	2.284185e+06
56	77	65	2.281265e+06
56	77	66	4.949195e+05
56	77	67	1.325391e+06
56	77	68	1.182643e+06
56	77	69	5.694155e+05
56	77	70	7.782298e+05
56	77	71	5.494055e+04
56	77	72	3.677992e+04
56	77	73	2.759076e+05
56	77	74	5.660885e+04
56	78	61	1.181643e+04
56	78	62	2.813182e+04
56	78	63	3.896207e+05
56	78	64	1.105445e+06
56	78	65	5.897315e+05
56	78	66	3.495135e+06
56	78	67	1.599676e+06
56	78	68	2.951029e+05
56	78	69	9.318848e+05
56	78	70	4.200538e+05
56	78	71	4.129283e+05
56	78	72	5.090147e+04
56	78	73	3.818415e+05
56	78	74	7.834367e+04
56	79	59	5.810271e+03
56	79	60	3.623603e+04
56	79	61	6.746395e+04
56	79	62	-1.199392e+05
56	79	63	5.579789e+05
56	79	64	4.763072e+04
56	79	65	1.950318e+05
56	79	66	1.229624e+06
56	79	67	6.450024e+05
56	79	68	7.393658e+05
56	79	69	1.020982e+06
56	79	70	5.307152e+05
56	79	71	4.417390e+05
56	80	59	-4.317299e+02
56	80	60	-2.692504e+03
56	80	61	-4.662129e+02
56	80	64	1.446782e+03
56	80	65	1.167951e+04
56	80	66	7.629355e+04
56	80	67	1.766312e+05
56	80	68	3.464774e+05
56	80	69	2.740216e+04
56	80	70	1.436282e+06
56	81	59	7.999326e+04
56	81	60	4.988817e+05
56	81	61	8.638245e+04
56	81	64	3.329859e+04
56	81	65	2.675737e+05
56	81	66	-3.764884e+04
56	81	67	-8.578467e+04
56	81	68	5.294794e+04
56	81	69	-5.592084e+03
56	81	70	7.253625e+05
56	82	64	1.398042e+04
56	82	65	1.164731e+05
56	82	66	7.312948e+05
56	82	67	6.264254e+05
56	83	61	2.858436e+00
56	83	62	5.276327e+02
56	83	63	3.910421e+02
56	83	64	1.449073e+03
56	83	65	8.355651e+04
56	83	66	1.442946e+05
56	83	67	4.067404e+04
56	83	68	8.308500e+03
56	84	61	1.186403e+00
56	84	62	2.189957e+02
56	84	63	1.623033e+02
56	84	64	3.336264e+03
56	84	65	1.923758e+05
56	84	66	3.432919e+05
56	84	67	1.763114e+05
56	84	68	3.601520e+04
56	85	61	4.232485e+01
56	85	62	7.812657e+03
56	85	63	5.790160e+03
56	85	66	1.208082e+05
56	85	67	9.016553e+05
56	85	68	1.841814e+05
56	85	79	1.402853e+03
56	85	80	1.502304e+04
56	85	81	4.066444e+03
56	86	71	1.960480e+03
56	86	72	5.726401e+04
56	86	73	1.154927e+05
56	86	79	2.215269e+04
56	86	80	2.372313e+05
56	86	81	6.421391e+04
56	87	71	-2.373002e+03
56	87	72	-6.931342e+04
56	87	73	-1.397945e+05
56	87	79	5.629744e+04
56	87	80	6.028848e+05
56	87	81	1.631892e+05
56	88	71	2.184091e+04
56	88	72	6.379549e+05
56	88	73	1.286657e+06
57	61	82	3.762434e+03
57	61	83	4.966485e+04
57	61	84	1.542751e+04
57	62	82	1.421621e+04
57	62	83	1.876567e+05
57	62	84	5.829224e+04
57	63	72	5.012703e+02
57	63	73	-3.502388e+02
57	63	74	6.200367e+03
57	63	82	7.973595e+04
57	63	83	1.052530e+06
57	63	84	3.269498e+05
57	64	72	6.503535e+04
57	64	73	-4.544036e+04
57	64	74	8.044423e+05
57	64	85	9.142257e+02
57	64	86	-1.001868e+03
57	64	87	1.044389e+04
57	65	72	4.544304e+04
57	65	73	-3.175116e+04
57	65	74	5.620989e+05
57	65	85	1.623687e+04
57	65	86	-1.779341e+04
57	65	87	1.854859e+05
57	66	85	5.974353e+03
57	66	86	-6.547084e+03
57	66	87	6.824952e+04
57	68	74	1.142207e+02
57	68	75	1.091726e+04
57	68	76	7.180526e+03
57	69	65	2.764625e+01
57	69	66	8.856308e+03
57	69	67	1.103835e+04
57	69	74	2.883141e+03
57	69	75	2.755720e+05
57	69	76	1.812498e+05
57	70	65	4.642826e+02
57	70	66	1.487301e+05
57	70	67	1.853746e+05
57	70	74	6.110701e+03
57	70	75	5.840636e+05
57	70	76	3.841516e+05
57	71	61	9.789053e+02
57	71	62	1.001281e+04
57	71	63	3.110669e+04
57	71	65	1.658126e+02
57	71	66	5.377465e+04
57	71	67	6.593168e+04
57	71	68	8.560363e+03
57	71	69	3.721279e+02
57	71	70	7.223639e+04
57	71	71	5.394282e+04
57	72	61	2.406657e+04
57	72	62	2.456046e+05
57	72	63	7.638432e+05
57	72	64	2.282011e+02
57	72	65	2.437108e+02
57	72	66	2.461160e+04
57	72	67	-3.762161e+03
57	72	68	2.437171e+05
57	72	69	5.038155e+04
57	72	70	-7.526491e+04
57	72	71	-1.074112e+05
57	73	61	1.094110e+04
57	73	62	1.078438e+05
57	73	63	3.415157e+05
57	73	64	2.311371e+05
57	73	65	1.932438e+05
57	73	66	2.470567e+05
57	73	67	1.251319e+05
57	73	68	4.994576e+05
57	73	69	4.886975e+05
57	73	70	1.341976e+06
57	73	71	4.869067e+05
57	74	61	1.277827e+02
57	74	62	4.981105e+02
57	74	63	5.587327e+03
57	74	64	2.286790e+05
57	74	65	2.480187e+05
57	74	66	4.079523e+05
57	74	67	2.674296e+05
57	74	68	5.039207e+03
57	74	69	2.593051e+05
57	74	70	4.005927e+05
57	74	71	2.486951e+03
57	74	72	1.761467e+04
57	74	73	3.435584e+03
57	75	63	1.782586e+04
57	75	64	3.882495e+05
57	75	65	6.870652e+05
57	75	66	6.971156e+05
57	75	67	-9.437970e+01
57	75	68	1.747366e+03
57	75	69	2.769740e+03
57	75	70	8.687489e+03
57	75	71	1.226747e+04
57	75	72	6.525219e+04
57	75	73	1.272686e+04
57	76	62	9.585819e-01
57	76	63	3.257917e+04
57	76	64	3.542719e+05
57	76	65	8.147561e+05
57	76	66	1.211867e+06
57	76	67	5.486679e+03
57	76	68	4.765750e+03
57	76	69	7.823845e+04
57	76	70	1.532961e+05
57	76	71	6.081709e+05
57	76	72	3.713265e+05
57	76	73	7.486206e+04
57	76	74	5.135944e+02
57	77	62	1.240705e+01
57	77	63	3.661391e+05
57	77	64	8.480325e+05
57	77	65	5.369927e+05
57	77	66	1.291405e+05
57	77	67	7.117750e+03
57	77	68	5.171568e+04
57	77	69	5.346263e+05
57	77	70	4.576576e+05
57	77	71	7.433459e+05
57	77	72	4.836985e+04
57	77	73	3.628504e+05
57	77	74	7.444719e+04
57	78	62	3.807096e+00
57	78	63	1.104765e+05
57	78	64	2.564093e+05
57	78	65	-1.930379e+05
57	78	66	1.888148e+06
57	78	67	2.538988e+05
57	78	68	5.641418e+04
57	78	69	1.007874e+06
57	78	70	1.811154e+05
57	78	72	6.694133e+04
57	78	73	5.021658e+05
57	78	74	1.030310e+05
57	79	64	7.493576e+03
57	79	65	5.391805e+05
57	79	66	8.151781e+05
57	79	67	1.107409e+05
57	79	68	2.358261e+05
57	79	69	3.858064e+05
57	80	65	3.013398e+01
57	80	66	3.954007e+04
57	80	67	4.260598e+04
57	80	68	7.830451e+04
57	80	69	2.137063e+04
57	81	65	-4.351672e+01
57	81	66	-5.710012e+04
57	81	67	-5.109223e+04
57	82	65	3.177721e+02
57	82	66	4.169622e+05
57	82	67	3.730907e+05
57	83	61	2.374388e+02
57	83	62	4.382834e+04
57	83	63	3.248230e+04
57	83	66	1.519739e+03
57	83	67	1.134262e+04
57	83	68	2.316961e+03
57	84	61	9.854975e+01
57	84	62	1.819110e+04
57	84	63	1.348189e+04
57	84	66	6.587677e+03
57	84	67	4.916732e+04
57	84	68	1.004342e+04
57	85	61	3.515756e+03
57	85	62	6.489661e+05
57	85	63	4.809654e+05
57	85	66	3.368933e+04
57	85	67	2.514413e+05
57	85	68	5.136199e+04
58	68	74	3.976039e+01
58	68	75	3.800317e+03
58	68	76	2.499553e+03
58	69	65	8.893683e+01
58	69	66	2.849037e+04
58	69	67	3.550990e+04
58	69	74	1.003626e+03
58	69	75	9.592705e+04
58	69	76	6.309334e+04
58	70	65	1.493578e+03
58	70	66	4.784586e+05
58	70	67	5.963423e+05
58	70	74	2.127145e+03
58	70	75	2.033135e+05
58	70	76	1.337238e+05
58	71	61	2.373423e+02
58	71	62	2.427674e+03
58	71	63	7.542032e+03
58	71	65	5.334121e+02
58	71	66	1.719327e+05
58	71	67	2.125379e+05
58	71	68	1.376383e+04
58	72	61	8.464420e+03
58	72	62	6.979789e+04
58	72	63	2.414763e+05
58	72	66	3.006683e+04
58	72	67	-1.245822e+04
58	72	68	3.913989e+05
58	73	61	2.168397e+04
58	73	62	1.003332e+05
58	73	63	4.900208e+05
58	73	64	4.997814e+01
58	73	65	2.943396e+03
58	73	66	6.610152e+04
58	73	67	-2.539308e+04
58	73	68	7.970953e+05
58	74	61	3.815315e+03
58	74	62	1.487250e+04
58	74	63	8.166225e+04
58	74	64	3.212004e+03
58	74	65	1.706961e+05
58	74	66	3.255751e+05
58	74	67	-3.066055e+04
58	74	68	4.764151e+05
58	75	64	2.468762e+04
58	75	65	2.731856e+05
58	75	66	7.564100e+05
58	75	67	-2.637549e+04
58	75	68	4.098323e+05
58	75	69	5.916857e+01
58	75	70	6.820838e+01
58	75	71	9.646921e+02
58	76	64	3.222468e+04
58	76	65	-1.664416e+04
58	76	66	4.120615e+05
58	76	68	1.858563e+02
58	76	69	1.253158e+04
58	76	70	1.284856e+04
58	76	71	1.755195e+05
58	77	64	2.480800e+01
58	77	65	1.882548e+04
58	77	66	2.173809e+04
58	77	68	7.223103e+03
58	77	69	8.304124e+04
58	77	70	3.363926e+04
58	77	71	2.347493e+05
58	78	64	4.080406e+01
58	78	65	3.096403e+04
58	78	66	3.575469e+04
58	78	68	1.333423e+04
58	78	69	1.267188e+05
58	78	70	3.145925e+04
58	79	64	4.283228e+02
58	79	65	3.250314e+05
58	79	66	3.753192e+05
58	83	61	1.513750e+02
58	83	62	2.794200e+04
58	83	63	2.070853e+04
58	84	61	6.282869e+01
58	84	62	1.159742e+04
58	84	63	8.595143e+03
58	85	61	2.241409e+03
58	85	62	4.137371e+05
58	85	63	3.066312e+05
59	27	92	1.194388e-02
59	27	93	1.289644e+03
59	27	94	2.674968e+03
59	27	95	1.649761e+04
59	27	96	4.834989e+03
59	28	92	1.524005e-01
59	28	93	1.645548e+04
59	28	94	2.500227e+04
59	28	95	1.005295e+05
59	28	96	2.946237e+04
59	29	92	4.634596e-02
59	29	93	5.004216e+03
59	29	94	6.477939e+03
59	29	95	1.701487e+04
59	29	96	4.986583e+03
59	72	61	5.307974e+03
59	72	62	2.069104e+04
59	72	63	1.136108e+05
59	73	61	3.841961e+04
59	73	62	1.497637e+05
59	73	63	8.223257e+05
59	73	64	3.338497e+01
59	73	65	1.966163e+03
59	73	66	3.319354e+03
59	73	67	-5.397621e+01
59	73	68	8.387027e+02
59	74	61	7.639686e+03
59	74	62	2.978030e+04
59	74	63	1.635183e+05
59	74	64	1.937913e+03
59	74	65	1.141308e+05
59	74	66	2.382165e+05
59	74	67	-3.880414e+04
59	74	68	6.029534e+05
59	75	64	3.214994e+03
59	75	65	1.893428e+05
59	75	66	3.556334e+05
59	75	67	-3.338095e+04
59	75	68	5.186858e+05
59	83	49	4.464924e+02
59	83	50	1.448453e+04
59	83	51	6.977725e+03
59	84	49	2.757518e+03
59	84	50	8.945583e+04
59	84	51	4.309412e+04
59	85	49	4.729337e+02
59	85	50	1.534230e+04
59	85	51	7.390945e+03
60	27	92	1.303467e-01
60	27	93	1.407421e+04
60	27	94	2.556621e+04
60	27	95	1.363587e+05
60	27	96	3.996292e+04
60	28	92	1.663185e+00
60	28	93	1.795829e+05
60	28	94	2.507584e+05
60	28	95	8.309122e+05
60	28	96	2.435172e+05
60	29	92	5.057853e-01
60	29	93	5.461229e+04
60	29	94	6.695531e+04
60	29	95	1.406340e+05
60	29	96	4.121591e+04
60	65	67	8.001194e+02
60	65	68	7.766271e+03
60	65	69	1.958677e+03
60	66	67	-1.370686e+03
60	66	68	-1.330441e+04
60	66	69	-3.355412e+03
60	67	67	7.860821e+03
60	67	68	7.630019e+04
60	67	69	1.924314e+04
60	72	53	2.077331e+03
60	72	54	-2.915995e+03
60	72	55	2.212365e+04
60	73	53	-3.683184e+03
60	73	54	5.170165e+03
60	73	55	-3.922603e+04
60	74	53	2.006224e+04
60	74	54	-2.816180e+04
60	74	55	2.136635e+05
60	77	64	1.910252e+02
60	77	65	3.908841e+03
60	77	66	1.544863e+03
60	78	64	7.764669e+02
60	78	65	1.588841e+04
60	78	66	6.279460e+03
60	79	64	4.144590e+03
60	79	65	8.480843e+04
60	79	66	3.351822e+04
60	83	49	-4.860092e+02
60	83	50	-1.576648e+04
60	83	51	-7.595288e+03
60	84	49	-3.001572e+03
60	84	50	-9.737311e+04
60	84	51	-4.690817e+04
60	85	49	-5.147907e+02
60	85	50	-1.670017e+04
60	85	51	-8.045081e+03
61	27	92	3.921589e-01
61	27	93	4.234345e+04
61	27	94	4.538132e+04
61	27	95	3.035225e+04
61	27	96	8.895396e+03
61	28	92	5.003833e+00
61	28	93	5.402901e+05
61	28	94	5.622560e+05
61	28	95	1.849537e+05
61	28	96	5.420478e+04
61	29	92	1.521698e+00
61	29	93	1.643057e+05
61	29	94	1.689151e+05
61	29	95	3.130390e+04
61	29	96	9.174299e+03
61	59	42	1.941323e+03
61	59	43	-2.872288e+03
61	59	44	2.029208e+04
61	60	42	-2.774894e+03
61	60	43	4.105600e+03
61	60	44	-2.900516e+04
61	61	42	2.054616e+04
61	61	43	-3.039911e+04
61	61	44	2.147630e+05
61	65	67	1.217459e+04
61	65	68	1.181713e+05
61	65	69	2.980315e+04
61	66	67	-2.085630e+04
61	66	68	-2.024394e+05
61	66	69	-5.105583e+04
61	67	67	1.196100e+05
61	67	68	1.160981e+06
61	67	69	2.928028e+05
61	72	53	1.676458e+04
61	72	54	-2.353281e+04
61	72	55	1.785434e+05
61	73	53	-2.972421e+04
61	73	54	4.172453e+04
61	73	55	-3.165639e+05
61	74	53	1.619073e+05
61	74	54	-2.272728e+05
61	74	55	1.724318e+06
61	75	73	3.529794e+02
61	75	74	3.273683e+03
61	75	75	7.979020e+02
61	76	73	9.977439e+03
61	76	74	9.253506e+04
61	76	75	2.255377e+04
61	77	53	7.703267e-02
61	77	54	5.369793e+00
61	77	55	8.536421e+00
61	77	64	1.907904e+03
61	77	65	3.904038e+04
61	77	66	1.542965e+04
61	77	73	4.553371e+03
61	77	74	4.222992e+04
61	77	75	1.029279e+04
61	78	53	1.573570e+02
61	78	54	1.096904e+04
61	78	55	1.743761e+04
61	78	64	7.755127e+03
61	78	65	1.586888e+05
61	78	66	6.271743e+04
61	79	53	1.718329e+02
61	79	54	1.197813e+04
61	79	55	1.904176e+04
61	79	64	4.139497e+04
61	79	65	8.470420e+05
61	79	66	3.347703e+05
61	83	49	5.108663e+03
61	83	50	1.657286e+05
61	83	51	7.983751e+04
61	84	49	3.155088e+04
61	84	50	1.023533e+06
61	84	51	4.930730e+05
61	85	49	5.411198e+03
61	85	50	1.755431e+05
61	85	51	8.456549e+04
61	96	68	6.270194e+02
61	96	69	9.382000e+03
61	96	70	3.141249e+03
61	97	68	-6.771042e+02
61	97	69	-1.013141e+04
61	97	70	-3.392165e+03
61	98	68	7.187436e+03
61	98	69	1.075446e+05
61	98	70	3.600770e+04
62	59	42	1.509285e+04
62	59	43	-2.233066e+04
62	59	44	1.577612e+05
62	60	42	-2.157347e+04
62	60	43	3.191907e+04
62	60	44	-2.255011e+05
62	61	42	1.597365e+05
62	61	43	-2.363385e+05
62	61	44	1.669679e+06
62	65	67	4.115732e+03
62	65	68	3.994890e+04
62	65	69	1.007523e+04
62	66	67	-7.050668e+03
62	66	68	-6.843653e+04
62	66	69	-1.725990e+04
62	67	67	4.043526e+04
62	67	68	3.924804e+05
62	67	69	9.898473e+04
62	71	62	1.652063e+01
62	71	63	-1.171555e+01
62	71	64	2.039485e+02
62	72	53	3.659127e+03
62	72	54	-5.136397e+03
62	72	55	3.896983e+04
62	72	62	6.907745e+03
62	72	63	-4.898606e+03
62	72	64	8.527666e+04
62	72	77	4.292567e+01
62	72	78	6.025387e+01
62	72	79	7.210507e+02
62	73	53	-6.487766e+03
62	73	54	9.107018e+03
62	73	55	-6.909493e+04
62	73	62	5.667283e+03
62	73	63	-4.018936e+03
62	73	64	6.996305e+04
62	73	77	5.549910e+02
62	73	78	7.790294e+02
62	73	79	9.322549e+03
62	74	53	3.533875e+04
62	74	54	-4.960577e+04
62	74	55	3.763589e+05
62	74	77	1.540758e+03
62	74	78	2.162731e+03
62	74	79	2.588113e+04
62	75	73	-4.222824e+02
62	75	74	-3.916428e+03
62	75	75	-9.545596e+02
62	76	73	-1.193638e+04
62	76	74	-1.107031e+05
62	76	75	-2.698191e+04
62	77	53	1.803695e+00
62	77	54	1.257319e+02
62	77	55	1.998775e+02
62	77	64	4.913787e+02
62	77	65	1.005481e+04
62	77	66	3.973889e+03
62	77	73	-5.447366e+03
62	77	74	-5.052122e+04
62	77	75	-1.231365e+04
62	78	53	3.684462e+03
62	78	54	2.568364e+05
62	78	55	4.082958e+05
62	78	64	1.997325e+03
62	78	65	4.087013e+04
62	78	66	1.615281e+04
62	79	53	4.023410e+03
62	79	54	2.804639e+05
62	79	55	4.458566e+05
62	79	64	1.066123e+04
62	79	65	2.181548e+05
62	79	66	8.621973e+04
62	96	68	-2.441437e+02
62	96	69	-3.653087e+03
62	96	70	-1.223114e+03
62	97	68	2.636453e+02
62	97	69	3.944887e+03
62	97	70	1.320813e+03
62	98	68	-2.798585e+03
62	98	69	-4.187482e+04
62	98	70	-1.402038e+04
62	101	64	9.134072e+02
62	101	65	-3.664234e+02
62	101	66	1.191741e+04
62	102	64	7.586531e+03
62	102	65	-3.043421e+03
62	102	66	9.898302e+04
62	103	64	1.695411e+03
62	103	65	-6.801331e+02
62	103	66	2.212038e+04
63	59	42	3.192883e+03
63	59	43	-4.724036e+03
63	59	44	3.337426e+04
63	60	42	-4.563853e+03
63	60	43	6.752457e+03
63	60	44	-4.770461e+04
63	61	42	3.379215e+04
63	61	43	-4.999724e+04
63	61	44	3.532194e+05
63	71	62	1.571357e+02
63	71	63	-1.114323e+02
63	71	64	1.939852e+03
63	72	62	6.570289e+04
63	72	63	-4.659300e+04
63	72	64	8.111073e+05
63	72	77	5.559902e+02
63	72	78	7.804319e+02
63	72	79	9.339333e+03
63	73	62	5.390425e+04
63	73	63	-3.822604e+04
63	73	64	6.654522e+05
63	73	77	7.188463e+03
63	73	78	1.009030e+04
63	73	79	1.207493e+05
63	74	77	1.995651e+04
63	74	78	2.801254e+04
63	74	79	3.352226e+05
63	75	73	3.944787e+03
63	75	74	3.658565e+04
63	75	75	8.917101e+03
63	76	73	1.115047e+05
63	76	74	1.034143e+06
63	76	75	2.520538e+05
63	77	53	7.592793e-01
63	77	54	5.292784e+01
63	77	55	8.413999e+01
63	77	73	5.088703e+04
63	77	74	4.719483e+05
63	77	75	1.150290e+05
63	78	53	1.551003e+03
63	78	54	1.081173e+05
63	78	55	1.718753e+05
63	79	53	1.693686e+03
63	79	54	1.180635e+05
63	79	55	1.876868e+05
63	96	68	8.197403e+03
63	96	69	1.226566e+05
63	96	70	4.106744e+04
63	97	68	-8.852192e+03
63	97	69	-1.324541e+05
63	97	70	-4.434782e+04
63	98	68	9.396569e+04
63	98	69	1.405995e+06
63	98	70	4.707504e+05
63	101	64	9.853888e+03
63	101	65	-3.952996e+03
63	101	66	1.285657e+05
63	102	64	8.184391e+04
63	102	65	-3.283259e+04
63	102	66	1.067834e+06
63	103	64	1.829019e+04
63	103	65	-7.337313e+03
63	103	66	2.386359e+05
64	71	62	3.903581e+01
64	71	63	-2.768212e+01
64	71	64	4.819001e+02
64	72	62	1.632198e+04
64	72	63	-1.157468e+04
64	72	64	2.014961e+05
64	72	77	1.542258e+03
64	72	78	2.164836e+03
64	72	79	2.590632e+04
64	73	62	1.339095e+04
64	73	63	-9.496153e+03
64	73	64	1.653124e+05
64	73	77	1.994004e+04
64	73	78	2.798941e+04
64	73	79	3.349459e+05
64	74	77	5.535725e+04
64	74	78	7.770383e+04
64	74	79	9.298722e+05
64	76	78	7.126629e+01
64	76	79	1.477501e+03
64	76	80	5.876523e+02
64	77	78	6.486151e+02
64	77	79	1.344716e+04
64	77	80	5.348394e+03
64	78	78	2.139133e+03
64	78	79	4.434874e+04
64	78	80	1.763900e+04
64	101	64	2.680985e+03
64	101	65	-1.075507e+03
64	101	66	3.497935e+04
64	102	64	2.226758e+04
64	102	65	-8.932887e+03
64	102	66	2.905297e+05
64	103	64	4.976282e+03
64	103	65	-1.996291e+03
64	103	66	6.492657e+04
65	50	46	1.898483e+00
65	50	47	3.661546e+01
65	50	48	8.575488e+01
65	51	46	1.118100e+03
65	51	47	2.156446e+04
65	51	48	5.050482e+04
65	52	46	1.316149e+03
65	52	47	2.538417e+04
65	52	48	5.945074e+04
65	55	86	4.416853e+01
65	55	87	8.290452e+02
65	55	88	1.962558e+03
65	56	86	1.152169e+03
65	56	87	2.162626e+04
65	56	88	5.119479e+04
65	57	86	5.085241e+02
65	57	87	9.545018e+03
65	57	88	2.259545e+04
65	73	79	3.743608e-01
65	73	80	8.595845e+02
65	73	81	7.904037e+02
65	74	79	3.215612e+00
65	74	80	7.383495e+03
65	74	81	6.789258e+03
65	75	79	7.383154e-01
65	75	80	1.695275e+03
65	75	81	1.558836e+03
65	76	78	2.163744e+02
65	76	79	4.485899e+03
65	76	80	1.784195e+03
65	77	78	1.969286e+03
65	77	79	4.082747e+04
65	77	80	1.623847e+04
65	78	78	6.494706e+03
65	78	79	1.346490e+05
65	78	80	5.355448e+04
65	79	72	5.428245e+01
65	79	73	1.300244e+04
65	79	74	1.676388e+04
65	80	72	-1.082684e+02
65	80	73	-2.593385e+04
65	80	74	-3.343618e+04
65	81	72	4.894309e+02
65	81	73	1.172349e+05
65	81	74	1.511494e+05
65	85	53	1.195902e+02
65	85	54	1.127930e+03
65	85	55	2.784324e+02
65	86	53	3.567544e+03
65	86	54	3.364774e+04
65	86	55	8.306032e+03
65	87	53	7.145621e+03
65	87	54	6.739481e+04
65	87	55	1.663659e+04
66	50	46	-1.226173e+00
66	50	47	-2.364882e+01
66	50	48	-5.538649e+01
66	51	46	-7.221473e+02
66	51	47	-1.392783e+04
66	51	48	-3.261954e+04
66	52	46	-8.500612e+02
66	52	47	-1.639487e+04
66	52	48	-3.839744e+04
66	55	86	5.472989e+01
66	55	87	1.027282e+03
66	55	88	2.431835e+03
66	56	86	1.427670e+03
66	56	87	2.679743e+04
66	56	88	6.343623e+04
66	57	86	6.301198e+02
66	57	87	1.182738e+04
66	57	88	2.799836e+04
66	66	57	5.664688e+01
66	66	58	3.737133e+02
66	66	59	6.828649e+01
66	67	57	2.730506e+03
66	67	58	1.801382e+04
66	67	59	3.291562e+03
66	68	57	4.748398e+03
66	68	58	3.132634e+04
66	68	59	5.724083e+03
66	73	79	2.483067e+01
66	73	80	5.701468e+04
66	73	81	5.242604e+04
66	74	79	2.132857e+02
66	74	80	4.897338e+05
66	74	81	4.503192e+05
66	75	79	4.897112e+01
66	75	80	1.124445e+05
66	75	81	1.033948e+05
66	76	78	1.415602e+03
66	76	79	2.934843e+04
66	76	80	1.167287e+04
66	77	78	1.288381e+04
66	77	79	2.671086e+05
66	77	80	1.062382e+05
66	78	78	4.249080e+04
66	78	79	8.809240e+05
66	78	80	3.503734e+05
66	79	72	3.484816e+02
66	79	73	8.347284e+04
66	79	74	1.076205e+05
66	80	72	-6.950595e+02
66	80	73	-1.664897e+05
66	80	74	-2.146530e+05
66	81	72	3.142041e+03
66	81	73	7.526224e+05
66	81	74	9.703466e+05
66	85	53	-4.125160e+00
66	85	54	-3.890696e+01
66	85	55	-9.604285e+00
66	86	53	-1.230594e+02
66	86	54	-1.160650e+03
66	86	55	-2.865094e+02
66	87	53	-2.464820e+02
66	87	54	-2.324726e+03
66	87	55	-5.738647e+02
67	50	46	2.371472e+01
67	50	47	4.573784e+02
67	50	48	1.071199e+03
67	51	46	1.396664e+04
67	51	47	2.693703e+05
67	51	48	6.308760e+05
67	52	46	1.644055e+04
67	52	47	3.170838e+05
67	52	48	7.426230e+05
67	55	86	7.276659e+02
67	55	87	1.365832e+04
67	55	88	3.233267e+04
67	56	86	1.898171e+04
67	56	87	3.562875e+05
67	56	88	8.434218e+05
67	57	86	8.377812e+03
67	57	87	1.572519e+05
67	57	88	3.722546e+05
67	66	57	1.206513e+03
67	66	58	7.959659e+03
67	66	59	1.454423e+03
67	67	57	5.815661e+04
67	67	58	3.836734e+05
67	67	59	7.010643e+04
67	68	57	1.011354e+05
67	68	58	6.672147e+05
67	68	59	1.219163e+05
67	73	79	1.498295e+01
67	73	80	3.440295e+04
67	73	81	3.163414e+04
67	74	79	1.286977e+02
67	74	80	2.955079e+05
67	74	81	2.717249e+05
67	75	79	2.954942e+01
67	75	80	6.784960e+04
67	75	81	6.238895e+04
67	79	72	6.205121e+01
67	79	73	1.486331e+04
67	79	74	1.916308e+04
67	80	72	-1.237634e+02
67	80	73	-2.964542e+04
67	80	74	-3.822147e+04
67	81	72	5.594769e+02
67	81	73	1.340132e+05
67	81	74	1.727815e+05
67	85	53	1.656774e+03
67	85	54	1.562607e+04
67	85	55	3.857336e+03
67	86	53	4.942392e+04
67	86	54	4.661479e+05
67	86	55	1.150698e+05
67	87	53	9.899374e+04
67	87	54	9.336718e+05
67	87	55	2.304793e+05
68	66	57	4.861037e+02
68	66	58	3.206945e+03
68	66	59	5.859866e+02
68	67	57	2.343129e+04
68	67	58	1.545819e+05
68	67	59	2.824587e+04
68	68	57	4.074741e+04
68	68	58	2.688207e+05
68	68	59	4.912006e+04
68	81	70	2.739885e+02
68	81	71	3.054142e+03
68	81	72	8.499091e+02
68	82	70	-8.346729e+01
68	82	71	-9.304077e+02
68	82	72	-2.589146e+02
68	83	68	4.834124e+00
68	83	69	9.362624e+00
68	83	70	3.719905e+03
68	83	71	4.050521e+04
68	83	72	1.127182e+04
68	84	68	9.653683e+02
68	84	69	1.869704e+03
68	84	70	1.720704e+04
68	85	68	7.239091e+02
68	85	69	1.402051e+03
68	85	70	1.290319e+04
68	100	71	4.011999e+02
68	100	72	4.433323e+03
68	100	73	1.226365e+03
68	101	71	-8.002751e+02
68	101	72	-8.843167e+03
68	101	73	-2.446234e+03
68	102	71	3.617168e+03
68	102	72	3.997028e+04
68	102	73	1.105675e+04
69	81	70	6.560482e+03
69	81	71	7.312953e+04
69	81	72	2.035054e+04
69	82	70	-1.998572e+03
69	82	71	-2.227803e+04
69	82	72	-6.199548e+03
69	83	68	7.892805e+01
69	83	69	1.528661e+02
69	83	70	8.841448e+04
69	83	71	9.698719e+05
69	83	72	2.698967e+05
69	84	68	1.576183e+04
69	84	69	3.052716e+04
69	84	70	2.809439e+05
69	85	68	1.181946e+04
69	85	69	2.289167e+04
69	85	70	2.106738e+05
69	100	71	3.966830e+03
69	100	72	4.383409e+04
69	100	73	1.212557e+04
69	101	71	-7.912651e+03
69	101	72	-8.743605e+04
69	101	73	-2.418693e+04
69	102	71	3.576443e+04
69	102	72	3.952026e+05
69	102	73	1.093226e+05
70	81	70	2.789527e+03
70	81	71	3.109479e+04
70	81	72	8.653083e+03
70	82	70	-8.497960e+02
70	82	71	-9.472654e+03
70	82	72	-2.636058e+03
70	83	68	1.977756e+02
70	83	69	3.830473e+02
70	83	70	4.052100e+04
70	83	71	4.123911e+05
70	83	72	1.147605e+05
70	84	68	3.949552e+04
70	84	69	7.649405e+04
70	84	70	7.039809e+05
70	85	68	2.961685e+04
70	85	69	5.736125e+04
70	85	70	5.279002e+05
70	100	71	1.253631e+04
70	100	72	1.385282e+05
70	100	73	3.832025e+04
70	101	71	-2.500622e+04
70	101	72	-2.763227e+05
70	101	73	-7.643756e+04
70	102	71	1.130258e+05
70	102	72	1.248952e+06
70	102	73	3.454906e+05
71	31	119	1.146505e+02
71	31	120	4.324185e+03
71	31	121	8.053044e+03
71	32	119	8.012519e+02
71	32	120	3.022022e+04
71	32	121	5.627991e+04
71	33	119	1.544020e+02
71	33	120	5.823466e+03
71	33	121	1.084519e+04
72	29	119	1.142562e+02
72	29	120	5.655673e+02
72	29	121	2.653975e+03
72	30	119	-5.151461e+01
72	30	120	-2.549969e+02
72	30	121	-1.196596e+03
72	31	119	1.576047e+03
72	31	120	1.101522e+04
72	31	121	4.121990e+04
72	32	119	6.854653e+02
72	32	120	2.585318e+04
72	32	121	4.814706e+04
72	33	119	1.320898e+02
72	33	120	4.981933e+03
72	33	121	9.277986e+03
73	29	119	3.465245e+03
73	29	120	1.715294e+04
73	29	121	8.049170e+04
73	30	119	-1.562373e+03
73	30	120	-7.733732e+03
73	30	121	-3.629124e+04
73	31	119	4.662590e+04
73	31	120	2.898138e+05
73	31	121	1.167713e+06
73	32	119	1.258739e+04
73	32	120	4.747492e+05
73	32	121	8.841380e+05
73	33	119	2.425603e+03
73	33	120	9.148465e+04
73	33	121	1.703743e+05
74	14	115	2.420028e+02
74	14	116	2.930868e+03
74	14	117	8.619646e+02
74	15	115	-1.936182e+02
74	15	116	-2.344888e+03
74	15	117	-6.896286e+02
74	16	115	2.936172e+03
74	16	116	3.555965e+04
74	16	117	1.045805e+04
74	29	119	1.626587e+03
74	29	120	8.051593e+03
74	29	121	3.778282e+04
74	30	119	-7.333781e+02
74	30	120	-3.630216e+03
74	30	121	-1.703511e+04
74	31	119	2.104076e+04
74	31	120	1.041516e+05
74	31	121	4.887408e+05
75	2	105	7.222559e-01
75	2	106	1.450823e+01
75	2	107	5.682454e+00
75	3	105	7.355787e+01
75	3	106	1.477584e+03
75	3	107	5.787272e+02
75	4	105	4.903189e+01
75	4	106	9.849219e+02
75	4	107	3.857655e+02
75	14	115	6.692818e+03
75	14	116	8.105595e+04
75	14	117	2.383846e+04
75	15	115	-5.354696e+03
75	15	116	-6.485011e+04
75	15	117	-1.907234e+04
75	16	115	8.120265e+04
75	16	116	9.834360e+05
75	16	117	2.892273e+05
75	73	59	6.789322e+00
75	73	60	2.807791e+03
75	73	61	3.409591e+03
75	74	59	8.302345e+01
75	74	60	3.433517e+04
75	74	61	4.169430e+04
75	75	59	2.457077e+01
75	75	60	1.016149e+04
75	75	61	1.233942e+04
76	2	105	1.812681e+02
76	2	106	3.641200e+03
76	2	107	1.426153e+03
76	3	105	1.846118e+04
76	3	106	3.708366e+05
76	3	107	1.452460e+05
76	4	105	1.230577e+04
76	4	106	2.471907e+05
76	4	107	9.681745e+04
76	5	104	5.428842e+01
76	5	105	4.798297e+02
76	5	106	1.126845e+02
76	6	104	4.526823e+03
76	6	105	4.001045e+04
76	6	106	9.396158e+03
76	7	104	2.888543e+03
76	7	105	2.553046e+04
76	7	106	5.995640e+03
76	14	115	3.027171e+03
76	14	116	3.666172e+04
76	14	117	1.078217e+04
76	15	115	-2.421936e+03
76	15	116	-2.933180e+04
76	15	117	-8.626445e+03
76	16	115	3.672807e+04
76	16	116	4.448095e+05
76	16	117	1.308179e+05
76	73	59	9.516918e+01
76	73	60	3.935815e+04
76	73	61	4.779387e+04
76	74	59	1.163779e+03
76	74	60	4.812924e+05
76	74	61	5.844489e+05
76	75	59	3.444203e+02
76	75	60	1.424384e+05
76	75	61	1.729675e+05
77	2	105	2.323651e+02
77	2	106	4.667604e+03
77	2	107	1.828166e+03
77	3	105	2.366513e+04
77	3	106	4.753703e+05
77	3	107	1.861888e+05
77	4	105	1.577460e+04
77	4	106	3.168703e+05
77	4	107	1.241090e+05
77	5	104	8.845347e+02
77	5	105	7.817984e+03
77	5	106	1.835996e+03
77	6	104	7.375665e+04
77	6	105	6.519002e+05
77	6	106	1.530939e+05
77	7	104	4.706374e+04
77	7	105	4.159742e+05
77	7	106	9.768846e+04
77	73	59	3.066452e+01
77	73	60	1.268161e+04
77	73	61	1.539969e+04
77	74	59	3.749820e+02
77	74	60	1.550775e+05
77	74	61	1.883156e+05
77	75	59	1.109759e+02
77	75	60	4.589516e+04
77	75	61	5.573197e+04
78	5	104	3.107261e+02
78	5	105	2.746361e+03
78	5	106	6.449626e+02
78	6	104	2.590980e+04
78	6	105	2.290044e+05
78	6	106	5.378000e+04
78	7	104	1.653291e+04
78	7	105	1.461266e+05
78	7	106	3.431674e+04
