0.3582	-3.804729e+00	2
60	69	62	2.568468e-20
60	69	63	1.482754e+03
60	69	64	1.482754e+03
60	70	62	1.759001e-19
60	70	63	1.015456e+04
60	70	64	1.015456e+04
60	71	62	3.327585e-20
60	71	63	1.920986e+03
60	71	64	1.920986e+03
61	69	62	1.234440e-18
61	69	63	7.126317e+04
61	69	64	7.126317e+04
61	70	62	8.453998e-18
61	70	63	4.880419e+05
61	70	64	4.880419e+05
61	71	62	1.599282e-18
61	71	63	9.232516e+04
61	71	64	9.232516e+04
62	69	62	6.800908e-19
62	69	63	3.926105e+04
62	69	64	3.926105e+04
62	70	62	4.657565e-18
62	70	63	2.688771e+05
62	70	64	2.688771e+05
62	71	62	8.810931e-19
62	71	63	5.086474e+04
62	71	64	5.086474e+04
64	55	62	2.559979e-20
64	55	63	1.482754e+03
64	55	64	1.482754e+03
64	56	62	-4.363351e-20
64	56	63	-2.527277e+03
64	56	64	-2.527277e+03
64	57	62	2.521182e-19
64	57	63	1.460282e+04
64	57	64	1.460282e+04
65	55	62	6.010437e-19
65	55	63	3.481279e+04
65	55	64	3.481279e+04
65	56	62	-1.024448e-18
65	56	63	-5.933658e+04
65	56	64	-5.933658e+04
65	57	62	5.919346e-18
65	57	63	3.428518e+05
65	57	64	3.428518e+05
66	55	62	1.307160e-18
66	55	63	7.571144e+04
66	55	64	7.571144e+04
66	56	62	-2.227986e-18
66	56	63	-1.290462e+05
66	56	64	-1.290462e+05
66	57	62	1.287349e-17
66	57	63	7.456399e+05
66	57	64	7.456399e+05
