0.0120	-4.821190e+06	773
17	15	106	5.222136e+01
17	15	107	3.654677e+03
17	15	108	2.235700e+03
17	16	106	5.273744e+02
17	16	107	3.690795e+04
17	16	108	2.257795e+04
17	17	106	1.648928e+03
17	17	107	1.153992e+05
17	17	108	7.059391e+04
18	15	106	-1.034313e+02
18	15	107	-7.238570e+03
18	15	108	-4.428099e+03
18	16	106	-1.044534e+03
18	16	107	-7.310106e+04
18	16	108	-4.471860e+04
18	17	106	-3.265920e+03
18	17	107	-2.285632e+05
18	17	108	-1.398205e+05
19	15	106	4.730168e+02
19	15	107	3.310377e+04
19	15	108	2.025079e+04
19	16	106	4.776915e+03
19	16	107	3.343093e+05
19	16	108	2.045092e+05
19	17	106	1.493586e+04
19	17	107	1.045276e+06
19	17	108	6.394339e+05
36	65	35	6.003454e-01
36	65	36	5.457261e+03
36	65	37	5.690455e+03
36	66	35	5.785089e+00
36	66	36	5.258762e+04
36	66	37	5.483474e+04
36	67	35	1.451189e+00
36	67	36	1.319160e+04
36	67	37	1.375529e+04
37	65	35	-1.608309e-01
37	65	36	-1.461985e+03
37	65	37	-1.524457e+03
37	66	35	-1.549809e+00
37	66	36	-1.408808e+04
37	66	37	-1.469008e+04
37	67	35	-3.887694e-01
37	67	36	-3.533992e+03
37	67	37	-3.685003e+03
38	65	35	8.010849e+00
38	65	36	7.282022e+04
38	65	37	7.593190e+04
38	66	35	7.719468e+01
38	66	36	7.017151e+05
38	66	37	7.317001e+05
38	67	35	1.936427e+01
38	67	36	1.760251e+05
38	67	37	1.835469e+05
40	65	71	4.686797e+00
40	65	72	1.678504e+03
40	65	73	2.067574e+03
40	66	71	2.309385e+01
40	66	72	8.270703e+03
40	66	73	1.018782e+04
40	67	71	1.086854e+02
40	67	72	3.892399e+04
40	67	73	4.794642e+04
41	62	78	2.058272e-02
41	62	79	1.588169e+01
41	62	80	1.373436e+01
41	63	78	-2.848447e-02
41	63	79	-2.197870e+01
41	63	80	-1.900700e+01
41	64	78	2.202584e-01
41	64	79	1.699520e+02
41	64	80	1.469732e+02
41	65	71	5.874123e+00
41	65	72	2.103726e+03
41	65	73	2.591361e+03
41	66	71	2.894431e+01
41	66	72	1.036596e+04
41	66	73	1.276874e+04
41	67	71	1.362192e+02
41	67	72	4.878477e+04
41	67	73	6.009289e+04
41	70	54	8.808728e+01
41	70	55	3.615165e+02
41	70	56	1.917260e+03
41	71	54	-1.505586e+02
41	71	55	-6.179032e+02
41	71	56	-3.276976e+03
41	72	54	8.663684e+02
41	72	55	3.555638e+03
41	72	56	1.885691e+04
42	62	78	7.128460e+01
42	62	79	5.500340e+04
42	62	80	4.756651e+04
42	63	78	-9.865088e+01
42	63	79	-7.611931e+04
42	63	80	-6.582738e+04
42	64	78	7.628259e+02
42	64	79	5.885987e+05
42	64	80	5.090155e+05
42	65	71	7.734517e+01
42	65	72	2.769997e+04
42	65	73	3.412072e+04
42	66	71	3.811127e+02
42	66	72	1.364896e+05
42	66	73	1.681273e+05
42	67	71	1.793611e+03
42	67	72	6.423541e+05
42	67	73	7.912492e+05
42	70	54	2.787411e+03
42	70	55	1.143974e+04
42	70	56	6.066928e+04
42	71	54	-4.764238e+03
42	71	55	-1.955277e+04
42	71	56	-1.036958e+05
42	72	54	2.741514e+04
42	72	55	1.125137e+05
42	72	56	5.967031e+05
43	62	78	6.658141e+01
43	62	79	5.137441e+04
43	62	80	4.442818e+04
43	63	78	-9.214213e+01
43	63	79	-7.109713e+04
43	63	80	-6.148424e+04
43	64	78	7.124964e+02
43	64	79	5.497643e+05
43	64	80	4.754319e+05
43	70	54	5.477912e+03
43	70	55	2.248174e+04
43	70	56	1.192293e+05
43	71	54	-9.362835e+03
43	71	55	-3.842575e+04
43	71	56	-2.037864e+05
43	72	54	5.387713e+04
43	72	55	2.211156e+05
43	72	56	1.172660e+06
43	80	64	6.883366e-02
43	80	65	6.496920e+00
43	80	66	9.695874e+00
43	81	64	1.187707e+02
43	81	65	1.121027e+04
43	81	66	1.672999e+04
43	82	64	1.306996e+02
43	82	65	1.233618e+04
43	82	66	1.841028e+04
44	71	58	5.398124e+00
44	71	59	3.782498e+01
44	71	60	7.306281e+00
44	72	58	1.238755e+04
44	72	59	8.680033e+04
44	72	60	1.676637e+04
44	73	58	1.139030e+04
44	73	59	7.981250e+04
44	73	60	1.541660e+04
44	76	69	5.737436e+02
44	76	70	7.099651e+03
44	76	71	2.117257e+03
44	77	69	4.104425e+03
44	77	70	5.078922e+04
44	77	71	1.514635e+04
44	78	69	8.077019e+02
44	78	70	9.994711e+03
44	78	71	2.980621e+03
44	80	64	1.632005e+00
44	80	65	1.540381e+02
44	80	66	2.298835e+02
44	81	64	2.815984e+03
44	81	65	2.657889e+05
44	81	66	3.966581e+05
44	82	64	3.098810e+03
44	82	65	2.924836e+05
44	82	66	4.364968e+05
45	71	58	3.719477e+01
45	71	59	2.606260e+02
45	71	60	5.034257e+01
45	72	58	8.535413e+04
45	72	59	5.980815e+05
45	72	60	1.155255e+05
45	73	58	7.848273e+04
45	73	59	5.499332e+05
45	73	60	1.062252e+05
45	76	69	8.925120e+03
45	76	70	1.104417e+05
45	76	71	3.293592e+04
45	77	69	6.384819e+04
45	77	70	7.900740e+05
45	77	71	2.356157e+05
45	78	69	1.256456e+04
45	78	70	1.554771e+05
45	78	71	4.636636e+04
45	80	64	6.908800e-01
45	80	65	6.520926e+01
45	80	66	9.731701e+01
45	81	64	1.192096e+03
45	81	65	1.125169e+05
45	81	66	1.679180e+05
45	82	64	1.311825e+03
45	82	65	1.238177e+05
45	82	66	1.847830e+05
46	71	58	7.075679e+00
46	71	59	4.957971e+01
46	71	60	9.576826e+00
46	72	58	1.623719e+04
46	72	59	1.137749e+05
46	72	60	2.197679e+04
46	73	58	1.493002e+04
46	73	59	1.046155e+05
46	73	60	2.020756e+04
46	76	69	3.055355e+03
46	76	70	3.780775e+04
46	76	71	1.127502e+04
46	77	69	2.185728e+04
46	77	70	2.704677e+05
46	77	71	8.065882e+04
46	78	69	4.301252e+03
46	78	70	5.322480e+04
46	78	71	1.587269e+04
47	68	62	3.963810e+02
47	68	63	-4.007667e+02
47	68	64	4.609959e+03
47	69	62	2.128969e+03
47	69	63	-2.152525e+03
47	69	64	2.476017e+04
47	70	62	9.490987e+03
47	70	63	-9.595998e+03
47	70	64	1.103813e+05
48	60	62	6.566220e+01
48	60	63	1.677671e+03
48	60	64	7.339154e+02
48	61	62	1.001837e+03
48	61	63	2.559697e+04
48	61	64	1.119767e+04
48	62	62	3.392077e+02
48	62	63	8.666766e+03
48	62	64	3.791371e+03
48	68	62	4.262095e+03
48	68	63	-4.309253e+03
48	68	64	4.956868e+04
48	69	62	2.289179e+04
48	69	63	-2.314507e+04
48	69	64	2.662343e+05
48	70	62	1.020520e+05
48	70	63	-1.031812e+05
48	70	64	1.186878e+06
48	72	53	1.704664e+01
48	72	54	8.009317e+02
48	72	55	4.381801e+02
48	72	62	5.923326e-01
48	72	63	2.790078e+02
48	72	64	2.315684e+02
48	73	53	3.356595e+02
48	73	54	1.577087e+04
48	73	55	8.628053e+03
48	73	62	1.150773e+01
48	73	63	5.420513e+03
48	73	64	4.498869e+03
48	74	53	7.797906e+02
48	74	54	3.663825e+04
48	74	55	2.004435e+04
48	74	62	4.433379e+00
48	74	63	2.088265e+03
48	74	64	1.733199e+03
48	77	62	8.039868e+01
48	77	63	4.731997e+01
48	77	64	1.219324e+03
48	78	62	9.932746e+02
48	78	63	5.846082e+02
48	78	64	1.506397e+04
48	79	62	2.959079e+02
48	79	63	1.741615e+02
48	79	64	4.487730e+03
48	88	43	8.689669e-01
48	88	44	8.473176e+01
48	88	45	1.256615e+02
48	89	43	2.097036e+02
48	89	44	2.044791e+04
48	89	45	3.032528e+04
48	90	43	2.701173e+02
48	90	44	2.633877e+04
48	90	45	3.906172e+04
49	60	62	5.589481e+02
49	60	63	1.428114e+04
49	60	64	6.247440e+03
49	61	62	8.528119e+03
49	61	63	2.178937e+05
49	61	64	9.531996e+04
49	62	62	2.887499e+03
49	62	63	7.377567e+04
49	62	64	3.227397e+04
49	65	60	4.084436e+02
49	65	61	4.176442e+03
49	65	62	1.094073e+03
49	66	60	-7.049391e+02
49	66	61	-7.208185e+03
49	66	62	-1.888278e+03
49	67	60	3.998295e+03
49	67	61	4.088361e+04
49	67	62	1.070999e+04
49	68	62	1.156943e+03
49	68	63	-1.169744e+03
49	68	64	1.345539e+04
49	69	62	6.213961e+03
49	69	63	-6.282714e+03
49	69	64	7.226911e+04
49	70	60	7.501135e-01
49	70	61	1.967183e+01
49	70	62	2.774310e+04
49	70	63	-2.800846e+04
49	70	64	3.221771e+05
49	70	66	1.536149e+01
49	70	67	3.223957e+02
49	70	68	1.289835e+02
49	71	60	1.183119e+03
49	71	61	3.102745e+04
49	71	62	6.489317e+04
49	71	66	2.940250e+02
49	71	67	6.170781e+03
49	71	68	2.468795e+03
49	72	53	2.945510e+02
49	72	54	1.383940e+04
49	72	55	8.426914e+03
49	72	56	7.869799e+03
49	72	57	1.906148e+03
49	72	60	1.069094e+03
49	72	61	2.803714e+04
49	72	62	5.867032e+04
49	72	63	1.474213e+04
49	72	64	1.223555e+04
49	72	66	6.906806e+02
49	72	67	1.449550e+04
49	72	68	5.799333e+03
49	73	53	5.799902e+03
49	73	54	2.725069e+05
49	73	55	1.603002e+05
49	73	56	1.031621e+05
49	73	57	2.498693e+04
49	73	62	6.080421e+02
49	73	63	2.864075e+05
49	73	64	2.377099e+05
49	74	53	1.347410e+04
49	74	54	6.330770e+05
49	74	55	3.498175e+05
49	74	56	3.190725e+04
49	74	57	7.728272e+03
49	74	62	2.342496e+02
49	74	63	1.103391e+05
49	74	64	9.157829e+04
49	75	72	8.575397e+01
49	75	73	9.546704e+02
49	75	74	2.654335e+02
49	76	72	2.426198e+03
49	76	73	2.701005e+04
49	76	74	7.509789e+03
49	77	62	2.353417e+03
49	77	63	1.385143e+03
49	77	64	3.569186e+04
49	77	72	4.945297e+03
49	77	73	5.505435e+04
49	77	74	1.530714e+04
49	78	62	2.907497e+04
49	78	63	1.711256e+04
49	78	64	4.409502e+05
49	79	62	8.661767e+03
49	79	63	5.098026e+03
49	79	64	1.313641e+05
49	88	43	1.102257e+01
49	88	44	1.074795e+03
49	88	45	1.593976e+03
49	89	43	2.660023e+03
49	89	44	2.593752e+05
49	89	45	3.846665e+05
49	90	43	3.426352e+03
49	90	44	3.340989e+05
49	90	45	4.954855e+05
50	59	53	6.052599e+01
50	59	54	-4.563776e+01
50	59	55	7.408755e+02
50	60	53	1.077101e+03
50	60	54	-8.121550e+02
50	60	55	1.318438e+04
50	60	62	1.909752e+03
50	60	63	4.879422e+04
50	60	64	2.134556e+04
50	61	53	3.967337e+02
50	61	54	-2.991449e+02
50	61	55	4.856267e+03
50	61	62	2.913793e+04
50	61	63	7.444750e+05
50	61	64	3.256787e+05
50	62	62	9.865686e+03
50	62	63	2.520685e+05
50	62	64	1.102701e+05
50	63	68	8.029753e+01
50	63	69	1.195652e+02
50	63	70	1.362164e+03
50	64	68	1.800676e+02
50	64	69	1.001356e+03
50	64	70	1.980293e+03
50	64	71	7.691692e+03
50	65	60	1.095474e+04
50	65	61	1.120150e+05
50	65	62	2.934379e+04
50	65	68	1.477564e+03
50	65	69	1.173142e+04
50	65	70	1.109960e+04
50	65	71	9.998462e+04
50	66	60	-1.890695e+04
50	66	61	-1.933284e+05
50	66	62	-5.064490e+04
50	66	69	2.932569e+03
50	66	70	-4.296949e+03
50	66	71	3.076308e+04
50	67	60	1.072370e+05
50	67	61	1.096526e+06
50	67	62	2.872493e+05
50	69	63	1.890923e+00
50	69	64	5.179451e+01
50	69	65	1.067282e+02
50	70	60	-8.762101e-01
50	70	61	-2.297873e+01
50	70	62	-4.805947e+01
50	70	63	1.888930e+02
50	70	64	5.599154e+03
50	70	65	1.063970e+04
50	70	66	6.183190e+03
50	70	67	6.478473e+03
50	70	68	2.591896e+03
50	71	60	-1.382005e+03
50	71	61	-3.611282e+04
50	71	62	-6.840219e+04
50	71	63	1.247087e+04
50	71	64	1.140056e+04
50	71	65	6.668353e+03
50	71	66	1.159692e+05
50	71	67	1.240005e+05
50	71	68	4.960991e+04
50	72	53	1.068174e+02
50	72	54	5.018786e+03
50	72	55	1.631703e+03
50	72	56	-1.024735e+04
50	72	57	-2.482015e+03
50	72	60	-1.248813e+03
50	72	61	-3.169683e+04
50	72	62	-8.686393e+03
50	72	63	1.247309e+05
50	72	64	2.379114e+04
50	72	65	-1.550274e+02
50	72	66	5.551092e+04
50	72	67	2.912840e+05
50	72	68	1.165364e+05
50	73	53	2.103305e+03
50	73	54	9.882320e+04
50	73	55	3.946180e+04
50	73	56	-1.343284e+05
50	73	57	-3.253575e+04
50	73	61	2.300576e+02
50	73	62	1.408249e+04
50	73	63	5.081590e+05
50	73	64	4.037426e+05
50	73	65	3.788789e+02
50	74	53	4.886312e+03
50	74	54	2.295821e+05
50	74	55	1.210849e+05
50	74	56	-4.154677e+04
50	74	57	-1.006307e+04
50	74	62	3.977963e+02
50	74	63	1.875138e+05
50	74	64	1.560695e+05
50	74	65	2.993507e+03
50	75	63	4.938837e+02
50	75	64	1.969773e+03
50	75	65	1.064938e+04
50	75	72	1.116979e+03
50	75	73	1.243496e+04
50	75	74	3.457377e+03
50	76	72	3.160219e+04
50	76	73	3.518167e+05
50	76	74	9.781799e+04
50	77	62	4.743133e+03
50	77	63	2.791649e+03
50	77	64	7.193422e+04
50	77	72	6.441446e+04
50	77	73	7.171048e+05
50	77	74	1.993815e+05
50	78	62	5.859840e+04
50	78	63	3.448905e+04
50	78	64	8.887016e+05
50	79	62	1.745713e+04
50	79	63	1.027468e+04
50	79	64	2.647544e+05
50	88	43	3.339549e+00
50	88	44	3.256348e+02
50	88	45	4.829329e+02
50	89	43	8.059172e+02
50	89	44	7.858387e+04
50	89	45	1.165439e+05
50	90	43	1.038095e+03
50	90	44	1.012232e+05
50	90	45	1.501191e+05
51	59	53	2.229454e+03
51	59	54	-1.681052e+03
51	59	55	2.728990e+04
51	60	53	3.967465e+04
51	60	54	-2.991545e+04
51	60	55	4.856423e+05
51	61	53	1.461355e+04
51	61	54	-1.101890e+04
51	61	55	1.788789e+05
51	63	68	1.388052e+03
51	63	69	2.066847e+03
51	63	70	2.354686e+04
51	64	68	3.112714e+03
51	64	69	1.292493e+04
51	64	70	4.065699e+04
51	64	71	8.696352e+04
51	65	60	4.892074e+03
51	65	61	5.002273e+04
51	65	62	1.310410e+04
51	65	68	2.554170e+04
51	65	69	1.457946e+05
51	65	70	2.753896e+05
51	65	71	1.130442e+06
51	66	60	-8.443305e+03
51	66	61	-8.633499e+04
51	66	62	-2.261657e+04
51	66	69	3.315610e+04
51	66	70	-4.858201e+04
51	66	71	3.478124e+05
51	67	60	4.788906e+04
51	67	61	4.936644e+05
51	67	62	1.322000e+05
51	67	67	3.881066e+02
51	67	68	-6.722000e+02
51	67	69	3.808757e+03
51	67	70	-2.902936e+01
51	67	71	1.540065e+02
51	68	60	-4.459640e-02
51	68	61	-2.704838e+03
51	68	62	-2.661217e+03
51	68	66	4.200394e-02
51	68	67	4.277573e+03
51	68	68	-6.905232e+03
51	68	69	4.209802e+04
51	68	70	-3.122711e+02
51	68	71	1.656660e+03
51	69	60	8.161795e-01
51	69	61	4.950250e+04
51	69	62	4.870417e+04
51	69	63	4.358688e+02
51	69	64	1.036464e+04
51	69	65	9.577787e+03
51	69	66	3.530835e+01
51	69	67	3.124871e+04
51	69	68	3.222085e+04
51	69	69	1.115091e+04
51	69	70	-8.479082e+01
51	69	71	4.498321e+02
51	70	60	8.435626e+00
51	70	61	2.212254e+02
51	70	62	4.626877e+02
51	70	63	9.098942e+03
51	70	64	2.555152e+05
51	70	65	5.162362e+05
51	70	66	5.371126e+04
51	70	67	4.944212e+04
51	70	68	5.056055e+04
51	70	69	6.114253e+03
51	71	60	1.330512e+04
51	71	61	3.498566e+05
51	71	62	7.824237e+05
51	71	63	9.854577e+04
51	71	64	3.490240e+05
51	71	65	3.985003e+05
51	71	66	1.007358e+06
51	71	67	2.961773e+05
51	71	68	1.547250e+05
51	72	53	9.251694e+02
51	72	54	-1.113914e+03
51	72	55	1.965573e+04
51	72	56	8.585960e+04
51	72	57	2.079610e+04
51	72	59	2.943861e+00
51	72	60	1.210409e+04
51	72	61	3.228320e+05
51	72	62	1.084604e+06
51	72	63	7.093335e+05
51	72	64	2.724823e+04
51	72	65	-1.377775e+03
51	72	66	4.089709e+05
51	72	67	6.826175e+05
51	72	68	3.123359e+05
51	73	53	4.874373e+02
51	73	54	-5.868799e+02
51	73	55	1.277940e+05
51	73	56	1.125499e+06
51	73	57	2.726078e+05
51	73	59	-4.994139e+00
51	73	60	-1.378689e+02
51	73	61	1.574513e+03
51	73	62	9.284827e+04
51	73	63	1.621316e+05
51	73	64	5.680860e+04
51	73	65	3.953970e+04
51	73	66	6.658931e+01
51	73	67	5.271780e+01
51	74	53	1.391347e+04
51	74	54	-1.675198e+04
51	74	55	1.930704e+05
51	74	56	3.481085e+05
51	74	57	8.431555e+04
51	74	59	2.905723e+01
51	74	60	8.021580e+02
51	74	61	3.625475e+02
51	74	63	1.708350e+04
51	74	64	1.010042e+05
51	74	65	2.317788e+05
51	74	66	6.311215e+02
51	74	67	4.996498e+02
51	75	63	3.591703e+04
51	75	64	1.432491e+05
51	75	65	7.744621e+05
51	75	66	1.563675e+02
51	75	67	1.237939e+02
51	75	72	3.441053e+02
51	75	73	3.830809e+03
51	75	74	1.065106e+03
51	76	54	2.345138e+00
51	76	55	5.326330e+01
51	76	56	2.211309e+01
51	76	63	8.634519e-05
51	76	64	4.063041e-01
51	76	65	4.306083e-01
51	76	72	9.735613e+03
51	76	73	1.083833e+05
51	76	74	3.013456e+04
51	77	54	1.545534e+01
51	77	55	3.510252e+02
51	77	56	1.457336e+02
51	77	63	5.484271e+02
51	77	64	-2.523885e+02
51	77	65	5.970451e+03
51	77	72	1.984401e+04
51	77	73	2.209168e+05
51	77	74	6.142300e+04
51	78	54	2.821303e+00
51	78	55	6.407807e+01
51	78	56	2.660301e+01
51	78	63	6.506382e+02
51	78	64	-5.106844e+02
51	78	65	6.859788e+03
51	79	63	8.975507e+03
51	79	64	-1.671656e+04
51	79	65	8.440341e+04
51	80	68	6.908986e+01
51	80	69	7.609521e+01
51	80	70	1.119405e+03
51	81	68	5.944012e+03
51	81	69	6.546704e+03
51	81	70	9.630581e+04
51	82	68	3.819987e+03
51	82	69	4.207314e+03
51	82	70	6.189202e+04
51	85	63	1.315568e+01
51	85	64	6.796755e+01
51	85	65	3.104368e+02
51	86	63	1.360912e+03
51	86	64	7.031022e+03
51	86	65	3.211368e+04
51	87	63	1.995927e+03
51	87	64	1.031176e+04
51	87	65	4.709823e+04
52	57	75	1.989233e+00
52	57	76	1.363183e+03
52	57	77	1.585858e+03
52	58	75	7.905054e+01
52	58	76	5.417181e+04
52	58	77	6.302076e+04
52	59	53	4.181168e+03
52	59	54	-3.152682e+03
52	59	55	5.118009e+04
52	59	75	4.095654e+01
52	59	76	2.806673e+04
52	59	77	3.265142e+04
52	60	53	7.440673e+04
52	60	54	-5.610411e+04
52	60	55	9.107844e+05
52	61	53	2.740658e+04
52	61	54	-2.066509e+04
52	61	55	3.354736e+05
52	63	68	3.396788e+03
52	63	69	5.057908e+03
52	63	70	5.762296e+04
52	64	68	7.617313e+03
52	64	69	1.367169e+04
52	64	70	1.258068e+05
52	64	71	2.443471e+04
52	65	68	6.250467e+04
52	65	69	1.233498e+05
52	65	70	1.015961e+06
52	65	71	3.176279e+05
52	66	64	2.365104e+00
52	66	65	9.201771e+01
52	66	66	4.733128e+01
52	66	69	9.316089e+03
52	66	70	-1.365041e+04
52	66	71	9.772716e+04
52	66	72	1.207999e+02
52	66	73	5.799054e+01
52	66	74	1.804995e+03
52	67	60	9.559331e-01
52	67	61	5.797876e+04
52	67	62	5.704374e+04
52	67	64	5.870130e+01
52	67	65	2.283857e+03
52	67	66	1.174751e+03
52	67	67	3.381180e+03
52	67	68	-5.856195e+03
52	67	69	4.168481e+04
52	67	70	-1.559207e+04
52	67	71	8.271929e+04
52	67	72	2.221578e+03
52	67	73	1.079706e+03
52	67	74	3.319762e+04
52	68	60	-6.485330e-01
52	68	61	-3.866426e+04
52	68	62	-3.167767e+04
52	68	63	1.871891e+03
52	68	64	1.251547e+02
52	68	65	4.869356e+03
52	68	66	2.505109e+03
52	68	67	3.743041e+04
52	68	68	-2.151843e+04
52	68	69	5.048289e+05
52	68	70	-1.677253e+05
52	68	71	8.898178e+05
52	68	72	8.918792e+02
52	68	73	3.082068e+03
52	68	74	1.388235e+04
52	69	60	1.186911e+01
52	69	61	7.201690e+05
52	69	62	7.114609e+05
52	69	63	5.820694e+03
52	69	64	-4.367655e+03
52	69	65	7.541104e+04
52	69	66	3.819864e+02
52	69	67	3.355655e+05
52	69	68	3.315547e+05
52	69	69	9.568957e+04
52	69	70	-4.554239e+04
52	69	71	2.416118e+05
52	69	72	7.872227e+01
52	69	73	3.539333e+03
52	69	74	1.909688e+03
52	70	58	1.970937e+02
52	70	59	-1.570748e+02
52	70	60	2.392739e+03
52	70	61	1.003258e+04
52	70	62	1.168341e+05
52	70	63	3.388677e+04
52	70	64	1.357563e+05
52	70	65	1.678225e+05
52	70	66	1.306855e+04
52	70	67	3.744066e+05
52	70	68	9.603589e+05
52	70	69	6.441509e+05
52	71	58	3.048992e+02
52	71	59	-2.166576e+02
52	71	60	3.682730e+03
52	71	61	5.034396e+02
52	71	62	1.821855e+04
52	71	63	7.486052e+04
52	71	64	1.991928e+04
52	71	65	9.207518e+05
52	71	66	2.513482e+05
52	71	67	1.846328e+04
52	71	68	5.129962e+04
52	71	70	7.381121e+01
52	71	71	3.253369e+01
52	71	72	4.029219e+03
52	71	73	2.470454e+03
52	72	53	-7.759958e+02
52	72	54	9.343076e+02
52	72	55	-8.657451e+03
52	72	58	3.365657e+03
52	72	59	6.123959e+03
52	72	60	1.196844e+05
52	72	61	9.711523e+04
52	72	62	8.325981e+04
52	72	63	1.389033e+05
52	72	64	6.440191e+03
52	72	65	3.600870e+03
52	72	66	1.811263e+05
52	72	67	5.140361e+04
52	72	68	5.555963e+04
52	72	69	1.470408e+02
52	72	70	1.871259e+03
52	72	71	6.887671e+02
52	72	72	4.131650e+04
52	72	73	1.236926e+04
52	73	53	-4.088433e+02
52	73	54	4.922519e+02
52	73	55	-4.561289e+03
52	73	59	-3.897104e+02
52	73	60	-1.357141e+05
52	73	61	-1.546842e+04
52	73	62	1.818258e+04
52	73	63	2.849757e+04
52	73	64	-1.967587e+04
52	73	65	1.264129e+04
52	73	66	5.826918e+04
52	73	67	3.959558e+04
52	73	68	1.345268e+02
52	73	69	3.374865e+03
52	73	70	2.240938e+03
52	73	71	4.130721e+02
52	73	72	8.008091e+04
52	73	73	5.762444e+04
52	74	53	-1.167008e+04
52	74	54	1.405090e+04
52	74	55	-1.301980e+05
52	74	59	2.852984e+04
52	74	60	7.875987e+05
52	74	61	3.559672e+05
52	74	63	3.224135e+03
52	74	64	5.176825e+03
52	74	65	1.401486e+05
52	74	66	3.886096e+05
52	74	67	3.073651e+05
52	74	68	5.611967e+01
52	74	69	1.407870e+03
52	74	70	6.110361e+02
52	75	63	2.226958e+04
52	75	64	9.680068e+04
52	75	65	4.911028e+05
52	75	66	9.840137e+04
52	75	67	7.711851e+04
52	75	69	3.430138e+00
52	75	70	6.454500e+01
52	75	71	2.446905e+01
52	76	54	3.691271e+03
52	76	55	8.383698e+04
52	76	56	3.480623e+04
52	76	63	3.220692e-02
52	76	64	1.515522e+02
52	76	65	1.606177e+02
52	76	69	8.957411e+02
52	76	70	1.685518e+04
52	76	71	6.389810e+03
52	77	54	2.432687e+04
52	77	55	5.525173e+05
52	77	56	2.293862e+05
52	77	63	1.661665e+03
52	77	64	2.837576e+05
52	77	65	3.189438e+05
52	77	69	1.142743e+03
52	77	70	2.150303e+04
52	77	71	8.151810e+03
52	78	54	4.440760e+03
52	78	55	1.008595e+05
52	78	56	4.187341e+04
52	78	63	1.954744e+03
52	78	64	2.578732e+05
52	78	65	2.949068e+05
52	79	63	2.620520e+04
52	79	64	-4.880624e+04
52	79	65	2.464271e+05
52	80	68	5.846077e+02
52	80	69	6.438838e+02
52	80	70	9.471904e+03
52	81	68	5.029558e+04
52	81	69	5.539529e+04
52	81	70	8.148969e+05
52	82	68	3.232303e+04
52	82	69	3.560042e+04
52	82	70	5.237028e+05
52	85	63	2.394394e+01
52	85	64	1.237040e+02
52	85	65	5.650093e+02
52	86	63	2.476923e+03
52	86	64	1.279678e+04
52	86	65	5.844837e+04
52	87	63	3.632678e+03
52	87	64	1.876788e+04
52	87	65	8.572093e+04
52	88	62	2.279143e+01
52	88	63	-1.987316e+01
52	88	64	2.726577e+02
52	89	62	2.976891e+03
52	89	63	-2.595722e+03
52	89	64	3.561304e+04
52	90	62	2.082631e+03
52	90	63	-1.815965e+03
52	90	64	2.491486e+04
53	3	118	1.892510e+01
53	3	119	8.474366e+02
53	3	120	1.503168e+03
53	4	118	1.229824e+02
53	4	119	5.506962e+03
53	4	120	9.768153e+03
53	5	118	2.215376e+01
53	5	119	9.920110e+02
53	5	120	1.759612e+03
53	57	75	-2.185531e+00
53	57	76	-1.497702e+03
53	57	77	-1.742351e+03
53	58	75	-8.685125e+01
53	58	76	-5.951749e+04
53	58	77	-6.923965e+04
53	59	75	-4.499814e+01
53	59	76	-3.083636e+04
53	59	77	-3.587347e+04
53	63	71	6.407384e-04
53	63	72	1.957345e-01
53	63	73	2.452346e-01
53	64	62	2.840389e+01
53	64	63	3.017871e+03
53	64	64	2.029166e+03
53	64	71	7.161547e+01
53	64	72	2.187729e+04
53	64	73	2.740992e+04
53	65	62	8.020131e+02
53	65	63	8.521271e+04
53	65	64	5.729559e+04
53	65	71	7.247681e+01
53	65	72	2.214042e+04
53	65	73	2.773959e+04
53	66	62	3.658520e+02
53	66	63	3.888034e+04
53	66	64	2.904226e+04
53	66	65	8.666851e+03
53	66	66	3.342873e+03
53	66	72	1.060909e+03
53	66	73	5.092938e+02
53	66	74	1.585211e+04
53	67	60	3.147956e-01
53	67	61	1.909282e+04
53	67	62	1.878491e+04
53	67	63	2.189318e+02
53	67	64	7.014788e+04
53	67	65	2.132990e+05
53	67	66	8.420111e+04
53	67	67	1.141076e+04
53	67	68	-1.674637e+04
53	67	69	1.432110e+05
53	67	70	7.267515e+04
53	67	71	6.948065e+04
53	67	72	1.954486e+04
53	67	73	1.101861e+04
53	67	74	2.923824e+05
53	68	58	4.572836e+01
53	68	59	-2.006504e+01
53	68	60	5.925507e+02
53	68	61	-6.444278e+03
53	68	62	5.545354e+04
53	68	63	1.828836e+04
53	68	64	3.801228e+04
53	68	65	3.647888e+05
53	68	66	1.889447e+05
53	68	67	1.248566e+05
53	68	68	-1.671490e+05
53	68	69	1.496536e+06
53	68	70	4.412038e+05
53	68	71	7.474088e+05
53	68	72	1.468842e+04
53	68	73	3.352947e+05
53	68	74	2.882272e+05
53	69	58	1.552941e+01
53	69	59	-6.814114e+00
53	69	60	2.052121e+02
53	69	61	2.398859e+05
53	69	62	2.655269e+05
53	69	63	6.989975e+04
53	69	64	5.181245e+04
53	69	65	6.489325e+05
53	69	66	3.916851e+04
53	69	67	1.238074e+05
53	69	68	3.028270e+04
53	69	69	3.675503e+05
53	69	70	7.094482e+04
53	69	71	2.029435e+05
53	69	72	9.736576e+03
53	69	73	4.377539e+05
53	69	74	2.361952e+05
53	70	58	6.329966e+03
53	70	59	-4.804344e+03
53	70	60	7.791364e+04
53	70	61	9.843378e+04
53	70	62	1.216629e+06
53	70	63	4.447230e+05
53	70	64	-1.959215e+04
53	70	65	4.057965e+05
53	70	66	1.535423e+04
53	70	67	1.126162e+05
53	70	68	4.745014e+05
53	70	69	4.323717e+05
53	71	58	8.755993e+03
53	71	59	-6.502184e+03
53	71	60	1.280863e+05
53	71	61	2.413822e+04
53	71	62	1.347712e+05
53	71	63	3.154687e+05
53	71	64	1.697755e+06
53	71	65	2.162322e+06
53	71	66	4.015203e+04
53	71	67	2.500597e+05
53	71	68	6.919339e+05
53	71	70	8.996526e+02
53	71	71	3.255184e+02
53	71	72	1.136214e+04
53	71	73	-1.566279e+03
53	72	53	1.114061e+04
53	72	54	-1.341342e+04
53	72	55	1.242910e+05
53	72	58	9.665382e+04
53	72	59	3.689003e+04
53	72	60	1.614520e+06
53	72	61	1.100970e+06
53	72	62	5.963906e+03
53	72	63	3.468133e+04
53	72	64	1.621051e+05
53	72	65	2.172677e+05
53	72	66	-1.977360e+03
53	72	67	3.079221e+05
53	72	68	7.494825e+05
53	72	69	1.694114e+04
53	72	70	2.938280e+04
53	72	71	8.039490e+03
53	72	72	3.145879e+05
53	72	73	-7.842169e+03
53	73	53	5.869574e+03
53	73	54	-7.067032e+03
53	73	55	6.548431e+04
53	73	57	1.240149e+01
53	73	58	9.165232e+01
53	73	59	8.167977e+04
53	73	60	1.800977e+05
53	73	61	7.688166e+05
53	73	62	8.254916e+03
53	73	63	8.372727e+04
53	73	64	6.670237e+05
53	73	65	2.581251e+05
53	73	66	1.483739e+05
53	73	67	1.296892e+05
53	73	68	1.746429e+04
53	73	69	3.889452e+05
53	73	70	1.782191e+05
53	73	71	3.378170e+03
53	73	72	9.557617e+04
53	73	73	-3.653416e+04
53	74	53	1.675419e+05
53	74	54	-2.017223e+05
53	74	55	1.869193e+06
53	74	57	8.427458e+01
53	74	58	6.228254e+02
53	74	59	2.521185e+04
53	74	60	6.926323e+05
53	74	61	3.154133e+05
53	74	62	9.777707e+02
53	74	63	9.407278e+04
53	74	64	8.949050e+05
53	74	65	4.753774e+05
53	74	66	8.747953e+05
53	74	67	5.074220e+05
53	74	68	9.322246e+04
53	74	69	2.236457e+05
53	74	70	7.052107e+04
53	75	57	1.582929e+01
53	75	58	1.169853e+02
53	75	59	2.369256e+01
53	75	60	4.765750e+03
53	75	61	1.022307e+05
53	75	62	4.132810e+04
53	75	63	1.266868e+03
53	75	64	1.197186e+05
53	75	65	1.934919e+05
53	75	66	5.278552e+05
53	75	67	3.002297e+05
53	75	68	3.224534e+04
53	75	69	7.349563e+04
53	75	70	3.673678e+03
53	75	71	6.175843e+02
53	76	54	3.335171e+03
53	76	55	7.574914e+04
53	76	56	3.144844e+04
53	76	63	2.611414e-02
53	76	64	2.600656e+02
53	76	65	3.161217e+04
53	76	66	1.076912e+05
53	76	67	3.955059e+04
53	76	68	8.385018e+03
53	76	69	2.282045e+04
53	76	70	4.261467e+05
53	76	71	1.612750e+05
53	77	54	2.198003e+04
53	77	55	4.992154e+05
53	77	56	2.072571e+05
53	77	63	1.082375e+04
53	77	64	2.132846e+05
53	77	65	4.491330e+05
53	77	66	7.104267e+04
53	77	67	1.551897e+04
53	77	68	4.328920e+03
53	77	69	2.884216e+04
53	77	70	5.427237e+05
53	77	71	2.057469e+05
53	78	54	4.012355e+03
53	78	55	9.112951e+04
53	78	56	3.783384e+04
53	78	63	1.282830e+04
53	78	64	1.882980e+05
53	78	65	3.624301e+05
53	78	66	2.284665e+04
53	78	67	1.204688e+05
53	78	68	3.360401e+04
53	79	63	1.763844e+05
53	79	64	-3.285097e+05
53	79	65	1.658675e+06
53	79	66	2.275374e+03
53	79	67	2.545219e+04
53	79	68	7.099731e+03
53	80	68	1.326240e+02
53	80	69	1.460714e+02
53	80	70	2.148795e+03
53	81	68	1.141005e+04
53	81	69	1.256697e+04
53	81	70	1.848674e+05
53	82	68	7.332800e+03
53	82	69	8.076308e+03
53	82	70	1.188072e+05
53	85	63	2.315648e+02
53	85	64	1.196357e+03
53	85	65	5.464274e+03
53	86	63	2.395463e+04
53	86	64	1.237593e+05
53	86	65	5.652614e+05
53	87	63	3.513208e+04
53	87	64	1.815065e+05
53	87	65	8.290176e+05
53	88	62	5.203670e+02
53	88	63	-4.537379e+02
53	88	64	6.225237e+03
53	89	62	6.796746e+04
53	89	63	-5.926474e+04
53	89	64	8.131061e+05
53	90	62	4.754998e+04
53	90	63	-4.146156e+04
53	90	64	5.688484e+05
53	91	62	5.234795e-01
53	91	63	4.684571e+00
53	91	64	1.110840e+00
53	92	62	2.158110e+02
53	92	63	1.931273e+03
53	92	64	4.579577e+02
53	93	62	2.621452e+02
53	93	63	2.345913e+03
53	93	64	5.562804e+02
54	3	118	6.384865e+02
54	3	119	2.859044e+04
54	3	120	5.071322e+04
54	4	118	4.149126e+03
54	4	119	1.857914e+05
54	4	120	3.295536e+05
54	5	118	7.474136e+02
54	5	119	3.346803e+04
54	5	120	5.936500e+04
54	57	75	2.271078e+01
54	57	76	1.556326e+04
54	57	77	1.810551e+04
54	58	75	9.025084e+02
54	58	76	6.184716e+05
54	58	77	7.194988e+05
54	59	75	4.675949e+02
54	59	76	3.204338e+05
54	59	77	3.727765e+05
54	60	56	1.989652e+01
54	60	57	3.628200e+02
54	60	58	1.353484e+02
54	61	56	2.806906e+02
54	61	57	5.118490e+03
54	61	58	1.909431e+03
54	61	73	3.371215e+01
54	61	74	4.443294e+02
54	61	75	1.378928e+02
54	62	56	9.078833e+01
54	62	57	1.655557e+03
54	62	58	6.175982e+02
54	62	73	-3.249149e+01
54	62	74	-4.282410e+02
54	62	75	-1.329000e+02
54	63	71	1.211095e-03
54	63	72	3.699685e-01
54	63	73	3.963803e+02
54	63	74	5.218222e+03
54	63	75	1.619419e+03
54	64	62	-4.506249e+01
54	64	63	-4.787823e+03
54	64	64	-3.219251e+03
54	64	70	1.606484e+02
54	64	71	1.758179e+03
54	64	72	4.177287e+04
54	64	73	5.180899e+04
54	65	60	3.190817e+01
54	65	61	4.423059e+02
54	65	62	-1.130822e+03
54	65	63	-1.351890e+05
54	65	64	-9.089876e+04
54	65	70	9.318836e+03
54	65	71	9.427264e+04
54	65	72	6.629371e+04
54	65	73	5.243211e+04
54	66	60	5.832887e+03
54	66	61	8.085452e+04
54	66	62	2.533184e+04
54	66	63	-5.964799e+04
54	66	64	-1.390364e+04
54	66	65	2.978365e+04
54	66	66	7.123502e+03
54	66	70	5.424244e+03
54	66	71	5.479383e+04
54	66	72	1.779383e+04
54	66	73	1.711448e+03
54	66	74	5.326997e+04
54	67	60	4.316491e+03
54	67	61	5.983450e+04
54	67	62	1.918555e+04
54	67	63	3.909011e+03
54	67	64	5.937787e+05
54	67	65	7.346086e+05
54	67	66	2.633144e+05
54	67	67	1.852752e+01
54	67	68	3.082078e+03
54	67	69	2.436454e+04
54	67	70	8.549794e+04
54	67	72	6.558109e+04
54	67	73	3.261557e+04
54	67	74	9.801511e+05
54	68	58	5.575811e+03
54	68	59	-2.446597e+03
54	68	60	7.227772e+04
54	68	61	2.212552e+03
54	68	62	2.130959e+04
54	68	63	1.196353e+04
54	68	64	2.942209e+05
54	68	65	7.191334e+05
54	68	66	6.900106e+05
54	68	67	1.699644e+02
54	68	68	2.109459e+04
54	68	69	1.653486e+05
54	68	70	5.802271e+05
54	68	72	2.967178e+04
54	68	73	2.415820e+05
54	68	74	4.909735e+05
54	69	58	1.893553e+03
54	69	59	-8.308676e+02
54	69	60	2.454561e+04
54	69	61	4.734956e+03
54	69	62	4.618372e+04
54	69	63	1.560408e+05
54	69	64	2.025341e+05
54	69	65	3.845475e+05
54	69	66	1.111275e+06
54	69	67	3.069592e+04
54	69	68	3.994377e+03
54	69	69	3.101917e+04
54	69	70	1.088498e+05
54	69	72	6.743449e+03
54	69	73	3.031837e+05
54	69	74	1.635863e+05
54	70	58	8.428219e+04
54	70	59	-3.786843e+04
54	70	60	1.094577e+06
54	70	61	4.672213e+04
54	70	62	8.755545e+05
54	70	63	5.523329e+05
54	70	64	1.013550e+05
54	70	65	1.060791e+06
54	70	66	7.898599e+05
54	70	67	2.427139e+05
54	70	68	1.242526e+03
54	70	69	9.821654e-01
54	70	70	2.867775e+00
54	70	71	1.930166e+01
54	71	58	4.021709e+03
54	71	59	-2.854870e+03
54	71	60	1.880661e+05
54	71	61	1.420594e+05
54	71	62	3.992259e+05
54	71	63	1.209856e+06
54	71	64	2.617320e+06
54	71	65	8.625417e+05
54	71	66	9.994575e+05
54	71	67	1.167262e+05
54	71	68	1.251065e+05
54	71	69	3.700429e+03
54	71	70	5.430166e+03
54	71	71	2.027897e+04
54	71	72	7.459878e+04
54	71	73	3.092690e+04
54	72	58	4.439400e+04
54	72	59	1.027145e+04
54	72	60	8.766370e+05
54	72	61	6.866430e+05
54	72	62	1.692895e+05
54	72	63	3.207890e+05
54	72	64	1.509058e+06
54	72	65	9.822412e+05
54	72	66	1.496897e+06
54	72	67	3.546173e+05
54	72	68	1.713474e+05
54	72	69	7.272862e+04
54	72	70	7.595426e+04
54	72	71	4.029909e+04
54	72	72	1.108798e+06
54	72	73	1.548472e+05
54	73	57	1.214631e+04
54	73	58	8.976646e+04
54	73	59	5.313722e+04
54	73	60	2.286308e+05
54	73	61	6.572708e+05
54	73	62	1.998654e+05
54	73	63	9.803786e+04
54	73	64	5.537513e+05
54	73	65	1.213687e+06
54	73	66	1.199465e+06
54	73	67	6.879674e+05
54	73	68	5.502838e+04
54	73	69	5.861553e+05
54	73	70	2.719847e+05
54	73	71	1.148995e+04
54	73	72	1.256557e+06
54	73	73	7.213838e+05
54	74	57	8.254052e+04
54	74	58	6.100100e+05
54	74	59	1.300191e+05
54	74	60	6.184276e+04
54	74	61	1.505633e+04
54	74	62	4.658424e+02
54	74	63	2.373559e+04
54	74	64	3.907448e+05
54	74	65	1.707998e+06
54	74	66	1.045884e+06
54	74	67	8.264931e+05
54	74	68	9.379789e+05
54	74	69	7.553295e+05
54	74	70	1.315129e+05
54	75	57	1.550358e+04
54	75	58	1.145781e+05
54	75	59	2.798083e+04
54	75	60	4.230888e+04
54	75	61	-5.967897e+04
54	75	62	-2.881120e+04
54	75	63	2.081329e+04
54	75	64	6.779485e+05
54	75	65	1.297461e+06
54	75	66	7.352275e+05
54	75	67	6.023636e+05
54	75	68	3.002341e+05
54	75	69	7.382382e+05
54	75	70	4.752597e+05
54	75	71	2.687461e+02
54	76	64	-1.784413e+02
54	76	65	-6.340732e+02
54	76	66	4.405172e+04
54	76	67	2.137425e+05
54	76	68	6.864239e+04
54	76	69	5.915326e+04
54	76	70	3.549806e+05
54	76	71	7.017994e+04
54	77	64	-1.496475e+03
54	77	65	-1.743704e+05
54	77	66	-1.096344e+05
54	77	67	1.077448e+05
54	77	68	3.005473e+04
54	77	69	1.255087e+04
54	77	70	2.361700e+05
54	77	71	8.953217e+04
54	78	64	-2.614113e+02
54	78	65	-3.094392e+04
54	78	66	5.417899e+04
54	78	67	8.356947e+05
54	78	68	2.409412e+05
54	79	52	4.060668e+01
54	79	53	1.863218e+02
54	79	54	9.180078e+02
54	79	60	1.760671e+02
54	79	61	1.385559e+03
54	79	62	2.961322e+02
54	79	66	1.515488e+04
54	79	67	1.773821e+05
54	79	68	4.187602e+04
54	80	52	5.744105e+01
54	80	53	2.635655e+02
54	80	54	1.298588e+03
54	80	60	2.341656e+03
54	80	61	1.842765e+04
54	80	62	3.938498e+03
54	80	66	7.758296e+03
54	80	67	-8.128085e+03
54	80	68	8.954142e+04
54	81	52	6.829607e+02
54	81	53	3.133732e+03
54	81	54	1.543990e+04
54	81	60	7.307829e+02
54	81	61	5.750893e+03
54	81	62	1.229125e+03
54	83	50	8.486340e-01
54	83	51	4.714408e+03
54	83	52	4.467272e+03
54	83	62	2.507666e+01
54	83	63	3.522342e+02
54	83	64	1.136332e+02
54	84	50	1.229885e+01
54	84	51	6.832367e+04
54	84	52	6.474205e+04
54	84	62	1.981242e+03
54	84	63	2.782910e+04
54	84	64	8.977860e+03
54	85	50	4.041958e+00
54	85	51	2.245425e+04
54	85	52	2.127716e+04
54	85	62	3.065135e+03
54	85	63	4.305378e+04
54	85	64	1.388945e+04
54	88	62	2.165582e+02
54	88	63	-1.888296e+02
54	88	64	2.590722e+03
54	89	62	2.828564e+04
54	89	63	-2.466387e+04
54	89	64	3.383858e+05
54	90	62	1.978861e+04
54	90	63	-1.725483e+04
54	90	64	2.367344e+05
54	91	62	1.057222e+02
54	91	63	9.460988e+02
54	91	64	2.243459e+02
54	92	62	4.358531e+04
54	92	63	3.900410e+05
54	92	64	9.248941e+04
54	93	62	5.294299e+04
54	93	63	4.737821e+05
54	93	64	1.123467e+05
55	3	118	1.229794e+03
55	3	119	5.506826e+04
55	3	120	9.767912e+04
55	4	118	7.991663e+03
55	4	119	3.578543e+05
55	4	120	6.347557e+05
55	5	118	1.439599e+03
55	5	119	6.446302e+04
55	5	120	1.143434e+05
55	60	56	2.358805e+03
55	60	57	4.301363e+04
55	60	58	1.604605e+04
55	61	56	3.327689e+04
55	61	57	6.068156e+05
55	61	58	2.263699e+05
55	61	73	5.492225e+03
55	61	74	7.238808e+04
55	61	75	2.246486e+04
55	62	56	1.076329e+04
55	62	57	1.962723e+05
55	62	58	7.321851e+04
55	62	64	7.208205e+00
55	62	65	-7.391590e+00
55	62	66	8.358143e+01
55	62	73	-5.293361e+03
55	62	74	-6.976703e+04
55	62	75	-2.165144e+04
55	63	64	3.989798e+03
55	63	65	-4.091303e+03
55	63	66	4.626298e+04
55	63	71	1.136390e-02
55	63	72	3.471475e+00
55	63	73	6.450526e+04
55	63	74	8.501284e+05
55	63	75	2.638282e+05
55	64	62	2.888435e+02
55	64	63	3.068920e+04
55	64	64	2.535534e+04
55	64	65	-4.840527e+03
55	64	66	5.473494e+04
55	64	70	-2.358726e+02
55	64	71	-1.112557e+03
55	64	72	3.873888e+05
55	64	73	4.861323e+05
55	65	60	2.482095e+02
55	65	61	3.440640e+03
55	65	62	9.257100e+03
55	65	63	8.665473e+05
55	65	64	5.826577e+05
55	65	67	9.084387e+02
55	65	68	-3.259056e+02
55	65	69	1.193871e+04
55	65	70	-1.368241e+04
55	65	71	-1.369296e+05
55	65	72	3.567830e+05
55	65	73	4.919792e+05
55	66	60	4.537803e+04
55	66	61	6.295596e+05
55	66	62	2.080187e+05
55	66	63	5.413922e+05
55	66	64	5.150524e+05
55	66	65	3.715649e+03
55	66	66	-2.637712e+03
55	66	67	8.101402e+01
55	66	68	3.812031e+01
55	66	69	4.773449e+02
55	66	70	-7.964165e+03
55	66	71	-8.045124e+04
55	66	72	-2.089137e+04
55	67	57	4.895740e-01
55	67	58	2.403801e+02
55	67	59	2.873324e+02
55	67	60	3.358495e+04
55	67	61	4.663987e+05
55	67	62	1.522895e+05
55	67	63	1.503136e+05
55	67	64	3.808908e+05
55	67	65	6.640427e+04
55	67	66	-1.232259e+05
55	67	67	8.373987e+04
55	67	68	1.257076e+05
55	67	69	1.673115e+05
55	68	57	3.414428e+01
55	68	58	2.061621e+04
55	68	59	1.834942e+04
55	68	60	5.000653e+04
55	68	61	1.043314e+04
55	68	62	1.335581e+04
55	68	63	4.345796e+04
55	68	64	1.086079e+05
55	68	65	5.963399e+04
55	68	66	2.758410e+05
55	68	67	2.163626e+05
55	68	68	6.971715e+05
55	69	57	2.086911e+01
55	69	58	1.155465e+04
55	69	59	1.167423e+04
55	69	60	1.695457e+04
55	69	61	1.640376e+03
55	69	62	3.154546e+04
55	69	63	7.143478e+05
55	69	64	7.264341e+05
55	69	65	1.730773e+05
55	69	66	7.158173e+05
55	69	67	8.642277e+04
55	69	68	1.517580e+05
55	70	58	5.642113e+04
55	70	59	-2.371114e+04
55	70	60	7.658914e+05
55	70	61	5.706078e+04
55	70	62	1.732648e+05
55	70	63	1.182005e+06
55	70	64	2.434118e+06
55	70	65	1.969513e+06
55	70	66	3.076155e+06
55	70	67	7.077224e+05
55	70	68	4.508030e+04
55	70	69	7.724028e+02
55	70	70	3.397453e+01
55	70	71	2.286667e+02
55	71	59	2.053062e+03
55	71	60	5.804391e+05
55	71	61	5.690228e+05
55	71	62	7.671753e+05
55	71	63	3.445059e+06
55	71	64	5.362897e+06
55	71	65	5.739571e+06
55	71	66	2.296127e+06
55	71	67	1.479278e+06
55	71	68	-4.244846e+04
55	71	69	1.884186e+04
55	71	70	3.392023e+04
55	71	71	2.283012e+05
55	72	59	1.830628e+04
55	72	60	6.497591e+05
55	72	61	1.428235e+06
55	72	62	6.134135e+05
55	72	63	1.588657e+06
55	72	64	6.106790e+06
55	72	65	7.935967e+06
55	72	66	5.851014e+06
55	72	67	3.528289e+06
55	72	68	6.578880e+05
55	72	69	1.056210e+05
55	72	70	2.990440e+04
55	72	71	2.009573e+05
55	73	57	1.067829e+04
55	73	58	7.891716e+04
55	73	59	1.635411e+04
55	73	60	7.514924e+04
55	73	61	-6.713122e+04
55	73	62	1.481022e+06
55	73	63	1.536344e+06
55	73	64	2.872252e+06
55	73	65	7.764652e+06
55	73	66	5.401334e+06
55	73	67	1.872058e+06
55	73	68	-3.131755e+04
55	73	69	1.120919e+06
55	73	70	1.491665e+05
55	74	57	7.256455e+04
55	74	58	5.362833e+05
55	74	59	1.807652e+05
55	74	60	7.129125e+05
55	74	61	7.075620e+05
55	74	62	1.767775e+05
55	74	63	6.351824e+05
55	74	64	1.207244e+06
55	74	65	3.646267e+06
55	74	66	4.840956e+06
55	74	67	5.763359e+05
55	74	68	3.861609e+05
55	74	69	1.042147e+06
55	74	70	1.753425e+05
55	75	57	1.362980e+04
55	75	58	1.007301e+05
55	75	59	6.971726e+04
55	75	60	5.592459e+05
55	75	61	1.672588e+06
55	75	62	6.059698e+05
55	75	63	9.044831e+05
55	75	64	9.858826e+05
55	75	65	1.335351e+06
55	75	66	1.025109e+06
55	75	67	7.083356e+05
55	75	68	2.763524e+05
55	75	69	3.737941e+05
55	75	70	6.142620e+05
55	76	60	3.633982e+00
55	76	61	1.379172e+02
55	76	62	2.563760e+02
55	76	63	2.931894e+01
55	76	64	2.707373e+03
55	76	65	5.564893e+05
55	76	66	1.645415e+06
55	76	67	8.148000e+05
55	76	68	2.634239e+05
55	76	69	6.383402e+04
55	76	70	2.198660e+05
55	77	60	6.755401e+00
55	77	61	2.563816e+02
55	77	62	4.765909e+02
55	77	63	2.198862e+01
55	77	64	9.055852e+03
55	77	65	1.015669e+06
55	77	66	7.034681e+05
55	77	67	4.730802e+04
55	77	68	4.563706e+04
55	78	60	6.423487e+01
55	78	61	2.437847e+03
55	78	62	4.531745e+03
55	78	64	1.440026e+03
55	78	65	1.704595e+05
55	78	66	1.331820e+05
55	78	67	1.583496e+05
55	78	68	6.521331e+04
55	79	52	2.361241e+03
55	79	53	1.083444e+04
55	79	54	5.338130e+04
55	79	60	6.833690e+03
55	79	61	5.377770e+04
55	79	62	1.149378e+04
55	79	66	1.299088e+03
55	79	67	3.565838e+04
55	79	68	-1.048943e+04
55	80	52	3.340144e+03
55	80	53	1.532609e+04
55	80	54	7.551166e+04
55	80	60	9.088668e+04
55	80	61	7.152324e+05
55	80	62	1.528649e+05
55	80	66	2.085184e+04
55	80	67	-2.184572e+04
55	80	68	2.406589e+05
55	81	52	3.971353e+04
55	81	53	1.822236e+05
55	81	54	8.978160e+05
55	81	60	2.836387e+04
55	81	61	2.232094e+05
55	81	62	4.770600e+04
55	83	50	6.958562e+00
55	83	51	3.865683e+04
55	83	52	3.663039e+04
55	83	62	4.744224e+01
55	83	63	6.663876e+02
55	83	64	2.149812e+02
55	84	50	7.778957e+02
55	84	51	5.596684e+05
55	84	52	5.390224e+05
55	84	62	3.748288e+03
55	84	63	5.264955e+04
55	84	64	1.698511e+04
55	85	50	5.330076e+03
55	85	51	1.796851e+05
55	85	52	2.382731e+05
55	85	62	5.798892e+03
55	85	63	8.145294e+04
55	85	64	2.627728e+04
55	86	50	1.126534e+03
55	86	51	-9.428882e+02
55	86	52	1.357012e+04
55	91	62	7.940913e+01
55	91	63	7.106251e+02
55	91	64	1.685087e+02
55	92	62	3.273740e+04
55	92	63	2.929641e+05
55	92	64	6.946981e+04
55	93	62	3.976606e+04
55	93	63	3.558629e+05
55	93	64	8.438485e+04
56	60	56	1.620633e+03
56	60	57	2.955281e+04
56	60	58	1.102455e+04
56	61	56	2.286311e+04
56	61	57	4.169168e+05
56	61	58	1.555290e+05
56	61	73	3.991251e+03
56	61	74	5.260509e+04
56	61	75	1.632542e+04
56	62	56	7.394989e+03
56	62	57	1.348502e+05
56	62	58	5.030528e+04
56	62	64	1.047199e+02
56	62	65	-1.073841e+02
56	62	66	1.214261e+03
56	62	73	-3.846735e+03
56	62	74	-5.070034e+04
56	62	75	-1.573431e+04
56	63	64	5.796329e+04
56	63	65	-5.943794e+04
56	63	66	6.721028e+05
56	63	73	4.687341e+04
56	63	74	6.177962e+05
56	63	75	1.917264e+05
56	64	64	6.857787e+04
56	64	65	-7.032257e+04
56	64	66	7.951823e+05
56	64	70	1.683964e+03
56	64	71	1.701082e+04
56	64	72	4.417325e+03
56	65	60	5.253343e+01
56	65	61	7.282098e+02
56	65	62	2.332328e+02
56	65	63	9.335473e+00
56	65	64	1.555987e+01
56	65	65	5.328783e-02
56	65	67	-1.116014e+03
56	65	68	4.003741e+02
56	65	69	-1.466667e+04
56	65	70	9.768280e+04
56	65	71	9.867578e+05
56	65	72	2.562387e+05
56	66	60	9.766835e+03
56	66	61	1.538313e+05
56	66	62	6.103799e+04
56	66	63	2.284792e+05
56	66	64	3.821749e+05
56	66	65	7.017202e+03
56	66	66	1.923607e+04
56	66	67	-1.303036e+02
56	66	68	-8.205692e+01
56	66	69	-5.864169e+02
56	66	70	5.737888e+04
56	66	71	5.775264e+05
56	66	72	1.496831e+05
56	67	57	3.344855e+00
56	67	58	1.642319e+03
56	67	59	1.963105e+03
56	67	60	7.365075e+03
56	67	61	1.376362e+05
56	67	62	1.107017e+05
56	67	63	2.499097e+05
56	67	64	4.355063e+05
56	67	65	3.026512e+05
56	67	66	1.034659e+06
56	67	67	-1.041139e+05
56	67	68	-5.302655e+04
56	67	69	-2.055417e+05
56	67	70	2.697525e+03
56	67	71	1.638775e+04
56	67	72	2.765341e+03
56	68	57	2.332796e+02
56	68	58	1.145400e+05
56	68	59	1.369125e+05
56	68	60	2.838748e+03
56	68	61	4.272366e+05
56	68	62	8.603347e+05
56	68	63	2.763945e+05
56	68	64	3.074677e+05
56	68	65	6.425768e+05
56	68	66	8.460585e+05
56	68	67	5.349046e+04
56	68	68	4.166803e+05
56	68	70	1.229444e+04
56	68	71	7.469006e+04
56	68	72	1.260353e+04
56	69	57	1.425814e+02
56	69	58	7.000723e+04
56	69	59	8.374791e+04
56	69	60	2.148750e+03
56	69	61	8.558800e+04
56	69	62	5.731177e+05
56	69	63	7.307887e+05
56	69	64	1.082413e+06
56	69	65	1.971516e+06
56	69	66	1.532519e+06
56	69	67	2.156586e+05
56	69	68	1.886519e+05
56	69	69	1.391806e+03
56	69	70	1.228710e+03
56	70	59	3.156441e+02
56	70	60	1.019941e+04
56	70	61	2.194778e+05
56	70	62	2.052259e+06
56	70	63	3.192006e+06
56	70	64	6.064370e+06
56	70	65	4.792243e+06
56	70	66	5.815663e+06
56	70	67	1.548232e+06
56	70	68	1.443413e+05
56	70	69	7.672759e+04
56	70	70	5.800478e+04
56	70	71	9.559535e+02
56	70	72	2.269622e+03
56	70	73	4.763240e+02
56	71	59	1.302038e+03
56	71	60	3.463287e+04
56	71	61	2.192124e+05
56	71	62	1.684767e+06
56	71	63	5.470673e+06
56	71	64	1.228931e+07
56	71	65	8.984451e+06
56	71	66	1.136085e+07
56	71	67	2.514066e+06
56	71	68	1.772874e+06
56	71	69	1.688532e+05
56	71	70	1.298021e+05
56	71	71	6.655605e+05
56	71	72	4.118975e+04
56	71	73	8.644466e+03
56	72	59	7.420153e+03
56	72	60	1.676425e+05
56	72	61	6.144264e+05
56	72	62	1.933259e+06
56	72	63	8.129624e+06
56	72	64	1.961569e+07
56	72	65	2.189457e+07
56	72	66	1.916603e+07
56	72	67	7.153908e+06
56	72	68	3.859729e+06
56	72	69	1.094194e+06
56	72	70	8.768309e+04
56	72	71	5.831292e+05
56	72	72	1.593161e+04
56	72	73	3.926328e+03
56	73	59	1.819217e+01
56	73	60	3.089326e+05
56	73	61	1.518267e+06
56	73	62	2.488815e+06
56	73	63	6.945078e+06
56	73	64	1.518103e+07
56	73	65	1.560998e+07
56	73	66	1.093659e+07
56	73	67	3.771871e+06
56	73	68	4.582260e+05
56	73	69	1.418330e+06
56	73	70	1.090124e+05
56	73	71	3.576568e+00
56	73	72	2.160513e+03
56	73	73	2.538040e+03
56	74	59	1.465913e+04
56	74	60	1.733520e+05
56	74	61	7.215251e+05
56	74	62	6.240488e+05
56	74	63	2.633391e+06
56	74	64	6.561819e+06
56	74	65	8.305667e+06
56	74	66	4.893427e+06
56	74	67	2.660061e+06
56	74	68	3.461861e+04
56	74	69	1.457495e+06
56	74	70	8.995134e+04
56	74	71	2.083247e+01
56	74	72	1.258436e+04
56	74	73	1.478334e+04
56	75	59	1.301057e+04
56	75	60	1.621520e+05
56	75	61	4.029535e+05
56	75	62	1.542885e+05
56	75	63	1.523330e+06
56	75	64	1.431114e+06
56	75	65	6.512743e+05
56	75	66	1.105858e+06
56	75	67	2.409056e+06
56	75	68	5.176500e+05
56	75	69	5.355044e+05
56	75	70	1.559390e-01
56	75	71	1.683138e+02
56	75	72	1.899265e+02
56	76	60	5.295734e+02
56	76	61	2.015430e+04
56	76	62	7.617420e+04
56	76	63	5.708299e+04
56	76	64	4.615661e+05
56	76	65	9.017907e+05
56	76	66	6.654245e+05
56	76	67	6.044445e+05
56	76	68	1.053077e+05
56	76	70	3.530234e+01
56	76	71	3.810384e+04
56	76	72	4.299663e+04
56	77	60	9.844519e+02
56	77	61	3.736200e+04
56	77	62	6.945270e+04
56	77	63	1.056170e+04
56	77	64	3.205246e+05
56	77	65	2.813390e+05
56	77	66	9.702261e+04
56	77	67	1.966959e+04
56	77	68	2.941308e+04
56	77	70	2.694683e+01
56	77	71	2.908526e+04
56	77	72	3.282000e+04
56	78	60	9.360827e+03
56	78	61	3.552629e+05
56	78	62	6.605330e+05
56	78	63	1.274427e+03
56	78	64	3.270460e+02
56	78	65	9.422001e+01
56	78	66	1.276179e+04
56	78	67	-1.332736e+04
56	78	68	1.468181e+05
56	79	52	1.375345e+03
56	79	53	6.310704e+03
56	79	54	3.109285e+04
56	79	60	3.512152e+03
56	79	61	2.763886e+04
56	79	62	6.138823e+03
56	79	63	2.265865e+03
56	79	64	5.747450e+02
56	79	66	-1.235434e+04
56	79	67	1.294326e+04
56	79	68	-1.425845e+05
56	79	69	6.594310e-01
56	80	52	1.945524e+03
56	80	53	8.926942e+03
56	80	54	4.398306e+04
56	80	60	4.671090e+04
56	80	61	3.675912e+05
56	80	62	8.084712e+04
56	80	63	2.232969e+04
56	80	64	5.664010e+03
56	80	66	1.491705e+05
56	80	67	-1.531283e+05
56	80	68	1.796579e+06
56	80	69	3.176657e+04
56	81	52	2.313183e+04
56	81	53	1.061393e+05
56	81	54	5.229483e+05
56	81	60	1.457751e+04
56	81	61	1.147177e+05
56	81	62	2.451834e+04
56	81	67	3.210156e+03
56	81	68	7.632283e+04
56	81	69	3.235014e+04
56	83	50	1.538851e+00
56	83	51	8.548765e+03
56	83	52	8.100627e+03
56	83	62	4.448333e+02
56	83	63	6.248259e+03
56	83	64	2.015731e+03
56	84	50	1.132150e+04
56	84	51	1.144360e+05
56	84	52	2.535075e+05
56	84	62	3.514512e+04
56	84	63	4.936586e+05
56	84	64	1.592577e+05
56	85	50	8.840731e+04
56	85	51	-3.327223e+04
56	85	52	1.103440e+06
56	85	62	5.437222e+04
56	85	63	7.637282e+05
56	85	64	2.463840e+05
56	86	50	1.880062e+04
56	86	51	-1.573576e+04
56	86	52	2.264704e+05
57	61	65	1.082395e+02
57	61	66	2.063252e+01
57	61	67	1.551672e+03
57	62	64	3.446497e+01
57	62	65	1.244349e+03
57	62	66	6.435659e+02
57	62	67	1.848941e+04
57	62	68	1.803525e+03
57	62	69	5.411615e+02
57	63	64	1.907663e+04
57	63	65	-1.919150e+04
57	63	66	2.212703e+05
57	63	67	8.373343e+03
57	63	68	3.826166e+04
57	63	69	1.148070e+04
57	64	64	2.257006e+04
57	64	65	-2.314427e+04
57	64	66	2.617070e+05
57	64	67	1.231586e+03
57	64	68	1.538671e+04
57	64	69	4.616899e+03
57	65	63	4.662547e+02
57	65	64	1.331471e+04
57	65	65	6.233830e+03
57	65	67	1.007951e+04
57	65	68	-3.616058e+03
57	65	69	1.324650e+05
57	65	70	2.402867e+01
57	65	71	-3.955406e+00
57	65	72	3.260891e+02
57	66	60	3.133569e+02
57	66	61	4.009340e+04
57	66	62	2.729324e+04
57	66	63	6.700004e+04
57	66	64	1.394791e+04
57	66	65	6.577971e+05
57	66	66	4.788649e-01
57	66	67	8.161944e+02
57	66	68	3.283203e+02
57	66	69	5.358826e+03
57	66	70	7.148418e+03
57	66	71	1.116447e+04
57	66	72	2.755251e+03
57	67	57	1.291236e+01
57	67	58	6.339951e+03
57	67	59	7.578303e+03
57	67	60	4.949756e+02
57	67	61	1.063141e+05
57	67	62	7.374089e+04
57	67	63	5.536984e+05
57	67	64	1.495201e+05
57	67	65	1.310958e+06
57	67	66	9.146742e+02
57	67	67	6.417355e+05
57	67	68	5.209845e+05
57	67	69	1.856294e+06
57	67	70	-9.166985e+03
57	67	71	-7.912237e+03
57	67	72	1.749784e+03
57	68	57	9.005449e+02
57	68	58	4.421662e+05
57	68	59	5.285323e+05
57	68	60	6.098608e+03
57	68	61	8.089221e+05
57	68	62	1.022587e+06
57	68	63	8.550446e+05
57	68	64	2.681502e+05
57	68	65	7.196048e+05
57	68	66	2.727544e+05
57	68	67	6.433172e+05
57	68	68	6.408488e+05
57	68	69	8.756560e+02
57	68	70	7.546922e+04
57	68	71	1.337178e+05
57	68	72	5.557528e+03
57	69	57	5.504163e+02
57	69	58	2.702536e+05
57	69	59	3.282828e+05
57	69	60	4.994039e+04
57	69	61	3.969621e+05
57	69	62	3.066356e+05
57	69	63	2.356658e+05
57	69	64	1.465471e+06
57	69	65	3.279061e+06
57	69	66	2.071273e+06
57	69	67	5.995099e+05
57	69	68	3.830918e+05
57	69	69	5.328389e+03
57	69	70	2.325292e+04
57	69	71	1.816196e+03
57	69	72	5.284558e+01
57	70	59	-1.025345e+04
57	70	60	1.309209e+04
57	70	61	2.414050e+04
57	70	62	3.707533e+05
57	70	63	1.043180e+06
57	70	64	4.651006e+06
57	70	65	4.903154e+06
57	70	66	7.303214e+06
57	70	67	2.403904e+06
57	70	68	5.128440e+05
57	70	69	-7.784144e+04
57	70	70	-5.819731e+04
57	70	71	7.135935e+04
57	70	72	2.650785e+04
57	70	73	1.806252e+03
57	70	79	1.033474e-01
57	70	80	1.476756e+02
57	70	81	1.327560e+02
57	71	59	4.786305e+04
57	71	60	5.985133e+04
57	71	61	9.443231e+05
57	71	62	9.048854e+05
57	71	63	6.053915e+06
57	71	64	2.064842e+07
57	71	65	2.160200e+07
57	71	66	1.283882e+07
57	71	67	3.215206e+06
57	71	68	5.389847e+05
57	71	69	7.233587e+03
57	71	70	-3.614867e+04
57	71	71	9.229235e+04
57	71	72	1.776230e+05
57	71	73	3.278039e+04
57	71	79	4.789031e+00
57	71	80	6.843162e+03
57	71	81	6.151803e+03
57	72	59	7.070243e+03
57	72	60	2.585135e+04
57	72	61	3.584754e+05
57	72	62	1.690916e+06
57	72	63	1.149506e+07
57	72	64	3.730374e+07
57	72	65	4.777176e+07
57	72	66	2.390156e+07
57	72	67	8.471574e+06
57	72	68	3.341045e+06
57	72	69	2.003587e+05
57	72	70	-8.778370e+02
57	72	71	8.215078e+03
57	72	72	7.220477e+04
57	72	73	2.467570e+04
57	72	79	8.416186e+00
57	72	80	1.202609e+04
57	72	81	1.081111e+04
57	73	57	6.922440e+01
57	73	58	7.291953e+03
57	73	59	4.004864e+03
57	73	60	2.803149e+04
57	73	61	5.300703e+05
57	73	62	1.703419e+06
57	73	63	6.992778e+06
57	73	64	2.447041e+07
57	73	65	3.086979e+07
57	73	66	2.350728e+07
57	73	67	3.258661e+06
57	73	68	4.248536e+05
57	73	69	5.681591e+04
57	73	70	-1.525523e+04
57	73	71	6.289546e+01
57	73	72	3.799354e+04
57	73	73	4.463250e+04
57	74	57	4.883175e+02
57	74	58	5.143834e+04
57	74	59	1.310594e+05
57	74	60	4.009963e+05
57	74	61	3.215835e+06
57	74	62	1.875798e+06
57	74	63	3.846369e+06
57	74	64	1.081769e+07
57	74	65	1.364570e+07
57	74	66	8.236121e+06
57	74	67	3.291229e+06
57	74	68	1.495324e+06
57	74	69	5.335242e+05
57	74	70	-5.057666e+03
57	74	71	3.663478e+02
57	74	72	2.213013e+05
57	74	73	2.599713e+05
57	75	57	9.489477e+01
57	75	58	9.996016e+03
57	75	59	6.709411e+03
57	75	60	3.636337e+03
57	75	61	4.667291e+04
57	75	62	2.949812e+05
57	75	63	8.089139e+05
57	75	64	5.978469e+05
57	75	65	2.253793e+06
57	75	66	1.325324e+06
57	75	67	1.940948e+05
57	75	68	2.917417e+04
57	75	69	1.233947e+05
57	75	70	1.635078e+00
57	75	71	1.764834e+03
57	75	72	1.991450e+03
57	76	60	1.768041e+03
57	76	61	2.879415e+04
57	76	62	5.689014e+05
57	76	63	6.082830e+05
57	76	64	1.635085e+06
57	76	65	4.853043e+05
57	76	66	3.166115e+05
57	76	67	3.209417e+05
57	76	68	4.799228e+05
57	76	70	3.701583e+02
57	76	71	3.995330e+05
57	76	72	4.508358e+05
57	77	60	1.058383e+03
57	77	61	3.019005e+04
57	77	62	5.545963e+04
57	77	63	4.767814e+04
57	77	64	3.057412e+05
57	77	65	7.371235e+05
57	77	66	2.530450e+05
57	77	67	4.125891e+05
57	77	68	6.169685e+05
57	77	70	2.825476e+02
57	77	71	3.049698e+05
57	77	72	3.441300e+05
57	78	60	6.676988e+03
57	78	61	2.534056e+05
57	78	62	4.761475e+05
57	78	63	6.730108e+04
57	78	64	3.180521e+04
57	78	65	1.557885e+05
57	78	66	6.782710e+04
57	79	62	9.555718e+03
57	79	63	1.895936e+05
57	79	64	9.491334e+04
57	79	67	-1.099035e-01
57	79	68	-2.613004e+00
57	79	69	-1.107546e+00
57	80	62	8.675670e+04
57	80	63	8.486587e+05
57	80	64	2.152654e+05
57	80	67	-5.294351e+03
57	80	68	-1.258754e+05
57	80	69	-5.335348e+04
57	81	67	-5.391611e+03
57	81	68	-1.281878e+05
57	81	69	-5.433361e+04
57	84	50	4.021688e+03
57	84	51	-3.366078e+03
57	84	52	4.844486e+04
57	84	69	2.203419e+01
57	84	70	8.525900e+02
57	84	71	4.377227e+02
57	85	50	3.146394e+04
57	85	51	-2.633473e+04
57	85	52	3.790115e+05
57	85	69	1.654126e+02
57	85	70	6.400468e+03
57	85	71	3.286023e+03
57	86	50	6.691647e+03
57	86	51	-5.600783e+03
57	86	52	8.060691e+04
57	86	69	3.395981e+01
57	86	70	1.314040e+03
57	86	71	6.746325e+02
58	61	65	5.170006e+03
58	61	66	9.855023e+02
58	61	67	7.411483e+04
58	62	65	6.112378e+04
58	62	66	1.165137e+04
58	62	67	8.768295e+05
58	62	68	7.333966e+03
58	62	69	2.200612e+03
58	63	65	1.769501e+04
58	63	66	3.454886e+03
58	63	67	2.665055e+05
58	63	68	1.574553e+05
58	63	69	4.668584e+04
58	64	66	2.127305e+03
58	64	67	1.499126e+04
58	64	68	1.110448e+05
58	64	69	1.877444e+04
58	65	62	5.821172e-02
58	65	63	-5.391835e+02
58	65	64	-1.595569e+04
58	65	65	-7.289179e+03
58	65	66	9.373125e+02
58	65	67	4.398642e+03
58	65	68	2.135873e+04
58	65	69	2.680402e+01
58	65	70	6.882284e+03
58	65	71	7.165684e+02
58	65	72	8.149941e+04
58	66	60	3.858858e+02
58	66	61	3.968677e+01
58	66	62	4.845660e+03
58	66	63	5.985743e+04
58	66	64	-1.863692e+05
58	66	65	4.820733e+05
58	66	66	2.336662e+02
58	66	67	2.698665e+02
58	66	69	7.118373e+02
58	66	70	1.213713e+05
58	66	71	1.392173e+05
58	66	72	6.377589e+05
58	67	60	8.543760e+03
58	67	61	2.071648e+04
58	67	62	8.747209e+04
58	67	63	4.011976e+05
58	67	64	3.155210e+04
58	67	65	9.605469e+05
58	67	66	2.818899e+04
58	67	67	1.012922e+04
58	67	68	9.821267e-01
58	67	69	-2.920526e+02
58	67	70	-2.755109e+04
58	67	71	1.390392e+05
58	67	72	1.736598e+05
58	68	60	5.154533e+03
58	68	61	4.909298e+04
58	68	62	1.112083e+05
58	68	63	6.030520e+05
58	68	64	1.643276e+05
58	68	65	7.150604e+05
58	68	66	5.496305e+05
58	68	67	3.664453e+05
58	68	68	5.240924e+02
58	68	69	8.385444e+03
58	68	70	8.394621e+05
58	68	71	2.054385e+06
58	68	72	1.872993e+05
58	69	59	8.113875e+03
58	69	60	1.092145e+05
58	69	61	8.336611e+05
58	69	62	7.835010e+05
58	69	63	7.330401e+05
58	69	64	1.518492e+06
58	69	65	2.994779e+06
58	69	66	2.534883e+06
58	69	67	1.046819e+06
58	69	68	1.045317e+05
58	69	69	8.890705e+04
58	69	70	2.677977e+05
58	69	71	8.722840e+04
58	69	72	-4.922762e+01
58	70	59	-1.587122e+04
58	70	60	4.003628e+04
58	70	61	2.242056e+05
58	70	62	4.599373e+05
58	70	63	1.267493e+06
58	70	64	2.753534e+06
58	70	65	3.345194e+06
58	70	66	5.380380e+06
58	70	67	6.954987e+05
58	70	68	1.037900e+05
58	70	69	8.001933e+05
58	70	70	8.653341e+05
58	70	71	7.659924e+05
58	70	72	1.185037e+05
58	70	73	1.010602e+04
58	70	79	3.823819e+00
58	70	80	5.463948e+03
58	70	81	4.911930e+03
58	71	59	7.408679e+04
58	71	60	1.056359e+05
58	71	61	2.104958e+06
58	71	62	1.888463e+06
58	71	63	4.978012e+06
58	71	64	1.235562e+07
58	71	65	1.228500e+07
58	71	66	1.209779e+07
58	71	67	6.915154e+06
58	71	68	2.437314e+06
58	71	69	7.967407e+05
58	71	70	3.645732e+05
58	71	71	2.197679e+05
58	71	72	7.431759e+05
58	71	73	1.834071e+05
58	71	79	1.771926e+02
58	71	80	2.531947e+05
58	71	81	2.276147e+05
58	72	59	9.102051e+03
58	72	60	-8.385392e+03
58	72	61	2.285541e+05
58	72	62	2.411588e+06
58	72	63	9.662635e+06
58	72	64	1.959865e+07
58	72	65	3.275098e+07
58	72	66	1.696989e+07
58	72	67	3.380383e+06
58	72	68	2.064765e+06
58	72	69	7.833884e+05
58	72	70	5.976023e+04
58	72	71	2.214675e+05
58	72	72	1.303671e+06
58	72	73	9.857084e+04
58	72	79	3.113961e+02
58	72	80	4.449615e+05
58	72	81	4.000074e+05
58	73	57	6.308929e+01
58	73	58	6.645693e+03
58	73	59	1.788579e+03
58	73	60	8.524554e+03
58	73	61	1.326882e+05
58	73	62	2.757285e+06
58	73	63	7.944369e+06
58	73	64	1.364140e+07
58	73	65	1.773194e+07
58	73	66	1.007493e+07
58	73	67	5.803692e+06
58	73	68	2.425735e+06
58	73	69	1.211160e+06
58	73	70	2.344820e+05
58	73	71	1.528407e+02
58	73	72	9.232713e+04
58	73	73	1.084603e+05
58	73	74	2.634836e+02
58	73	75	8.175822e+03
58	73	76	3.872081e+03
58	74	57	4.450397e+02
58	74	58	4.687954e+04
58	74	59	1.524042e+05
58	74	60	-9.934618e+04
58	74	61	1.633891e+06
58	74	62	4.298058e+05
58	74	63	1.381611e+06
58	74	64	5.237074e+06
58	74	65	1.043705e+07
58	74	66	9.126586e+06
58	74	67	2.165421e+06
58	74	68	4.589292e+04
58	74	69	3.765109e+05
58	74	70	7.773934e+04
58	74	71	8.902524e+02
58	74	72	5.377787e+05
58	74	73	6.317497e+05
58	74	74	-4.043395e+02
58	74	75	-1.254654e+04
58	74	76	-5.942060e+03
58	75	57	8.648459e+01
58	75	58	9.110104e+03
58	75	59	6.114780e+03
58	75	60	1.718059e+04
58	75	61	2.088467e+05
58	75	62	3.729275e+05
58	75	63	1.457937e+06
58	75	64	1.706190e+06
58	75	65	1.477444e+06
58	75	66	1.648540e+06
58	75	67	7.584969e+05
58	75	68	-1.323357e+03
58	75	69	1.484820e+05
58	75	70	4.360676e-01
58	75	71	4.706727e+02
58	75	72	5.311103e+02
58	75	74	2.715877e+03
58	75	75	8.427288e+04
58	75	76	3.991176e+04
58	76	60	7.083112e+04
58	76	61	7.050861e+05
58	76	62	4.869705e+05
58	76	63	1.158025e+06
58	76	64	2.394992e+06
58	76	65	1.341514e+06
58	76	66	5.071618e+05
58	76	67	2.093449e+04
58	76	68	3.859370e+04
58	76	69	2.875470e+04
58	76	70	9.871945e+01
58	76	71	1.065535e+05
58	76	72	1.202357e+05
58	77	60	1.833966e+04
58	77	61	1.898169e+05
58	77	62	8.196929e+04
58	77	63	2.416912e+05
58	77	64	1.377961e+05
58	77	65	1.305742e+06
58	77	66	5.744146e+05
58	77	67	1.661143e+04
58	77	68	3.428089e+04
58	77	70	7.535410e+01
58	77	71	8.133399e+04
58	77	72	9.177783e+04
58	78	60	4.429269e+01
58	78	61	2.113653e+03
58	78	62	4.655285e+03
58	78	63	1.600150e+05
58	78	64	1.116972e+05
58	78	65	4.184732e+05
58	78	66	2.521195e+05
58	79	62	9.784678e+03
58	79	63	7.720285e+05
58	79	64	5.255261e+05
58	79	65	3.461259e+02
58	79	66	4.149846e+03
58	79	67	6.489255e-01
58	79	68	1.542848e+01
58	79	69	6.539504e+00
58	80	62	4.426541e+04
58	80	63	4.330066e+05
58	80	64	1.098337e+05
58	80	67	3.135361e+04
58	80	68	7.433779e+05
58	80	69	3.166201e+05
58	81	67	3.282954e+04
58	81	68	7.584485e+05
58	81	69	3.378475e+05
58	82	66	7.399117e+01
58	82	67	2.929505e+03
58	82	68	1.753773e+03
58	82	69	4.603218e+03
58	83	66	1.603431e+03
58	83	67	5.765873e+04
58	83	68	2.884980e+04
58	84	66	6.513283e+02
58	84	67	2.342149e+04
58	84	68	1.171905e+04
58	84	69	1.278900e+03
58	84	70	4.948570e+04
58	84	71	2.540613e+04
58	85	69	9.600816e+03
58	85	70	3.714935e+05
58	85	71	1.907261e+05
58	86	69	1.971083e+03
58	86	70	7.626898e+04
58	86	71	3.915676e+04
59	44	57	4.529784e+01
59	44	58	5.137790e+02
59	44	59	1.446713e+02
59	45	57	8.471357e+02
59	45	58	9.608416e+03
59	45	59	2.705565e+03
59	46	57	2.008297e+03
59	46	58	2.277859e+04
59	46	59	6.414059e+03
59	61	65	2.842891e+03
59	61	66	5.419095e+02
59	61	67	4.075438e+04
59	62	65	3.361084e+04
59	62	66	6.406871e+03
59	62	67	4.849620e+05
59	62	68	3.913576e+04
59	62	69	1.174298e+04
59	63	65	9.730160e+03
59	63	66	2.073184e+03
59	63	67	2.069681e+05
59	63	68	8.352397e+05
59	63	69	2.491265e+05
59	64	61	5.267822e+02
59	64	62	4.648898e+03
59	64	63	1.090459e+03
59	64	66	5.675101e+03
59	64	67	5.335715e+04
59	64	68	4.632049e+05
59	64	69	1.001848e+05
59	65	61	1.186484e+03
59	65	62	1.047257e+04
59	65	63	7.624860e+03
59	65	64	1.489773e+05
59	65	65	6.877273e+04
59	65	66	2.500508e+03
59	65	67	1.173444e+04
59	65	68	5.697958e+04
59	65	69	1.163654e+02
59	65	70	1.150876e+04
59	65	71	6.134724e+03
59	65	72	1.045262e+05
59	66	57	1.042716e+02
59	66	58	-1.423689e+02
59	66	59	1.120789e+03
59	66	60	3.697909e+03
59	66	61	7.145074e+03
59	66	62	1.398208e+05
59	66	63	2.890889e+05
59	66	64	1.148914e+06
59	66	65	4.816852e+05
59	66	66	9.731753e+03
59	66	67	1.123942e+04
59	66	69	6.921130e+02
59	66	70	9.295815e+04
59	66	71	4.764200e+04
59	66	72	8.077839e+05
59	67	57	1.280523e+03
59	67	58	-1.748382e+03
59	67	59	1.376401e+04
59	67	60	8.187408e+04
59	67	61	-5.662880e+04
59	67	62	1.022716e+06
59	67	63	2.287618e+05
59	67	64	3.400933e+05
59	67	65	1.587415e+05
59	67	66	1.777327e+05
59	67	67	2.053585e+05
59	67	68	1.733827e+03
59	67	69	3.000556e+03
59	67	70	7.546064e+04
59	67	71	1.320288e+05
59	67	72	1.700192e+05
59	68	57	3.640834e+03
59	68	58	-4.971072e+03
59	68	59	3.913440e+04
59	68	60	3.391522e+04
59	68	61	9.276327e+03
59	68	62	5.063068e+05
59	68	63	6.302337e+04
59	68	64	1.212844e+05
59	68	65	6.162949e+05
59	68	66	5.881420e+05
59	68	67	5.285721e+05
59	68	68	4.333411e+05
59	68	69	1.494232e+05
59	68	70	1.846031e+05
59	68	71	2.319997e+05
59	68	72	2.649684e-01
59	68	73	4.726730e-02
59	68	74	3.791593e+00
59	69	60	2.369606e+01
59	69	61	-8.477707e+03
59	69	62	2.025758e+05
59	69	63	4.117738e+05
59	69	64	8.379643e+05
59	69	65	1.780658e+06
59	69	66	4.161545e+05
59	69	67	1.658249e+05
59	69	68	3.766881e+05
59	69	69	3.315299e+05
59	69	70	7.730412e+05
59	69	71	5.151709e+04
59	69	72	8.384249e+02
59	69	73	3.812520e+01
59	69	74	3.058250e+03
59	70	60	4.488356e+03
59	70	61	4.299699e+05
59	70	62	7.386652e+05
59	70	63	1.428925e+06
59	70	64	1.264786e+06
59	70	65	1.051344e+06
59	70	66	1.575667e+06
59	70	67	3.389565e+05
59	70	68	5.335446e+03
59	70	69	1.374891e+05
59	70	70	4.788950e+05
59	70	71	1.115732e+06
59	70	72	2.759944e+05
59	70	73	3.307643e+01
59	70	74	2.653259e+03
59	70	79	1.932757e+00
59	70	80	2.761763e+03
59	70	81	2.482744e+03
59	71	54	7.185433e+01
59	71	55	1.344944e+03
59	71	56	5.084962e+02
59	71	60	4.310733e+03
59	71	61	2.359782e+05
59	71	62	2.909839e+05
59	71	63	2.332979e+06
59	71	64	3.913773e+06
59	71	65	5.816834e+06
59	71	66	4.085421e+06
59	71	67	3.946364e+06
59	71	68	1.046281e+06
59	71	69	2.886217e+05
59	71	70	7.141305e+04
59	71	71	9.015404e+05
59	71	72	1.716070e+05
59	71	79	8.956232e+01
59	71	80	1.279778e+05
59	71	81	1.150483e+05
59	72	54	-4.050458e+01
59	72	55	-7.581502e+02
59	72	56	-2.866414e+02
59	72	60	4.405775e-03
59	72	61	2.269746e+04
59	72	62	6.114656e+05
59	72	63	3.212486e+06
59	72	64	6.750489e+06
59	72	65	8.810171e+06
59	72	66	5.350995e+06
59	72	67	2.652652e+06
59	72	68	9.141284e+05
59	72	69	4.694513e+05
59	72	70	3.431414e+04
59	72	71	1.403237e+05
59	72	72	7.459807e+05
59	72	79	1.573958e+02
59	72	80	2.249066e+05
59	72	81	2.021845e+05
59	73	54	9.110950e+02
59	73	55	1.705355e+04
59	73	56	6.447606e+03
59	73	57	1.095286e+03
59	73	58	1.153837e+05
59	73	59	7.775147e+04
59	73	60	2.299117e+03
59	73	61	4.326276e+04
59	73	62	2.901747e+05
59	73	63	1.824158e+06
59	73	64	2.154130e+06
59	73	65	5.144311e+06
59	73	66	3.655685e+06
59	73	67	1.579261e+06
59	73	68	7.999798e+05
59	73	74	1.784134e+02
59	73	75	5.536117e+03
59	73	76	2.621913e+03
59	74	57	7.726282e+03
59	74	58	8.141460e+05
59	74	59	5.562569e+05
59	74	60	4.562613e+04
59	74	61	3.460745e+05
59	74	62	1.967607e+05
59	74	63	2.173708e+05
59	74	64	1.141412e+06
59	74	65	2.454128e+06
59	74	66	2.227253e+06
59	74	67	1.602878e+06
59	74	68	1.456045e+05
59	74	69	1.534177e+05
59	74	74	-2.737915e+02
59	74	75	-8.495674e+03
59	74	76	-4.023563e+03
59	75	57	1.501449e+03
59	75	58	1.582918e+05
59	75	59	1.109478e+05
59	75	60	8.143290e+04
59	75	61	9.174104e+05
59	75	62	3.920184e+05
59	75	63	4.714715e+05
59	75	64	-3.887602e+05
59	75	65	2.310837e+06
59	75	66	5.049430e+05
59	75	67	7.027720e+05
59	75	68	-3.203807e+03
59	75	69	1.080293e+06
59	75	74	1.839009e+03
59	75	75	5.706393e+04
59	75	76	2.702556e+04
59	76	60	4.054001e+04
59	76	61	4.346833e+05
59	76	62	1.361287e+05
59	76	63	4.385812e+04
59	76	64	4.015144e+05
59	76	65	7.040642e+05
59	76	66	1.166291e+04
59	76	67	2.681223e+05
59	76	68	5.229200e+05
59	76	69	2.101183e+05
59	76	71	3.418889e+00
59	76	72	2.315185e+01
59	76	73	4.334568e+00
59	77	60	1.709389e+04
59	77	61	4.314639e+05
59	77	62	2.128209e+05
59	77	63	1.907616e+05
59	77	64	1.496131e+05
59	77	65	3.114065e+05
59	77	66	2.346386e+05
59	77	67	2.229406e+05
59	77	68	4.600811e+05
59	77	71	1.113220e+03
59	77	72	7.538444e+03
59	77	73	1.411373e+03
59	78	60	1.536673e+03
59	78	61	7.333024e+04
59	78	62	4.085823e+04
59	78	63	4.828200e+05
59	78	64	4.547105e+05
59	78	65	2.339318e+05
59	78	66	5.656557e+05
59	78	71	8.892477e+02
59	78	72	6.021760e+03
59	78	73	1.127414e+03
59	79	62	1.026222e+03
59	79	63	1.411661e+05
59	79	64	1.089725e+05
59	79	65	1.301005e+04
59	79	66	1.559829e+05
59	80	67	4.535688e+03
59	80	68	7.128577e+03
59	80	69	7.767022e+04
59	81	67	4.845576e+04
59	81	68	7.615618e+04
59	81	69	8.297683e+05
59	82	66	2.555162e+01
59	82	67	1.401284e+04
59	82	68	2.103913e+04
59	82	69	2.242251e+05
59	83	66	5.537183e+02
59	83	67	1.991148e+04
59	83	68	9.962799e+03
59	84	66	2.249254e+02
59	84	67	8.088222e+03
59	84	68	4.046978e+03
59	84	69	2.121744e+03
59	84	70	8.209868e+04
59	84	71	4.214975e+04
59	85	69	1.592812e+04
59	85	70	6.163221e+05
59	85	71	3.164219e+05
59	86	69	3.270102e+03
59	86	70	1.265332e+05
59	86	71	6.496257e+04
60	44	57	5.069777e+02
60	44	58	5.750263e+03
60	44	59	1.619175e+03
60	45	57	9.481223e+03
60	45	58	1.075383e+05
60	45	59	3.028094e+04
60	46	57	2.247705e+04
60	46	58	2.549401e+05
60	46	59	7.178676e+04
60	63	61	6.418454e+02
60	63	62	-1.143116e+03
60	63	63	6.184425e+03
60	63	66	1.571276e+03
60	63	67	7.373722e+03
60	63	68	3.580498e+04
60	64	61	1.281273e+04
60	64	62	3.883157e+04
60	64	63	7.947980e+04
60	64	66	4.082415e+04
60	64	67	1.915805e+05
60	64	68	9.302681e+05
60	65	61	1.501120e+04
60	65	62	1.121265e+05
60	65	63	4.568778e+04
60	65	64	4.386823e+01
60	65	66	1.798754e+04
60	65	67	8.441237e+04
60	65	68	4.098857e+05
60	65	69	5.944946e+02
60	65	70	1.944683e+04
60	65	71	3.781888e+04
60	66	57	9.140928e+02
60	66	58	-1.248071e+03
60	66	59	9.825352e+03
60	66	60	9.237917e+02
60	66	61	1.064296e+05
60	66	62	9.731242e+05
60	66	63	6.882576e+05
60	66	64	2.114664e+05
60	66	65	6.766711e+00
60	66	66	5.122057e+03
60	66	67	5.915581e+03
60	66	69	2.801047e+03
60	66	70	9.162655e+04
60	66	71	1.781891e+05
60	67	57	1.122565e+04
60	67	58	-1.532713e+04
60	67	59	1.206617e+05
60	67	60	2.045334e+04
60	67	61	-1.399380e+04
60	67	62	2.862487e+05
60	67	63	4.652838e+05
60	67	64	2.070941e+05
60	67	65	1.262319e+04
60	67	66	9.353131e+04
60	67	67	1.089689e+05
60	67	68	4.850819e+04
60	67	69	4.113651e+04
60	67	70	4.437686e+05
60	67	71	8.630112e+05
60	68	57	3.191723e+04
60	68	58	-4.357871e+04
60	68	59	3.430702e+05
60	68	60	8.712127e+03
60	68	61	2.810826e+04
60	68	62	3.393800e+05
60	68	63	2.725850e+05
60	68	64	1.226750e+04
60	68	65	2.072059e+04
60	68	66	2.238551e+05
60	68	67	2.856693e+05
60	68	68	3.681129e+05
60	68	69	1.135503e+05
60	68	72	5.015903e+01
60	68	73	8.947790e+00
60	68	74	7.177557e+02
60	69	60	-2.143905e+02
60	69	61	-2.111318e+04
60	69	62	2.012586e+04
60	69	63	8.706869e+04
60	69	64	1.411897e+05
60	69	65	2.182951e+05
60	69	66	1.638801e+04
60	69	67	3.479446e+04
60	69	68	9.032607e+05
60	69	69	4.443366e+05
60	69	72	4.045763e+04
60	69	73	7.217172e+03
60	69	74	5.789326e+05
60	70	60	3.979093e+03
60	70	61	4.005747e+05
60	70	62	5.941880e+05
60	70	63	2.413103e+05
60	70	64	2.391046e+05
60	70	65	8.066998e+04
60	70	66	6.544542e+04
60	70	67	1.861648e+04
60	70	72	3.509999e+04
60	70	73	6.261432e+03
60	70	74	5.022669e+05
60	71	54	1.855374e+03
60	71	55	3.472823e+04
60	71	56	1.313005e+04
60	71	60	2.431857e-02
60	71	61	4.386132e+02
60	71	62	2.009294e+04
60	71	63	4.217711e+05
60	71	64	4.111619e+05
60	71	65	6.687257e+05
60	71	66	4.538265e+05
60	71	67	9.373212e+04
60	71	68	1.272397e+01
60	71	69	1.218882e+03
60	72	54	-1.045882e+03
60	72	55	-1.957645e+04
60	72	56	-7.401462e+03
60	72	60	1.502954e+01
60	72	61	2.710749e+05
60	72	62	3.621472e+05
60	72	63	8.565328e+05
60	72	64	9.778001e+05
60	72	65	2.589527e+06
60	72	66	2.802233e+06
60	72	67	8.653211e+05
60	72	68	4.369168e+02
60	72	69	4.185408e+04
60	73	54	2.352568e+04
60	73	55	4.403453e+05
60	73	56	1.664857e+05
60	73	58	2.658801e+02
60	73	59	9.623198e+03
60	73	60	1.874992e+04
60	73	61	2.298101e+05
60	73	62	2.446348e+05
60	73	63	2.143598e+05
60	73	64	1.133987e+05
60	73	65	8.774195e+05
60	73	66	1.626797e+06
60	73	67	1.359379e+06
60	73	68	2.149858e+02
60	73	69	2.059438e+04
60	73	74	4.043808e+03
60	73	75	1.254782e+05
60	73	76	5.942666e+04
60	74	57	2.511377e+01
60	74	58	8.745457e+03
60	74	59	3.091508e+05
60	74	60	5.912076e+05
60	74	61	-8.721029e+03
60	74	62	1.041566e+05
60	74	63	1.520816e+05
60	74	64	7.909646e+04
60	74	65	1.876966e+05
60	74	66	1.201979e+05
60	74	67	2.670522e+06
60	74	68	7.018049e+03
60	74	69	3.367873e+04
60	74	74	-6.205590e+03
60	74	75	-1.925577e+05
60	74	76	-9.119560e+04
60	75	57	4.899849e+03
60	75	58	4.412585e+04
60	75	59	1.571732e+05
60	75	60	2.824272e+05
60	75	61	-2.833857e+03
60	75	62	2.176101e+04
60	75	63	-2.443749e+05
60	75	64	-1.046141e+05
60	75	65	1.499145e+04
60	75	66	-1.441128e+05
60	75	67	2.572533e+05
60	75	68	3.275229e+05
60	75	69	3.551344e+05
60	75	74	4.168184e+04
60	75	75	1.293376e+06
60	75	76	6.125447e+05
60	76	57	6.489552e+03
60	76	58	5.301349e+04
60	76	59	1.168768e+04
60	76	60	1.605124e+03
60	76	61	7.659674e+04
60	76	62	1.053844e+05
60	76	63	1.548662e+06
60	76	64	6.678253e+05
60	76	66	2.908065e+03
60	76	67	8.974579e+04
60	76	68	3.411820e+05
60	76	69	1.174015e+05
60	76	71	2.376653e+02
60	76	72	1.609409e+03
60	76	73	3.013191e+02
60	77	60	1.322077e+04
60	77	61	6.308967e+05
60	77	62	3.469057e+05
60	77	63	1.100643e+05
60	77	64	1.012118e+05
60	77	65	4.071036e+03
60	77	66	5.137489e+04
60	77	67	6.996445e+04
60	77	68	1.443852e+05
60	77	71	7.738589e+04
60	77	72	5.240376e+05
60	77	73	9.811210e+04
60	78	60	2.934464e+03
60	78	61	1.400330e+05
60	78	62	7.724475e+04
60	78	63	3.370114e+05
60	78	64	3.496088e+05
60	78	65	6.807091e+04
60	78	66	8.161301e+05
60	78	71	6.181637e+04
60	78	72	4.186048e+05
60	78	73	7.862067e+04
60	78	74	2.799347e+03
60	78	75	8.286021e+03
60	79	64	1.731733e+04
60	79	65	2.425339e+04
60	79	66	2.907839e+05
60	79	73	2.803070e+03
60	79	74	3.163224e+04
60	79	75	9.363090e+04
60	80	67	2.509128e+03
60	80	68	3.943507e+03
60	80	69	4.296692e+04
60	80	73	7.873000e+02
60	80	74	8.884566e+03
60	80	75	2.629817e+04
60	81	67	2.680558e+04
60	81	68	4.212936e+04
60	81	69	4.590252e+05
60	82	66	1.084817e+03
60	82	67	4.625313e+04
60	82	68	3.090306e+04
60	82	69	1.240406e+05
60	83	66	2.350860e+04
60	83	67	8.453597e+05
60	83	68	4.229795e+05
60	84	66	9.549407e+03
60	84	67	3.433927e+05
60	84	68	1.718181e+05
61	44	57	1.506654e+03
61	44	58	1.708883e+04
61	44	59	4.811921e+03
61	45	57	2.817663e+04
61	45	58	3.195860e+05
61	45	59	8.998994e+04
61	46	57	6.679809e+04
61	46	58	7.576399e+05
61	46	59	2.133384e+05
61	60	81	1.602039e+02
61	60	82	-9.649036e+01
61	60	83	2.017209e+03
61	61	81	2.948502e+03
61	61	82	-1.775875e+03
61	61	83	3.712610e+04
61	62	81	1.105184e+03
61	62	82	-6.656490e+02
61	62	83	1.391593e+04
61	63	61	1.094674e+04
61	63	62	-1.949597e+04
61	63	63	1.054760e+05
61	64	61	1.209912e+05
61	64	62	-1.984457e+05
61	64	63	1.153643e+06
61	65	61	3.634542e+04
61	65	62	-2.635652e+04
61	65	63	3.228296e+05
61	66	57	3.074695e+03
61	66	58	-4.198085e+03
61	66	59	3.304912e+04
61	66	61	2.958901e+04
61	66	62	2.611255e+05
61	66	63	6.125034e+04
61	67	57	3.775925e+04
61	67	58	-5.155520e+04
61	67	59	4.058646e+05
61	67	61	3.401047e+02
61	67	62	3.756480e+04
61	67	63	5.443579e+04
61	67	67	8.940686e+02
61	67	68	5.010265e+04
61	67	69	2.888219e+04
61	68	57	1.073586e+05
61	68	58	-1.465838e+05
61	68	59	1.153971e+06
61	68	61	3.743577e+03
61	68	62	4.134807e+05
61	68	63	5.991965e+05
61	68	64	2.414170e+03
61	68	65	3.273711e+03
61	68	67	-4.708965e+02
61	68	68	-2.638854e+04
61	68	69	-1.521194e+04
61	68	72	4.154095e+01
61	68	73	7.915635e+01
61	68	74	5.601756e+02
61	69	61	1.032793e+03
61	69	62	1.140727e+05
61	69	63	1.668313e+05
61	69	64	2.526457e+05
61	69	65	3.388276e+05
61	69	66	-2.257514e+04
61	69	67	1.079364e+04
61	69	68	6.404467e+05
61	69	69	3.686527e+05
61	69	72	3.009557e+04
61	69	73	5.314030e+03
61	69	74	4.306817e+05
61	70	62	5.503089e+03
61	70	63	3.285766e+04
61	70	64	2.146309e+05
61	70	65	2.491901e+05
61	70	66	7.357221e+04
61	70	67	2.710673e+04
61	70	68	3.507273e+03
61	70	72	2.616456e+04
61	70	73	5.544332e+03
61	70	74	3.739858e+05
61	71	54	3.901369e+03
61	71	55	7.302442e+04
61	71	56	2.760907e+04
61	71	60	2.603467e-02
61	71	61	4.695651e+02
61	71	62	1.483623e+05
61	71	63	-5.308841e+04
61	71	64	1.270407e+06
61	71	65	-4.328180e+04
61	71	66	-2.459308e+05
61	71	67	3.398323e+04
61	71	68	2.004082e+04
61	71	69	2.511246e+04
61	72	54	-2.199218e+03
61	72	55	-4.116417e+04
61	72	56	-1.556335e+04
61	72	60	1.609014e+01
61	72	61	2.902040e+05
61	72	62	4.677626e+05
61	72	63	8.646003e+05
61	72	64	1.318965e+06
61	72	65	4.738294e+05
61	72	66	4.348569e+05
61	72	67	1.583214e+05
61	72	68	9.001735e+03
61	72	69	8.623136e+05
61	73	54	4.946838e+04
61	73	55	9.259315e+05
61	73	56	3.500762e+05
61	73	58	1.258300e+02
61	73	59	4.554259e+03
61	73	60	1.514189e+04
61	73	61	2.399352e+05
61	73	62	3.192976e+05
61	73	63	5.996542e+04
61	73	64	1.005010e+05
61	73	65	1.318555e+06
61	73	66	4.061654e+05
61	73	67	2.271333e+05
61	73	68	4.429322e+03
61	73	69	4.243032e+05
61	74	57	2.988330e+02
61	74	58	6.482951e+03
61	74	59	1.468250e+05
61	74	60	3.688054e+05
61	74	61	-9.595006e+04
61	74	62	1.077124e+06
61	74	63	1.805928e+03
61	74	64	9.400537e+03
61	74	65	3.092948e+05
61	74	66	-3.036772e+04
61	74	67	7.830013e+04
61	74	68	1.236163e+04
61	74	69	5.267098e+03
61	75	57	5.830412e+04
61	75	58	4.782292e+05
61	75	59	1.752129e+05
61	75	60	1.625849e+05
61	75	61	-3.117851e+04
61	75	62	3.500063e+05
61	75	65	7.565693e+03
61	75	66	1.154995e+06
61	75	67	8.535708e+05
61	75	68	5.578201e+05
61	75	69	2.376785e+05
61	76	57	7.722027e+04
61	76	58	6.308164e+05
61	76	59	1.390736e+05
61	76	67	1.252607e+04
61	76	68	3.013298e+05
61	76	69	1.283919e+05
61	76	71	1.451420e+02
61	76	72	9.828650e+02
61	76	73	1.840153e+02
61	77	71	4.725950e+04
61	77	72	3.200294e+05
61	77	73	5.991699e+04
61	78	71	3.775121e+04
61	78	72	2.556416e+05
61	78	73	5.001366e+04
61	78	74	2.428009e+04
61	78	75	7.186865e+04
61	79	73	2.431238e+04
61	79	74	2.743617e+05
61	79	75	8.121059e+05
61	80	73	6.828632e+03
61	80	74	7.706012e+04
61	80	75	2.280966e+05
62	60	81	4.063284e+03
62	60	82	-2.447305e+03
62	60	83	5.116289e+04
62	61	81	7.478347e+04
62	61	82	-4.504188e+04
62	61	83	9.416368e+05
62	62	81	2.803100e+04
62	62	82	-1.688299e+04
62	62	83	3.529526e+05
62	63	61	3.942174e+03
62	63	62	-7.020946e+03
62	63	63	3.798434e+04
62	64	61	4.299321e+04
62	64	62	-7.657018e+04
62	64	63	4.142559e+05
62	65	61	1.178585e+04
62	65	62	-2.099040e+04
62	65	63	1.135612e+05
62	68	63	1.521760e+01
62	68	64	2.518391e+03
62	68	65	3.415039e+03
62	68	67	5.077936e+00
62	68	68	3.768807e+01
62	68	69	1.388061e+02
62	68	72	3.126910e+03
62	68	73	5.366024e+04
62	68	74	1.938835e+04
62	69	63	1.592540e+03
62	69	64	2.635527e+05
62	69	65	3.862551e+05
62	69	66	1.784495e+05
62	69	67	7.405814e+04
62	69	68	3.433497e+04
62	69	69	8.203354e+04
62	69	72	-2.382705e+03
62	69	73	-4.088911e+04
62	69	74	-1.477392e+04
62	70	62	2.361569e+03
62	70	63	2.464560e+04
62	70	64	2.559092e+05
62	70	65	2.234922e+05
62	70	66	-2.861843e+05
62	70	67	1.088789e+05
62	70	68	6.468536e+04
62	70	69	6.947327e+04
62	70	72	3.821702e+04
62	70	73	6.558343e+05
62	70	74	2.369640e+05
62	71	62	1.021298e+04
62	71	63	8.928624e+04
62	71	64	-3.352256e+02
62	71	65	2.741424e+05
62	71	66	1.794028e+06
62	71	67	1.239908e+06
62	71	68	3.122257e+05
62	71	69	9.957962e+03
62	72	62	5.230946e+04
62	72	63	4.979726e+05
62	72	64	1.099065e+06
62	72	65	4.414671e+05
62	72	66	1.494885e+04
62	72	67	6.995827e+04
62	72	68	4.102170e+04
62	72	69	3.419373e+05
62	73	60	1.804301e+03
62	73	61	-1.861287e+03
62	73	62	2.089458e+04
62	73	63	2.039351e+04
62	73	64	2.858181e+05
62	73	65	4.330426e+05
62	73	66	8.945202e+05
62	73	67	1.180992e+04
62	73	68	1.756380e+03
62	73	69	1.682510e+05
62	74	57	8.687838e+01
62	74	58	7.097140e+02
62	74	59	1.564679e+02
62	74	60	2.565265e+04
62	74	61	-2.646283e+04
62	74	62	2.970686e+05
62	74	63	1.689867e+04
62	74	64	3.155881e+05
62	74	65	2.082300e+05
62	74	66	1.470390e+06
62	75	57	1.695050e+04
62	75	58	1.384695e+05
62	75	59	3.052783e+04
62	75	60	8.335705e+03
62	75	61	-8.598972e+03
62	75	62	9.653104e+04
62	76	57	2.244990e+04
62	76	58	1.833944e+05
62	76	59	4.043226e+04
62	78	73	4.978340e+02
62	78	74	5.617984e+03
62	78	75	1.662914e+04
62	79	73	5.625456e+03
62	79	74	6.348245e+04
62	79	75	1.879070e+05
62	80	62	2.157868e+01
62	80	63	2.402788e+02
62	80	64	2.358581e+02
62	80	65	3.982581e+03
62	80	66	1.681167e+03
62	80	73	1.580025e+03
62	80	74	1.783035e+04
62	80	75	5.277754e+04
62	81	62	1.801559e+03
62	81	63	2.006038e+04
62	81	64	9.462461e+03
62	81	65	9.150903e+04
62	81	66	3.862871e+04
62	82	62	1.149892e+03
62	82	63	1.280406e+04
62	82	64	5.181651e+03
62	82	65	3.819351e+04
62	82	66	1.612263e+04
63	60	81	1.771913e+03
63	60	82	-1.067218e+03
63	60	83	2.231105e+04
63	61	72	1.147640e+01
63	61	73	3.966709e+02
63	61	74	1.956525e+02
63	61	81	3.261149e+04
63	61	82	-1.964181e+04
63	61	83	4.106279e+05
63	62	72	2.038666e+03
63	62	73	7.046458e+04
63	62	74	3.475569e+04
63	62	81	1.222373e+04
63	62	82	-7.362317e+03
63	62	83	1.539152e+05
63	63	72	1.502019e+03
63	63	73	5.191588e+04
63	63	74	2.560680e+04
63	68	67	-7.014612e+00
63	68	68	-5.206193e+01
63	68	69	-1.917453e+02
63	68	72	3.617158e+03
63	68	73	6.207329e+04
63	68	74	2.242813e+04
63	69	66	1.075136e+03
63	69	67	8.590552e+03
63	69	68	-2.707645e+04
63	69	69	-1.133203e+05
63	69	72	-2.756275e+03
63	69	73	-4.729985e+04
63	69	74	-1.709023e+04
63	70	66	4.044064e+03
63	70	67	4.961330e+04
63	70	68	-7.832926e+03
63	70	69	-9.596969e+04
63	70	72	4.420883e+04
63	70	73	7.586584e+05
63	70	74	2.741161e+05
63	71	66	2.402085e+04
63	71	67	7.752402e+05
63	71	68	4.904049e+05
63	71	70	7.748219e+01
63	71	71	1.833036e+03
63	71	72	7.752208e+02
63	72	63	1.080717e+01
63	72	64	1.002677e+02
63	72	65	3.273903e+02
63	72	66	8.471718e+02
63	72	67	3.316459e+05
63	72	68	2.702722e+05
63	72	70	9.136715e+02
63	72	71	2.161520e+04
63	72	72	9.141419e+03
63	73	63	5.004229e+03
63	73	64	4.642868e+04
63	73	65	1.515972e+05
63	73	70	2.648045e+03
63	73	71	6.264617e+04
63	73	72	2.649408e+04
63	74	63	4.146653e+03
63	74	64	3.847219e+04
63	74	65	1.256179e+05
63	80	59	5.362872e-02
63	80	60	3.807211e+01
63	80	61	4.417517e+01
63	80	62	2.396490e+02
63	80	63	2.668495e+03
63	80	64	2.061472e+03
63	80	65	3.108525e+04
63	80	66	1.312202e+04
63	81	59	2.963776e-01
63	81	60	2.104044e+02
63	81	61	2.441329e+02
63	81	62	2.000780e+04
63	81	63	2.227870e+05
63	81	64	9.226877e+04
63	81	65	7.142559e+05
63	81	66	3.015088e+05
63	82	59	1.298165e+00
63	82	60	9.215932e+02
63	82	61	1.069327e+03
63	82	62	1.277050e+04
63	82	63	1.421997e+05
63	82	64	5.219591e+04
63	82	65	2.981119e+05
63	82	66	1.258420e+05
64	36	81	9.803210e+00
64	36	82	8.108907e+01
64	36	83	1.806097e+01
64	37	81	7.642842e+03
64	37	82	6.321918e+04
64	37	83	1.408081e+04
64	38	81	8.808462e+03
64	38	82	7.286082e+04
64	38	83	1.622830e+04
64	61	72	9.367321e+01
64	61	73	3.237726e+03
64	61	74	1.596964e+03
64	62	72	1.664010e+04
64	62	73	5.751495e+05
64	62	74	2.836846e+05
64	63	72	1.225986e+04
64	63	73	4.237503e+05
64	63	74	2.090091e+05
64	68	67	5.437248e+01
64	68	68	4.035486e+02
64	68	69	1.486279e+03
64	69	67	3.213381e+04
64	69	68	2.384948e+05
64	69	69	8.783819e+05
64	70	66	2.725858e+00
64	70	67	2.828086e+04
64	70	68	2.028481e+05
64	70	69	7.438915e+05
64	71	66	2.563401e+02
64	71	67	1.003505e+05
64	71	68	8.177985e+04
64	71	70	9.156882e+02
64	71	71	2.166291e+04
64	71	72	9.161597e+03
64	72	66	1.680125e+02
64	72	67	6.577257e+04
64	72	68	5.360082e+04
64	72	70	1.079781e+04
64	72	71	2.554494e+05
64	72	72	1.080337e+05
64	73	70	3.129472e+04
64	73	71	7.403554e+05
64	73	72	3.131083e+05
64	76	65	2.393328e-02
64	76	66	3.034393e+00
64	76	67	2.111302e+00
64	77	65	9.474679e+01
64	77	66	1.201252e+04
64	77	67	8.358197e+03
64	78	65	1.009400e+02
64	78	66	1.279774e+04
64	78	67	8.904541e+03
64	80	59	1.944990e+01
64	80	60	1.380787e+04
64	80	61	1.602132e+04
64	80	62	7.148782e+02
64	80	63	7.960176e+03
64	80	64	2.493599e+03
64	80	65	6.598082e+03
64	80	66	2.785248e+03
64	81	59	1.074893e+02
64	81	60	7.630883e+04
64	81	61	8.854135e+04
64	81	62	5.968369e+04
64	81	63	6.645785e+05
64	81	64	1.912388e+05
64	81	65	1.516062e+05
64	81	66	6.399754e+04
64	82	59	4.708144e+02
64	82	60	3.342406e+05
64	82	61	3.878203e+05
64	82	62	3.809469e+04
64	82	63	4.241847e+05
64	82	64	1.206417e+05
64	82	65	6.327653e+04
64	82	66	2.671092e+04
65	36	81	8.166404e+01
65	36	82	6.754993e+02
65	36	83	1.504540e+02
65	37	81	6.366745e+04
65	37	82	5.266371e+05
65	37	83	1.172979e+05
65	38	81	7.337745e+04
65	38	82	6.069552e+05
65	38	83	1.351872e+05
65	61	72	2.063764e+01
65	61	73	7.133206e+02
65	61	74	3.518356e+02
65	62	72	3.666069e+03
65	62	73	1.267142e+05
65	62	74	6.250006e+04
65	63	72	2.701034e+03
65	63	73	9.335868e+04
65	63	74	4.604789e+04
65	68	72	2.567363e-04
65	68	73	2.945008e-01
65	68	74	2.614711e-01
65	69	62	5.571080e+01
65	69	63	7.890263e+02
65	69	64	2.558043e+02
65	69	65	2.054892e+00
65	69	66	6.639064e+00
65	69	67	4.154073e+01
65	69	72	9.440781e+00
65	69	73	1.082947e+04
65	69	74	9.614890e+03
65	70	62	3.422091e+03
65	70	63	4.846673e+04
65	70	64	1.571303e+04
65	70	65	4.141551e+02
65	70	66	1.338076e+03
65	70	67	8.372366e+03
65	70	72	9.639515e+00
65	70	73	1.105743e+04
65	70	74	9.817288e+03
65	71	55	5.382438e+00
65	71	56	-7.271946e+00
65	71	57	5.805178e+01
65	71	62	2.023398e+03
65	71	63	2.865718e+04
65	71	64	9.290728e+03
65	71	65	5.460952e+02
65	71	66	1.764356e+03
65	71	67	1.103961e+04
65	71	70	2.650170e+02
65	71	71	6.269645e+03
65	71	72	2.651535e+03
65	72	55	4.489619e+02
65	72	56	-6.065703e+02
65	72	57	4.842237e+03
65	72	70	3.125086e+03
65	72	71	7.393177e+04
65	72	72	3.126695e+04
65	73	55	2.865022e+02
65	73	56	-3.870790e+02
65	73	57	3.090042e+03
65	73	70	9.057269e+03
65	73	71	2.142725e+05
65	73	72	9.061933e+04
65	76	65	2.963716e-01
65	76	66	3.757564e+01
65	76	67	2.614477e+01
65	77	65	1.173273e+03
65	77	66	1.487540e+05
65	77	67	1.035016e+05
65	78	65	1.249965e+03
65	78	66	1.584775e+05
65	78	67	1.102671e+05
65	80	59	2.392740e+01
65	80	60	1.698654e+04
65	80	61	1.970953e+04
65	81	59	1.322341e+02
65	81	60	9.387565e+04
65	81	61	1.089242e+05
65	82	59	5.791991e+02
65	82	60	4.111851e+05
65	82	61	4.770992e+05
66	36	81	1.829387e+01
66	36	82	1.513212e+02
66	36	83	3.370377e+01
66	37	81	1.426239e+04
66	37	82	1.179740e+05
66	37	83	2.627635e+04
66	38	81	1.643756e+04
66	38	82	1.359664e+05
66	38	83	3.028379e+04
66	68	72	8.403140e-03
66	68	73	9.639194e+00
66	68	74	8.558112e+00
66	69	62	7.556793e+02
66	69	63	1.070261e+04
66	69	64	3.469812e+03
66	69	65	1.124703e+02
66	69	66	3.633755e+02
66	69	67	2.273647e+03
66	69	72	3.090026e+02
66	69	73	3.544552e+05
66	69	74	3.147013e+05
66	70	62	4.641836e+04
66	70	63	6.574184e+05
66	70	64	2.131367e+05
66	70	65	2.266793e+04
66	70	66	7.323686e+04
66	70	67	4.582443e+05
66	70	72	3.155073e+02
66	70	73	3.619166e+05
66	70	74	3.213259e+05
66	71	55	8.262701e+02
66	71	56	-1.116333e+03
66	71	57	8.911659e+03
66	71	62	2.744603e+04
66	71	63	3.887153e+05
66	71	64	1.260224e+05
66	71	65	2.988940e+04
66	71	66	9.656841e+04
66	71	67	6.042302e+05
66	72	55	6.892115e+04
66	72	56	-9.311597e+04
66	72	57	7.433426e+05
66	73	55	4.398159e+04
66	73	56	-5.942136e+04
66	73	57	4.743593e+05
66	76	65	8.393840e-01
66	76	66	1.064218e+02
66	76	67	7.404723e+01
66	77	65	3.322944e+03
66	77	66	4.213012e+05
66	77	67	2.931373e+05
66	77	68	6.619577e+01
66	77	69	4.673419e+02
66	77	70	9.088661e+01
66	78	65	3.540152e+03
66	78	66	4.488401e+05
66	78	67	3.122986e+05
66	78	68	1.057181e+04
66	78	69	7.463690e+04
66	78	70	1.451506e+04
66	79	68	7.657711e+03
66	79	69	5.406340e+04
66	79	70	1.051402e+04
67	64	67	1.168605e+02
67	64	68	2.293539e+02
67	64	69	2.088696e+03
67	65	67	1.385013e+03
67	65	68	2.718268e+03
67	65	69	2.475490e+04
67	66	67	4.016038e+02
67	66	68	7.881999e+02
67	66	69	7.178032e+03
67	68	72	4.061718e-03
67	68	73	4.659174e+00
67	68	74	4.136625e+00
67	69	62	2.386989e+02
67	69	63	3.380667e+03
67	69	64	1.096021e+03
67	69	65	6.440045e+01
67	69	66	2.080687e+02
67	69	67	1.301889e+03
67	69	72	1.493587e+02
67	69	73	1.713285e+05
67	69	74	1.521132e+05
67	70	62	1.466232e+04
67	70	63	2.076609e+05
67	70	64	6.732417e+04
67	70	65	1.297965e+04
67	70	66	4.193540e+04
67	70	67	2.623905e+05
67	70	72	1.525027e+02
67	70	73	1.749350e+05
67	70	74	1.553152e+05
67	71	55	5.945996e+02
67	71	56	-8.033341e+02
67	71	57	6.412998e+03
67	71	62	8.669466e+03
67	71	63	1.227847e+05
67	71	64	3.980712e+04
67	71	65	1.711466e+04
67	71	66	5.529504e+04
67	71	67	3.459820e+05
67	72	55	4.959696e+04
67	72	56	-6.700801e+04
67	72	57	5.349234e+05
67	73	55	3.164998e+04
67	73	56	-4.276073e+04
67	73	57	3.413579e+05
67	77	68	-6.207046e+01
67	77	69	-4.382172e+02
67	77	70	-8.522257e+01
67	78	68	-9.912973e+03
67	78	69	-6.998554e+04
67	78	70	-1.361048e+04
67	79	68	-7.180484e+03
67	79	69	-5.069418e+04
67	79	70	-9.858784e+03
68	64	67	1.596347e+03
68	64	68	3.133040e+03
68	64	69	2.853218e+04
68	65	67	1.891967e+04
68	65	68	3.713231e+04
68	65	69	3.381591e+05
68	66	67	5.486023e+03
68	66	68	1.076704e+04
68	66	69	9.805397e+04
68	68	71	2.341327e+02
68	68	72	2.453100e+03
68	68	73	7.530180e+03
68	69	71	1.867274e+03
68	69	72	1.956416e+04
68	69	73	6.005529e+04
68	70	71	4.035736e+02
68	70	72	4.228398e+03
68	70	73	1.297974e+04
68	72	53	9.057500e-01
68	72	54	2.960725e+03
68	72	55	3.174300e+03
68	73	53	1.323168e+01
68	73	54	4.325184e+04
68	73	55	4.637185e+04
68	74	53	4.368906e+00
68	74	54	1.428112e+04
68	74	55	1.531131e+04
68	77	68	7.815491e+02
68	77	69	5.517733e+03
68	77	70	1.073065e+03
68	78	68	1.248174e+05
68	78	69	8.812104e+05
68	78	70	1.713740e+05
68	79	68	9.041177e+04
68	79	69	6.383067e+05
68	79	70	1.241351e+05
69	64	67	4.322329e+03
69	64	68	8.483134e+03
69	64	69	7.725478e+04
69	65	67	5.122758e+04
69	65	68	1.005408e+05
69	65	69	9.156119e+05
69	66	67	1.485416e+04
69	66	68	2.915322e+04
69	66	69	2.654945e+05
69	68	71	2.920350e+02
69	68	72	3.059764e+03
69	68	73	9.392433e+03
69	69	71	2.329061e+03
69	69	72	2.440247e+04
69	69	73	7.490728e+04
69	70	71	5.033795e+02
69	70	72	5.274102e+03
69	70	73	1.618970e+04
69	72	53	1.076556e+01
69	72	54	3.519057e+04
69	72	55	3.772908e+04
69	73	53	1.572690e+02
69	73	54	5.140825e+05
69	73	55	5.511664e+05
69	74	53	5.192793e+01
69	74	54	1.697425e+05
69	74	55	1.819871e+05
70	63	64	3.569277e-02
70	63	65	4.626289e+00
70	63	66	6.520265e+00
70	64	64	3.924900e+02
70	64	65	5.087227e+04
70	64	66	7.169908e+04
70	65	64	4.077134e+02
70	65	65	5.284543e+04
70	65	66	7.448005e+04
70	68	71	3.861060e+03
70	68	72	4.045383e+04
70	68	73	1.241795e+05
70	69	71	3.079303e+04
70	69	72	3.226306e+05
70	69	73	9.903660e+05
70	70	71	6.655293e+03
70	70	72	6.973009e+04
70	70	73	2.140476e+05
70	72	53	3.127510e+00
70	72	54	1.022324e+04
70	72	55	1.096070e+04
70	73	53	4.568832e+01
70	73	54	1.493464e+05
70	73	55	1.601197e+05
70	74	53	1.508562e+01
70	74	54	4.931201e+04
70	74	55	5.286918e+04
71	63	64	2.187098e-01
71	63	65	2.834789e+01
71	63	66	3.995335e+01
71	64	64	2.405008e+03
71	64	65	3.117232e+05
71	64	66	4.393408e+05
71	65	64	2.498291e+03
71	65	65	3.238138e+05
71	65	66	4.563814e+05
71	80	39	6.372823e+01
71	80	40	1.252509e+03
71	80	41	4.853197e+02
71	81	39	4.982288e+03
71	81	40	9.792142e+04
71	81	41	3.794241e+04
71	82	39	3.131618e+03
71	82	40	6.154853e+04
71	82	41	2.384871e+04
72	63	64	3.722117e-02
72	63	65	4.824392e+00
72	63	66	6.799469e+00
72	64	64	4.092969e+02
72	64	65	5.305067e+04
72	64	66	7.476931e+04
72	65	64	4.251721e+02
72	65	65	5.510833e+04
72	65	66	7.766936e+04
72	80	39	-1.133937e+02
72	80	40	-2.228630e+03
72	80	41	-8.635452e+02
72	81	39	-8.865147e+03
72	81	40	-1.742348e+05
72	81	41	-6.751216e+04
72	82	39	-5.572190e+03
72	82	40	-1.095153e+05
72	82	41	-4.243478e+04
73	14	97	1.508579e-01
73	14	98	2.686442e+03
73	14	99	2.606966e+03
73	15	97	8.660460e-01
73	15	98	1.542234e+04
73	15	99	1.496609e+04
73	16	95	7.675983e+02
73	16	96	3.445298e+03
73	16	97	1.722431e+04
73	16	98	6.599715e+04
73	16	99	6.404468e+04
73	17	95	-1.479678e+03
73	17	96	-6.641406e+03
73	17	97	-3.319569e+04
73	18	95	7.073001e+03
73	18	96	3.174655e+04
73	18	97	1.586785e+05
73	41	88	1.483393e+00
73	41	89	-1.330557e+00
73	41	90	1.765796e+01
73	42	87	3.539671e+01
73	42	88	3.822450e+02
73	42	89	-8.975740e+01
73	42	90	1.761119e+03
73	43	87	1.122564e+04
73	43	88	7.452346e+04
73	43	89	1.342380e+04
73	43	90	2.600638e+03
73	44	87	8.940090e+03
73	44	88	5.917642e+04
73	44	89	1.084677e+04
73	70	55	2.083044e-01
73	70	56	6.449159e+00
73	70	57	3.051678e+00
73	71	55	2.747724e+02
73	71	56	8.507026e+03
73	71	57	4.025440e+03
73	72	55	2.459343e+02
73	72	56	7.614190e+03
73	72	57	3.602959e+03
73	80	39	6.143414e+02
73	80	40	1.207421e+04
73	80	41	4.678492e+03
73	81	39	4.802935e+04
73	81	40	9.439645e+05
73	81	41	3.657656e+05
73	82	39	3.018886e+04
73	82	40	5.933291e+05
73	82	41	2.299020e+05
74	14	97	1.380627e+00
74	14	98	2.458588e+04
74	14	99	2.385853e+04
74	15	97	7.925912e+00
74	15	98	1.411428e+05
74	15	99	1.369672e+05
74	16	95	6.577561e+03
74	16	96	2.952280e+04
74	16	97	1.475975e+05
74	16	98	6.039952e+05
74	16	99	5.861265e+05
74	17	95	-1.267939e+04
74	17	96	-5.691031e+04
74	17	97	-2.844544e+05
74	18	95	6.060865e+04
74	18	96	2.720366e+05
74	18	97	1.359719e+06
74	41	88	3.861448e+02
74	41	89	-3.463597e+02
74	41	90	4.596576e+03
74	42	87	-3.722245e+01
74	42	88	3.826582e+04
74	42	89	-3.458940e+04
74	42	90	4.584403e+05
74	43	87	-1.180465e+04
74	43	88	-2.126677e+04
74	43	89	-6.533360e+04
74	43	90	6.769769e+05
74	44	87	-9.401214e+03
74	44	88	-6.222870e+04
74	44	89	-1.140624e+04
74	70	55	1.107598e+01
74	70	56	3.429151e+02
74	70	57	1.622640e+02
74	71	55	1.461022e+04
74	71	56	4.523362e+05
74	71	57	2.140410e+05
74	72	55	1.307683e+04
74	72	56	4.048622e+05
74	72	57	1.915768e+05
75	14	97	3.331007e-01
75	14	98	5.931780e+03
75	14	99	5.756293e+03
75	15	97	1.912267e+00
75	15	98	3.405320e+04
75	15	99	3.304576e+04
75	16	95	1.507343e+03
75	16	96	6.765575e+03
75	16	97	3.382451e+04
75	16	98	1.457245e+05
75	16	99	1.414134e+05
75	17	95	-2.905663e+03
75	17	96	-1.304181e+04
75	17	97	-6.518681e+04
75	18	95	1.388934e+04
75	18	96	6.234110e+04
75	18	97	3.115991e+05
75	41	88	3.002451e+02
75	41	89	-2.693104e+02
75	41	90	3.574047e+03
75	42	82	1.841622e+02
75	42	83	4.245541e+03
75	42	84	1.777940e+03
75	42	87	4.081897e+02
75	42	88	3.264689e+04
75	42	89	-2.636447e+04
75	42	90	3.564582e+05
75	43	82	4.236636e+03
75	43	83	5.962946e+04
75	43	84	1.935655e+04
75	43	87	1.294525e+05
75	43	88	9.010939e+05
75	43	89	1.173975e+05
75	43	90	5.263803e+05
75	44	82	7.655277e+03
75	44	83	1.323407e+05
75	44	84	4.890607e+04
75	44	87	1.030958e+05
75	44	88	6.824138e+05
75	44	89	1.250834e+05
75	70	55	6.289305e+00
75	70	56	1.947185e+02
75	70	57	9.213888e+01
75	71	55	8.296164e+03
75	71	56	2.568514e+05
75	71	57	1.215395e+05
75	72	55	7.425458e+03
75	72	56	2.298941e+05
75	72	57	1.087836e+05
76	30	104	4.187656e+00
76	30	105	1.000408e+02
76	30	106	4.249399e+01
76	31	104	2.023128e+03
76	31	105	4.833143e+04
76	31	106	2.052957e+04
76	32	104	1.683123e+03
76	32	105	4.020889e+04
76	32	106	1.707939e+04
76	42	82	2.845185e+02
76	42	83	5.991183e+03
76	42	84	2.425148e+03
76	43	82	3.673904e+04
76	43	83	5.036458e+05
76	43	84	1.602395e+05
76	44	82	4.686223e+04
76	44	83	6.735211e+05
76	44	84	2.220067e+05
76	71	66	9.875879e-01
76	71	67	3.679917e+00
76	71	68	2.083821e+01
76	72	66	1.148577e+03
76	72	67	4.279790e+03
76	72	68	2.423511e+04
76	73	66	1.290383e+03
76	73	67	4.808181e+03
76	73	68	2.722722e+04
77	29	104	8.641976e-01
77	29	105	1.578644e+01
77	29	106	5.894372e+00
77	30	104	1.483803e+00
77	30	105	3.333496e+01
77	30	106	1.380692e+01
77	31	104	5.481755e+02
77	31	105	1.302347e+04
77	31	106	5.519890e+03
77	32	104	4.453745e+02
77	32	105	1.063976e+04
77	32	106	4.519411e+03
77	40	94	1.858179e+00
77	40	95	8.826490e+00
77	40	96	4.252565e+01
77	41	94	1.151179e+02
77	41	95	5.468188e+02
77	41	96	2.634549e+03
77	42	82	2.915319e+03
77	42	83	6.824856e+04
77	42	84	2.873466e+04
77	42	94	1.880275e+02
77	42	95	8.931449e+02
77	42	96	4.303134e+03
77	43	82	1.172317e+04
77	43	83	1.896459e+05
77	43	84	6.752039e+04
77	44	82	5.696642e+04
77	44	83	1.235208e+06
77	44	84	5.057562e+05
77	71	66	2.203926e+01
77	71	67	8.212195e+01
77	71	68	4.650308e+02
77	72	66	2.563194e+04
77	72	67	9.550888e+04
77	72	68	5.408367e+05
77	73	66	2.879651e+04
77	73	67	1.073006e+05
77	73	68	6.076094e+05
78	29	104	2.500679e+03
78	29	105	4.568032e+04
78	29	106	1.705621e+04
78	30	104	1.147826e+03
78	30	105	2.130872e+04
78	30	106	8.030788e+03
78	31	104	6.644895e+04
78	31	105	1.378674e+06
78	31	106	5.507624e+05
78	32	104	2.439166e+04
78	32	105	5.827035e+05
78	32	106	2.475129e+05
78	40	94	2.544267e+02
78	40	95	1.208546e+03
78	40	96	5.822723e+03
78	41	94	1.576225e+04
78	41	95	7.487187e+04
78	41	96	3.607294e+05
78	42	94	2.574522e+04
78	42	95	1.222917e+05
78	42	96	5.891964e+05
78	71	66	9.076080e+00
78	71	67	3.381898e+01
78	71	68	1.915063e+02
78	72	66	1.055560e+04
78	72	67	3.933191e+04
78	72	68	2.227242e+05
78	73	66	1.185881e+04
78	73	67	4.418790e+04
78	73	68	2.502222e+05
79	21	100	2.988733e+01
79	21	101	7.011452e+01
79	21	102	5.557398e+02
79	22	100	3.218729e+03
79	22	101	7.551013e+03
79	22	102	5.985064e+04
79	23	100	2.170139e+03
79	23	101	5.091062e+03
79	23	102	4.035264e+04
79	29	104	2.320683e+03
79	29	105	4.239229e+04
79	29	106	1.582852e+04
79	30	104	1.008887e+03
79	30	105	1.842951e+04
79	30	106	6.881246e+03
79	31	104	3.445739e+04
79	31	105	6.294388e+05
79	31	106	2.350211e+05
79	40	94	1.795132e+02
79	40	95	8.527013e+02
79	40	96	4.108278e+03
79	41	94	1.112121e+04
79	41	95	5.282656e+04
79	41	96	2.545161e+05
79	42	94	1.816479e+04
79	42	95	8.628411e+04
79	42	96	4.157131e+05
80	9	84	1.798831e+02
80	9	85	9.189618e+01
80	9	86	2.699288e+03
80	10	84	4.957799e+03
80	10	85	2.532771e+03
80	10	86	7.439569e+04
80	11	84	1.019472e+04
80	11	85	5.208134e+03
80	11	86	1.529797e+05
80	21	100	2.225063e+01
80	21	101	5.219911e+01
80	21	102	4.137392e+02
80	22	100	2.396291e+03
80	22	101	5.621605e+03
80	22	102	4.455782e+04
80	23	100	1.615633e+03
80	23	101	3.790212e+03
80	23	102	3.004188e+04
81	2	84	1.859972e+01
81	2	85	5.735171e+02
81	2	86	1.136476e+03
81	3	84	1.655321e+03
81	3	85	5.104137e+04
81	3	86	1.011431e+05
81	4	84	1.071921e+03
81	4	85	3.305240e+04
81	4	86	6.549630e+04
81	5	85	2.251913e+02
81	5	86	3.603738e+03
81	5	87	1.253422e+03
81	6	85	1.042598e+03
81	6	86	1.668470e+04
81	6	87	5.803132e+03
81	7	85	5.107044e+03
81	7	86	8.172806e+04
81	7	87	2.842597e+04
81	9	84	1.091255e+03
81	9	85	5.574852e+02
81	9	86	1.637514e+04
81	10	84	3.007633e+04
81	10	85	1.536498e+04
81	10	86	4.513190e+05
81	11	84	6.184591e+04
81	11	85	3.159498e+04
81	11	86	9.280467e+05
81	21	100	4.627979e+02
81	21	101	1.085706e+03
81	21	102	8.605493e+03
81	22	100	4.984121e+04
81	22	101	1.169256e+05
81	22	102	9.267722e+05
81	23	100	3.360406e+04
81	23	101	7.883382e+04
81	23	102	6.248506e+05
82	2	84	-3.707412e+01
82	2	85	-1.143170e+03
82	2	86	-2.265294e+03
82	3	84	-3.299490e+03
82	3	85	-1.017389e+05
82	3	86	-2.016047e+05
82	4	84	-2.136621e+03
82	4	85	-6.588212e+04
82	4	86	-1.305513e+05
82	5	85	2.354340e+03
82	5	86	3.767653e+04
82	5	87	1.310434e+04
82	6	85	1.090020e+04
82	6	86	1.744360e+05
82	6	87	6.067085e+04
82	7	85	5.339336e+04
82	7	86	8.544544e+05
82	7	87	2.971892e+05
82	9	84	1.838832e+02
82	9	85	9.393971e+01
82	9	86	2.759313e+03
82	10	84	5.068048e+03
82	10	85	2.589094e+03
82	10	86	7.605005e+04
82	11	84	1.042142e+04
82	11	85	5.323950e+03
82	11	86	1.563816e+05
83	2	84	1.677729e+02
83	2	85	5.173233e+03
83	2	86	1.025123e+04
83	3	84	1.493131e+04
83	3	85	4.604028e+05
83	3	86	9.123295e+05
83	4	84	9.668934e+03
83	4	85	2.981389e+05
83	4	86	5.907890e+05
83	5	85	6.265964e+02
83	5	86	1.002743e+04
83	5	87	3.487656e+03
83	6	85	2.901035e+03
83	6	86	4.642529e+04
83	6	87	1.614726e+04
83	7	85	1.421039e+04
83	7	86	2.274089e+05
83	7	87	7.909547e+04
87	91	37	1.323078e+02
87	91	38	1.020285e+03
87	91	39	3.678527e+03
87	92	37	1.447924e+02
87	92	38	1.116559e+03
87	92	39	4.025632e+03
87	93	37	2.141822e+03
87	93	38	1.651655e+04
87	93	39	5.954862e+04
88	7	87	1.157832e-03
88	7	88	2.921621e+01
88	7	89	2.848858e+01
88	8	87	1.648512e+00
88	8	88	4.159778e+04
88	8	89	4.056179e+04
88	9	87	1.831555e+00
88	9	88	4.621661e+04
88	9	89	4.506559e+04
88	91	37	2.170668e+03
88	91	38	1.673900e+04
88	91	39	6.035063e+04
88	92	37	2.375492e+03
88	92	38	1.831849e+04
88	92	39	6.604530e+04
88	93	37	3.513914e+04
88	93	38	2.709738e+05
88	93	39	9.769662e+05
89	7	87	-1.107126e-03
89	7	88	-2.793671e+01
89	7	89	-2.724095e+01
89	8	87	-1.576317e+00
89	8	88	-3.977604e+04
89	8	89	-3.878542e+04
89	9	87	-1.751344e+00
89	9	88	-4.419260e+04
89	9	89	-4.309199e+04
89	91	37	7.654285e+02
89	91	38	5.902564e+03
89	91	39	2.128105e+04
89	92	37	8.376541e+02
89	92	38	6.459528e+03
89	92	39	2.328912e+04
89	93	37	1.239089e+04
89	93	38	9.555171e+04
89	93	39	3.445012e+05
90	7	87	1.361871e-02
90	7	88	3.436482e+02
90	7	89	3.350897e+02
90	8	87	1.939020e+01
90	8	88	4.892833e+05
90	8	89	4.770978e+05
90	9	87	2.154321e+01
90	9	88	5.436112e+05
90	9	89	5.300726e+05
91	13	92	2.907998e+01
91	13	93	3.910457e+02
91	13	94	1.066343e+03
91	14	92	5.299550e+02
91	14	93	7.126437e+03
91	14	94	1.943310e+04
91	15	92	1.976340e+02
91	15	93	2.657634e+03
91	15	94	7.247108e+03
92	13	92	4.125876e+02
92	13	93	5.548169e+03
92	13	94	1.512931e+04
92	14	92	7.519018e+03
92	14	93	1.011101e+05
92	14	94	2.757174e+05
92	15	92	2.804038e+03
92	15	93	3.770660e+04
92	15	94	1.028222e+05
93	13	92	1.098392e+03
93	13	93	1.477035e+04
93	13	94	4.027729e+04
93	14	92	2.001715e+04
93	14	93	2.691756e+05
93	14	94	7.340155e+05
93	15	92	7.464916e+03
93	15	93	1.003826e+05
93	15	94	2.737335e+05
106	5	103	4.662470e+01
106	5	104	2.740042e+02
106	5	105	1.156031e+03
106	6	103	1.831249e+03
106	6	104	1.076189e+04
106	6	105	4.540469e+04
106	7	103	3.370242e+03
106	7	104	1.980625e+04
106	7	105	8.356308e+04
107	5	103	4.255208e+02
107	5	104	2.500702e+03
107	5	105	1.055053e+04
107	6	103	1.671291e+04
107	6	104	9.821847e+04
107	6	105	4.143864e+05
107	7	103	3.075855e+04
107	7	104	1.807619e+05
107	7	105	7.626394e+05
108	5	103	1.024463e+02
108	5	104	6.020569e+02
108	5	105	2.540094e+03
108	6	103	4.023720e+03
108	6	104	2.364661e+04
108	6	105	9.976567e+04
108	7	103	7.405280e+03
108	7	104	4.351937e+04
108	7	105	1.836094e+05
109	10	101	7.994266e+01
109	10	102	1.056796e+03
109	10	103	3.285711e+02
109	11	101	4.992742e+03
109	11	102	6.600117e+04
109	11	103	2.052059e+04
109	12	101	8.139403e+03
109	12	102	1.075982e+05
109	12	103	3.345364e+04
110	10	101	-1.505960e+02
110	10	102	-1.990792e+03
110	10	103	-6.189623e+02
110	11	101	-9.405329e+03
110	11	102	-1.243330e+05
110	11	103	-3.865670e+04
110	12	101	-1.533301e+04
110	12	102	-2.026935e+05
110	12	103	-6.301997e+04
111	10	101	7.468414e+02
111	10	102	9.872812e+03
111	10	103	3.069582e+03
111	11	101	4.664327e+04
111	11	102	6.165970e+05
111	11	103	1.917078e+05
111	12	101	7.604004e+04
111	12	102	1.005205e+06
111	12	103	3.125310e+05
113	17	94	3.070416e+01
113	17	95	9.551746e+02
113	17	96	4.528192e+02
113	18	94	1.426884e+01
113	18	95	4.438890e+02
113	18	96	2.104343e+02
113	19	94	4.578058e+02
113	19	95	1.424187e+04
113	19	96	6.751635e+03
114	17	94	1.678326e+03
114	17	95	5.221100e+04
114	17	96	2.475164e+04
114	18	94	7.799523e+02
114	18	95	2.426351e+04
114	18	96	1.150259e+04
114	19	94	2.502422e+04
114	19	95	7.784776e+05
114	19	96	3.690525e+05
115	17	94	9.606476e+02
115	17	95	2.988475e+04
115	17	96	1.416745e+04
115	18	94	4.464324e+02
115	18	95	1.388805e+04
115	18	96	6.583903e+03
115	19	94	1.432347e+04
115	19	95	4.455884e+05
115	19	96	2.112399e+05
