0.1533	3.100997e-01	2
53	69	69	1.652035e-05
53	69	70	7.228546e-02
53	69	71	7.677374e-02
53	70	69	7.228546e-02
53	70	70	3.162880e+02
53	70	71	3.359266e+02
53	71	69	7.677374e-02
53	71	70	3.359266e+02
53	71	71	3.567847e+02
54	69	69	1.345647e-02
54	69	70	5.887933e+01
54	69	71	6.253522e+01
54	70	69	5.887933e+01
54	70	70	2.576289e+05
54	70	71	2.736254e+05
54	71	69	6.253522e+01
54	71	70	2.736254e+05
54	71	71	2.906151e+05
55	69	69	1.168267e-02
55	69	70	5.111800e+01
55	69	71	5.429198e+01
55	70	69	5.111800e+01
55	70	70	2.236689e+05
55	70	71	2.375568e+05
55	71	69	5.429198e+01
55	71	70	2.375568e+05
55	71	71	2.523069e+05
71	55	55	1.652035e-05
71	55	56	7.672418e-02
71	55	57	7.233502e-02
71	56	55	7.672418e-02
71	56	56	3.563242e+02
71	56	57	3.359400e+02
71	57	55	7.233502e-02
71	57	56	3.359400e+02
71	57	57	3.167218e+02
72	55	55	1.163311e-02
72	55	56	5.402675e+01
72	55	57	5.093604e+01
72	56	55	5.402675e+01
72	56	56	2.509123e+05
72	56	57	2.365583e+05
72	57	55	5.093604e+01
72	57	56	2.365583e+05
72	57	57	2.230256e+05
73	55	55	1.350603e-02
73	55	56	6.272502e+01
73	55	57	5.913671e+01
73	56	55	6.272502e+01
73	56	56	2.913090e+05
73	56	57	2.746441e+05
73	57	55	5.913671e+01
73	57	56	2.746441e+05
73	57	57	2.589325e+05
