0.0109	-4.867075e+06	773
20	18	103	3.844849e+01
20	18	104	4.013678e+02
20	18	105	1.067080e+02
20	19	103	6.642994e+03
20	19	104	6.934691e+04
20	19	105	1.843664e+04
20	20	103	4.873122e+03
20	20	104	5.087103e+04
20	20	105	1.352462e+04
21	18	103	-2.916212e+01
21	18	104	-3.044264e+02
21	18	105	-8.093510e+01
21	19	103	-5.038528e+03
21	19	104	-5.259771e+04
21	19	105	-1.398368e+04
21	20	103	-3.696129e+03
21	20	104	-3.858427e+04
21	20	105	-1.025805e+04
22	18	103	4.702335e+02
22	18	104	4.908817e+03
22	18	105	1.305063e+03
22	19	103	8.124529e+04
22	19	104	8.481280e+05
22	19	105	2.254842e+05
22	20	103	5.959936e+04
22	20	104	6.221640e+05
22	20	105	1.654091e+05
38	63	37	1.667671e+02
38	63	38	-1.060153e+02
38	63	39	2.087056e+03
38	64	37	-2.621500e+02
38	64	38	1.666511e+02
38	64	39	-3.280753e+03
38	65	37	1.702373e+03
38	65	38	-1.082213e+03
38	65	39	2.130485e+04
39	63	37	5.572825e+03
39	63	38	-3.542693e+03
39	63	39	6.974274e+04
39	64	37	-8.760216e+03
39	64	38	5.568945e+03
39	64	39	-1.096323e+05
39	65	37	5.688787e+04
39	65	38	-3.616411e+04
39	65	39	7.119398e+05
40	63	37	1.076571e+04
40	63	38	-6.843855e+03
40	63	39	1.347306e+05
40	64	37	-1.692318e+04
40	64	38	1.075821e+04
40	64	39	-2.117901e+05
40	65	37	1.098973e+05
40	65	38	-6.986265e+04
40	65	39	1.375342e+06
41	63	71	1.096472e+00
41	63	72	5.157809e-01
41	63	73	1.636157e+01
41	64	71	-6.884236e-01
41	64	72	-3.238346e-01
41	64	73	-1.027266e+01
41	65	71	1.374193e+01
41	65	72	6.464209e+00
41	65	73	2.050572e+02
41	71	51	1.505651e+01
41	71	52	5.738170e+02
41	71	53	2.930566e+02
41	72	51	4.585608e+02
41	72	52	1.747617e+04
41	72	53	8.925330e+03
41	73	51	2.156021e+02
41	73	52	8.216789e+03
41	73	53	4.196433e+03
42	63	71	4.985032e+03
42	63	72	2.344960e+03
42	63	73	7.438666e+04
42	64	71	-3.129867e+03
42	64	72	-1.472290e+03
42	64	73	-4.670389e+04
42	65	71	6.247669e+04
42	65	72	2.938905e+04
42	65	73	9.322774e+05
42	71	51	5.035386e+02
42	71	52	1.919031e+04
42	71	53	9.800767e+03
42	72	51	1.533577e+04
42	72	52	5.844598e+05
42	72	53	2.984921e+05
42	73	51	7.210436e+03
42	73	52	2.747962e+05
42	73	53	1.403424e+05
42	78	69	7.212335e+02
42	78	70	1.041948e+04
42	78	71	3.417946e+03
42	79	69	6.388865e+03
42	79	70	9.229835e+04
42	79	71	3.027701e+04
42	80	69	1.502997e+03
42	80	70	2.171342e+04
42	80	71	7.122743e+03
42	82	62	1.764784e+02
42	82	63	5.416560e+02
42	82	64	3.516083e+03
42	83	62	-2.186966e+02
42	83	63	-6.712340e+02
42	83	64	-4.357221e+03
42	84	62	1.953359e+03
42	84	63	5.995342e+03
42	84	64	3.891791e+04
43	63	71	4.696881e+03
43	63	72	2.209414e+03
43	63	73	7.008688e+04
43	64	71	-2.948951e+03
43	64	72	-1.387187e+03
43	64	73	-4.400426e+04
43	65	71	5.886534e+04
43	65	72	2.769027e+04
43	65	73	8.783889e+05
43	70	66	4.800140e+01
43	70	67	6.171041e+02
43	70	68	1.885564e+02
43	71	51	2.453602e+02
43	71	52	9.350896e+03
43	71	53	4.775638e+03
43	71	66	3.434531e+02
43	71	67	4.415420e+03
43	71	68	1.349133e+03
43	72	51	7.472687e+03
43	72	52	2.847908e+05
43	72	53	1.454468e+05
43	72	66	1.291327e+03
43	72	67	1.660125e+04
43	72	68	5.072519e+03
43	73	51	3.513442e+03
43	73	52	1.339004e+05
43	73	53	6.838488e+04
43	78	69	6.307212e+03
43	78	70	9.111872e+04
43	78	71	2.989005e+04
43	78	74	5.446080e+01
43	78	75	4.512497e+03
43	78	76	2.875200e+03
43	79	69	5.587085e+04
43	79	70	8.071522e+05
43	79	71	2.647735e+05
43	79	74	6.578892e+01
43	79	75	5.451119e+03
43	79	76	3.473256e+03
43	80	69	1.314376e+04
43	80	70	1.898846e+05
43	80	71	6.228864e+04
43	80	74	8.938855e+02
43	80	75	7.406530e+04
43	80	76	4.719173e+04
43	82	62	1.920768e+03
43	82	63	5.895313e+03
43	82	64	3.826859e+04
43	83	62	-2.380265e+03
43	83	63	-7.305623e+03
43	83	64	-4.742342e+04
43	84	62	2.126010e+04
43	84	63	6.525251e+04
43	84	64	4.235774e+05
44	63	78	3.022963e+01
44	63	79	1.902886e+02
44	63	80	3.324778e+01
44	64	78	3.268988e+02
44	64	79	2.057754e+03
44	64	80	3.595366e+02
44	65	78	8.908843e+01
44	65	79	5.607914e+02
44	65	80	9.798308e+01
44	70	66	2.108384e+03
44	70	67	2.710530e+04
44	70	68	8.282034e+03
44	71	61	4.567522e+00
44	71	62	4.582177e+00
44	71	63	7.310966e+01
44	71	66	1.508563e+04
44	71	67	1.939402e+05
44	71	68	5.925849e+04
44	72	61	6.309447e+01
44	72	62	6.329691e+01
44	72	63	1.009916e+03
44	72	66	5.671948e+04
44	72	67	7.291833e+05
44	72	68	2.228022e+05
44	73	61	2.015148e+01
44	73	62	2.021613e+01
44	73	63	3.225529e+02
44	78	69	1.468881e+03
44	78	70	2.122055e+04
44	78	71	6.961066e+03
44	78	74	-2.539550e+00
44	78	75	-2.104213e+02
44	78	76	-1.340728e+02
44	79	69	1.301171e+04
44	79	70	1.879769e+05
44	79	71	6.166285e+04
44	79	74	-3.067790e+00
44	79	75	-2.541900e+02
44	79	76	-1.619607e+02
44	80	69	3.061037e+03
44	80	70	4.422205e+04
44	80	71	1.450634e+04
44	80	74	-4.168259e+01
44	80	75	-3.453723e+03
44	80	76	-2.200588e+03
44	82	62	5.786427e+03
44	82	63	1.775998e+04
44	82	64	1.152864e+05
44	83	62	-7.170689e+03
44	83	63	-2.200862e+04
44	83	64	-1.428658e+05
44	84	62	6.404731e+04
44	84	63	1.965770e+05
44	84	64	1.276052e+06
45	63	78	9.204731e+03
45	63	79	5.794168e+04
45	63	80	1.012374e+04
45	64	78	9.953861e+04
45	64	79	6.265729e+05
45	64	80	1.094766e+05
45	65	78	2.712686e+04
45	65	79	1.707574e+05
45	65	80	2.983523e+04
45	70	53	1.488328e+01
45	70	54	2.378353e+02
45	70	55	6.013807e+02
45	70	66	1.129143e+03
45	70	67	1.451622e+04
45	70	68	4.435436e+03
45	71	53	1.736351e+02
45	71	54	2.774695e+03
45	71	55	7.015980e+03
45	71	61	2.716379e+03
45	71	62	2.725095e+03
45	71	63	4.347950e+04
45	71	66	8.079092e+03
45	71	67	1.038645e+05
45	71	68	3.173583e+04
45	72	53	4.982521e+01
45	72	54	7.962087e+02
45	72	55	2.013261e+03
45	72	61	3.752331e+04
45	72	62	3.764370e+04
45	72	63	6.006137e+05
45	72	66	3.037606e+04
45	72	67	3.905134e+05
45	72	68	1.193215e+05
45	73	61	1.198441e+04
45	73	62	1.202286e+04
45	73	63	1.918275e+05
45	78	74	7.530577e+02
45	78	75	6.239663e+04
45	78	76	3.975687e+04
45	79	74	9.096975e+02
45	79	75	7.537544e+04
45	79	76	4.802650e+04
45	80	74	1.236022e+04
45	80	75	1.024139e+06
45	80	76	6.525444e+05
46	63	78	7.295972e+03
46	63	79	4.592648e+04
46	63	80	8.024407e+03
46	64	78	7.889757e+04
46	64	79	4.966422e+05
46	64	80	8.677476e+04
46	65	78	2.150164e+04
46	65	79	1.353479e+05
46	65	80	2.364838e+04
46	70	53	1.342279e+03
46	70	54	2.144967e+04
46	70	55	5.423676e+04
46	71	53	1.565963e+04
46	71	54	2.502416e+05
46	71	55	6.327506e+05
46	71	61	3.195024e+03
46	71	62	3.205275e+03
46	71	63	5.114088e+04
46	72	53	4.493589e+03
46	72	54	7.180772e+04
46	72	55	1.815701e+05
46	72	61	4.413516e+04
46	72	62	4.427677e+04
46	72	63	7.064458e+05
46	73	51	6.076320e+02
46	73	52	-5.892739e+02
46	73	53	7.127301e+03
46	73	61	1.409614e+04
46	73	62	1.414137e+04
46	73	63	2.256287e+05
46	74	51	5.569733e+03
46	74	52	-5.401457e+03
46	74	53	6.533092e+04
46	75	51	1.345423e+03
46	75	52	-1.304775e+03
46	75	53	1.578132e+04
47	70	53	8.717683e+02
47	70	54	1.393089e+04
47	70	55	3.522508e+04
47	71	53	1.017044e+04
47	71	54	1.625241e+05
47	71	55	4.109518e+05
47	72	53	2.918446e+03
47	72	54	4.663687e+04
47	72	55	1.179241e+05
47	73	51	9.954324e+03
47	73	52	-9.653579e+03
47	73	53	1.167606e+05
47	74	51	9.124425e+04
47	74	52	-8.848753e+04
47	74	53	1.070262e+06
47	75	51	2.204094e+04
47	75	52	-2.137502e+04
47	75	53	2.585321e+05
48	73	51	3.507307e+03
48	73	52	-3.401342e+03
48	73	53	4.113942e+04
48	74	51	3.214900e+04
48	74	52	-3.117769e+04
48	74	53	3.770960e+05
48	75	51	7.765904e+03
48	75	52	-7.531276e+03
48	75	53	9.109121e+04
48	81	67	1.505420e+00
48	81	68	9.189158e+01
48	81	69	1.506182e+02
48	82	67	-1.548467e+00
48	82	68	-9.451913e+01
48	82	69	-1.549250e+02
48	83	67	1.744433e+01
48	83	68	1.064810e+03
48	83	69	1.745315e+03
49	81	67	6.009989e+02
49	81	68	3.668526e+04
49	81	69	6.013029e+04
49	82	67	-6.181839e+02
49	82	68	-3.773424e+04
49	82	69	-6.184966e+04
49	83	67	6.964181e+03
49	83	68	4.250969e+05
49	83	69	6.967704e+05
49	87	44	2.157141e+01
49	87	45	9.517764e+03
49	87	46	1.148737e+04
49	88	44	1.690609e+02
49	88	45	7.459328e+04
49	88	46	9.002960e+04
49	89	44	3.600842e+01
49	89	45	1.588768e+04
49	89	46	1.917547e+04
50	57	53	5.327153e-03
50	57	54	-6.967792e-03
50	57	55	5.804005e-02
50	58	53	1.869685e+01
50	58	54	-2.445504e+01
50	58	55	2.037047e+02
50	59	53	1.747121e+01
50	59	54	-2.285194e+01
50	59	55	1.903512e+02
50	67	65	1.321443e+01
50	67	66	1.786193e+02
50	67	67	5.630071e+01
50	68	65	7.573949e+02
50	68	66	1.023770e+04
50	68	67	3.226917e+03
50	69	62	1.059004e+02
50	69	63	2.702703e+03
50	69	64	5.706260e+03
50	69	65	1.304858e+03
50	69	66	2.161857e+04
50	69	67	1.209413e+04
50	70	62	8.427737e+02
50	70	63	2.150859e+04
50	70	64	4.601804e+04
50	70	65	-7.224663e+02
50	70	66	4.307684e+04
50	70	67	5.465573e+04
50	71	62	9.649651e+02
50	71	63	1.105189e+04
50	71	64	2.524388e+04
50	71	65	-2.498767e+04
50	71	66	1.431455e+05
50	71	67	1.200030e+04
50	72	62	5.532343e+03
50	72	63	4.529308e+04
50	72	64	1.587712e+04
50	72	65	-1.049369e+04
50	72	66	5.650133e+04
50	73	62	1.076494e+03
50	73	63	8.813215e+03
50	73	64	1.946511e+03
50	75	71	1.463355e+01
50	75	72	2.271169e+02
50	75	73	5.814549e+02
50	76	71	-7.148622e+00
50	76	72	-1.109486e+02
50	76	73	-2.840459e+02
50	77	71	1.880494e+02
50	77	72	2.918580e+03
50	77	73	7.472024e+03
50	81	67	4.907689e+02
50	81	68	2.995677e+04
50	81	69	4.910172e+04
50	82	67	-5.048020e+02
50	82	68	-3.081335e+04
50	82	69	-5.050574e+04
50	83	67	5.686872e+03
50	83	68	3.471294e+05
50	83	69	5.689749e+05
50	87	44	-3.602930e+01
50	87	45	-1.589690e+04
50	87	46	-1.918660e+04
50	88	44	-2.823714e+02
50	88	45	-1.245883e+05
50	88	46	-1.503705e+05
50	89	44	-6.014250e+01
50	89	45	-2.653615e+04
50	89	46	-3.202753e+04
51	57	53	1.368486e+01
51	57	54	-1.789947e+01
51	57	55	1.490984e+02
51	58	53	4.803010e+04
51	58	54	-6.282225e+04
51	58	55	5.232944e+05
51	59	53	4.488158e+04
51	59	54	-5.870406e+04
51	59	55	4.889909e+05
51	64	61	6.449790e+02
51	64	62	7.952172e+02
51	64	63	1.214939e+04
51	64	64	3.943910e+02
51	65	61	1.052214e+02
51	65	62	5.791308e+03
51	65	63	3.792967e+04
51	65	64	6.397864e+03
51	66	61	9.208511e+03
51	66	62	8.324289e+03
51	66	63	1.542259e+05
51	66	64	2.242079e+03
51	67	65	4.654080e+02
51	67	66	6.290913e+03
51	67	67	1.982893e+03
51	68	65	2.667521e+04
51	68	66	3.605684e+05
51	68	67	1.136510e+05
51	69	62	1.692400e+03
51	69	63	4.319206e+04
51	69	64	9.119206e+04
51	69	65	4.441410e+04
51	69	66	6.024051e+05
51	69	67	1.926106e+05
51	70	60	1.871964e+01
51	70	61	3.103149e+02
51	70	62	1.358769e+04
51	70	63	3.439729e+05
51	70	64	7.250685e+05
51	70	65	4.715211e+03
51	70	66	1.284363e+04
51	70	67	2.828817e+04
51	71	60	2.977565e+03
51	71	61	4.977642e+04
51	71	62	5.616073e+04
51	71	63	1.170097e+05
51	71	64	1.460534e+05
51	71	65	2.507144e+04
51	71	66	-1.444894e+05
51	71	67	9.040092e+03
51	71	68	1.852201e+03
51	72	60	4.061830e+03
51	72	61	6.771464e+04
51	72	62	7.421427e+04
51	72	63	1.806312e+05
51	72	64	3.004645e+04
51	72	65	5.240287e+04
51	72	66	-6.137971e+04
51	72	67	5.675070e+04
51	72	68	3.715465e+04
51	72	69	1.397631e-01
51	72	70	1.264004e+02
51	72	71	-1.497527e+02
51	72	72	1.386334e+03
51	73	62	5.012686e+03
51	73	63	2.969354e+04
51	73	64	2.148725e+04
51	73	65	-1.610577e+02
51	73	66	3.267332e+01
51	73	67	2.221256e+04
51	73	68	1.492750e+04
51	73	69	4.106324e+02
51	73	70	1.909705e+04
51	73	71	-1.552618e+04
51	73	72	1.437335e+05
51	74	62	3.693705e+03
51	74	63	-3.470008e+03
51	74	64	4.360495e+04
51	74	65	2.762236e+03
51	74	66	3.511617e+03
51	74	68	4.143449e+02
51	74	69	4.419290e+02
51	74	70	1.530565e+04
51	74	71	-1.038754e+04
51	74	72	9.616256e+04
51	75	71	1.050864e+03
51	75	72	1.630970e+04
51	75	73	4.175541e+04
51	76	71	-5.133564e+02
51	76	72	-7.967437e+03
51	76	73	-2.039789e+04
51	77	56	8.603632e+01
51	77	57	1.105683e+04
51	77	58	7.712452e+03
51	77	71	1.350419e+04
51	77	72	2.095889e+05
51	77	73	5.365806e+05
51	78	49	1.448609e+01
51	78	50	1.206093e+02
51	78	51	2.700639e+01
51	78	56	1.310996e+02
51	78	57	-9.829441e+03
51	78	58	-8.731221e+03
51	79	49	6.934232e+03
51	79	50	5.773351e+04
51	79	51	1.292748e+04
51	79	56	3.117164e+03
51	79	57	1.791118e+05
51	79	58	1.093693e+05
51	80	49	5.763915e+03
51	80	50	4.798960e+04
51	80	51	1.074566e+04
51	80	56	5.031322e+02
51	80	57	1.517887e+04
51	80	58	7.110173e+03
51	87	44	2.144712e+02
51	87	45	9.462927e+04
51	87	46	1.142118e+05
51	88	44	1.680869e+03
51	88	45	7.416351e+05
51	88	46	8.951088e+05
51	89	44	3.580095e+02
51	89	45	1.579614e+05
51	89	46	1.906499e+05
52	57	53	1.480279e+01
52	57	54	-1.936170e+01
52	57	55	1.612784e+02
52	58	53	5.195373e+04
52	58	54	-6.795426e+04
52	58	55	5.660429e+05
52	59	53	4.854800e+04
52	59	54	-6.349966e+04
52	59	55	5.289371e+05
52	64	51	1.996790e+01
52	64	52	3.666471e+02
52	64	53	1.372650e+02
52	64	61	-5.679892e+02
52	64	62	6.913667e+03
52	64	63	3.764497e+04
52	64	64	8.170314e+03
52	65	51	5.494470e+01
52	65	52	1.008885e+03
52	65	53	3.777056e+02
52	65	61	-9.266134e+01
52	65	62	1.184147e+05
52	65	63	7.508426e+05
52	65	64	1.325400e+05
52	66	51	3.862728e+02
52	66	52	7.092676e+03
52	66	53	2.655350e+03
52	66	61	-8.109309e+03
52	66	62	3.595408e+04
52	66	63	1.390158e+05
52	66	64	4.644753e+04
52	67	55	8.209033e+02
52	67	56	-1.194096e+03
52	67	57	8.634204e+03
52	67	63	1.762335e-02
52	67	64	-1.992726e-02
52	67	65	2.313315e+02
52	67	66	3.124203e+03
52	67	67	9.847474e+02
52	68	55	1.840382e+03
52	68	56	-2.677043e+03
52	68	57	1.935701e+04
52	68	63	4.461146e+03
52	68	64	-5.044355e+03
52	68	65	6.382849e+04
52	68	66	1.790660e+05
52	68	67	5.644153e+04
52	69	55	1.510460e+04
52	69	56	-2.193263e+04
52	69	57	1.589312e+05
52	69	58	6.652714e+02
52	69	62	5.881883e+02
52	69	63	1.950911e+04
52	69	64	2.670602e+04
52	69	65	7.549835e+04
52	69	66	3.710159e+05
52	69	67	1.949199e+05
52	70	56	5.719776e+02
52	70	57	9.161367e+02
52	70	58	9.827908e+03
52	70	60	-1.472152e+01
52	70	61	-2.437527e+02
52	70	62	4.873510e+03
52	70	63	1.277064e+05
52	70	64	2.751113e+05
52	70	65	9.493926e+04
52	70	66	6.888628e+05
52	70	67	8.212616e+05
52	70	68	3.949740e+02
52	71	56	1.900943e+02
52	71	57	3.044741e+02
52	71	58	3.266263e+03
52	71	60	-2.341621e+03
52	71	61	-3.811367e+04
52	71	62	5.706395e+04
52	71	63	2.157450e+05
52	71	64	3.321409e+05
52	71	65	-2.715795e+05
52	71	66	1.683990e+06
52	71	67	2.196944e+05
52	71	68	2.972247e+04
52	72	60	-3.194310e+03
52	72	61	-5.159442e+04
52	72	62	1.539196e+05
52	72	63	1.006362e+06
52	72	64	3.289523e+05
52	72	65	3.854802e+05
52	72	66	7.033104e+05
52	72	67	6.424864e+05
52	72	68	4.290866e+05
52	72	69	1.190374e+01
52	72	70	-4.797758e+01
52	72	71	2.747562e+02
52	72	72	-2.543553e+03
52	73	61	3.717570e+02
52	73	62	5.524713e+04
52	73	63	1.561887e+05
52	73	64	3.831308e+05
52	73	65	-2.940712e+04
52	73	66	-3.477274e+04
52	73	67	2.444049e+05
52	73	68	1.928021e+05
52	73	69	3.497389e+04
52	73	70	5.053693e+05
52	73	71	2.848640e+04
52	73	72	-2.637125e+05
52	74	61	5.525983e-01
52	74	62	8.636312e+04
52	74	63	-8.106660e+04
52	74	64	1.020882e+06
52	74	65	5.043498e+05
52	74	66	6.411774e+05
52	74	68	3.529008e+04
52	74	69	3.763944e+04
52	74	70	5.535130e+05
52	74	71	1.905837e+04
52	74	72	-1.764326e+05
52	75	57	4.970582e+01
52	75	58	3.092939e+02
52	75	59	5.343715e+01
52	75	61	4.030001e+01
52	75	62	1.774748e+03
52	75	63	3.162431e+03
52	75	71	1.659584e+03
52	75	72	2.575721e+04
52	75	73	6.594251e+04
52	76	57	5.996299e+03
52	76	58	3.731190e+04
52	76	59	6.446431e+03
52	76	61	6.342886e+01
52	76	62	2.793306e+03
52	76	63	4.977403e+03
52	76	71	-8.107217e+02
52	76	72	-1.258263e+04
52	76	73	-3.221351e+04
52	77	56	-8.931744e+01
52	77	57	-7.345011e+03
52	77	58	1.771402e+04
52	77	59	4.443785e+03
52	77	71	2.132659e+04
52	77	72	3.309947e+05
52	77	73	8.473985e+05
52	78	49	1.530605e+02
52	78	50	1.274361e+03
52	78	51	2.853503e+02
52	78	56	3.112209e+03
52	78	57	1.082017e+05
52	78	58	5.496871e+04
52	79	49	7.326730e+04
52	79	50	6.100140e+05
52	79	51	1.365921e+05
52	79	56	2.373254e+04
52	79	57	6.276659e+05
52	79	58	2.675749e+05
52	80	49	6.090169e+04
52	80	50	5.070596e+05
52	80	51	1.135389e+05
52	80	56	5.502518e+03
52	80	57	1.660041e+05
52	80	58	7.776059e+04
52	85	54	1.958300e-06
52	85	55	6.416141e-01
52	85	56	6.371441e-01
52	86	54	1.189131e-03
52	86	55	3.896048e+02
52	86	56	3.868905e+02
52	86	63	8.054680e+01
52	86	64	2.243686e+03
52	86	65	4.597195e+03
52	87	54	1.396341e-03
52	87	55	4.574947e+02
52	87	56	4.543074e+02
52	87	63	1.295807e+03
52	87	64	3.609558e+04
52	87	65	7.395797e+04
52	88	63	4.520183e+02
52	88	64	1.259128e+04
52	88	65	2.579887e+04
53	56	77	4.510221e+01
53	56	78	9.246812e+01
53	56	79	8.136097e+02
53	57	77	-4.200462e+00
53	57	78	-8.611747e+00
53	57	79	-7.577316e+01
53	58	77	6.191038e+02
53	58	78	1.269281e+03
53	58	79	1.116816e+04
53	64	51	1.282843e+03
53	64	52	2.355535e+04
53	64	53	8.818630e+03
53	64	61	7.702718e+03
53	64	62	8.190388e+03
53	64	63	1.367992e+05
53	64	64	3.248415e+03
53	65	51	3.529938e+03
53	65	52	6.481612e+04
53	65	53	2.426580e+04
53	65	61	1.256616e+03
53	65	62	4.796795e+04
53	65	63	3.184012e+05
53	65	64	5.269623e+04
53	66	51	2.481621e+04
53	66	52	4.556710e+05
53	66	53	1.705937e+05
53	66	61	1.099734e+05
53	66	62	9.198585e+04
53	66	63	1.794695e+06
53	66	64	1.846696e+04
53	67	55	-8.687320e+02
53	67	56	1.263669e+03
53	67	57	-9.137264e+03
53	67	63	2.571186e-01
53	67	64	5.498548e-01
53	67	65	1.122723e+02
53	67	66	1.540316e+02
53	68	55	-1.947609e+03
53	68	56	2.833017e+03
53	68	57	-2.048482e+04
53	68	60	3.799660e+00
53	68	61	4.108825e+02
53	68	62	3.271620e+02
53	68	63	6.597033e+04
53	68	64	-7.324078e+04
53	68	65	7.418578e+05
53	68	66	5.622953e+03
53	68	67	3.127600e+03
53	68	68	6.792883e+03
53	68	69	2.637052e+02
53	68	70	1.113958e+02
53	69	55	-1.598465e+04
53	69	56	2.629967e+04
53	69	57	-1.632431e+05
53	69	58	5.237519e+04
53	69	60	2.199787e+02
53	69	61	2.378097e+04
53	69	62	1.700610e+04
53	69	63	8.271621e+04
53	69	64	-5.934818e+04
53	69	65	7.515249e+05
53	69	66	4.711987e+03
53	69	67	1.042720e+04
53	69	68	2.372084e+04
53	69	69	2.621793e+04
53	69	70	1.107512e+04
53	70	56	4.503039e+04
53	70	57	7.212520e+04
53	70	58	7.737271e+05
53	70	59	1.020796e+02
53	70	60	4.527393e+02
53	70	61	4.489075e+04
53	70	62	3.468646e+04
53	70	63	3.018615e+05
53	70	64	5.150421e+05
53	70	65	3.103571e+05
53	70	66	4.531141e+04
53	70	67	6.751960e+04
53	70	68	1.420710e+05
53	70	69	1.738871e+04
53	70	70	7.345433e+03
53	71	56	1.496566e+04
53	71	57	2.397050e+04
53	71	58	2.571449e+05
53	71	59	5.120418e+03
53	71	60	2.891739e+04
53	71	61	6.833229e+05
53	71	62	7.973330e+05
53	71	63	6.026160e+05
53	71	64	4.123325e+05
53	71	65	1.064859e+05
53	71	66	6.204172e+04
53	71	67	1.967045e+05
53	71	68	7.637134e+04
53	71	69	2.878374e+02
53	72	56	2.761457e+01
53	72	57	-3.242511e+01
53	72	58	3.101304e+02
53	72	59	2.857860e+03
53	72	60	4.529537e+04
53	72	61	9.000310e+05
53	72	62	1.174718e+06
53	72	63	5.162530e+05
53	72	64	1.781998e+04
53	72	65	1.537532e+06
53	72	66	1.074033e+05
53	72	67	3.970675e+05
53	72	68	2.815233e+05
53	72	69	2.005830e+04
53	72	70	1.294079e+03
53	72	71	-1.420130e+03
53	72	72	1.314684e+04
53	73	56	1.298115e+03
53	73	57	-1.524251e+03
53	73	58	1.457872e+04
53	73	61	1.747229e+04
53	73	62	1.957699e+05
53	73	63	3.991425e+04
53	73	64	1.527525e+05
53	73	65	1.086390e+05
53	73	66	1.603122e+04
53	73	67	6.896552e+04
53	73	68	9.027432e+04
53	73	69	5.430479e+04
53	73	70	4.613982e+05
53	73	71	-1.472374e+05
53	73	72	1.363049e+06
53	74	56	2.272540e+03
53	74	57	-2.668424e+03
53	74	58	2.552217e+04
53	74	61	3.298134e+01
53	74	62	3.776933e+04
53	74	63	-2.949822e+04
53	74	64	4.376199e+05
53	74	65	4.596908e+05
53	74	66	4.958385e+05
53	74	68	2.262782e+04
53	74	69	2.413422e+04
53	74	70	4.468068e+05
53	74	71	-9.850682e+04
53	74	72	9.119258e+05
53	75	57	8.494734e+02
53	75	58	5.285838e+03
53	75	59	9.132419e+02
53	75	61	2.405271e+03
53	75	62	1.059243e+05
53	75	63	1.887469e+05
53	75	68	1.244429e+01
53	75	69	1.082563e+02
53	75	70	3.654902e+02
53	76	57	1.024769e+05
53	76	58	6.376610e+05
53	76	59	1.101696e+05
53	76	61	3.785695e+03
53	76	62	1.667160e+05
53	76	63	2.970719e+05
53	76	68	2.245987e+03
53	76	69	1.932093e+04
53	76	70	6.563817e+04
53	77	56	9.949692e+02
53	77	57	1.985085e+05
53	77	58	5.287564e+05
53	77	59	7.594437e+04
53	77	68	3.006222e+03
53	77	69	2.589198e+04
53	77	70	8.790263e+04
53	78	49	4.104189e+01
53	78	50	3.417094e+02
53	78	51	7.651432e+01
53	78	56	-8.061042e+02
53	78	57	-1.837309e+05
53	78	58	-1.337895e+05
53	79	49	1.964602e+04
53	79	50	1.635702e+05
53	79	51	3.662603e+04
53	79	56	1.676873e+04
53	79	57	1.489696e+06
53	79	58	9.923459e+05
53	80	49	1.633028e+04
53	80	50	1.359638e+05
53	80	51	3.044452e+04
53	80	56	1.511340e+03
53	80	57	4.559524e+04
53	80	58	2.135799e+04
53	85	54	1.086739e-03
53	85	55	3.560573e+02
53	85	56	3.535768e+02
53	86	54	6.598964e-01
53	86	55	2.162073e+05
53	86	56	2.147010e+05
53	86	63	7.752806e+02
53	86	64	2.159597e+04
53	86	65	4.424901e+04
53	87	54	7.748854e-01
53	87	55	2.538821e+05
53	87	56	2.521134e+05
53	87	63	1.247243e+04
53	87	64	3.474279e+05
53	87	65	7.118617e+05
53	88	63	4.350776e+03
53	88	64	1.211938e+05
53	88	65	2.483198e+05
53	91	60	1.808545e+00
53	91	61	-1.984302e+00
53	91	62	2.065453e+01
53	92	60	1.023884e+02
53	92	61	-1.123386e+02
53	92	62	1.169329e+03
53	93	60	1.709032e+02
53	93	61	-1.875118e+02
53	93	62	1.951805e+03
54	6	114	1.491245e+02
54	6	115	2.348237e+03
54	6	116	8.094151e+02
54	7	114	-8.190334e+01
54	7	115	-1.289717e+03
54	7	116	-4.445534e+02
54	8	114	1.895782e+03
54	8	115	2.985254e+04
54	8	116	1.028989e+04
54	56	77	4.002255e+03
54	56	78	8.205384e+03
54	56	79	7.219765e+04
54	57	76	1.789941e-01
54	57	77	-3.634862e+02
54	57	78	-7.483846e+02
54	57	79	-6.723916e+03
54	58	57	3.262984e+00
54	58	58	-3.537507e+00
54	58	59	3.736920e+01
54	58	76	1.110232e+00
54	58	77	5.499508e+04
54	58	78	1.127307e+05
54	58	79	9.910342e+05
54	59	57	5.394637e+01
54	59	58	-5.848501e+01
54	59	59	6.178187e+02
54	59	76	1.912178e-01
54	59	77	9.883911e+00
54	59	78	1.687883e+01
54	60	57	1.344715e+02
54	60	58	-1.457850e+02
54	60	59	1.540030e+03
54	64	51	2.077591e+03
54	64	52	3.814837e+04
54	64	53	1.428196e+04
54	64	63	1.446937e+03
54	64	64	2.913327e+03
54	64	65	1.499565e+04
54	64	66	3.744423e-01
54	64	67	4.376881e+03
54	64	68	4.541456e+03
54	65	51	5.716808e+03
54	65	52	1.049711e+05
54	65	53	3.929897e+04
54	65	63	1.480038e+03
54	65	64	3.923113e+04
54	65	65	2.978100e+04
54	65	66	3.752124e+00
54	65	67	4.385882e+04
54	65	68	4.550796e+04
54	65	70	2.722861e+01
54	65	71	2.049650e+03
54	65	72	1.276646e+03
54	66	51	4.019036e+04
54	66	52	7.379686e+05
54	66	53	2.762800e+05
54	66	59	3.480666e-04
54	66	60	9.877509e-01
54	66	61	9.159804e-01
54	66	63	1.745938e+04
54	66	64	1.094341e+05
54	66	65	1.835072e+05
54	66	66	9.686663e-01
54	66	67	1.132280e+04
54	66	68	1.174855e+04
54	66	70	4.640172e+02
54	66	71	3.492917e+04
54	66	72	2.175600e+04
54	67	55	9.453181e+03
54	67	56	-1.375072e+04
54	67	57	9.942791e+04
54	67	59	1.480083e-02
54	67	60	4.200212e+01
54	67	61	4.795532e+01
54	67	62	1.221637e+03
54	67	63	8.807822e+03
54	67	64	2.000143e+03
54	67	65	1.031151e+04
54	67	66	1.360511e+04
54	67	70	1.670319e+02
54	67	71	1.257342e+04
54	67	72	7.831489e+03
54	68	55	2.119307e+04
54	68	56	-3.082772e+04
54	68	57	2.229073e+05
54	68	59	7.843577e-03
54	68	60	2.746716e+01
54	68	61	5.831227e+02
54	68	62	9.202079e+03
54	68	63	8.682998e+04
54	68	64	2.164887e+01
54	68	65	6.870638e+05
54	68	66	5.134281e+05
54	68	67	1.936669e+04
54	68	68	4.201104e+04
54	68	69	1.569948e+03
54	68	70	6.631857e+02
54	69	55	1.739383e+05
54	69	56	-2.510937e+05
54	69	57	1.832545e+06
54	69	58	3.297500e+04
54	69	60	8.036475e+02
54	69	61	4.035091e+04
54	69	62	6.410692e+04
54	69	63	1.297776e+05
54	69	64	4.223940e+04
54	69	65	4.894312e+05
54	69	66	3.316289e+05
54	69	67	7.053036e+04
54	69	68	1.545662e+05
54	69	69	1.560863e+05
54	69	70	6.593482e+04
54	70	56	2.835077e+04
54	70	57	4.540945e+04
54	70	58	4.871323e+05
54	70	59	4.113807e+02
54	70	60	4.416647e+03
54	70	61	1.457642e+05
54	70	62	3.330198e+05
54	70	63	4.713555e+05
54	70	64	4.396733e+05
54	70	65	1.304192e+06
54	70	66	1.303067e+06
54	70	67	5.313614e+05
54	70	68	9.217142e+05
54	70	69	1.035223e+05
54	70	70	4.373045e+04
54	71	56	9.422258e+03
54	71	57	1.509163e+04
54	71	58	1.618963e+05
54	71	59	2.063528e+04
54	71	60	5.341813e+03
54	71	61	1.115288e+06
54	71	62	1.057969e+06
54	71	63	6.179099e+05
54	71	64	1.490463e+06
54	71	65	1.122936e+06
54	71	66	9.635089e+05
54	71	67	1.151809e+06
54	71	68	2.702869e+05
54	71	69	4.559217e+03
54	72	51	1.716026e+01
54	72	52	8.903398e+03
54	72	53	7.455500e+03
54	72	56	3.754487e+02
54	72	57	-4.408530e+02
54	72	58	4.389684e+03
54	72	59	1.448212e+04
54	72	60	-4.835623e+03
54	72	61	5.632824e+05
54	72	62	1.425165e+06
54	72	63	4.840409e+05
54	72	64	3.701172e+05
54	72	65	5.638717e+05
54	72	66	5.126069e+05
54	72	67	1.210290e+06
54	72	68	8.062213e+05
54	72	69	3.123109e+05
54	73	51	-2.555203e+01
54	73	52	-1.355813e+04
54	73	53	-1.132696e+04
54	73	56	1.764922e+04
54	73	57	-2.072377e+04
54	73	58	2.007893e+05
54	73	59	4.412156e+04
54	73	60	1.593105e+04
54	73	61	3.150099e+04
54	73	62	3.226347e+05
54	73	63	1.483791e+05
54	73	64	1.120421e+05
54	73	65	9.362331e+05
54	73	66	2.098621e+05
54	73	67	9.635255e+04
54	73	68	3.911037e+05
54	73	69	4.964306e+05
54	74	51	4.571715e+02
54	74	52	1.042648e+05
54	74	53	9.893405e+04
54	74	56	3.089754e+04
54	74	57	-3.627998e+04
54	74	58	3.478603e+05
54	74	59	1.472589e+04
54	74	60	5.340056e+03
54	74	61	3.245167e+03
54	74	62	6.913455e+03
54	74	63	1.677009e+04
54	74	64	1.031642e+05
54	74	65	6.227061e+04
54	74	66	-2.684231e+04
54	75	51	2.308951e+02
54	75	52	1.013675e+04
54	75	53	1.807815e+04
54	75	56	1.083940e+01
54	75	57	4.220471e+02
54	75	58	1.936931e+03
54	75	59	3.292403e+02
54	75	61	3.963645e+03
54	75	62	1.745526e+05
54	75	63	3.122443e+05
54	75	64	1.277774e+04
54	75	65	1.459106e+04
54	75	66	8.300576e+03
54	75	68	2.345599e+02
54	75	69	3.331375e+03
54	75	70	8.827837e+03
54	76	56	6.853295e+02
54	76	57	4.426609e+04
54	76	58	2.318668e+05
54	76	59	3.971815e+04
54	76	61	6.238777e+03
54	76	62	2.751747e+05
54	76	63	4.900391e+05
54	76	64	4.899243e+02
54	76	65	9.095446e+04
54	76	66	6.746751e+04
54	76	68	2.316557e+04
54	76	69	2.571688e+05
54	76	70	7.639498e+05
54	77	56	4.083645e+02
54	77	57	2.983005e+04
54	77	58	1.596502e+05
54	77	59	2.737933e+04
54	77	61	1.849425e+01
54	77	62	2.480975e+04
54	77	63	2.765174e+04
54	77	68	3.375467e+04
54	77	69	3.935431e+05
54	77	70	1.141423e+06
54	78	61	3.096110e+01
54	78	62	4.153382e+04
54	78	63	4.629157e+04
54	85	54	1.285473e-03
54	85	55	4.211703e+02
54	85	56	4.182361e+02
54	86	54	7.805730e-01
54	86	55	2.557456e+05
54	86	56	2.539639e+05
54	86	63	1.943132e+02
54	86	64	5.412725e+03
54	86	65	1.109039e+04
54	87	54	9.165903e-01
54	87	55	3.003101e+05
54	87	56	2.982179e+05
54	87	63	3.126038e+03
54	87	64	8.707791e+04
54	87	65	1.784181e+05
54	88	63	1.090461e+03
54	88	64	3.037552e+04
54	88	65	6.223786e+04
54	91	60	6.565971e+02
54	91	61	-7.204061e+02
54	91	62	7.498685e+03
54	92	60	3.717238e+04
54	92	61	-4.078484e+04
54	92	62	4.245282e+05
54	93	60	6.204688e+04
54	93	61	-6.807668e+04
54	93	62	7.086081e+05
54	96	59	3.999007e+02
54	96	60	-4.077472e+02
54	96	61	4.642613e+03
54	97	59	3.902658e+03
54	97	60	-3.979233e+03
54	97	61	4.530758e+04
54	98	59	1.241572e+04
54	98	60	-1.265933e+04
54	98	61	1.441392e+05
55	6	114	4.657217e+03
55	6	115	7.333635e+04
55	6	116	2.527835e+04
55	7	114	-2.557873e+03
55	7	115	-4.027837e+04
55	7	116	-1.388358e+04
55	8	114	5.920603e+04
55	8	115	9.323067e+05
55	8	116	3.213573e+05
55	56	77	2.590021e+03
55	56	78	5.310035e+03
55	56	79	4.672201e+04
55	57	76	8.530465e+02
55	57	77	4.385215e+04
55	57	78	7.480402e+04
55	57	79	-4.351317e+03
55	58	57	1.668585e+03
55	58	58	-1.808967e+03
55	58	59	1.910941e+04
55	58	76	5.291121e+03
55	58	77	3.090466e+05
55	58	78	5.399373e+05
55	58	79	6.413382e+05
55	59	57	2.758644e+04
55	59	58	-2.990735e+04
55	59	59	3.159326e+05
55	59	76	9.113019e+02
55	59	77	4.710454e+04
55	59	78	8.044077e+04
55	60	57	6.876442e+04
55	60	58	-7.454974e+04
55	60	59	7.875219e+05
55	64	62	1.014962e+02
55	64	63	6.107387e+03
55	64	64	2.747368e+04
55	64	65	5.564199e+04
55	64	66	4.586629e+00
55	64	67	5.361341e+04
55	64	68	5.562932e+04
55	65	61	1.005384e+01
55	65	62	2.194552e+03
55	65	63	4.353534e+04
55	65	64	2.376806e+05
55	65	65	3.863957e+05
55	65	66	6.614104e+03
55	65	67	5.472895e+05
55	65	68	5.574373e+05
55	65	70	4.830680e+02
55	65	71	3.636323e+04
55	65	72	2.264922e+04
55	66	59	2.770717e+00
55	66	60	7.862800e+03
55	66	61	7.866669e+03
55	66	62	1.901108e+04
55	66	63	7.633217e+04
55	66	64	7.617618e+05
55	66	65	6.970393e+05
55	66	66	6.021838e+04
55	66	67	2.308440e+05
55	66	68	1.439107e+05
55	66	70	8.232220e+03
55	66	71	6.196853e+05
55	66	72	3.859775e+05
55	67	59	1.178192e+02
55	67	60	3.343497e+05
55	67	61	3.166932e+05
55	67	62	1.043373e+05
55	67	63	7.517909e+04
55	67	64	1.164859e+05
55	67	65	1.702206e+05
55	67	66	2.248982e+04
55	67	67	2.225963e+04
55	67	70	2.963345e+03
55	67	71	2.230676e+05
55	67	72	1.389400e+05
55	68	59	6.243727e+01
55	68	60	1.772494e+05
55	68	61	1.716633e+05
55	68	62	2.180243e+05
55	68	63	3.547596e+05
55	68	64	9.746646e+04
55	68	65	1.204425e+05
55	68	66	2.964624e+05
55	68	67	1.850412e+04
55	68	68	7.640781e+03
55	68	69	6.572147e+03
55	68	70	2.776241e+03
55	69	59	7.001942e+01
55	69	60	4.091025e+03
55	69	61	4.866559e+05
55	69	62	1.477168e+06
55	69	63	1.477576e+06
55	69	64	9.834849e+05
55	69	65	2.784482e+05
55	69	66	6.782452e+05
55	69	67	2.131011e+05
55	69	68	2.162395e+05
55	69	69	6.534540e+05
55	69	70	2.760273e+05
55	70	59	2.659864e+03
55	70	60	6.591471e+03
55	70	61	7.401188e+05
55	70	62	7.931189e+05
55	70	63	1.633127e+06
55	70	64	3.293332e+06
55	70	65	1.386264e+06
55	70	66	2.825997e+06
55	70	67	1.250792e+06
55	70	68	1.195867e+06
55	70	69	4.424007e+05
55	70	70	1.851281e+05
55	70	72	1.953967e+00
55	70	73	2.106674e+01
55	70	74	6.375973e+01
55	71	59	1.125248e+05
55	71	60	-1.275408e+05
55	71	61	1.437516e+06
55	71	62	3.238929e+05
55	71	63	9.601798e+05
55	71	64	2.767800e+06
55	71	65	4.220895e+06
55	71	66	2.463687e+06
55	71	67	1.378745e+06
55	71	68	6.130862e+05
55	71	69	6.598650e+04
55	71	70	1.559732e+03
55	71	71	3.284981e+01
55	71	72	2.513105e+03
55	71	73	2.709509e+04
55	71	74	8.200490e+04
55	72	51	1.618232e+02
55	72	52	8.396007e+04
55	72	53	7.030622e+04
55	72	56	1.018738e+03
55	72	57	-1.196205e+03
55	72	58	1.193297e+04
55	72	59	7.284495e+04
55	72	60	-5.074556e+04
55	72	61	8.156345e+05
55	72	62	8.836828e+05
55	72	63	5.529544e+05
55	72	64	2.317186e+06
55	72	65	4.868072e+06
55	72	66	2.443232e+06
55	72	67	1.328318e+06
55	72	68	1.061051e+06
55	72	69	1.709432e+05
55	72	70	-2.031719e+03
55	72	71	3.170935e+04
55	72	72	2.807410e+03
55	72	73	3.026815e+04
55	72	74	9.160834e+04
55	73	51	-2.327965e+02
55	73	52	-1.274964e+05
55	73	53	-1.061755e+05
55	73	56	4.788934e+04
55	73	57	-5.594293e+04
55	73	58	5.454627e+05
55	73	59	1.253385e+05
55	73	60	4.709933e+04
55	73	61	8.273543e+04
55	73	62	2.050619e+05
55	73	63	2.154837e+05
55	73	64	9.218122e+05
55	73	65	2.679946e+06
55	73	66	1.699624e+06
55	73	67	4.199649e+05
55	73	68	1.466506e+05
55	73	69	1.723299e+05
55	73	70	-1.784471e+03
55	73	71	2.785051e+04
55	73	72	5.043528e+00
55	73	73	2.189225e+03
55	73	74	1.802768e+03
55	74	51	7.918712e+03
55	74	52	1.141607e+06
55	74	53	1.215415e+06
55	74	56	8.385537e+04
55	74	57	-6.089390e+04
55	74	58	9.849872e+05
55	74	59	4.183266e+04
55	74	60	1.708194e+04
55	74	61	2.495591e+05
55	74	62	3.539379e+05
55	74	63	1.706058e+05
55	74	64	1.171015e+06
55	74	65	1.686231e+06
55	74	66	3.834437e+05
55	74	67	2.684735e+04
55	74	68	5.258329e+03
55	74	72	1.868346e+02
55	74	73	8.109860e+04
55	74	74	6.678249e+04
55	75	51	5.153326e+03
55	75	52	2.262410e+05
55	75	53	4.034845e+05
55	75	56	5.210565e+02
55	75	57	5.818012e+04
55	75	58	5.917842e+04
55	75	62	6.015546e+03
55	75	63	6.891135e+04
55	75	64	1.970936e+05
55	75	65	1.475950e+05
55	75	66	9.772414e+04
55	75	67	4.125392e+04
55	75	68	4.188450e+03
55	75	69	2.369846e+03
55	75	70	5.883556e+03
55	75	72	9.447617e+01
55	75	73	4.100892e+04
55	75	74	3.376973e+04
55	76	56	3.131128e+04
55	76	57	3.344960e+05
55	76	58	9.038783e+04
55	76	61	-4.475745e-02
55	76	62	6.752772e+03
55	76	63	5.972319e+04
55	76	64	3.115234e+04
55	76	65	7.777967e+05
55	76	66	5.610286e+05
55	76	67	4.899271e+03
55	76	68	8.952275e+03
55	76	69	1.276744e+05
55	76	70	3.377190e+05
55	77	56	1.865732e+04
55	77	57	1.993148e+05
55	77	58	5.385903e+04
55	77	61	-2.503754e+00
55	77	62	-3.334497e+03
55	77	63	-2.803217e+03
55	77	64	1.064424e+03
55	77	65	5.179694e+03
55	77	66	1.181225e+03
55	77	67	1.967663e+02
55	77	68	1.438739e+04
55	77	69	2.139026e+05
55	77	70	5.558436e+05
55	78	61	-4.191517e+00
55	78	62	-5.622854e+03
55	78	63	-6.266959e+03
55	79	60	2.850966e+02
55	79	61	2.535353e+03
55	79	62	5.982728e+02
55	80	60	5.034109e+03
55	80	61	4.476813e+04
55	80	62	1.056404e+04
55	81	60	1.221291e+04
55	81	61	1.086089e+05
55	81	62	2.562869e+04
55	84	43	2.374200e-01
55	84	44	1.418736e+01
55	84	45	8.326035e+00
55	84	53	3.328494e-03
55	84	54	1.510317e-01
55	84	55	2.669331e-01
55	85	43	5.122574e+00
55	85	44	3.061064e+02
55	85	45	1.796425e+02
55	85	53	6.957523e-02
55	85	54	3.157003e+00
55	85	55	5.579680e+00
55	86	43	2.076553e+00
55	86	44	1.240872e+02
55	86	45	7.282221e+01
55	86	53	2.778185e-02
55	86	54	1.260612e+00
55	86	55	2.228003e+00
55	91	60	5.308490e+02
55	91	61	-5.824376e+02
55	91	62	6.062575e+03
55	92	60	3.005332e+04
55	92	61	-3.297394e+04
55	92	62	3.432247e+05
55	93	60	5.016398e+04
55	93	61	-5.503898e+04
55	93	62	5.728990e+05
55	96	59	3.152829e+03
55	96	60	-3.214691e+03
55	96	61	3.660250e+04
55	97	59	3.076867e+04
55	97	60	-3.137239e+04
55	97	61	3.572063e+05
55	98	59	9.788588e+04
55	98	60	-9.980653e+04
55	98	61	1.136398e+06
56	6	114	2.211173e+03
56	6	115	3.481894e+04
56	6	116	1.200176e+04
56	7	114	-1.214438e+03
56	7	115	-1.912353e+04
56	7	116	-6.591702e+03
56	8	114	2.811008e+04
56	8	115	4.426444e+05
56	8	116	1.525754e+05
56	57	76	9.037422e+02
56	57	77	4.671378e+04
56	57	78	7.977347e+04
56	58	57	1.395412e+03
56	58	58	-1.512812e+03
56	58	59	1.598091e+04
56	58	76	5.605567e+03
56	58	77	2.897477e+05
56	58	78	4.948043e+05
56	59	57	2.307012e+04
56	59	58	-2.501106e+04
56	59	59	2.642096e+05
56	59	76	9.654597e+02
56	59	77	4.990392e+04
56	59	78	8.522128e+04
56	60	57	5.750664e+04
56	60	58	-6.234481e+04
56	60	59	6.585926e+05
56	64	57	7.346046e+00
56	64	58	1.897291e+02
56	64	59	8.338443e+01
56	64	62	1.805035e+03
56	64	63	5.144166e+04
56	64	64	-2.005945e+04
56	64	65	2.585856e+05
56	64	66	6.554171e+00
56	64	67	1.588424e+04
56	64	68	1.648150e+04
56	65	57	6.603569e+02
56	65	58	1.705529e+04
56	65	59	7.495663e+03
56	65	61	2.001453e+02
56	65	62	4.122297e+04
56	65	63	3.709287e+05
56	65	64	2.463635e+05
56	65	65	7.117046e+05
56	65	66	5.222826e+04
56	65	67	2.336222e+05
56	65	68	1.651593e+05
56	65	70	1.776447e+02
56	65	71	1.337231e+04
56	65	72	8.329086e+03
56	66	57	4.285717e+02
56	66	58	1.106889e+04
56	66	59	4.867584e+03
56	66	60	8.222291e+03
56	66	61	7.510458e+03
56	66	62	7.560990e+04
56	66	63	4.571590e+05
56	66	64	-1.381691e+05
56	66	65	2.585657e+06
56	66	66	4.508644e+05
56	66	67	7.305503e+05
56	66	68	4.563563e+04
56	66	70	3.027339e+03
56	66	71	2.278847e+05
56	66	72	1.419404e+05
56	67	59	1.232059e+02
56	67	60	3.496364e+05
56	67	61	3.355259e+05
56	67	62	6.702114e+05
56	67	63	8.375987e+05
56	67	64	1.224909e+06
56	67	65	1.206511e+06
56	67	66	1.458014e+05
56	67	67	1.708425e+05
56	67	68	2.559703e+03
56	67	70	1.090387e+03
56	67	71	8.213095e+04
56	67	72	5.123031e+04
56	68	59	6.529194e+01
56	68	60	1.852868e+05
56	68	61	1.544471e+05
56	68	62	-1.053921e+05
56	68	63	1.061858e+06
56	68	64	1.456697e+06
56	68	65	2.498412e+06
56	68	66	6.232073e+05
56	68	67	6.898843e+04
56	68	68	4.659946e+04
56	68	70	5.821977e+01
56	68	71	9.071313e+03
56	68	72	1.241360e+04
56	69	59	1.131573e+04
56	69	60	-1.868297e+04
56	69	61	1.909982e+05
56	69	62	1.262410e+06
56	69	63	2.089019e+06
56	69	64	2.373327e+06
56	69	65	2.595839e+06
56	69	66	2.218771e+06
56	69	67	8.240188e+05
56	69	68	1.730640e+05
56	69	69	3.067397e+03
56	69	70	3.971382e+02
56	69	71	1.362987e+04
56	69	72	1.865175e+04
56	69	73	1.405958e+00
56	69	74	1.357838e+03
56	69	75	1.517405e+03
56	70	58	1.009470e+01
56	70	59	6.988038e+04
56	70	60	-1.094322e+05
56	70	61	8.065241e+05
56	70	62	1.093350e+06
56	70	63	1.964621e+06
56	70	64	5.429174e+06
56	70	65	9.575293e+06
56	70	66	8.762135e+06
56	70	67	3.957997e+06
56	70	68	5.298888e+05
56	70	69	2.913807e+05
56	70	70	6.607650e+04
56	70	71	6.798340e+02
56	70	72	-3.576351e+00
56	70	73	4.910650e+01
56	70	74	2.242702e+04
56	70	75	2.074376e+04
56	71	58	1.135740e+03
56	71	59	4.714748e+04
56	71	60	3.860830e+05
56	71	61	1.144310e+06
56	71	62	2.223364e+06
56	71	63	1.676031e+06
56	71	64	6.980208e+06
56	71	65	1.191282e+07
56	71	66	1.180507e+07
56	71	67	2.511098e+06
56	71	68	1.206729e+06
56	71	69	3.117824e+05
56	71	70	4.926625e+04
56	71	71	1.095152e+04
56	71	72	-4.599742e+03
56	71	73	-4.946236e+04
56	71	74	-9.769464e+04
56	71	75	5.332751e+04
56	72	51	3.994167e+01
56	72	52	2.072326e+04
56	72	53	1.735318e+04
56	72	57	3.215065e+02
56	72	58	9.408234e+03
56	72	59	1.071299e+05
56	72	60	6.763319e+05
56	72	61	6.565501e+05
56	72	62	6.422532e+05
56	72	63	1.607287e+06
56	72	64	4.235384e+06
56	72	65	8.475719e+06
56	72	66	8.598604e+06
56	72	67	2.613406e+06
56	72	68	2.086084e+06
56	72	69	9.059587e+04
56	72	70	-1.445013e+04
56	72	71	2.398069e+05
56	72	72	-5.138410e+03
56	72	73	-5.539987e+04
56	72	74	-1.676710e+05
56	73	51	-5.512718e+01
56	73	52	-3.136664e+04
56	73	53	-2.602393e+04
56	73	56	1.133588e+00
56	73	57	5.107586e+03
56	73	58	9.836424e+04
56	73	59	8.767558e+05
56	73	60	3.473558e+05
56	73	61	4.057017e+05
56	73	62	8.821595e+05
56	73	63	6.899646e+05
56	73	64	1.812244e+06
56	73	65	4.677472e+06
56	73	66	4.983500e+06
56	73	67	1.380359e+06
56	73	68	9.705553e+04
56	73	69	1.525102e+04
56	73	70	5.923990e+03
56	73	71	2.052699e+05
56	73	72	3.410380e+01
56	73	73	1.480331e+04
56	73	74	1.219012e+04
56	74	51	2.985360e+03
56	74	52	3.270306e+05
56	74	53	3.807028e+05
56	74	56	1.474288e+02
56	74	57	3.025582e+05
56	74	58	3.569637e+05
56	74	59	2.909790e+05
56	74	60	1.068542e+05
56	74	61	4.520148e+05
56	74	62	6.172941e+05
56	74	63	-5.527563e+04
56	74	64	7.639435e+05
56	74	65	9.152285e+05
56	74	66	1.098233e+06
56	74	67	7.084728e+05
56	74	68	1.322355e+05
56	74	69	3.849103e+00
56	74	70	6.272507e+03
56	74	71	6.921550e+03
56	74	72	1.263356e+03
56	74	73	5.483801e+05
56	74	74	4.515761e+05
56	75	51	2.122329e+03
56	75	52	9.317439e+04
56	75	53	1.661698e+05
56	75	56	1.081308e+03
56	75	57	4.346074e+05
56	75	58	4.668681e+05
56	75	60	4.837390e+01
56	75	61	3.149901e+04
56	75	62	8.806342e+04
56	75	63	5.358475e+05
56	75	64	3.954746e+05
56	75	65	3.786941e+05
56	75	66	2.575379e+05
56	75	67	6.347552e+05
56	75	68	1.017674e+05
56	75	69	3.653483e+02
56	75	70	1.298928e+02
56	75	72	6.388378e+02
56	75	73	2.772980e+05
56	75	74	2.283473e+05
56	76	56	5.523660e+04
56	76	57	5.900885e+05
56	76	58	1.594543e+05
56	76	61	4.507709e+00
56	76	62	8.618233e+04
56	76	63	1.039078e+06
56	76	64	8.880077e+05
56	76	65	1.470284e+06
56	76	66	2.722412e+05
56	76	67	7.894739e+05
56	76	68	3.634035e+03
56	76	69	6.052408e+04
56	76	70	2.151821e+04
56	77	56	3.291361e+04
56	77	57	3.516136e+05
56	77	58	9.501336e+04
56	77	61	2.521635e+02
56	77	62	3.459083e+05
56	77	63	6.730636e+05
56	77	64	1.701005e+05
56	77	65	1.828051e+05
56	77	66	-3.377580e+03
56	77	67	2.327539e+05
56	77	68	2.648035e+03
56	77	69	4.410246e+04
56	77	70	1.567981e+04
56	78	61	4.221451e+02
56	78	62	5.663009e+05
56	78	63	6.311715e+05
56	78	64	5.332670e+02
56	78	65	4.265789e+03
56	78	66	9.242809e+02
56	79	60	2.077213e+03
56	79	61	1.847257e+04
56	79	62	4.359014e+03
56	80	60	3.667850e+04
56	80	61	3.261805e+05
56	80	62	7.696954e+04
56	81	60	8.898321e+04
56	81	61	7.913242e+05
56	81	62	1.867305e+05
56	83	69	1.626746e+01
56	83	70	8.586747e+02
56	83	71	4.865453e+02
56	84	43	3.587571e+02
56	84	44	2.143802e+04
56	84	45	1.258118e+04
56	84	53	2.656069e+02
56	84	54	1.205201e+04
56	84	55	2.130070e+04
56	84	69	2.523232e+01
56	84	70	1.331883e+03
56	84	71	7.546765e+02
56	85	43	7.740544e+03
56	85	44	4.625468e+05
56	85	45	2.714516e+05
56	85	53	5.551958e+03
56	85	54	2.519222e+05
56	85	55	4.452468e+05
56	85	69	2.779198e+02
56	85	70	1.466995e+04
56	85	71	8.312339e+03
56	86	43	3.137806e+03
56	86	44	1.875039e+05
56	86	45	1.100391e+05
56	86	53	2.216934e+03
56	86	54	1.005942e+05
56	86	55	1.777900e+05
56	96	59	6.748918e+02
56	96	60	-6.881340e+02
56	96	61	7.835099e+03
56	97	59	6.586315e+03
56	97	60	-6.715547e+03
56	97	61	7.646327e+04
56	98	59	2.095337e+04
56	98	60	-2.136450e+04
56	98	61	2.432564e+05
57	64	57	9.239172e+01
57	64	58	2.386236e+03
57	64	59	1.048732e+03
57	64	62	4.366383e+03
57	64	63	6.492351e+04
57	64	64	2.171600e+04
57	64	65	3.773194e+02
57	64	66	1.491662e+03
57	65	57	8.305354e+03
57	65	58	2.145055e+05
57	65	59	9.427346e+04
57	65	61	7.804496e+01
57	65	62	5.796690e+04
57	65	63	7.543847e+05
57	65	64	2.670432e+05
57	65	65	1.246832e+05
57	65	66	5.608237e+05
57	65	67	1.556646e+04
57	65	68	1.960554e+02
57	66	57	5.390176e+03
57	66	58	1.392141e+05
57	66	59	6.118349e+04
57	66	61	5.267826e+03
57	66	62	1.791615e+05
57	66	63	3.222624e+05
57	66	64	2.586487e+05
57	66	65	2.689137e+05
57	66	66	6.020083e+05
57	66	67	3.994653e+05
57	66	68	1.101839e+05
57	67	61	1.485164e+03
57	67	62	2.052279e+05
57	67	63	2.698265e+05
57	67	64	1.088531e+06
57	67	65	6.360933e+05
57	67	66	1.104741e+06
57	67	67	2.549709e+05
57	67	68	9.378507e+04
57	67	70	1.635506e+01
57	67	71	2.548307e+03
57	67	72	3.487221e+03
57	68	61	5.150609e+04
57	68	62	1.436349e+06
57	68	63	7.047495e+05
57	68	64	3.064286e+06
57	68	65	1.943734e+06
57	68	66	4.750953e+05
57	68	67	2.281792e+05
57	68	68	5.156107e+05
57	68	69	-1.082960e+00
57	68	70	1.612163e+03
57	68	71	2.323403e+05
57	68	72	3.179452e+05
57	69	52	9.873445e-01
57	69	53	1.107883e+02
57	69	54	7.530902e+01
57	69	59	1.539926e+04
57	69	60	-2.542512e+04
57	69	61	2.060985e+05
57	69	62	8.145546e+05
57	69	63	1.574952e+06
57	69	64	4.633651e+06
57	69	65	7.956939e+06
57	69	66	3.548344e+06
57	69	67	1.505300e+06
57	69	68	6.380796e+05
57	69	69	2.850410e+04
57	69	70	2.626350e+03
57	69	71	3.490971e+05
57	69	72	4.777206e+05
57	69	73	2.274116e+01
57	69	74	1.891086e+04
57	69	75	2.091459e+04
57	70	52	2.738314e+02
57	70	53	3.072618e+04
57	70	54	2.088630e+04
57	70	58	6.673148e+02
57	70	59	9.962390e+04
57	70	60	-1.532352e+05
57	70	61	9.815787e+05
57	70	62	4.776939e+05
57	70	63	3.739546e+06
57	70	64	1.980698e+07
57	70	65	1.892307e+07
57	70	66	1.144731e+07
57	70	67	5.920159e+06
57	70	68	6.035688e+05
57	70	69	6.408678e+05
57	70	70	1.295263e+05
57	70	71	2.366216e+04
57	70	72	1.855448e+01
57	70	73	2.777710e+03
57	70	74	5.077186e+05
57	70	75	4.247296e+05
57	71	52	3.468689e+02
57	71	53	3.892159e+04
57	71	54	2.645718e+04
57	71	58	7.507862e+04
57	71	59	5.855782e+05
57	71	60	2.287585e+05
57	71	61	3.897263e+05
57	71	62	1.030142e+06
57	71	63	9.029319e+06
57	71	64	2.865773e+07
57	71	65	3.471370e+07
57	71	66	2.099685e+07
57	71	67	5.147564e+06
57	71	68	1.128131e+06
57	71	69	8.676057e+05
57	71	70	1.286651e+05
57	71	71	4.533629e+05
57	71	72	2.386394e+04
57	71	73	2.607531e+05
57	71	74	1.735484e+06
57	71	75	8.981765e+05
57	72	57	5.364212e+03
57	72	58	1.387932e+05
57	72	59	4.263551e+05
57	72	60	3.527850e+05
57	72	61	5.888525e+05
57	72	62	5.195907e+05
57	72	63	6.373697e+06
57	72	64	1.858987e+07
57	72	65	2.364592e+07
57	72	66	1.617545e+07
57	72	67	5.100522e+06
57	72	68	1.044176e+06
57	72	69	1.722574e+05
57	72	70	-4.919678e+04
57	72	71	1.858158e+06
57	72	72	2.665860e+04
57	72	73	2.874203e+05
57	72	74	8.698945e+05
57	73	56	2.466744e-01
57	73	57	4.699107e+04
57	73	58	7.608241e+05
57	73	59	2.676296e+05
57	73	60	7.365543e+04
57	73	61	6.847148e+05
57	73	62	4.692804e+05
57	73	63	5.138414e+06
57	73	64	5.961794e+06
57	73	65	9.297452e+06
57	73	66	4.281401e+06
57	73	67	2.092653e+06
57	73	68	1.399501e+06
57	73	69	7.091427e+04
57	73	70	1.147638e+05
57	73	71	8.947634e+05
57	73	72	6.376442e+00
57	73	73	2.767798e+03
57	73	74	2.279207e+03
57	74	56	3.208126e+01
57	74	57	7.644661e+04
57	74	58	2.475264e+05
57	74	59	6.188208e+04
57	74	60	1.220517e+03
57	74	61	5.434395e+05
57	74	62	5.042339e+05
57	74	63	1.919776e+06
57	74	64	1.896002e+06
57	74	65	2.665901e+06
57	74	66	1.126452e+06
57	74	67	4.994002e+05
57	74	68	5.785198e+04
57	74	69	-1.974162e+04
57	74	70	3.708301e+04
57	74	71	5.910232e+04
57	74	72	2.362116e+02
57	74	73	1.025315e+05
57	74	74	8.443189e+04
57	75	56	4.518949e+01
57	75	57	9.254185e+04
57	75	58	1.010441e+05
57	75	60	1.054873e+03
57	75	61	2.640920e+05
57	75	62	2.523547e+05
57	75	63	1.582966e+05
57	75	64	2.376683e+05
57	75	65	1.227563e+06
57	75	66	1.509764e+06
57	75	67	8.291206e+05
57	75	68	7.983460e+04
57	75	69	1.237399e+05
57	75	70	8.976115e+04
57	75	72	1.194445e+02
57	75	73	5.184684e+04
57	75	74	4.269446e+04
57	76	62	2.694985e+04
57	76	63	5.042228e+05
57	76	64	5.387758e+05
57	76	65	1.253013e+06
57	76	66	4.421684e+05
57	76	67	9.547930e+05
57	76	68	5.904141e+04
57	76	69	6.220022e+05
57	76	70	2.182242e+05
57	77	62	6.075371e+03
57	77	63	2.355688e+05
57	77	64	1.709947e+05
57	77	65	4.335404e+05
57	77	66	4.372372e+04
57	77	67	2.712022e+05
57	77	68	2.793409e+04
57	77	69	4.472595e+05
57	77	70	1.590148e+05
57	78	64	2.778158e+04
57	78	65	2.275097e+05
57	78	66	3.969520e+04
57	78	67	9.733578e+04
57	78	68	4.155475e+04
57	79	60	4.154659e+02
57	79	61	3.694722e+03
57	79	62	8.718517e+02
57	79	65	8.851907e+02
57	79	66	-1.404830e+03
57	79	67	8.954300e+04
57	79	68	7.618970e+04
57	80	60	7.336112e+03
57	80	61	6.523976e+04
57	80	62	1.539477e+04
57	81	60	1.779764e+04
57	81	61	1.582737e+05
57	81	62	3.734820e+04
57	83	69	7.920688e+02
57	83	70	4.180921e+04
57	83	71	2.369008e+04
57	84	43	3.234661e+02
57	84	44	1.932916e+04
57	84	45	1.134357e+04
57	84	53	2.693913e+02
57	84	54	1.222373e+04
57	84	55	2.160420e+04
57	84	69	1.228571e+03
57	84	70	6.484991e+04
57	84	71	3.674549e+04
57	85	43	6.979104e+03
57	85	44	4.170459e+05
57	85	45	2.447488e+05
57	85	53	5.631063e+03
57	85	54	2.555116e+05
57	85	55	4.515907e+05
57	85	69	1.353203e+04
57	85	70	7.142855e+05
57	85	71	4.047310e+05
57	86	43	2.829139e+03
57	86	44	1.690591e+05
57	86	45	9.921452e+04
57	86	53	2.248520e+03
57	86	54	1.020275e+05
57	86	55	1.803231e+05
58	64	57	2.597869e+02
58	64	58	6.709616e+03
58	64	59	2.948823e+03
58	64	61	1.234200e-01
58	64	62	3.125164e+01
58	64	63	2.421340e+01
58	64	64	4.528989e+01
58	64	65	2.969830e+02
58	64	66	1.174067e+03
58	65	57	2.335298e+04
58	65	58	6.031464e+05
58	65	59	2.650780e+05
58	65	60	3.400713e+01
58	65	61	-2.264556e+01
58	65	62	8.113146e+02
58	65	63	3.437195e+02
58	65	64	3.994562e+04
58	65	65	1.204581e+05
58	65	66	4.152984e+05
58	65	67	8.717157e+02
58	65	68	3.679565e+02
58	65	70	1.718439e+01
58	65	71	-2.646152e+00
58	65	72	2.336058e+02
58	66	57	1.515609e+04
58	66	58	3.914421e+05
58	66	59	1.720357e+05
58	66	60	7.248225e+02
58	66	61	-5.151671e+02
58	66	62	1.052867e+04
58	66	63	1.994865e+04
58	66	64	7.228124e+05
58	66	65	1.141620e+06
58	66	66	3.815971e+05
58	66	67	4.899079e+05
58	66	68	2.067931e+05
58	66	70	7.078063e+02
58	66	71	-1.089921e+02
58	66	72	9.621966e+03
58	67	60	1.633616e+03
58	67	61	2.932776e+03
58	67	62	2.168569e+05
58	67	63	-3.495662e+04
58	67	64	2.506834e+06
58	67	65	2.059258e+06
58	67	66	6.405801e+05
58	67	67	4.133777e+05
58	67	68	1.749792e+05
58	67	70	3.783281e+02
58	67	71	1.058804e+03
58	67	72	6.572783e+03
58	68	60	2.976370e+01
58	68	61	-7.430581e+03
58	68	62	-6.204332e+04
58	68	63	1.791561e+05
58	68	64	3.620104e+06
58	68	65	3.772275e+06
58	68	66	2.101716e+05
58	68	67	6.716262e+05
58	68	68	7.357915e+05
58	68	69	-9.217966e+02
58	68	70	1.036470e+05
58	68	71	1.017468e+05
58	68	72	1.392351e+05
58	69	52	1.243229e+01
58	69	53	1.395008e+03
58	69	54	9.482646e+02
58	69	59	5.085154e-01
58	69	60	3.787603e+03
58	69	61	1.377772e+05
58	69	62	8.144324e+05
58	69	63	2.397313e+06
58	69	64	4.097905e+06
58	69	65	6.481327e+06
58	69	66	3.862579e+06
58	69	67	9.610146e+05
58	69	68	9.303268e+05
58	69	69	6.864415e+04
58	69	70	-1.864649e+05
58	69	71	1.528862e+05
58	69	72	2.093449e+05
58	69	73	5.655241e+01
58	69	74	6.116448e+03
58	69	75	6.704611e+03
58	70	52	3.447989e+03
58	70	53	3.868933e+05
58	70	54	2.629930e+05
58	70	58	4.023100e+02
58	70	59	3.011709e+03
58	70	60	5.448509e+04
58	70	61	2.401918e+05
58	70	62	2.785186e+05
58	70	63	6.715066e+06
58	70	64	1.869630e+07
58	70	65	2.270665e+07
58	70	66	1.220005e+07
58	70	67	2.951958e+06
58	70	68	1.076427e+06
58	70	69	1.734716e+05
58	70	70	9.978508e+05
58	70	71	2.046398e+04
58	70	72	9.318313e+04
58	70	73	3.319516e+04
58	70	74	2.169584e+05
58	70	75	1.746026e+05
58	71	52	4.367650e+03
58	71	53	4.900870e+05
58	71	54	3.331395e+05
58	71	58	4.526332e+04
58	71	59	3.376786e+05
58	71	60	8.998412e+04
58	71	61	2.782905e+05
58	71	62	1.303846e+06
58	71	63	9.864359e+06
58	71	64	2.827159e+07
58	71	65	3.661688e+07
58	71	66	2.534760e+07
58	71	67	5.891795e+06
58	71	68	1.152332e+06
58	71	69	1.173230e+06
58	71	70	1.577897e+05
58	71	71	4.709543e+05
58	71	72	7.964792e+04
58	71	73	2.891678e+04
58	71	74	3.716801e+05
58	71	75	3.331174e+05
58	72	57	1.909002e+03
58	72	58	6.208994e+04
58	72	59	2.407672e+05
58	72	60	4.831150e+04
58	72	61	1.126687e+05
58	72	62	9.576095e+05
58	72	63	8.411348e+06
58	72	64	2.399208e+07
58	72	65	3.371932e+07
58	72	66	2.106562e+07
58	72	67	6.401450e+06
58	72	68	1.898414e+05
58	72	69	8.368784e+05
58	72	70	6.005819e+05
58	72	71	9.791967e+05
58	72	75	2.729113e+01
58	72	76	8.871178e+02
58	72	77	1.728631e+03
58	73	57	1.654328e+04
58	73	58	2.728680e+05
58	73	59	9.851804e+04
58	73	60	3.918015e+04
58	73	61	1.493931e+05
58	73	62	1.728014e+05
58	73	63	5.285454e+06
58	73	64	1.181431e+07
58	73	65	1.347400e+07
58	73	66	4.075853e+06
58	73	67	2.362113e+06
58	73	68	6.669029e+05
58	73	69	9.738447e+04
58	73	70	6.319852e+05
58	73	71	5.835389e+05
58	73	75	1.085803e+02
58	73	76	3.529481e+03
58	73	77	6.877519e+03
58	74	57	3.825185e+03
58	74	58	6.731038e+04
58	74	59	2.878076e+04
58	74	60	1.016604e+05
58	74	61	1.894995e+05
58	74	62	9.638349e+05
58	74	63	1.780230e+06
58	74	64	6.359843e+06
58	74	65	4.420237e+06
58	74	66	4.242326e+06
58	74	67	8.336106e+05
58	74	68	2.865871e+04
58	74	69	-1.683760e+05
58	74	70	4.299953e+04
58	74	71	2.016002e+05
58	74	75	5.879984e+02
58	74	76	1.911331e+04
58	74	77	3.724405e+04
58	75	59	1.791013e+03
58	75	60	7.208616e+04
58	75	61	1.618100e+05
58	75	62	7.373305e+05
58	75	63	6.608777e+05
58	75	64	1.081294e+06
58	75	65	1.206445e+06
58	75	66	1.375816e+06
58	75	67	1.655055e+05
58	75	68	1.359285e+05
58	75	69	9.523013e+05
58	75	70	7.501839e+05
58	76	59	1.364469e+03
58	76	60	2.746755e+04
58	76	61	1.076958e+04
58	76	62	5.017105e+03
58	76	63	1.002540e+05
58	76	64	1.990275e+05
58	76	65	5.073159e+05
58	76	66	1.283952e+06
58	76	67	4.791950e+05
58	76	68	2.211509e+05
58	76	69	1.875715e+05
58	76	70	5.682875e+04
58	77	63	1.794574e+03
58	77	64	1.711568e+05
58	77	65	6.591725e+05
58	77	66	1.099019e+06
58	77	67	3.766687e+05
58	77	68	4.553541e+05
58	77	69	1.164729e+05
58	77	70	4.140975e+04
58	78	64	4.734764e+04
58	78	65	4.076562e+05
58	78	66	3.566009e+04
58	78	67	2.088383e+05
58	78	68	-7.912239e+04
58	79	65	4.850543e+03
58	79	66	-7.814163e+03
58	79	67	-1.043508e+05
58	79	68	-1.450691e+05
58	83	69	4.381148e+02
58	83	70	2.312581e+04
58	83	71	1.310363e+04
58	84	69	6.795562e+02
58	84	70	3.587025e+04
58	84	71	2.032493e+04
58	85	69	7.484931e+03
58	85	70	3.950907e+05
58	85	71	2.238677e+05
59	59	66	2.841709e-03
59	59	67	1.980356e+01
59	59	68	2.077256e+01
59	60	66	1.720774e-01
59	60	67	1.199189e+03
59	60	68	1.257866e+03
59	61	66	2.825868e-01
59	61	67	1.969317e+03
59	61	68	2.065677e+03
59	62	62	5.515337e+01
59	62	63	-3.219918e+01
59	62	64	6.967981e+02
59	62	65	1.776784e+01
59	62	66	7.810583e+02
59	62	67	4.184045e+02
59	63	62	4.364753e+02
59	63	63	-2.548193e+02
59	63	64	5.514352e+03
59	63	65	7.042058e+01
59	63	66	3.095625e+03
59	63	67	1.658293e+03
59	64	61	1.231332e+02
59	64	62	3.127275e+04
59	64	63	2.410242e+04
59	64	64	1.184140e+03
59	64	65	3.823400e+02
59	64	66	1.680732e+04
59	64	67	9.003502e+03
59	65	60	1.480795e+03
59	65	61	4.897819e+02
59	65	62	4.093781e+05
59	65	63	3.123791e+05
59	65	64	4.370690e+03
59	65	70	1.354011e+03
59	65	71	-2.084984e+02
59	65	72	1.840651e+04
59	66	58	1.490608e-01
59	66	59	1.339913e+02
59	66	60	3.171438e+04
59	66	61	-2.198854e+04
59	66	62	5.062823e+05
59	66	63	8.364397e+04
59	66	64	-1.787210e+04
59	66	65	1.733077e+05
59	66	66	1.860445e+04
59	66	70	5.577023e+04
59	66	71	-8.587823e+03
59	66	72	7.581442e+05
59	67	58	8.729615e+00
59	67	59	7.847083e+03
59	67	60	8.009051e+04
59	67	61	-5.059875e+04
59	67	62	8.817325e+05
59	67	63	2.131739e+05
59	67	64	-3.691305e+04
59	67	65	1.934985e+06
59	67	66	3.202662e+05
59	67	67	1.546097e+04
59	67	70	2.924530e+04
59	67	71	-4.503360e+03
59	67	72	3.975626e+05
59	68	58	5.094749e+00
59	68	59	4.579689e+03
59	68	60	5.458822e+03
59	68	61	1.351827e+03
59	68	62	3.461547e+04
59	68	63	7.549095e+04
59	68	64	4.254995e+05
59	68	65	1.698089e+06
59	68	66	1.045220e+06
59	68	67	5.405997e+05
59	68	68	1.679082e+05
59	68	69	-1.055981e+03
59	68	70	1.179867e+05
59	69	52	3.749089e+00
59	69	53	4.206792e+02
59	69	54	2.859592e+02
59	69	59	5.124927e+00
59	69	60	3.545643e+04
59	69	61	7.938077e+04
59	69	62	2.236037e+05
59	69	63	6.811897e+05
59	69	64	1.509877e+06
59	69	65	2.343584e+06
59	69	66	2.451779e+06
59	69	67	1.125478e+06
59	69	68	6.536651e+05
59	69	69	1.921855e+03
59	69	70	-2.147323e+05
59	69	71	5.682254e+01
59	69	72	8.883536e+02
59	69	73	3.049699e+02
59	70	52	1.039777e+03
59	70	53	1.166717e+05
59	70	54	7.930830e+04
59	70	59	1.046705e+02
59	70	60	5.415337e+05
59	70	61	8.344197e+05
59	70	62	6.549247e+05
59	70	63	1.566827e+06
59	70	64	7.462341e+06
59	70	65	9.935215e+06
59	70	66	8.041250e+06
59	70	67	3.649021e+06
59	70	68	2.250610e+06
59	70	69	2.571035e+04
59	70	70	1.132939e+06
59	70	71	3.993195e+04
59	70	72	5.879889e+05
59	70	73	2.018553e+05
59	71	52	1.317111e+03
59	71	53	1.477909e+05
59	71	54	1.004617e+05
59	71	58	2.449583e+01
59	71	59	4.365888e+01
59	71	60	2.123348e+05
59	71	61	7.100675e+05
59	71	62	9.137244e+05
59	71	63	5.966502e+06
59	71	64	1.726611e+07
59	71	65	1.800425e+07
59	71	66	1.233028e+07
59	71	67	3.113263e+06
59	71	68	9.201147e+05
59	71	69	1.974671e+05
59	71	70	5.875604e+05
59	71	71	8.568027e+05
59	71	72	5.025812e+05
59	71	73	1.725351e+05
59	72	57	5.667929e+02
59	72	58	7.595644e+02
59	72	59	9.120835e+03
59	72	60	2.465156e+03
59	72	61	1.807361e+05
59	72	62	2.288853e+05
59	72	63	7.154948e+06
59	72	64	1.248482e+07
59	72	65	1.496669e+07
59	72	66	1.464467e+07
59	72	67	3.606589e+06
59	72	68	1.214123e+05
59	72	69	4.047254e+05
59	72	70	6.538246e+05
59	72	71	7.818425e+05
59	72	75	5.527575e+02
59	72	76	1.796778e+04
59	72	77	3.501188e+04
59	73	57	1.170750e+03
59	73	58	1.225529e+03
59	73	59	1.878585e+04
59	73	60	4.192344e+02
59	73	61	-5.096201e+03
59	73	62	3.657746e+04
59	73	63	1.719777e+06
59	73	64	4.737845e+06
59	73	65	3.722144e+06
59	73	66	4.380908e+06
59	73	67	2.947531e+06
59	73	68	2.507035e+05
59	73	69	1.835769e+04
59	73	70	2.228331e+04
59	73	71	-4.029252e+03
59	73	75	2.199197e+03
59	73	76	7.148649e+04
59	73	77	1.392980e+05
59	74	57	1.024098e+04
59	74	58	1.053441e+04
59	74	59	1.644824e+05
59	74	60	1.205815e+04
59	74	61	2.003873e+05
59	74	62	1.420400e+06
59	74	63	8.358796e+05
59	74	64	3.458703e+06
59	74	65	5.278441e+06
59	74	66	4.814869e+06
59	74	67	1.541150e+06
59	74	68	3.106692e+05
59	74	69	-3.541419e+04
59	74	70	-2.871570e+04
59	74	75	1.190938e+04
59	74	76	3.871231e+05
59	74	77	7.543450e+05
59	75	59	4.432886e+03
59	75	60	1.098609e+05
59	75	61	8.597822e+04
59	75	62	4.063247e+05
59	75	63	4.910551e+05
59	75	64	1.332900e+06
59	75	65	1.730821e+06
59	75	66	8.010631e+05
59	75	67	1.079783e+05
59	75	68	7.352724e+05
59	75	69	4.726753e+05
59	75	70	1.703769e+05
59	76	59	3.377160e+03
59	76	60	6.798418e+04
59	76	61	2.665550e+04
59	76	62	6.873211e+04
59	76	63	1.364123e+06
59	76	64	2.059075e+06
59	76	65	3.326727e+05
59	76	66	5.627439e+05
59	76	67	2.442094e+05
59	76	68	5.870239e+05
59	76	69	1.669121e+05
59	76	70	1.028629e+04
59	77	62	9.530387e+01
59	77	63	1.506933e+04
59	77	64	3.810779e+05
59	77	65	2.431802e+05
59	77	66	1.159160e+06
59	77	67	6.462298e+05
59	77	68	4.445198e+05
59	77	69	-1.693560e+02
59	77	70	1.519685e+03
59	78	62	1.703720e+01
59	78	63	5.821637e+01
59	78	64	3.501101e+02
59	78	65	1.311923e+05
59	78	66	-6.588272e+04
59	78	67	1.764794e+06
59	78	68	3.989958e+05
59	78	69	-1.632874e+04
59	78	70	1.465229e+05
59	79	65	2.135753e+04
59	79	66	-3.412873e+04
59	79	67	9.642426e+05
59	79	68	7.073033e+05
60	47	58	6.482173e-02
60	47	59	1.210259e+02
60	47	60	1.102670e+02
60	48	58	1.900547e+00
60	48	59	3.548431e+03
60	48	60	3.232984e+03
60	49	58	8.802447e-01
60	49	59	1.643467e+03
60	49	60	1.497367e+03
60	59	66	3.686505e-01
60	59	67	2.569086e+03
60	59	68	2.694792e+03
60	60	66	2.232334e+01
60	60	67	1.555689e+05
60	60	68	1.631810e+05
60	61	66	3.665955e+01
60	61	67	2.554765e+05
60	61	68	2.679771e+05
60	62	62	8.561669e+03
60	62	63	-4.998402e+03
60	62	64	1.081666e+05
60	62	65	3.286948e+02
60	62	66	1.444913e+04
60	62	67	7.740241e+03
60	63	62	6.775573e+04
60	63	63	-3.955658e+04
60	63	64	8.560141e+05
60	63	65	1.302740e+03
60	63	66	5.726728e+04
60	63	67	3.067746e+04
60	64	56	3.054414e-01
60	64	57	5.244540e+00
60	64	58	1.286975e+01
60	64	61	1.396140e+02
60	64	62	4.990188e+04
60	64	63	1.889615e+04
60	64	64	1.838186e+05
60	64	65	7.073069e+03
60	64	66	3.109258e+05
60	64	67	1.665596e+05
60	65	56	1.952137e+02
60	65	57	3.351891e+03
60	65	58	8.225317e+03
60	65	60	7.908189e+02
60	65	61	1.187175e+03
60	65	62	4.530915e+05
60	65	63	3.508414e+05
60	65	64	3.434868e+03
60	65	70	8.526423e+02
60	65	71	-1.312948e+02
60	65	72	1.159088e+04
60	66	56	1.663922e+02
60	66	57	2.975860e+03
60	66	58	8.348200e+03
60	66	59	3.551017e+03
60	66	60	2.048301e+04
60	66	61	-1.146469e+04
60	66	62	3.406798e+05
60	66	63	8.852966e+04
60	66	64	-4.205263e+03
60	66	65	5.004434e+04
60	66	66	1.970911e+04
60	66	70	3.511941e+04
60	66	71	-5.407890e+03
60	66	72	4.774156e+05
60	67	57	3.633591e+03
60	67	58	4.098480e+04
60	67	59	1.975257e+05
60	67	60	2.504374e+05
60	67	61	-2.685523e+04
60	67	62	4.977341e+05
60	67	63	1.055948e+05
60	67	64	5.802149e+04
60	67	65	5.828481e+05
60	67	66	2.600784e+05
60	67	70	1.841623e+04
60	67	71	-2.835838e+03
60	67	72	2.503515e+05
60	68	57	1.710994e+03
60	68	58	1.932236e+04
60	68	59	1.139941e+05
60	68	60	1.248191e+05
60	68	61	7.168570e+03
60	68	62	4.296836e+05
60	68	63	5.481795e+05
60	68	64	5.938828e+04
60	68	65	8.805472e+05
60	68	66	7.989310e+05
60	68	67	1.135499e+05
60	68	68	1.540266e+04
60	69	59	1.328592e+00
60	69	60	3.974050e+04
60	69	61	1.897035e+05
60	69	62	1.034702e+06
60	69	63	1.117128e+05
60	69	64	1.129655e+06
60	69	65	1.824273e+06
60	69	66	1.481280e+06
60	69	67	8.589219e+05
60	69	68	5.471746e+02
60	69	71	9.951500e+00
60	69	72	1.555800e+02
60	69	73	5.341029e+01
60	70	59	2.871779e+01
60	70	60	1.564685e+05
60	70	61	3.094906e+05
60	70	62	7.387692e+05
60	70	63	-1.754529e+05
60	70	64	2.878751e+06
60	70	65	2.338844e+06
60	70	66	4.662487e+06
60	70	67	2.162108e+06
60	70	68	6.369564e+05
60	70	69	5.756797e+04
60	70	71	6.586759e+03
60	70	72	1.029762e+05
60	70	73	3.535153e+04
60	71	58	6.157138e+03
60	71	59	6.671964e+02
60	71	60	1.539166e+05
60	71	61	1.956735e+05
60	71	62	3.349994e+05
60	71	63	7.152451e+05
60	71	64	4.568360e+06
60	71	65	3.221555e+06
60	71	66	5.923654e+06
60	71	67	1.599837e+06
60	71	68	8.491236e+05
60	71	69	4.705555e+05
60	71	70	2.612560e+04
60	71	71	1.376721e+04
60	71	72	8.801854e+04
60	71	73	3.021658e+04
60	72	57	-9.196220e+02
60	72	58	4.425700e+04
60	72	59	-8.883560e+03
60	72	60	6.484698e+05
60	72	61	2.245187e+03
60	72	62	3.913790e+04
60	72	63	8.640212e+05
60	72	64	3.193932e+06
60	72	65	4.248244e+06
60	72	66	3.681526e+06
60	72	67	2.457385e+06
60	72	68	2.641387e+05
60	72	69	1.973391e+05
60	72	70	1.158226e+06
60	72	71	2.877267e+05
60	72	75	2.173767e+02
60	72	76	7.065985e+03
60	72	77	1.376872e+04
60	73	57	-1.899543e+03
60	73	58	3.875973e+04
60	73	59	1.586701e+04
60	73	60	6.620079e+05
60	73	61	2.808179e+04
60	73	62	2.924078e+05
60	73	63	1.171050e+06
60	73	64	1.094652e+06
60	73	65	1.406837e+06
60	73	66	1.037823e+06
60	73	67	6.289472e+05
60	73	68	1.265656e+05
60	73	69	-4.235189e+04
60	73	70	1.524545e+06
60	73	71	1.430961e+05
60	73	75	8.648533e+02
60	73	76	2.811268e+04
60	73	77	5.478015e+04
60	74	57	-1.661600e+04
60	74	58	4.893003e+04
60	74	59	-1.728615e+05
60	74	60	1.115287e+06
60	74	61	4.886258e+04
60	74	62	4.261668e+05
60	74	63	-4.294110e+04
60	74	64	1.533826e+06
60	74	65	4.469816e+05
60	74	66	1.378488e+06
60	74	67	7.975615e+05
60	74	68	1.239479e+05
60	74	69	-1.585848e+04
60	74	70	1.715546e+05
60	74	75	4.683468e+03
60	74	76	1.522395e+05
60	74	77	2.966527e+05
60	75	59	3.373305e+04
60	75	60	6.790656e+05
60	75	61	2.662506e+05
60	75	62	6.870205e+04
60	75	63	-9.991032e+04
60	75	64	8.559437e+05
60	75	65	3.129113e+05
60	75	66	5.995320e+05
60	75	67	-2.492170e+05
60	75	68	7.908683e+03
60	75	69	1.547154e+03
60	76	59	2.569926e+04
60	76	60	5.173410e+05
60	76	61	2.028410e+05
60	76	62	2.717144e+04
60	76	63	4.520632e+05
60	76	64	7.236072e+05
60	76	65	1.936764e+05
60	76	66	5.237321e+05
60	76	67	1.892806e+06
60	76	68	9.052021e+03
60	76	69	-1.117695e+04
60	76	70	1.002943e+05
60	77	62	3.398716e+04
60	77	63	1.194003e+05
60	77	64	7.711219e+05
60	77	65	4.676383e+04
60	77	66	2.461618e+05
60	77	67	8.629698e+04
60	77	68	1.337335e+03
60	77	69	-1.651270e+03
60	77	70	1.481737e+04
60	78	62	6.075786e+03
60	78	63	2.076106e+04
60	78	64	1.248559e+05
60	78	65	2.489762e+04
60	78	66	8.792222e+05
60	78	67	4.370614e+05
60	78	68	1.289414e+05
60	78	69	-1.592099e+05
60	78	70	1.428641e+06
61	47	58	7.708998e+00
61	47	59	1.439314e+04
61	47	60	1.311363e+04
61	48	58	2.260248e+02
61	48	59	4.220012e+05
61	48	60	3.844863e+05
61	49	58	1.046841e+02
61	49	59	1.954512e+05
61	49	60	1.780761e+05
61	59	66	5.194973e-01
61	59	67	3.620321e+03
61	59	68	3.797465e+03
61	60	66	3.145775e+01
61	60	67	2.192257e+05
61	60	68	2.299525e+05
61	61	66	5.166014e+01
61	61	67	3.600140e+05
61	61	68	3.776297e+05
61	62	62	6.172623e+03
61	62	63	-3.603649e+03
61	62	64	7.798385e+04
61	62	65	7.826096e+02
61	62	66	3.440281e+04
61	62	67	1.842922e+04
61	63	62	4.884919e+04
61	63	63	-2.851872e+04
61	63	64	6.171521e+05
61	63	65	3.101774e+03
61	63	66	1.363512e+05
61	63	67	7.304186e+04
61	64	56	1.790734e+01
61	64	57	3.074756e+02
61	64	58	7.545247e+02
61	64	62	1.048977e+04
61	64	63	-6.124047e+03
61	64	64	1.333754e+05
61	64	65	1.601982e+04
61	64	66	7.502742e+05
61	64	67	3.965719e+05
61	65	56	1.144494e+04
61	65	57	1.965138e+05
61	65	58	4.822318e+05
61	65	62	5.361009e+03
61	65	63	1.498063e+05
61	65	64	6.756350e+04
61	65	65	4.667319e+02
61	65	66	-5.669755e+03
61	66	56	9.755197e+03
61	66	57	1.695435e+05
61	66	58	4.339718e+05
61	66	59	1.329676e+04
61	66	60	7.860445e+03
61	66	62	-1.040826e+04
61	66	63	-2.908450e+05
61	66	64	-1.213480e+05
61	66	65	-1.039956e+04
61	66	66	1.263316e+05
61	66	75	2.034487e+02
61	66	76	2.206655e+03
61	66	77	6.026208e+02
61	67	57	6.246812e+04
61	67	58	7.014931e+05
61	67	59	5.992893e+05
61	67	60	4.603401e+05
61	67	61	8.263988e+01
61	67	62	6.206886e+04
61	67	63	1.391943e+06
61	67	64	6.242529e+05
61	67	75	6.292693e+03
61	67	76	6.825209e+04
61	67	77	1.863913e+04
61	68	57	2.941514e+04
61	68	58	3.303713e+05
61	68	59	3.276609e+05
61	68	60	2.686622e+05
61	68	61	1.264042e+03
61	68	62	1.971233e+05
61	68	63	2.700271e+05
61	68	64	-4.397451e+02
61	68	65	5.370500e+03
61	68	66	2.609917e+04
61	68	67	3.203054e+04
61	68	75	2.976514e+03
61	68	76	3.228400e+04
61	68	77	8.816518e+03
61	69	61	4.323078e+02
61	69	62	6.702226e+04
61	69	63	1.105595e+05
61	69	64	-3.521903e+03
61	69	65	2.406053e+05
61	69	66	1.433275e+05
61	69	67	2.957068e+05
61	70	59	6.468571e+01
61	70	60	1.085807e+04
61	70	61	8.906384e+03
61	70	62	4.836119e+04
61	70	63	1.141617e+05
61	70	64	-2.377552e+04
61	70	65	6.685166e+05
61	70	66	1.014736e+06
61	70	67	3.107133e+05
61	70	68	6.353844e+03
61	71	58	7.891295e+03
61	71	59	3.658361e+03
61	71	60	5.996896e+05
61	71	61	3.599013e+05
61	71	62	6.481808e+04
61	71	63	2.226387e+05
61	71	64	4.800469e+05
61	71	65	1.474210e+06
61	71	66	2.318386e+06
61	71	67	1.042870e+06
61	71	68	3.343698e+04
61	71	69	1.030737e+01
61	71	70	1.767576e+01
61	72	57	5.708838e+03
61	72	58	6.232927e+04
61	72	59	9.864219e+04
61	72	60	1.060973e+06
61	72	61	1.874360e+05
61	72	62	-4.862691e+04
61	72	63	-7.133314e+04
61	72	64	2.815557e+05
61	72	65	1.150582e+06
61	72	66	1.455332e+06
61	72	67	1.960199e+06
61	72	68	1.650241e+05
61	72	69	2.729964e+05
61	72	70	5.793261e+05
61	73	57	1.179200e+04
61	73	58	2.327436e+04
61	73	59	1.904847e+05
61	73	60	1.569153e+05
61	73	61	2.399629e+04
61	73	62	2.382875e+05
61	73	63	8.640786e+05
61	73	64	3.215452e+05
61	73	65	3.051840e+06
61	73	66	9.488773e+05
61	73	67	1.734028e+05
61	73	68	1.137123e+05
61	73	69	2.186646e+05
61	73	70	1.049156e+06
61	74	57	1.031490e+05
61	74	58	1.064639e+05
61	74	59	1.657007e+06
61	74	64	-8.854701e+02
61	74	65	1.323164e+05
61	74	66	9.587767e+04
61	74	67	1.076541e+05
61	74	68	7.475080e+05
61	74	69	1.324085e+05
61	74	70	9.922141e+04
61	75	64	1.952601e+04
61	75	65	5.045882e+05
61	75	66	1.033475e+06
61	75	67	1.162601e+05
61	75	68	2.305014e+05
61	75	69	4.509236e+04
61	76	62	4.254311e+03
61	76	63	1.453705e+04
61	76	64	8.742502e+04
61	76	65	3.836210e+03
61	76	66	2.839450e+03
61	76	67	3.909680e+04
61	76	68	2.290576e+03
61	76	69	-2.828280e+03
61	76	70	2.537905e+04
61	77	62	2.742506e+04
61	77	63	9.371186e+04
61	77	64	5.635781e+05
61	77	65	3.775507e+02
61	77	66	1.333264e+04
61	77	67	6.627655e+03
61	77	68	3.384072e+02
61	77	69	-4.178469e+02
61	77	70	3.749473e+03
61	78	62	4.902698e+03
61	78	63	1.675260e+04
61	78	64	1.007492e+05
61	78	65	4.392191e+03
61	78	66	1.551037e+05
61	78	67	7.710204e+04
61	78	68	3.262808e+04
61	78	69	-4.028740e+04
61	78	70	3.615115e+05
62	47	58	5.299700e+00
62	47	59	9.894843e+03
62	47	60	9.015217e+03
62	48	58	1.553851e+02
62	48	59	2.901128e+05
62	48	60	2.643225e+05
62	49	58	7.196710e+01
62	49	59	1.343667e+05
62	49	60	1.224218e+05
62	64	56	1.045416e+01
62	64	57	1.795018e+02
62	64	58	4.404855e+02
62	64	64	1.917218e+02
62	64	65	-1.852557e+02
62	64	66	2.250445e+03
62	65	56	6.681465e+03
62	65	57	1.147232e+05
62	65	58	2.815231e+05
62	65	64	-1.090070e+02
62	65	65	1.053306e+02
62	65	66	-1.279532e+03
62	65	69	4.946255e-01
62	65	70	3.071272e+00
62	65	71	5.295286e-01
62	66	56	5.695006e+03
62	66	57	9.852428e+04
62	66	58	2.482515e+05
62	66	59	2.318365e+03
62	66	64	2.428856e+03
62	66	65	-2.346940e+03
62	66	66	2.851010e+04
62	66	69	6.606635e+01
62	66	70	4.102250e+02
62	66	71	7.072830e+01
62	66	75	-2.092116e+01
62	66	76	-2.269160e+02
62	66	77	-6.196906e+01
62	67	57	2.259261e+04
62	67	58	2.535441e+05
62	67	59	7.088155e+04
62	67	69	9.265000e+01
62	67	70	5.752906e+02
62	67	71	9.918782e+01
62	67	75	-6.470939e+02
62	67	76	-7.018539e+03
62	67	77	-1.916710e+03
62	68	57	1.063846e+04
62	68	58	1.193894e+05
62	68	59	3.337687e+04
62	68	75	-3.060827e+02
62	68	76	-3.319848e+03
62	68	77	-9.066254e+02
62	69	61	-6.802647e+00
62	69	62	-3.366236e+02
62	69	63	-5.813719e+02
62	70	59	3.383142e+01
62	70	60	5.756956e+03
62	70	61	3.944897e+03
62	70	62	-8.809428e+04
62	70	63	-1.532286e+05
62	70	64	2.550942e+03
62	70	65	2.480622e+04
62	70	66	7.889384e+04
62	70	67	6.389578e+03
62	71	55	8.307359e+02
62	71	56	-1.170137e+03
62	71	57	8.836990e+03
62	71	59	1.521018e+03
62	71	60	2.743602e+05
62	71	61	5.731914e+05
62	71	62	9.618677e+04
62	71	63	-1.369872e+05
62	71	64	1.322879e+05
62	71	65	2.027028e+05
62	71	66	1.864843e+05
62	71	67	3.109670e+05
62	71	68	3.631078e-02
62	71	69	1.846573e+00
62	71	70	3.166626e+00
62	72	55	-5.592202e+02
62	72	56	7.876923e+02
62	72	57	-5.948729e+03
62	72	59	8.206773e+02
62	72	60	1.524414e+05
62	72	61	3.998702e+05
62	72	62	2.599634e+05
62	72	63	1.816019e+04
62	72	64	1.716250e+06
62	72	65	5.988761e+05
62	72	66	1.167254e+06
62	72	67	2.257166e+05
62	72	68	1.001045e+03
62	72	69	5.090782e+04
62	72	70	8.730012e+04
62	73	55	1.032474e+04
62	73	56	-1.454296e+04
62	73	57	1.098299e+05
62	73	62	4.083059e+04
62	73	63	1.237436e+05
62	73	64	5.727940e+05
62	73	65	5.854126e+05
62	73	66	4.678094e+05
62	73	67	4.823982e+04
62	73	68	2.661689e+04
62	73	69	5.471010e+04
62	73	70	8.521904e+04
62	74	63	9.812742e+03
62	74	64	1.191447e+05
62	74	65	4.978990e+05
62	74	66	9.994366e+05
62	74	67	9.739104e+04
62	74	68	3.411676e+05
62	74	69	6.674168e+04
62	75	63	4.774848e+01
62	75	64	1.453258e+04
62	75	65	2.999543e+05
62	75	66	3.151021e+05
62	75	67	1.117873e+06
62	75	68	1.065032e+05
62	75	69	2.083492e+04
62	76	63	-2.309189e+01
62	76	64	6.912734e+00
62	76	65	4.674538e+04
62	76	66	-8.345017e+04
62	76	67	4.543418e+05
62	77	63	6.141234e+02
62	77	64	-1.838425e+02
62	77	65	8.151932e+03
63	55	85	2.258531e+00
63	55	86	7.088158e+01
63	55	87	3.371717e+01
63	56	85	6.667284e+01
63	56	86	2.092456e+03
63	56	87	9.953458e+02
63	57	85	3.096393e+01
63	57	86	9.717698e+02
63	57	87	4.622545e+02
63	64	64	1.224167e+04
63	64	65	-1.182881e+04
63	64	66	1.436937e+05
63	65	64	-6.960231e+03
63	65	65	6.725488e+03
63	65	66	-8.169972e+04
63	65	69	4.108773e+02
63	65	70	2.551256e+03
63	65	71	4.398707e+02
63	66	64	1.550855e+05
63	66	65	-1.498550e+05
63	66	66	1.820406e+06
63	66	69	5.488024e+04
63	66	70	3.407672e+05
63	66	71	5.875285e+04
63	66	75	2.788386e+03
63	66	76	3.024351e+04
63	66	77	8.259276e+03
63	67	69	7.696284e+04
63	67	70	4.778845e+05
63	67	71	8.239370e+04
63	67	75	8.624509e+04
63	67	76	9.354354e+05
63	67	77	2.554604e+05
63	68	75	4.079489e+04
63	68	76	4.424714e+05
63	68	77	1.208356e+05
63	69	61	3.516543e+01
63	69	62	1.740133e+03
63	69	63	3.005329e+03
63	70	60	8.268602e+01
63	70	61	1.095362e+04
63	70	62	4.593327e+05
63	70	63	7.949148e+05
63	70	64	1.828359e+03
63	71	55	1.081040e+03
63	71	56	-1.522704e+03
63	71	57	1.149961e+04
63	71	60	2.017270e+04
63	71	61	4.183705e+05
63	71	62	5.220377e+05
63	71	63	8.581917e+05
63	71	64	1.567806e+05
63	71	65	1.338458e+02
63	71	66	-8.803397e+01
63	71	67	1.668263e+03
63	72	55	-7.277152e+02
63	72	56	1.025027e+03
63	72	57	-7.741103e+03
63	72	60	1.555379e+04
63	72	61	3.170117e+05
63	72	62	1.297170e+05
63	72	63	7.532125e+05
63	72	64	6.641695e+05
63	72	65	8.920178e+04
63	72	66	-4.110514e+04
63	72	67	7.789512e+05
63	73	55	1.343562e+04
63	73	56	-1.892481e+04
63	73	57	1.429220e+05
63	73	62	4.773104e+02
63	73	63	2.890924e+05
63	73	64	1.136651e+05
63	73	65	1.519690e+04
63	73	66	-3.408787e+04
63	73	67	6.459725e+05
63	74	63	1.175545e+05
63	74	64	1.138427e+06
63	74	65	2.882149e+05
63	74	66	-2.811850e+03
63	74	67	1.530903e+04
63	75	56	7.464727e+00
63	75	57	4.860634e+01
63	75	58	1.929463e+02
63	75	63	6.405702e+03
63	75	64	-1.917596e+03
63	75	65	1.204369e+05
63	75	66	-6.279699e+04
63	75	67	3.418962e+05
63	76	56	4.841036e+02
63	76	57	3.152226e+03
63	76	58	1.251298e+04
63	76	63	-3.097895e+03
63	76	64	9.273784e+02
63	76	65	-2.653560e+04
63	76	66	-2.586966e+04
63	76	67	1.408466e+05
63	77	56	7.823117e+02
63	77	57	5.093999e+03
63	77	58	2.022099e+04
63	77	63	8.238777e+04
63	77	64	-2.466341e+04
63	77	65	1.093623e+06
64	55	85	5.514000e+02
64	55	86	1.730510e+04
64	55	87	8.231744e+03
64	56	85	1.627757e+04
64	56	86	5.108543e+05
64	56	87	2.430047e+05
64	57	85	7.559565e+03
64	57	86	2.372489e+05
64	57	87	1.128553e+05
64	65	69	3.572132e+02
64	65	70	2.218040e+03
64	65	71	3.824199e+02
64	66	69	4.771242e+04
64	66	70	2.962602e+05
64	66	71	5.107923e+04
64	67	69	6.691084e+04
64	67	70	4.154687e+05
64	67	71	7.163238e+04
64	70	62	3.222014e+01
64	70	63	2.891966e+03
64	70	64	1.876256e+03
64	71	55	1.378784e+04
64	71	56	-1.942093e+04
64	71	57	1.466687e+05
64	71	62	2.747219e+03
64	71	63	2.465806e+05
64	71	64	1.599771e+05
64	71	65	4.395349e+01
64	71	66	-2.890940e+01
64	71	67	5.478393e+02
64	72	55	-9.281454e+03
64	72	56	1.307344e+04
64	72	57	-9.873188e+04
64	72	62	4.183579e+03
64	72	63	3.787016e+05
64	72	64	2.745941e+05
64	72	65	2.832152e+04
64	72	66	-1.344154e+04
64	72	67	2.566893e+05
64	72	68	3.056268e+02
64	73	55	1.713611e+05
64	73	56	-2.413716e+05
64	73	57	1.822862e+06
64	73	63	-4.386933e+03
64	73	64	-4.248417e+04
64	73	65	6.322825e+03
64	73	66	-7.133015e+03
64	73	67	2.756242e+05
64	73	68	2.179804e+04
64	74	63	3.432783e+04
64	74	64	3.324394e+05
64	74	65	8.370049e+04
64	74	66	6.423164e+03
64	74	67	1.004246e+05
64	74	68	3.447672e+04
64	75	56	9.168571e+01
64	75	57	5.970088e+02
64	75	58	2.369868e+03
64	75	63	4.503149e+03
64	75	64	-1.348052e+03
64	75	65	5.977523e+04
64	76	56	5.946016e+03
64	76	57	3.871730e+04
64	76	58	1.536911e+05
64	76	63	-2.177792e+03
64	76	64	6.519385e+02
64	76	65	-2.890821e+04
64	77	56	9.608765e+03
64	77	57	6.256718e+04
64	77	58	2.483648e+05
64	77	63	5.791785e+04
64	77	64	-1.733815e+04
64	77	65	7.688070e+05
65	34	81	2.712760e+01
65	34	82	1.060891e+03
65	34	83	5.466578e+02
65	35	81	1.357543e+01
65	35	82	5.309008e+02
65	35	83	2.735634e+02
65	36	81	4.064854e+02
65	36	82	1.589661e+04
65	36	83	8.191231e+03
65	55	85	4.251868e+02
65	55	86	1.334403e+04
65	55	87	6.347531e+03
65	56	85	1.255170e+04
65	56	86	3.939218e+05
65	56	87	1.873820e+05
65	57	85	5.829211e+03
65	57	86	1.829436e+05
65	57	87	8.702317e+04
65	72	66	3.768705e+02
65	72	67	5.892280e+03
65	72	68	2.022875e+03
65	73	54	9.733084e+02
65	73	55	6.102310e+03
65	73	56	1.062086e+03
65	73	66	2.687932e+04
65	73	67	4.202516e+05
65	73	68	1.442764e+05
65	74	54	2.066281e+04
65	74	55	1.295487e+05
65	74	56	2.254751e+04
65	74	66	4.251348e+04
65	74	67	6.646880e+05
65	74	68	2.281937e+05
65	75	54	8.312136e+03
65	75	55	5.211425e+04
65	75	56	9.330973e+03
65	75	57	1.697318e+03
65	75	58	6.737623e+03
65	76	56	1.690474e+04
65	76	57	1.100747e+05
65	76	58	4.369493e+05
65	77	56	2.731807e+04
65	77	57	1.778808e+05
65	77	58	7.061104e+05
66	34	81	1.311283e+03
66	34	82	5.128096e+04
66	34	83	2.642414e+04
66	35	81	6.562042e+02
66	35	82	2.566248e+04
66	35	83	1.322340e+04
66	36	81	1.964854e+04
66	36	82	7.684043e+05
66	36	83	3.959446e+05
66	72	66	6.907431e+01
66	72	67	1.079960e+03
66	72	68	3.707605e+02
66	73	54	5.971482e+03
66	73	55	3.743915e+04
66	73	56	6.516156e+03
66	73	66	4.926547e+03
66	73	67	7.702537e+04
66	73	68	2.644354e+04
66	74	54	1.267713e+05
66	74	55	7.948126e+05
66	74	56	1.383344e+05
66	74	66	7.792038e+03
66	74	67	1.218266e+05
66	74	68	4.182423e+04
66	75	54	5.099696e+04
66	75	55	3.197335e+05
66	75	56	5.564852e+04
67	34	81	7.236967e+02
67	34	82	2.830194e+04
67	34	83	1.458347e+04
67	35	81	3.621588e+02
67	35	82	1.416311e+04
67	35	83	7.297991e+03
67	36	81	1.084402e+04
67	36	82	4.240820e+05
67	36	83	2.185217e+05
67	55	75	1.569586e+03
67	55	76	-1.404001e+03
67	55	77	1.869319e+04
67	56	75	1.038739e+04
67	56	76	-9.291562e+03
67	56	77	1.237100e+05
67	57	75	1.903610e+03
67	57	76	-1.702787e+03
67	57	77	2.267128e+04
67	73	54	1.017513e+03
67	73	55	6.379457e+03
67	73	56	1.110323e+03
67	74	54	2.160124e+04
67	74	55	1.354324e+05
67	74	56	2.357155e+04
67	75	54	8.689646e+03
67	75	55	5.448110e+04
67	75	56	9.482250e+03
68	55	75	-1.271162e+03
68	55	76	1.137060e+03
68	55	77	-1.513907e+04
68	56	75	-8.412445e+03
68	56	76	7.524965e+03
68	56	77	-1.001891e+05
68	57	75	-1.541678e+03
68	57	76	1.379037e+03
68	57	77	-1.836081e+04
68	64	66	1.737403e-02
68	64	67	7.150311e+00
68	64	68	5.856951e+00
68	65	66	4.155138e+01
68	65	67	1.710054e+04
68	65	68	1.400737e+04
68	66	66	4.507375e+01
68	66	67	1.855018e+04
68	66	68	1.519479e+04
68	69	55	1.647736e+00
68	69	56	4.427554e+01
68	69	57	9.183178e+01
68	70	55	4.273934e+02
68	70	56	1.148429e+04
68	70	57	2.381954e+04
68	71	55	3.321660e+02
68	71	56	8.925478e+03
68	71	57	1.851231e+04
69	55	75	1.900732e+04
69	55	76	-1.700212e+04
69	55	77	2.263701e+05
69	56	75	1.257888e+05
69	56	76	-1.125186e+05
69	56	77	1.498098e+06
69	57	75	2.305227e+04
69	57	76	-2.062034e+04
69	57	77	2.745439e+05
69	64	66	3.771931e-01
69	64	67	1.552345e+02
69	64	68	1.271554e+02
69	65	66	9.020875e+02
69	65	67	3.712557e+05
69	65	68	3.041024e+05
69	66	66	9.785588e+02
69	66	67	4.027276e+05
69	66	68	3.298816e+05
69	69	55	3.644330e+01
69	69	56	9.792510e+02
69	69	57	2.031062e+03
69	70	55	9.452745e+03
69	70	56	2.540003e+05
69	70	57	5.268215e+05
69	71	55	7.346582e+03
69	71	56	1.974066e+05
69	71	57	4.094406e+05
70	64	66	2.448832e+01
70	64	67	1.301625e+03
70	64	68	7.459548e+02
70	65	66	7.632367e+02
70	65	67	1.711158e+05
70	65	68	1.349467e+05
70	66	66	1.392223e+03
70	66	67	2.143406e+05
70	66	68	1.624850e+05
70	69	55	3.529226e+01
70	69	56	5.605317e+02
70	69	57	8.667064e+02
70	70	55	9.104357e+03
70	70	56	1.450027e+05
70	70	57	2.247256e+05
70	71	55	9.695189e+03
70	71	56	1.331557e+05
70	71	57	1.790004e+05
71	64	66	2.431346e+01
71	64	67	1.237418e+03
71	64	68	6.936450e+02
71	65	66	3.961354e+02
71	65	67	2.016106e+04
71	65	68	1.130145e+04
71	66	66	9.935036e+02
71	66	67	5.056375e+04
71	66	68	2.834393e+04
71	69	55	9.607410e+00
71	69	56	7.504726e+01
71	69	57	1.593985e+01
71	70	55	2.468463e+03
71	70	56	1.928214e+04
71	70	57	4.095477e+03
71	70	75	1.762204e+02
71	70	76	4.886008e+02
71	70	77	3.415719e+03
71	71	55	3.155295e+03
71	71	56	2.464725e+04
71	71	57	5.235013e+03
71	71	75	1.379820e+02
71	71	76	3.825784e+02
71	71	77	2.674536e+03
71	72	75	2.742517e+03
71	72	76	7.604089e+03
71	72	77	5.315881e+04
72	17	96	1.836295e+02
72	17	97	4.296476e+03
72	17	98	1.808038e+03
72	18	93	4.177878e+01
72	18	94	6.307861e+02
72	18	95	1.634179e+03
72	18	96	1.169350e+03
72	18	97	2.735990e+04
72	18	98	1.151356e+04
72	19	93	6.242053e+02
72	19	94	9.424404e+03
72	19	95	2.441583e+04
72	19	96	2.066052e+02
72	19	97	4.834051e+03
72	19	98	2.034259e+03
72	20	93	1.624498e+03
72	20	94	2.452706e+04
72	20	95	6.354232e+04
72	64	66	3.893165e+02
72	64	67	1.981402e+04
72	64	68	1.110691e+04
72	65	66	6.343074e+03
72	65	67	3.228268e+05
72	65	68	1.809632e+05
72	66	66	1.590836e+04
72	66	67	8.096464e+05
72	66	68	4.538539e+05
72	69	55	3.036886e+02
72	69	56	2.372231e+03
72	69	57	5.038559e+02
72	70	55	7.802769e+04
72	70	56	6.095050e+05
72	70	57	1.294573e+05
72	70	75	3.538102e+03
72	70	76	9.809983e+03
72	70	77	6.857981e+04
72	71	55	9.973833e+04
72	71	56	7.790953e+05
72	71	57	1.654779e+05
72	71	75	2.770363e+03
72	71	76	7.681296e+03
72	71	77	5.369855e+04
72	72	75	5.506345e+04
72	72	76	1.526727e+05
72	72	77	1.067307e+06
73	17	96	1.545992e+03
73	17	97	3.617238e+04
73	17	98	1.522201e+04
73	18	93	4.925811e+02
73	18	94	7.437110e+03
73	18	95	1.926734e+04
73	18	96	9.844855e+03
73	18	97	2.303452e+05
73	18	98	9.693359e+04
73	19	93	7.359521e+03
73	19	94	1.111158e+05
73	19	95	2.878681e+05
73	19	96	1.739426e+03
73	19	97	4.069827e+04
73	19	98	1.712659e+04
73	20	93	1.915319e+04
73	20	94	2.891796e+05
73	20	95	7.491782e+05
73	68	57	2.546480e-02
73	68	58	1.975262e-01
73	68	59	4.170597e-02
73	69	57	1.293788e+01
73	69	58	1.003570e+02
73	69	59	2.118951e+01
73	70	57	1.541884e+01
73	70	58	1.196014e+02
73	70	59	2.525281e+01
73	70	75	1.385445e+03
73	70	76	3.841380e+03
73	70	77	2.685439e+04
73	71	75	1.084815e+03
73	71	76	3.007832e+03
73	71	77	2.102721e+04
73	72	75	2.156167e+04
73	72	76	5.978337e+04
73	72	77	4.179347e+05
74	17	96	5.313491e+03
74	17	97	1.243225e+05
74	17	98	5.231725e+04
74	18	93	1.423403e+02
74	18	94	2.149088e+03
74	18	95	5.567649e+03
74	18	96	3.383624e+04
74	18	97	7.916844e+05
74	18	98	3.331556e+05
74	19	93	2.126668e+03
74	19	94	3.210895e+04
74	19	95	8.318472e+04
74	19	96	5.978315e+03
74	19	97	1.398778e+05
74	19	98	5.886319e+04
74	20	93	5.534664e+03
74	20	94	8.356371e+04
74	20	95	2.164887e+05
74	40	88	2.148870e+01
74	40	89	2.978628e+01
74	40	90	3.602232e+02
74	41	88	3.520289e+03
74	41	89	4.879603e+03
74	41	90	5.901194e+04
74	42	88	4.780894e+03
74	42	89	6.626973e+03
74	42	90	8.014393e+04
74	68	57	8.535127e+01
74	68	58	6.620556e+02
74	68	59	1.397874e+02
74	69	57	4.336434e+04
74	69	58	3.363700e+05
74	69	59	7.102163e+04
74	70	57	5.167988e+04
74	70	58	4.008723e+05
74	70	59	8.464074e+04
74	82	38	1.052687e-02
74	82	39	7.222902e+02
74	82	40	7.333939e+02
74	83	38	3.856085e-01
74	83	39	2.645813e+04
74	83	40	2.686487e+04
74	84	38	7.243760e-01
74	84	39	4.970232e+04
74	84	40	5.046639e+04
75	40	88	-1.383299e+01
75	40	89	-1.917441e+01
75	40	90	-2.318876e+02
75	41	88	-2.266126e+03
75	41	89	-3.141161e+03
75	41	90	-3.798793e+04
75	42	88	-3.077619e+03
75	42	89	-4.266001e+03
75	42	90	-5.159130e+04
75	68	57	9.142922e+01
75	68	58	7.092012e+02
75	68	59	1.497418e+02
75	69	57	4.645235e+04
75	69	58	3.603232e+05
75	69	59	7.607915e+04
75	70	57	5.536006e+04
75	70	58	4.294188e+05
75	70	59	9.066809e+04
75	82	38	-5.600881e-03
75	82	39	-3.842988e+02
75	82	40	-3.902065e+02
75	83	38	-2.051653e-01
75	83	39	-1.407721e+04
75	83	40	-1.429361e+04
75	84	38	-3.854085e-01
75	84	39	-2.644441e+04
75	84	40	-2.685094e+04
76	39	81	3.452941e+02
76	39	82	5.431208e+03
76	39	83	1.382562e+04
76	40	81	-6.557052e+02
76	40	82	-1.031374e+04
76	40	83	-2.625453e+04
76	40	88	2.685297e+02
76	40	89	3.722189e+02
76	40	90	4.501465e+03
76	41	81	3.210617e+03
76	41	82	5.050052e+04
76	41	83	1.285535e+05
76	41	86	1.981288e+01
76	41	87	1.036397e+02
76	41	88	4.446036e+04
76	41	89	6.097709e+04
76	41	90	7.374322e+05
76	42	86	8.660963e+02
76	42	87	4.530484e+03
76	42	88	8.027592e+04
76	42	89	8.281279e+04
76	42	90	1.001504e+06
76	43	86	1.546451e+03
76	43	87	8.089368e+03
76	43	88	3.666134e+04
76	82	38	1.342367e-01
76	82	39	9.210516e+03
76	82	40	9.352108e+03
76	83	38	4.917210e+00
76	83	39	3.373894e+05
76	83	40	3.425760e+05
76	84	38	9.237112e+00
76	84	39	6.337951e+05
76	84	40	6.435383e+05
77	30	101	3.909570e+01
77	30	102	1.878349e+03
77	30	103	1.034731e+03
77	31	101	5.564307e+02
77	31	102	2.630690e+04
77	31	103	1.442350e+04
77	32	101	7.905796e+02
77	32	102	3.390062e+04
77	32	103	1.802204e+04
77	33	101	1.605966e+02
77	33	102	6.697209e+03
77	33	103	3.526415e+03
77	39	81	3.179795e+03
77	39	82	5.001571e+04
77	39	83	1.273194e+05
77	40	81	-6.038355e+03
77	40	82	-9.497866e+04
77	40	83	-2.417766e+05
77	40	94	4.430207e+02
77	40	95	5.415604e+03
77	40	96	1.602385e+03
77	41	81	2.956640e+04
77	41	82	4.654619e+05
77	41	83	1.188410e+06
77	41	84	1.280624e+03
77	41	86	3.876485e+02
77	41	87	2.027760e+03
77	41	88	9.189890e+03
77	41	94	3.573756e+03
77	41	95	4.368655e+04
77	41	96	1.292611e+04
77	42	82	9.903934e+03
77	42	83	1.116299e+05
77	42	84	3.129974e+04
77	42	86	1.694559e+04
77	42	87	8.864109e+04
77	42	88	4.017250e+05
77	42	94	7.797505e+02
77	42	95	9.531878e+03
77	42	96	2.820320e+03
77	43	82	4.249659e+03
77	43	83	4.789904e+04
77	43	84	1.343034e+04
77	43	86	3.025705e+04
77	43	87	1.582723e+05
77	43	88	7.172966e+05
78	30	101	3.567519e+02
78	30	102	1.714011e+04
78	30	103	9.442014e+03
78	31	101	6.125405e+03
78	31	102	2.837534e+05
78	31	103	1.546263e+05
78	32	101	1.723939e+04
78	32	102	7.274212e+05
78	32	103	3.845902e+05
78	33	101	3.966780e+03
78	33	102	1.654229e+05
78	33	103	8.710343e+04
78	39	81	7.708434e+02
78	39	82	1.212477e+04
78	39	83	3.086467e+04
78	40	81	-1.463813e+03
78	40	82	-2.302465e+04
78	40	83	-5.861129e+04
78	40	94	1.575999e+03
78	40	95	1.926543e+04
78	40	96	5.700313e+03
78	41	81	7.167464e+03
78	41	82	1.155059e+05
78	41	83	3.181763e+05
78	41	84	8.745346e+03
78	41	86	1.498691e+02
78	41	87	7.839539e+02
78	41	88	3.552910e+03
78	41	94	1.271325e+04
78	41	95	1.554102e+05
78	41	96	4.598324e+04
78	42	82	6.763370e+04
78	42	83	7.623174e+05
78	42	84	2.137451e+05
78	42	86	6.551346e+03
78	42	87	3.426960e+04
78	42	88	1.553112e+05
78	42	94	2.773879e+03
78	42	95	3.390864e+04
78	42	96	1.003299e+04
78	43	82	2.902081e+04
78	43	83	3.271012e+05
78	43	84	9.171545e+04
78	43	86	1.169770e+04
78	43	87	6.118979e+04
78	43	88	2.773146e+05
79	9	83	4.364225e+01
79	9	84	-7.936319e+01
79	9	85	4.158840e+02
79	10	83	5.857301e+02
79	10	84	-1.065147e+03
79	10	85	5.581650e+03
79	11	83	1.838191e+02
79	11	84	-3.342741e+02
79	11	85	1.751684e+03
79	12	84	5.532016e-01
79	12	85	9.667934e+00
79	12	86	3.527224e+00
79	13	84	1.295942e+03
79	13	85	2.264831e+04
79	13	86	8.262951e+03
79	14	84	1.192645e+03
79	14	85	2.084305e+04
79	14	86	7.604325e+03
79	30	101	1.174964e+03
79	30	102	5.645102e+04
79	30	103	3.109731e+04
79	31	101	1.541707e+04
79	31	102	7.361672e+05
79	31	103	4.048076e+05
79	32	101	1.126885e+04
79	32	102	4.979388e+05
79	32	103	2.673491e+05
79	33	101	1.710009e+03
79	33	102	7.131091e+04
79	33	103	3.754876e+04
79	40	94	9.214989e+03
79	40	95	1.126465e+05
79	40	96	3.333018e+04
79	41	82	5.221216e+02
79	41	83	5.884971e+03
79	41	84	1.650079e+03
79	41	94	7.433540e+04
79	41	95	9.086958e+05
79	41	96	2.688676e+05
79	42	82	1.276118e+04
79	42	83	1.438346e+05
79	42	84	4.032959e+04
79	42	94	1.621909e+04
79	42	95	1.982665e+05
79	42	96	5.866367e+04
79	43	82	5.475668e+03
79	43	83	6.171771e+04
79	43	84	1.730494e+04
79	70	67	4.222507e+01
79	70	68	1.067103e+03
79	70	69	4.646148e+02
79	71	67	3.330589e+02
79	71	68	8.416991e+03
79	71	69	3.664745e+03
79	72	67	7.132221e+01
79	72	68	1.802439e+03
79	72	69	7.847791e+02
80	9	83	5.173222e+03
80	9	84	-9.407475e+03
80	9	85	4.929764e+04
80	10	83	6.943070e+04
80	10	84	-1.262593e+05
80	10	85	6.616321e+05
80	11	83	2.178937e+04
80	11	84	-3.962385e+04
80	11	85	2.076394e+05
80	12	84	1.255449e+01
80	12	85	2.194064e+02
80	12	86	8.004766e+01
80	13	84	2.941042e+04
80	13	85	5.139862e+05
80	13	86	1.875214e+05
80	14	84	2.706617e+04
80	14	85	4.730172e+05
80	14	86	1.725744e+05
80	22	98	1.160571e+02
80	22	99	1.615218e+03
80	22	100	5.182082e+02
80	23	98	1.464544e+03
80	23	99	2.038271e+04
80	23	100	6.539358e+03
80	24	98	4.111625e+03
80	24	99	5.722330e+04
80	24	100	1.835888e+04
80	70	67	1.850967e+03
80	70	68	4.677723e+04
80	70	69	2.036673e+04
80	71	67	1.459988e+04
80	71	68	3.689650e+05
80	71	69	1.606468e+05
80	72	67	3.126461e+03
80	72	68	7.901123e+04
80	72	69	3.440137e+04
81	5	82	2.077714e+02
81	5	83	-3.092601e+02
81	5	84	2.166914e+03
81	6	82	5.998938e+03
81	6	83	-8.929198e+03
81	6	84	6.256484e+04
81	7	82	1.214531e+04
81	7	83	-1.807785e+04
81	7	84	1.266674e+05
81	9	83	7.403233e+03
81	9	84	-1.346274e+04
81	9	85	7.054829e+04
81	10	83	9.936006e+04
81	10	84	-1.806857e+05
81	10	85	9.468407e+05
81	11	83	3.118208e+04
81	11	84	-5.670443e+04
81	11	85	2.971461e+05
81	12	84	5.210299e+00
81	12	85	9.105691e+01
81	12	86	3.322097e+01
81	13	84	1.220576e+04
81	13	85	2.133119e+05
81	13	86	7.782415e+04
81	14	84	1.123286e+04
81	14	85	1.963092e+05
81	14	86	7.162092e+04
81	22	98	1.552448e+03
81	22	99	2.160611e+04
81	22	100	6.931860e+03
81	23	98	1.959061e+04
81	23	99	2.726512e+05
81	23	100	8.747432e+04
81	24	98	5.499952e+04
81	24	99	7.654528e+05
81	24	100	2.455792e+05
81	70	67	3.302439e+03
81	70	68	8.345851e+04
81	70	69	3.633771e+04
81	71	67	2.604867e+04
81	71	68	6.582962e+05
81	71	69	2.866211e+05
81	72	67	5.578138e+03
81	72	68	1.409695e+05
81	72	69	6.137788e+04
82	5	82	1.735472e+03
82	5	83	-2.583186e+03
82	5	84	1.809979e+04
82	6	82	5.010790e+04
82	6	83	-7.458376e+04
82	6	84	5.225913e+05
82	7	82	1.014473e+05
82	7	83	-1.510006e+05
82	7	84	1.058026e+06
82	22	98	4.862085e+02
82	22	99	6.766778e+03
82	22	100	2.170977e+03
82	23	98	6.135548e+03
82	23	99	8.539114e+04
82	23	100	2.739593e+04
82	24	98	1.722520e+04
82	24	99	2.397308e+05
82	24	100	7.691252e+04
83	5	82	3.896195e+02
83	5	83	-5.799343e+02
83	5	84	4.063466e+03
83	6	82	1.124940e+04
83	6	83	-1.674431e+04
83	6	84	1.173236e+05
83	7	82	2.277527e+04
83	7	83	-3.390016e+04
83	7	84	2.375306e+05
86	10	86	8.476147e+02
86	10	87	1.848598e+04
86	10	88	7.531727e+03
86	11	86	-1.548020e+03
86	11	87	-3.376139e+04
86	11	88	-1.375538e+04
86	12	86	8.058381e+03
86	12	87	1.757485e+05
86	12	88	7.160509e+04
87	10	86	-1.525363e+03
87	10	87	-3.326726e+04
87	10	88	-1.355405e+04
87	11	86	2.785807e+03
87	11	87	6.075681e+04
87	11	88	2.475410e+04
87	12	86	-1.450182e+04
87	12	87	-3.162761e+05
87	12	88	-1.288601e+05
88	10	86	8.122629e+03
88	10	87	1.771497e+05
88	10	88	7.217599e+04
88	11	86	-1.483456e+04
88	11	87	-3.235329e+05
88	11	88	-1.318168e+05
88	12	86	7.722287e+04
88	12	87	1.684185e+06
88	12	88	6.861863e+05
88	91	37	6.110542e+00
88	91	38	5.862596e+03
88	91	39	5.147102e+03
88	92	37	9.263588e+01
88	92	38	8.887702e+04
88	92	39	7.803011e+04
88	93	37	3.125044e+01
88	93	38	2.998240e+04
88	93	39	2.632323e+04
89	91	37	4.003235e+01
89	91	38	3.840797e+04
89	91	39	3.372051e+04
89	92	37	6.068908e+02
89	92	38	5.822652e+05
89	92	39	5.112033e+05
89	93	37	2.047328e+02
89	93	38	1.964255e+05
89	93	39	1.724529e+05
90	15	90	1.438897e+00
90	15	91	1.146484e+03
90	15	92	1.319326e+03
90	16	90	8.289264e+01
90	16	91	6.604715e+04
90	16	92	7.600434e+04
90	17	90	4.815684e+01
90	17	91	3.837038e+04
90	17	92	4.415505e+04
90	91	37	7.266960e+00
90	91	38	6.972090e+03
90	91	39	6.121189e+03
90	92	37	1.101672e+02
90	92	38	1.056970e+05
90	92	39	9.279729e+04
90	93	37	3.716458e+01
90	93	38	3.565656e+04
90	93	39	3.130489e+04
91	15	90	9.719699e+00
91	15	91	7.744457e+03
91	15	92	8.912002e+03
91	16	90	5.599368e+02
91	16	91	4.461462e+05
91	16	92	5.134066e+05
91	17	90	3.252977e+02
91	17	91	2.591906e+05
91	17	92	2.982658e+05
92	15	90	1.815585e+00
92	15	91	1.446621e+03
92	15	92	1.664711e+03
92	16	90	1.045930e+02
92	16	91	8.333758e+04
92	16	92	9.590145e+04
92	17	90	6.076377e+01
92	17	91	4.841533e+04
92	17	92	5.571436e+04
103	10	101	3.135089e+01
103	10	102	9.657227e+02
103	10	103	4.560709e+02
103	11	101	2.700501e+03
103	11	102	8.318536e+04
103	11	103	3.928501e+04
103	12	101	1.735986e+03
103	12	102	5.347475e+04
103	12	103	2.525392e+04
104	10	101	2.317909e+02
104	10	102	7.140010e+03
104	10	103	3.371932e+03
104	11	101	1.996599e+04
104	11	102	6.150258e+05
104	11	103	2.904513e+05
104	12	101	1.283490e+04
104	12	102	3.953622e+05
104	12	103	1.867133e+05
105	10	101	4.696037e+01
105	10	102	1.446552e+03
105	10	103	6.831467e+02
105	11	101	4.045069e+03
105	11	102	1.246030e+05
105	11	103	5.884485e+04
105	12	101	2.600326e+03
105	12	102	8.009960e+04
105	12	103	3.782773e+04
106	14	98	5.256016e+00
106	14	99	2.006292e+03
106	14	100	1.630716e+03
106	15	98	7.461306e+01
106	15	99	2.848081e+04
106	15	100	2.314923e+04
106	16	98	1.985872e+02
106	16	99	7.580343e+04
106	16	100	6.161309e+04
107	14	98	-6.832656e+00
107	14	99	-2.608117e+03
107	14	100	-2.119880e+03
107	15	98	-9.699465e+01
107	15	99	-3.702417e+04
107	15	100	-3.009327e+04
107	16	98	-2.581572e+02
107	16	99	-9.854209e+04
107	16	100	-8.009509e+04
108	14	98	5.737173e+01
108	14	99	2.189956e+04
108	14	100	1.779998e+04
108	15	98	8.144345e+02
108	15	99	3.108806e+05
108	15	100	2.526840e+05
108	16	98	2.167667e+03
108	16	99	8.274279e+05
108	16	100	6.725340e+05
110	21	92	8.352387e+01
110	21	93	2.875795e+03
110	21	94	1.416442e+03
110	22	92	1.938048e+03
110	22	93	6.672859e+04
110	22	94	3.286644e+04
110	23	92	8.125014e+02
110	23	93	2.797509e+04
110	23	94	1.377883e+04
111	21	92	8.478420e+02
111	21	93	2.919189e+04
111	21	94	1.437815e+04
111	22	92	1.967292e+04
111	22	93	6.773549e+05
111	22	94	3.336238e+05
111	23	92	8.247616e+03
111	23	93	2.839722e+05
111	23	94	1.398674e+05
112	21	92	2.209398e+02
112	21	93	7.607138e+03
112	21	94	3.746813e+03
112	22	92	5.126583e+03
112	22	93	1.765124e+05
112	22	94	8.693929e+04
112	23	92	2.149253e+03
112	23	93	7.400053e+04
112	23	94	3.644816e+04
