0.3809	-3.788360e+00	2
54	68	62	2.090459e-20
54	68	63	9.359544e+02
54	68	64	9.359544e+02
54	69	62	6.890924e-19
54	69	63	3.085251e+04
54	69	64	3.085251e+04
54	70	62	3.339674e-19
54	70	63	1.495262e+04
54	70	64	1.495262e+04
55	68	62	4.883390e-20
55	68	63	2.186424e+03
55	68	64	2.186424e+03
55	69	62	1.609746e-18
55	69	63	7.207262e+04
55	69	64	7.207262e+04
55	70	62	7.801605e-19
55	70	63	3.492987e+04
55	70	64	3.492987e+04
56	68	62	3.883233e-19
56	68	63	1.738627e+04
56	68	64	1.738627e+04
56	69	62	1.280057e-17
56	69	63	5.731157e+05
56	69	64	5.731157e+05
56	70	62	6.203774e-18
56	70	63	2.777595e+05
56	70	64	2.777595e+05
70	56	62	2.084374e-20
70	56	63	9.359544e+02
70	56	64	9.359544e+02
70	57	62	2.704641e-19
70	57	63	1.214475e+04
70	57	64	1.214475e+04
70	58	62	7.496177e-19
70	58	63	3.366037e+04
70	58	64	3.366037e+04
71	56	62	3.246617e-19
71	56	63	1.457841e+04
71	56	64	1.457841e+04
71	57	62	4.212744e-18
71	57	63	1.891665e+05
71	57	64	1.891665e+05
71	58	62	1.167603e-17
71	58	63	5.242934e+05
71	58	64	5.242934e+05
72	56	62	1.112230e-19
72	56	63	4.994288e+03
72	56	64	4.994288e+03
72	57	62	1.443207e-18
72	57	63	6.480486e+04
72	57	64	6.480486e+04
72	58	62	3.999988e-18
72	58	63	1.796130e+05
72	58	64	1.796130e+05
