0.0196	-4.561976e+06	763
34	68	68	7.705771e+02
34	68	69	-9.106552e+02
34	68	70	8.639608e+03
34	69	68	1.390689e+04
34	69	69	-1.643493e+04
34	69	70	1.559222e+05
34	70	68	5.160097e+03
34	70	69	-6.098117e+03
34	70	70	5.785432e+04
35	68	68	-1.268575e+03
35	68	69	1.499181e+03
35	68	70	-1.422310e+04
35	69	68	-2.289445e+04
35	69	69	2.705628e+04
35	69	70	-2.566895e+05
35	70	68	-8.423251e+03
35	70	69	1.217605e+04
35	70	70	-9.424714e+04
35	71	68	-1.173348e+02
35	71	69	-3.499733e+03
35	71	70	-1.632009e+03
35	72	68	7.186527e+02
35	72	69	2.143518e+04
35	72	70	9.995737e+03
36	68	68	7.711732e+03
36	68	69	-9.113596e+03
36	68	70	8.646291e+04
36	69	68	1.391765e+05
36	69	69	-1.644765e+05
36	69	70	1.560428e+06
36	70	68	5.477068e+04
36	70	69	3.232376e+04
36	70	70	6.225230e+05
36	71	68	-5.125812e+03
36	71	69	-1.528871e+05
36	71	70	-7.129489e+04
36	72	68	3.139460e+04
36	72	69	9.364035e+05
36	72	70	4.366673e+05
36	77	53	3.207389e+01
36	77	54	5.443966e+01
36	77	55	5.570157e+02
36	78	53	2.098792e+03
36	78	54	3.562321e+03
36	78	55	3.644896e+04
36	79	53	3.384649e+03
36	79	54	5.744832e+03
36	79	55	5.877998e+04
36	81	64	8.202074e+00
36	81	65	3.610469e+03
36	81	66	2.977201e+03
36	82	64	6.647956e+01
36	82	65	2.926363e+04
36	82	66	2.413085e+04
36	83	64	1.456212e+01
36	83	65	6.410097e+03
36	83	66	5.285781e+03
37	70	68	1.673224e+03
37	70	69	4.990708e+04
37	70	70	2.327286e+04
37	71	68	-2.740316e+03
37	71	69	-8.173515e+04
37	71	70	-3.811505e+04
37	72	68	1.678390e+04
37	72	69	5.006118e+05
37	72	70	2.334472e+05
37	77	53	3.754644e+01
37	77	54	6.372832e+01
37	77	55	6.520555e+02
37	78	53	2.456894e+03
37	78	54	4.170136e+03
37	78	55	4.266800e+04
37	79	53	3.962148e+03
37	79	54	6.725034e+03
37	79	55	6.880920e+04
37	81	64	3.867780e+01
37	81	65	1.702557e+04
37	81	66	1.403933e+04
37	82	64	3.134919e+02
37	82	65	1.379959e+05
37	82	66	1.137918e+05
37	83	64	6.866932e+01
37	83	65	3.022754e+04
37	83	66	2.492569e+04
38	77	53	5.240702e+02
38	77	54	8.895148e+02
38	77	55	9.101338e+03
38	78	53	3.429313e+04
38	78	54	5.820643e+04
38	78	55	5.955565e+05
38	79	53	5.530335e+04
38	79	54	9.386748e+04
38	79	55	9.604334e+05
38	81	64	1.872239e+02
38	81	65	8.241405e+04
38	81	66	6.795881e+04
38	82	64	1.517490e+03
38	82	65	6.679835e+05
38	82	66	5.508207e+05
38	83	64	3.324009e+02
38	83	65	1.463195e+05
38	83	66	1.206554e+05
40	67	60	6.360463e+00
40	67	61	1.562581e+02
40	67	62	6.720050e+01
40	68	60	-8.969339e+00
40	68	61	-2.203507e+02
40	68	62	-9.476419e+01
40	69	60	6.763313e+01
40	69	61	1.661550e+03
40	69	62	7.145676e+02
41	67	60	3.025539e+03
41	67	61	7.432872e+04
41	67	62	3.196587e+04
41	68	60	-4.266527e+03
41	68	61	-1.048162e+05
41	68	62	-4.507734e+04
41	69	60	3.217167e+04
41	69	61	7.903645e+05
41	69	62	3.399048e+05
42	67	60	2.513427e+03
42	67	61	6.174761e+04
42	67	62	2.655523e+04
42	68	60	-3.544361e+03
42	68	61	-8.707467e+04
42	68	62	-3.744741e+04
42	69	60	2.672619e+04
42	69	61	6.565849e+05
42	69	62	2.823715e+05
42	72	70	4.586538e+01
42	72	71	2.998523e+03
42	72	72	1.802535e+03
42	73	70	-1.393970e+01
42	73	71	-9.113302e+02
42	73	72	-5.478378e+02
42	74	70	6.083568e+02
42	74	71	3.977231e+04
42	74	72	2.390876e+04
42	81	44	1.001493e+02
42	81	45	-1.006979e+02
42	81	46	1.166101e+03
42	82	44	3.273048e+03
42	82	45	-3.290978e+03
42	82	46	3.811014e+04
42	83	44	1.581160e+03
42	83	45	-1.589821e+03
42	83	46	1.841043e+04
42	93	37	3.665152e+02
42	93	38	3.233573e+02
42	93	39	5.777606e+03
42	93	66	3.372344e+02
42	93	67	3.765479e+03
42	93	68	1.049065e+03
42	94	37	-1.172174e+02
42	94	38	-1.034148e+02
42	94	39	-1.847770e+03
42	94	66	4.965616e+03
42	94	67	5.544489e+04
42	94	68	1.544699e+04
42	95	37	4.848517e+03
42	95	38	4.277594e+03
42	95	39	7.643016e+04
42	95	66	1.647161e+03
42	95	67	1.839182e+04
42	95	68	5.123974e+03
43	72	70	9.594010e+02
43	72	71	6.272239e+04
43	72	72	3.770499e+04
43	73	70	-2.915872e+02
43	73	71	-1.906299e+04
43	73	72	-1.145954e+04
43	74	70	1.272546e+04
43	74	71	8.319475e+05
43	74	72	5.001176e+05
43	81	44	7.344517e+02
43	81	45	-7.384750e+02
43	81	46	8.551680e+03
43	82	44	2.400312e+04
43	82	45	-2.413461e+04
43	82	46	2.794834e+05
43	83	44	1.159555e+04
43	83	45	-1.165907e+04
43	83	46	1.350142e+05
43	93	37	9.665215e+02
43	93	38	8.527117e+02
43	93	39	1.523587e+04
43	93	66	4.838451e+02
43	93	67	5.402500e+03
43	93	68	1.505141e+03
43	94	37	-3.091089e+02
43	94	38	-2.727107e+02
43	94	39	-4.872674e+03
43	94	66	7.124388e+03
43	94	67	7.954923e+04
43	94	68	2.216248e+04
43	95	37	1.278582e+04
43	95	38	1.128026e+04
43	95	39	2.015507e+05
43	95	66	2.363255e+03
43	95	67	2.638755e+04
43	95	68	7.351592e+03
44	71	61	1.262805e+03
44	71	62	-6.500334e+02
44	71	63	1.615269e+04
44	72	61	-1.202926e+03
44	72	62	6.192105e+02
44	72	63	-1.538677e+04
44	72	70	3.832257e+02
44	72	71	2.505400e+04
44	72	72	1.506098e+04
44	73	61	1.486440e+04
44	73	62	-7.651502e+03
44	73	63	1.901323e+05
44	73	70	-1.164724e+02
44	73	71	-7.614569e+03
44	73	72	-4.577429e+03
44	74	68	1.147245e+01
44	74	69	2.116117e+02
44	74	70	5.162499e+03
44	74	71	3.323153e+05
44	74	72	1.997683e+05
44	75	67	4.602514e+01
44	75	68	6.983942e+02
44	75	69	6.015083e+03
44	75	70	2.225949e+03
44	76	61	3.417826e+02
44	76	62	-2.428713e+02
44	76	63	4.218179e+03
44	76	67	6.985638e+02
44	76	68	6.376566e+03
44	76	69	1.339149e+04
44	76	70	4.551211e+03
44	77	61	6.240351e+03
44	77	62	-4.434404e+03
44	77	63	7.701656e+04
44	77	67	2.358175e+02
44	77	68	1.930600e+03
44	77	69	4.263926e+02
44	78	50	1.928125e+01
44	78	51	2.498293e+02
44	78	52	7.671181e+01
44	78	61	2.329447e+03
44	78	62	-1.655309e+03
44	78	63	2.874934e+04
44	79	50	1.179474e+03
44	79	51	1.528258e+04
44	79	52	4.692622e+03
44	80	50	6.966140e+02
44	80	51	9.026107e+03
44	80	52	2.771528e+03
44	81	44	2.723251e+03
44	81	45	-2.738169e+03
44	81	46	3.170851e+04
44	82	44	8.900045e+04
44	82	45	-8.948799e+04
44	82	46	1.036288e+06
44	82	57	1.209629e+01
44	82	58	4.755356e+02
44	82	59	2.454735e+02
44	83	44	4.299477e+04
44	83	45	-4.323029e+04
44	83	46	5.006149e+05
44	83	57	1.782558e+03
44	83	58	7.007683e+04
44	83	59	3.617395e+04
44	84	57	1.273919e+03
44	84	58	5.008094e+04
44	84	59	2.585199e+04
44	93	37	7.012921e+03
44	93	38	6.187136e+03
44	93	39	1.105490e+05
44	93	66	5.685191e+03
44	93	67	6.347949e+04
44	93	68	1.768544e+04
44	94	37	-2.242843e+03
44	94	38	-1.978744e+03
44	94	39	-3.535532e+04
44	94	66	8.371172e+04
44	94	67	9.347053e+05
44	94	68	2.604096e+05
44	95	37	9.277177e+04
44	95	38	8.184771e+04
44	95	39	1.462419e+06
44	95	66	2.776830e+04
44	95	67	3.100543e+05
44	95	68	8.638137e+04
45	71	61	-1.740237e+03
45	71	62	8.957930e+02
45	71	63	-2.225957e+04
45	71	68	1.053601e+01
45	71	69	-1.103153e+01
45	71	70	1.216163e+02
45	72	61	1.657720e+03
45	72	62	-8.533168e+02
45	72	63	2.120408e+04
45	72	68	5.364442e+03
45	72	69	-5.616738e+03
45	72	70	6.192130e+04
45	73	59	5.072283e+00
45	73	60	4.060105e+01
45	73	61	-2.047542e+04
45	73	62	1.054432e+04
45	73	63	-2.620160e+05
45	73	68	6.391947e+03
45	73	69	-6.692568e+03
45	73	70	7.378170e+04
45	74	59	3.268022e+02
45	74	60	2.615885e+03
45	74	61	5.670946e+02
45	74	68	5.705988e+02
45	74	69	1.052481e+04
45	74	70	3.949467e+03
45	75	59	5.289127e+02
45	75	60	4.233677e+03
45	75	61	9.178139e+02
45	75	67	5.178162e+03
45	75	68	5.838772e+04
45	75	69	3.043927e+05
45	75	70	1.107108e+05
45	76	61	4.488178e+03
45	76	62	-3.189307e+03
45	76	63	5.539175e+04
45	76	67	7.859350e+04
45	76	68	6.761359e+05
45	76	69	7.453311e+05
45	76	70	2.263610e+05
45	77	61	8.207697e+04
45	77	62	-5.672402e+04
45	77	63	1.011785e+06
45	77	67	2.653118e+04
45	77	68	2.172065e+05
45	77	69	4.797226e+04
45	78	50	3.306763e+02
45	78	51	4.284610e+03
45	78	52	1.315619e+03
45	78	61	3.645611e+04
45	78	62	4.636259e+04
45	78	63	3.970509e+05
45	79	50	2.022816e+04
45	79	51	2.620985e+05
45	79	52	8.047917e+04
45	79	61	4.700675e+03
45	79	62	8.297900e+04
45	79	63	3.216915e+04
45	80	50	1.194703e+04
45	80	51	1.547991e+05
45	80	52	4.753213e+04
45	80	61	2.522099e+03
45	80	62	7.577462e+04
45	80	63	3.543703e+04
45	80	81	5.424135e+02
45	80	82	-3.052278e+02
45	80	83	6.878884e+03
45	81	81	3.358745e+03
45	81	82	-1.890039e+03
45	81	83	4.259558e+04
45	82	57	-1.434967e+01
45	82	58	-5.641216e+02
45	82	59	-2.912019e+02
45	82	73	4.565743e-02
45	82	74	5.153198e-01
45	82	75	1.525220e+00
45	82	81	5.775354e+02
45	82	82	-3.249917e+02
45	82	83	7.324300e+03
45	83	57	-2.114625e+03
45	83	58	-8.313121e+04
45	83	59	-4.291268e+04
45	83	73	2.683812e+03
45	83	74	3.029127e+04
45	83	75	8.965473e+04
45	84	57	-1.511233e+03
45	84	58	-5.941035e+04
45	84	59	-3.066787e+04
45	84	73	2.639853e+03
45	84	74	2.979511e+04
45	84	75	8.818622e+04
46	71	61	1.353238e+04
46	71	62	-6.965839e+03
46	71	63	1.730942e+05
46	71	68	7.181393e-01
46	71	69	-7.519142e-01
46	71	70	8.289421e+00
46	72	61	-1.289071e+04
46	72	62	6.635537e+03
46	72	63	-1.648865e+05
46	72	68	3.656428e+02
46	72	69	-3.828394e+02
46	72	70	4.220584e+03
46	73	59	6.585775e+02
46	73	60	5.271578e+03
46	73	61	1.604316e+05
46	73	62	-8.199445e+04
46	73	63	2.037481e+06
46	73	68	4.356780e+02
46	73	69	-4.561685e+02
46	73	70	5.028995e+03
46	74	59	4.243149e+04
46	74	60	3.396425e+05
46	74	61	7.363070e+04
46	74	68	3.176549e+02
46	74	69	5.859210e+03
46	74	70	2.198686e+03
46	75	59	6.867321e+04
46	75	60	5.496942e+05
46	75	61	1.191675e+05
46	75	67	3.521730e+03
46	75	68	3.773629e+04
46	75	69	1.706122e+05
46	75	70	6.163319e+04
46	76	61	1.389679e+03
46	76	62	-9.875079e+02
46	76	63	1.715100e+04
46	76	66	4.401355e+01
46	76	67	5.337683e+04
46	76	68	4.562443e+05
46	76	69	4.324664e+05
46	76	70	1.260162e+05
46	77	61	2.534330e+04
46	77	62	-1.837380e+04
46	77	63	3.130493e+05
46	77	66	1.227022e+03
46	77	67	1.593782e+04
46	77	68	1.597677e+05
46	77	69	3.262651e+04
46	78	50	8.118507e+02
46	78	51	1.051924e+04
46	78	52	3.230006e+03
46	78	61	8.110919e+03
46	78	62	-2.294671e+04
46	78	63	1.121201e+05
46	78	66	2.513419e+03
46	78	67	-4.314632e+03
46	78	68	2.466866e+04
46	79	50	4.966260e+04
46	79	51	6.434840e+05
46	79	52	1.975862e+05
46	79	59	8.842724e-02
46	79	60	2.648679e+00
46	79	61	-2.532125e+03
46	79	62	-6.283185e+04
46	79	63	-2.787088e+04
46	79	66	9.270591e+02
46	79	67	2.252608e+03
46	79	68	1.750668e+04
46	79	69	1.087135e+02
46	80	50	2.933143e+04
46	80	51	3.800507e+05
46	80	52	1.166972e+05
46	80	59	5.702394e+02
46	80	60	1.708050e+04
46	80	61	5.031664e+03
46	80	62	-8.853141e+04
46	80	63	-4.140291e+04
46	80	66	-1.661942e+03
46	80	67	-4.035365e+03
46	80	68	-2.865271e+04
46	80	69	2.200773e+03
46	80	81	3.840745e+03
46	80	82	-2.161270e+03
46	80	83	4.870829e+04
46	81	59	5.992691e+02
46	81	60	1.795003e+04
46	81	61	8.384526e+03
46	81	66	8.901973e+03
46	81	67	2.163525e+04
46	81	68	1.726830e+05
46	81	69	5.058277e+03
46	81	81	2.378274e+04
46	81	82	-1.338306e+04
46	81	83	3.016126e+05
46	82	57	1.354867e+02
46	82	58	5.326322e+03
46	82	59	2.749470e+03
46	82	73	-8.645027e-02
46	82	74	-9.757346e-01
46	82	75	-2.887935e+00
46	82	81	4.089437e+03
46	82	82	-2.301215e+03
46	82	83	5.186221e+04
46	83	57	1.996587e+04
46	83	58	7.849082e+05
46	83	59	4.051729e+05
46	83	73	-5.081677e+03
46	83	74	-5.735515e+04
46	83	75	-1.697572e+05
46	84	57	1.426876e+04
46	84	58	5.609406e+05
46	84	59	2.895599e+05
46	84	73	-4.998441e+03
46	84	74	-5.641569e+04
46	84	75	-1.669766e+05
47	66	64	1.047799e+02
47	66	65	4.183162e+02
47	66	66	2.260054e+03
47	67	64	1.739117e+03
47	67	65	6.943132e+03
47	67	66	3.751195e+04
47	68	64	4.327994e+03
47	68	65	1.727879e+04
47	68	66	9.335284e+04
47	70	65	1.427441e+00
47	70	66	1.064412e+00
47	70	67	2.210704e+01
47	70	71	1.641424e+00
47	70	72	1.088505e+02
47	70	73	6.567746e+01
47	71	61	6.312782e+00
47	71	62	-2.126764e-02
47	71	63	8.787988e+01
47	71	65	8.745101e+00
47	71	66	6.521032e+00
47	71	67	1.354370e+02
47	71	68	1.482904e+02
47	71	69	-1.552647e+02
47	71	70	1.711704e+03
47	71	71	2.524501e+00
47	71	72	1.674114e+02
47	71	73	1.010116e+02
47	72	61	1.336100e+02
47	72	62	-4.501295e-01
47	72	63	1.859977e+03
47	72	65	3.598637e+01
47	72	66	2.683426e+01
47	72	67	5.573274e+02
47	72	68	7.550251e+04
47	72	69	-7.905349e+04
47	72	70	8.715191e+05
47	72	71	2.800108e+01
47	72	72	1.856883e+03
47	72	73	1.120393e+03
47	73	59	4.602399e+02
47	73	60	3.683986e+03
47	73	61	8.523172e+02
47	73	62	-1.808139e-01
47	73	63	7.471402e+02
47	73	68	8.996427e+04
47	73	69	-9.419539e+04
47	73	70	1.038450e+06
47	74	59	2.965280e+04
47	74	60	2.373556e+05
47	74	61	5.145603e+04
47	74	67	1.919526e+01
47	74	68	1.629415e+03
47	74	69	1.043978e+03
47	75	59	4.799155e+04
47	75	60	3.841479e+05
47	75	61	8.327897e+04
47	75	66	1.265923e+02
47	75	67	2.797722e+02
47	75	68	3.825209e+04
47	75	69	2.360644e+04
47	76	66	5.423956e+02
47	76	67	-8.502121e+02
47	76	68	2.032966e+04
47	76	69	1.137339e+04
47	76	70	9.625428e+03
47	76	71	1.619264e+03
47	77	61	1.755539e+03
47	77	62	2.024328e+04
47	77	63	5.763829e+03
47	77	65	3.588000e+01
47	77	66	2.228258e+04
47	77	67	-3.695704e+04
47	77	68	2.201950e+05
47	77	69	5.419305e+04
47	77	70	1.401603e+05
47	77	71	1.611665e+04
47	78	61	7.874475e+04
47	78	62	9.130917e+05
47	78	63	2.614905e+05
47	78	65	8.588581e+03
47	78	66	1.211037e+05
47	78	67	-5.351103e+04
47	78	68	4.654616e+05
47	78	69	9.668232e+04
47	78	70	6.677719e+04
47	78	71	4.301462e+03
47	78	72	2.170264e+02
47	79	59	2.326664e+00
47	79	60	6.969105e+01
47	79	61	5.977215e+04
47	79	62	1.012444e+06
47	79	63	3.843354e+05
47	79	65	1.109507e+04
47	79	66	1.099110e+05
47	79	67	4.466113e+04
47	79	68	1.700485e+05
47	79	69	2.658290e+04
47	79	70	8.202657e+01
47	79	71	1.421157e+04
47	79	72	1.914174e+04
47	80	59	1.500392e+04
47	80	60	4.494156e+05
47	80	61	2.382852e+05
47	80	62	8.520995e+05
47	80	63	3.984959e+05
47	80	65	7.279651e+02
47	80	66	4.488724e+03
47	80	67	5.235378e+03
47	80	68	-1.446186e+05
47	80	69	1.029979e+05
47	80	70	5.301086e+01
47	80	71	9.184432e+03
47	80	72	1.237062e+04
47	80	81	1.452637e+04
47	80	82	-8.174300e+03
47	80	83	1.842233e+05
47	81	59	1.576774e+04
47	81	60	4.722945e+05
47	81	61	2.206105e+05
47	81	65	3.595929e+02
47	81	66	8.398250e+04
47	81	67	2.014756e+05
47	81	68	1.673605e+06
47	81	69	2.367314e+05
47	81	81	8.995048e+04
47	81	82	-5.061708e+04
47	81	83	1.140751e+06
47	82	73	4.252644e-01
47	82	74	4.799814e+00
47	82	75	1.420627e+01
47	82	81	1.546696e+04
47	82	82	-8.703595e+03
47	82	83	1.961519e+05
47	83	73	2.499768e+04
47	83	74	2.821403e+05
47	83	75	8.350660e+05
47	84	60	9.956989e-04
47	84	61	9.611775e-01
47	84	62	1.092084e+00
47	84	73	2.458823e+04
47	84	74	2.775190e+05
47	84	75	8.213879e+05
47	85	60	2.929065e-01
47	85	61	2.827513e+02
47	85	62	3.212603e+02
47	86	60	2.312183e-01
47	86	61	2.232018e+02
47	86	62	2.536006e+02
48	66	64	-7.874390e+01
48	66	65	-3.143718e+02
48	66	66	-1.698470e+03
48	67	64	-1.306976e+03
48	67	65	-5.217884e+03
48	67	66	-2.819088e+04
48	68	64	-3.252562e+03
48	68	65	-1.298531e+04
48	68	66	-7.015627e+04
48	70	65	1.732624e+03
48	70	66	1.291980e+03
48	70	67	2.683347e+04
48	70	71	4.271206e+02
48	70	72	2.832437e+04
48	70	73	1.709017e+04
48	71	61	2.463933e+03
48	71	62	-8.300941e+00
48	71	63	3.430027e+04
48	71	65	1.061478e+04
48	71	66	7.915210e+03
48	71	67	1.643930e+05
48	71	71	6.569092e+02
48	71	72	4.356272e+04
48	71	73	2.628458e+04
48	72	61	5.214913e+04
48	72	62	-1.756894e+02
48	72	63	7.259651e+05
48	72	65	4.368015e+04
48	72	66	3.257134e+04
48	72	67	6.764824e+05
48	72	71	7.286260e+03
48	72	72	4.831860e+05
48	72	73	2.915415e+05
48	73	61	2.094795e+04
48	73	62	-7.057322e+01
48	73	63	2.916152e+05
48	73	68	1.260928e+02
48	73	69	3.608638e+03
48	73	70	2.681426e+03
48	74	67	3.133695e+02
48	74	68	2.673179e+04
48	74	69	3.505663e+04
48	74	70	1.308727e+04
48	75	55	1.287655e+02
48	75	56	2.286023e+02
48	75	57	2.255502e+03
48	75	66	7.745530e+03
48	75	67	-1.971301e+03
48	75	68	6.903786e+05
48	75	69	4.210370e+05
48	75	70	2.186218e+04
48	76	55	1.179564e+03
48	76	56	2.094126e+03
48	76	57	2.066167e+04
48	76	64	1.727524e+00
48	76	65	1.046281e+02
48	76	66	-9.622734e+03
48	76	67	1.697984e+04
48	76	68	1.396621e+05
48	76	69	3.047408e+05
48	76	70	1.109972e+05
48	76	71	-1.385487e+03
48	76	72	6.257912e+01
48	77	55	2.847988e+02
48	77	56	5.056141e+02
48	77	57	4.988637e+03
48	77	64	-1.067974e+00
48	77	65	-3.691812e+01
48	77	66	1.342529e+05
48	77	67	-1.268001e+05
48	77	68	1.461188e+06
48	77	69	-1.743709e+01
48	77	70	-1.138531e+05
48	77	71	3.882209e+03
48	77	72	7.768607e+03
48	78	52	9.048465e-02
48	78	53	2.662604e+00
48	78	54	1.234979e+00
48	78	64	2.168907e+01
48	78	65	-1.438837e+04
48	78	66	-3.210432e+04
48	78	67	-6.989996e+04
48	78	68	1.597623e+06
48	78	69	5.563259e+05
48	78	70	-4.524093e+04
48	78	71	1.341792e+04
48	78	72	1.082662e+04
48	79	52	2.187041e+00
48	79	53	6.435595e+01
48	79	54	2.984981e+01
48	79	59	1.030667e+00
48	79	60	3.087179e+01
48	79	61	1.442032e+01
48	79	63	1.669734e+01
48	79	64	-3.109167e+01
48	79	65	-2.034354e+04
48	79	66	-1.812902e+05
48	79	67	-1.151518e+04
48	79	68	2.369040e+05
48	79	69	2.178420e+05
48	79	70	2.057006e+03
48	79	71	3.563880e+05
48	79	72	4.800234e+05
48	80	52	9.338238e-01
48	80	53	2.747873e+01
48	80	54	1.274529e+01
48	80	59	6.646448e+03
48	80	60	1.990824e+05
48	80	61	9.299213e+04
48	80	63	4.344134e+01
48	80	64	-8.089097e+01
48	80	65	1.234243e+04
48	80	66	2.986034e+05
48	80	67	6.354507e+05
48	80	68	1.547376e+05
48	80	69	1.805265e+05
48	80	70	1.329370e+03
48	80	71	2.303209e+05
48	80	72	3.102221e+05
48	80	73	8.913583e-01
48	80	74	4.427558e+01
48	80	75	2.463878e+01
48	81	59	6.984805e+03
48	81	60	2.092173e+05
48	81	61	9.772617e+04
48	81	62	1.358956e+02
48	81	63	1.659079e+02
48	81	64	9.507975e+02
48	81	65	8.870705e+03
48	81	66	1.659580e+05
48	81	67	3.569053e+05
48	81	68	7.899628e+05
48	81	69	4.149238e+05
48	81	71	1.548650e+02
48	81	72	2.200104e+02
48	81	73	2.613416e+03
48	81	74	3.433789e+02
48	81	75	1.910858e+02
48	82	35	3.548537e+01
48	82	36	1.012363e+03
48	82	37	2.057773e+03
48	82	62	8.390298e+02
48	82	63	-9.414919e+02
48	82	64	9.530800e+03
48	82	65	2.269778e+03
48	82	66	3.901213e+02
48	82	67	2.476750e+04
48	82	71	3.851366e+03
48	82	72	5.471477e+03
48	82	73	6.484643e+04
48	82	74	1.234125e+03
48	82	75	6.867744e+02
48	83	35	2.832565e+02
48	83	36	8.081033e+03
48	83	37	1.642585e+04
48	83	62	1.438566e+02
48	83	63	-1.614243e+02
48	83	64	1.634112e+03
48	83	65	1.863565e+04
48	83	66	-2.437735e+04
48	83	67	1.969640e+05
48	83	71	8.205629e+03
48	83	72	1.165740e+04
48	83	73	1.381073e+05
48	84	35	6.126538e+01
48	84	36	1.747842e+03
48	84	37	3.552737e+03
48	84	60	8.780697e-01
48	84	61	8.476266e+02
48	84	62	9.630682e+02
48	84	65	4.238868e+03
48	84	66	-6.134943e+03
48	84	67	4.470396e+04
48	84	68	2.741343e+02
48	84	69	1.042637e+03
48	84	71	1.418230e+02
48	84	72	-2.501767e+02
48	84	73	1.373272e+03
48	85	60	2.583033e+02
48	85	61	2.493478e+05
48	85	62	2.833075e+05
48	85	67	4.378756e+02
48	85	68	3.070260e+03
48	85	69	1.167737e+04
48	85	71	1.369191e+03
48	85	72	-2.415262e+03
48	85	73	1.325787e+04
48	86	60	2.039028e+02
48	86	61	1.968334e+05
48	86	62	2.236409e+05
48	86	67	1.222460e+02
48	86	68	8.571546e+02
48	86	69	3.260086e+03
48	86	71	3.439367e+02
48	86	72	-6.067067e+02
48	86	73	3.330340e+03
48	104	93	1.769679e+01
48	104	94	1.129494e+03
48	104	95	6.747117e+02
48	105	93	2.154063e+02
48	105	94	1.374826e+04
48	105	95	8.212628e+03
48	106	93	6.150093e+02
48	106	94	3.925284e+04
48	106	95	2.344798e+04
49	65	72	1.789604e+00
49	65	73	2.191298e+03
49	65	74	1.953029e+03
49	66	64	1.283183e+03
49	66	65	5.122893e+03
49	66	66	2.767766e+04
49	66	72	1.891621e+01
49	66	73	2.316214e+04
49	66	74	2.064362e+04
49	67	64	2.129802e+04
49	67	65	8.502879e+04
49	67	66	4.593886e+05
49	67	72	5.073585e+00
49	67	73	6.212400e+03
49	67	74	5.536900e+03
49	68	64	5.300260e+04
49	68	65	2.116040e+05
49	68	66	1.143242e+06
49	68	75	6.466236e-01
49	68	76	3.395152e+01
49	68	77	1.920792e+01
49	69	60	3.754442e-01
49	69	61	4.216575e+01
49	69	62	6.092024e+01
49	69	75	4.987112e+00
49	69	76	2.618526e+02
49	69	77	1.481419e+02
49	70	60	8.951235e+01
49	70	61	1.005304e+04
49	70	62	1.452443e+04
49	70	65	1.941788e+03
49	70	66	1.447949e+03
49	70	67	3.007282e+04
49	70	71	5.451315e+02
49	70	72	3.615022e+04
49	70	73	2.181207e+04
49	70	75	1.047876e+00
49	70	76	5.501962e+01
49	70	77	3.112710e+01
49	71	60	6.880644e+01
49	71	61	9.734921e+03
49	71	62	1.115789e+04
49	71	63	2.794409e+04
49	71	64	4.928915e-01
49	71	65	1.207761e+04
49	71	66	9.093577e+03
49	71	67	1.842658e+05
49	71	68	5.316493e+02
49	71	69	2.056793e+02
49	71	71	8.384092e+02
49	71	72	5.559884e+04
49	71	73	3.354685e+04
49	72	61	4.248538e+04
49	72	62	-1.310652e+02
49	72	63	5.914908e+05
49	72	64	3.739949e+02
49	72	65	8.742204e+04
49	72	66	8.433413e+04
49	72	67	7.687892e+05
49	72	68	7.975403e+03
49	72	69	2.877543e+03
49	72	71	9.299410e+03
49	72	72	6.166874e+05
49	72	73	3.720927e+05
49	73	61	1.706609e+04
49	73	62	2.942930e+02
49	73	63	2.391561e+05
49	73	64	7.971934e+03
49	73	65	3.629350e+04
49	73	66	5.267847e+04
49	73	67	1.407794e+05
49	73	68	5.439522e+03
49	73	69	6.636988e+04
49	73	70	6.600991e+04
49	73	73	1.299770e+02
49	73	74	3.236212e+03
49	73	75	1.399955e+03
49	74	62	7.099641e+02
49	74	63	3.189743e+03
49	74	64	1.678737e+04
49	74	65	9.780835e+03
49	74	66	1.266956e+04
49	74	67	7.259003e+04
49	74	68	3.324265e+04
49	74	69	1.460037e+05
49	74	70	7.773425e+04
49	74	73	1.224334e+03
49	74	74	3.048388e+04
49	74	75	1.318704e+04
49	75	55	5.271569e+03
49	75	56	9.358818e+03
49	75	57	9.233869e+04
49	75	61	4.279507e+00
49	75	62	4.057859e+02
49	75	63	1.403203e+03
49	75	64	1.211110e+04
49	75	65	1.008491e+05
49	75	66	9.936463e+04
49	75	67	3.382546e+04
49	75	68	5.469631e+05
49	75	69	1.019330e+06
49	75	70	8.203988e+05
49	75	71	1.480061e+03
49	75	73	3.966405e+03
49	75	74	9.875692e+04
49	75	75	4.272132e+04
49	76	55	4.829054e+04
49	76	56	8.573204e+04
49	76	57	8.458744e+05
49	76	61	4.345647e+00
49	76	62	4.128070e+02
49	76	63	2.799206e+03
49	76	64	9.032165e+03
49	76	65	1.149104e+05
49	76	66	5.877838e+04
49	76	67	5.989380e+04
49	76	68	-1.521466e+05
49	76	69	1.006506e+06
49	76	70	8.833443e+05
49	76	71	3.552722e+04
49	76	72	6.447624e+02
49	76	77	6.702263e+01
49	76	78	6.994944e+02
49	76	79	1.859378e+02
49	77	55	1.165946e+04
49	77	56	2.069949e+04
49	77	57	2.042313e+05
49	77	61	1.177900e+02
49	77	62	6.369615e+03
49	77	63	1.522638e+04
49	77	64	-1.100193e+04
49	77	65	1.365352e+05
49	77	66	3.228975e+05
49	77	67	2.884603e+05
49	77	68	3.369288e+06
49	77	69	9.079160e+05
49	77	70	1.709435e+06
49	77	71	3.933026e+05
49	77	72	8.004116e+04
49	77	77	1.154778e+03
49	77	78	1.205206e+04
49	77	79	3.203647e+03
49	78	52	6.391828e+02
49	78	53	1.880862e+04
49	78	54	8.723880e+03
49	78	61	-9.183127e+01
49	78	62	4.806363e+01
49	78	63	4.920179e+03
49	78	64	3.354308e+04
49	78	65	6.377573e+05
49	78	66	1.534412e+06
49	78	67	6.863687e+05
49	78	68	2.769931e+05
49	78	69	8.289653e+05
49	78	70	1.032604e+06
49	78	71	1.985618e+05
49	78	72	5.783571e+04
49	78	77	2.829738e+03
49	78	78	2.953310e+04
49	78	79	7.850412e+03
49	79	52	1.544924e+04
49	79	53	4.546099e+05
49	79	54	2.108588e+05
49	79	61	4.618833e+02
49	79	62	-2.417455e+02
49	79	63	1.301747e+04
49	79	64	4.829074e+03
49	79	65	3.451072e+05
49	79	66	9.340536e+05
49	79	67	1.390714e+06
49	79	68	1.192146e+06
49	79	69	1.268069e+05
49	79	70	1.082083e+05
49	79	71	1.546518e+05
49	79	72	2.083024e+05
49	80	52	6.596524e+03
49	80	53	1.941095e+05
49	80	54	9.003259e+04
49	80	61	2.417958e-02
49	80	62	6.857165e-02
49	80	63	1.212600e+04
49	80	64	-2.252340e+04
49	80	65	1.569010e+05
49	80	66	6.576049e+04
49	80	67	6.698367e+05
49	80	68	1.746577e+05
49	80	69	1.994124e+04
49	80	70	1.685602e+04
49	80	71	9.994595e+04
49	80	72	1.346184e+05
49	80	73	3.195766e+02
49	80	74	1.587402e+04
49	80	75	8.833684e+03
49	81	61	2.099686e+01
49	81	62	8.405511e+03
49	81	63	7.991713e+04
49	81	64	-7.067217e+04
49	81	65	8.412828e+05
49	81	66	6.251900e+04
49	81	67	1.429547e+05
49	81	68	4.117021e+03
49	81	69	7.199118e+04
49	81	70	7.102809e+04
49	81	71	-2.815380e+02
49	81	72	-3.999694e+02
49	81	73	-2.260037e+03
49	81	74	1.231108e+05
49	81	75	6.850956e+04
49	82	35	1.415671e+03
49	82	36	4.038771e+04
49	82	37	8.209377e+04
49	82	61	1.831109e+01
49	82	62	5.158057e+04
49	82	63	-5.746426e+04
49	82	64	5.853299e+05
49	82	65	2.122649e+04
49	82	66	2.879895e+05
49	82	67	2.974528e+05
49	82	68	1.529241e+00
49	82	69	1.114398e+04
49	82	70	1.063240e+04
49	82	71	-7.001618e+03
49	82	72	-9.946911e+03
49	82	73	-1.089351e+05
49	82	74	4.424680e+05
49	82	75	2.462276e+05
49	83	35	1.130037e+04
49	83	36	3.223886e+05
49	83	37	6.553008e+05
49	83	56	1.828179e+00
49	83	57	3.769611e+01
49	83	58	1.495365e+01
49	83	62	8.834888e+03
49	83	63	-9.913802e+03
49	83	64	1.003582e+05
49	83	65	1.187746e+05
49	83	66	5.306035e+04
49	83	67	1.303610e+06
49	83	71	-1.491748e+04
49	83	72	-2.119265e+04
49	83	73	-2.510732e+05
49	84	35	2.444150e+03
49	84	36	6.972924e+04
49	84	37	1.417346e+05
49	84	56	1.379149e+01
49	84	57	2.843734e+02
49	84	58	1.128079e+02
49	84	60	1.003514e+00
49	84	61	9.687221e+02
49	84	62	1.100656e+03
49	84	65	2.582905e+04
49	84	66	-3.738257e+04
49	84	67	2.734599e+05
49	84	68	9.113493e+03
49	84	69	3.466209e+04
49	84	71	1.072779e+04
49	84	72	-1.892390e+04
49	84	73	1.038772e+05
49	85	56	2.843417e+00
49	85	57	5.862979e+01
49	85	58	2.325782e+01
49	85	60	2.952056e+02
49	85	61	2.849707e+05
49	85	62	3.237820e+05
49	85	67	1.455701e+04
49	85	68	1.020696e+05
49	85	69	3.882098e+05
49	85	71	1.035685e+05
49	85	72	-1.826955e+05
49	85	73	1.002854e+06
49	86	60	2.330332e+02
49	86	61	2.249538e+05
49	86	62	2.555912e+05
49	86	67	4.064024e+03
49	86	68	2.849578e+04
49	86	69	1.083803e+05
49	86	71	2.601610e+04
49	86	72	-4.589257e+04
49	86	73	2.519139e+05
49	104	93	2.934091e+02
49	104	94	1.872677e+04
49	104	95	1.118658e+04
49	105	93	3.571392e+03
49	105	94	2.279433e+05
49	105	95	1.361636e+05
49	106	93	1.019672e+04
49	106	94	6.508037e+05
49	106	95	3.887625e+05
50	65	72	1.228792e+01
50	65	73	1.504607e+04
50	65	74	1.341005e+04
50	66	72	1.298840e+02
50	66	73	1.590377e+05
50	66	74	1.417449e+05
50	67	72	3.483666e+01
50	67	73	4.265608e+04
50	67	74	3.801791e+04
50	68	75	1.245377e+03
50	68	76	6.538961e+04
50	68	77	3.699388e+04
50	69	60	4.408151e+00
50	69	61	4.950748e+02
50	69	62	7.152743e+02
50	69	75	9.605027e+03
50	69	76	5.043202e+05
50	69	77	2.853169e+05
50	70	60	1.050979e+03
50	70	61	1.180343e+05
50	70	62	1.705337e+05
50	70	68	6.481787e-01
50	70	69	7.593978e+01
50	70	70	1.088976e+02
50	70	75	2.018177e+03
50	70	76	1.059661e+05
50	70	77	5.994986e+04
50	71	60	8.078674e+02
50	71	61	9.073075e+04
50	71	62	1.310860e+05
50	71	64	4.982135e+00
50	71	65	1.833678e+03
50	71	66	2.252430e+03
50	71	67	1.360848e+03
50	71	68	2.670139e+04
50	71	69	1.497823e+04
50	71	70	6.690370e+03
50	71	71	9.786744e-01
50	71	72	1.107007e+02
50	71	73	1.557657e+03
50	71	74	5.399941e+02
50	71	75	1.579856e+03
50	72	62	6.811771e+02
50	72	63	2.078887e+03
50	72	64	1.432670e+04
50	72	65	3.861262e+05
50	72	66	4.748180e+05
50	72	67	6.540018e+04
50	72	68	3.979190e+05
50	72	69	1.519999e+05
50	72	70	1.183295e+04
50	72	71	2.906053e+02
50	72	72	8.233215e+02
50	72	73	1.099705e+04
50	72	74	3.500102e+03
50	72	75	2.489163e+03
50	73	62	1.844460e+04
50	73	63	6.416910e+04
50	73	64	3.899483e+05
50	73	65	3.028329e+05
50	73	66	3.369243e+05
50	73	67	-2.491156e+05
50	73	68	1.681260e+05
50	73	69	1.518632e+05
50	73	70	1.882679e+05
50	73	71	2.296585e+02
50	73	72	1.806330e+02
50	73	73	3.751418e+03
50	73	74	-1.941615e+03
50	73	75	2.519975e+04
50	74	62	3.230000e+04
50	74	63	1.393299e+05
50	74	64	7.366502e+05
50	74	65	1.954231e+05
50	74	66	2.167477e+05
50	74	67	9.235913e+05
50	74	68	1.032351e+06
50	74	69	-6.190992e+04
50	74	70	-2.191136e+05
50	74	72	3.042792e+03
50	74	73	-1.776336e+03
50	74	74	1.436578e+03
50	74	75	-1.757712e+04
50	75	55	2.758751e+03
50	75	56	4.897715e+03
50	75	57	4.832326e+04
50	75	61	2.779914e+02
50	75	62	2.694130e+04
50	75	63	2.057026e+05
50	75	64	6.259134e+05
50	75	65	1.754511e+06
50	75	66	1.444634e+06
50	75	67	9.226234e+05
50	75	68	6.795480e+05
50	75	69	1.261556e+06
50	75	70	2.081705e+06
50	75	71	9.446247e+03
50	75	72	3.933111e+03
50	75	73	-5.473520e+03
50	75	74	-7.725582e+04
50	75	75	-5.694360e+04
50	76	55	2.527171e+04
50	76	56	4.486583e+04
50	76	57	4.426683e+05
50	76	61	2.822877e+02
50	76	62	2.747063e+04
50	76	63	2.134778e+05
50	76	64	3.885984e+05
50	76	65	1.118098e+06
50	76	66	9.972049e+05
50	76	67	9.237588e+05
50	76	68	1.877159e+05
50	76	69	2.332312e+05
50	76	70	4.248156e+05
50	76	71	1.175037e+05
50	76	72	1.995808e+03
50	76	77	1.623538e+03
50	76	78	1.694436e+04
50	76	79	4.504106e+03
50	77	55	6.101703e+03
50	77	56	1.083259e+04
50	77	57	1.068796e+05
50	77	61	1.476387e+04
50	77	62	4.100642e+05
50	77	63	4.363403e+05
50	77	64	2.342636e+05
50	77	65	1.345352e+06
50	77	66	2.268752e+06
50	77	67	2.309810e+06
50	77	68	2.065418e+06
50	77	69	-2.857013e+05
50	77	70	2.107701e+05
50	77	71	7.310138e+05
50	77	72	2.477607e+05
50	77	77	2.797303e+04
50	77	78	2.919458e+05
50	77	79	7.760428e+04
50	78	45	2.305808e-04
50	78	46	2.184497e+03
50	78	47	2.187337e+03
50	78	52	6.702427e+02
50	78	53	1.972259e+04
50	78	54	9.147801e+03
50	78	61	-1.924429e+04
50	78	62	1.008728e+04
50	78	63	-2.171428e+05
50	78	64	2.936049e+05
50	78	65	1.336221e+06
50	78	66	3.117602e+06
50	78	67	4.703596e+06
50	78	68	2.019907e+06
50	78	69	1.236759e+06
50	78	70	1.677796e+06
50	78	71	8.829907e+05
50	78	72	1.717151e+05
50	78	77	6.854681e+04
50	78	78	7.154018e+05
50	78	79	1.901662e+05
50	79	42	5.911036e+00
50	79	43	2.622880e+03
50	79	44	2.164517e+03
50	79	45	5.958485e-04
50	79	46	5.645001e+03
50	79	47	5.652342e+03
50	79	52	1.619997e+04
50	79	53	4.767009e+05
50	79	54	2.211051e+05
50	79	61	9.679292e+04
50	79	62	-5.066051e+04
50	79	63	1.249453e+06
50	79	64	3.029008e+04
50	79	65	8.444850e+05
50	79	66	8.153395e+05
50	79	67	4.029751e+06
50	79	68	3.890168e+06
50	79	69	1.296052e+06
50	79	70	2.369678e+05
50	80	42	2.469330e+01
50	80	43	1.095706e+04
50	80	44	9.042253e+03
50	80	45	4.389432e-03
50	80	46	4.158499e+04
50	80	47	4.163906e+04
50	80	52	6.917070e+03
50	80	53	2.035419e+05
50	80	54	9.440756e+04
50	80	61	2.531831e+01
50	80	62	7.180100e+01
50	80	63	1.727832e+04
50	80	64	2.506070e+04
50	80	65	5.501146e+05
50	80	66	4.283736e+05
50	80	67	1.702259e+06
50	80	68	1.409308e+06
50	80	69	9.682942e+05
50	80	70	2.414647e+05
50	80	73	3.936088e+02
50	80	74	1.955135e+04
50	80	75	1.088007e+04
50	81	42	1.294152e+02
50	81	43	5.742489e+04
50	81	44	4.738957e+04
50	81	59	9.656088e+00
50	81	60	3.024951e+02
50	81	61	2.212949e+04
50	81	62	7.600990e+04
50	81	63	5.264071e+05
50	81	64	-3.471355e+04
50	81	65	1.212299e+06
50	81	66	2.723999e+05
50	81	67	1.154873e+06
50	81	68	6.863211e+05
50	81	69	5.618473e+05
50	81	70	4.525535e+05
50	81	71	1.476005e+03
50	81	72	2.096900e+03
50	81	73	2.789499e+04
50	81	74	1.516303e+05
50	81	75	8.438029e+04
50	82	35	7.344383e+02
50	82	36	2.095281e+04
50	82	37	4.258958e+04
50	82	59	1.679382e+03
50	82	60	5.260979e+04
50	82	61	4.418149e+04
50	82	62	1.387122e+05
50	82	63	2.792260e+05
50	82	64	9.624478e+05
50	82	65	4.142166e+04
50	82	66	4.675649e+05
50	82	67	2.628599e+05
50	82	68	-5.525994e-01
50	82	69	-4.026935e+03
50	82	70	-3.842073e+03
50	82	71	3.670704e+04
50	82	72	5.214818e+04
50	82	73	6.287803e+05
50	82	74	5.449689e+05
50	82	75	3.032680e+05
50	83	35	5.862540e+03
50	83	36	1.672526e+05
50	83	37	3.399647e+05
50	83	56	3.557349e+03
50	83	57	7.335070e+04
50	83	58	2.909745e+04
50	83	59	1.233228e+03
50	83	60	3.863317e+04
50	83	61	1.836427e+04
50	83	62	1.957138e+04
50	83	63	-1.331516e+04
50	83	64	2.456167e+05
50	83	65	5.240758e+04
50	83	66	3.055612e+05
50	83	67	3.706385e+05
50	83	71	7.820715e+04
50	83	72	1.111057e+05
50	83	73	1.316289e+06
50	84	35	1.268005e+03
50	84	36	3.617496e+04
50	84	37	7.353076e+04
50	84	56	2.683606e+04
50	84	57	5.533458e+05
50	84	58	2.195064e+05
50	84	62	5.153791e+03
50	84	63	2.935144e+03
50	84	64	7.796022e+04
50	84	65	4.372956e+03
50	84	66	-6.272984e+03
50	84	67	4.860454e+04
50	84	68	1.763397e+04
50	84	69	6.706873e+04
50	84	71	6.689785e+03
50	84	72	-1.180083e+04
50	84	73	6.477720e+04
50	85	56	5.532842e+03
50	85	57	1.140844e+05
50	85	58	4.525606e+04
50	85	65	1.500969e+00
50	85	66	5.547061e+01
50	85	67	2.819483e+04
50	85	68	1.974976e+05
50	85	69	7.511588e+05
50	85	71	6.458466e+04
50	85	72	-1.139278e+05
50	85	73	6.253734e+05
50	86	67	7.863602e+03
50	86	68	5.513735e+04
50	86	69	2.097084e+05
50	86	71	1.622348e+04
50	86	72	-2.861833e+04
50	86	73	1.570920e+05
50	88	58	5.099586e-02
50	88	59	2.604155e+00
50	88	60	1.461244e+00
50	89	58	-4.537704e-02
50	89	59	-2.317224e+00
50	89	60	-1.300241e+00
50	90	58	6.079098e-01
50	90	59	3.104352e+01
50	90	60	1.741915e+01
50	104	93	1.040601e+02
50	104	94	6.641613e+03
50	104	95	3.967417e+03
50	105	93	1.266625e+03
50	105	94	8.084208e+04
50	105	95	4.829162e+04
50	106	93	3.616357e+03
50	106	94	2.308132e+05
50	106	95	1.378780e+05
51	65	72	4.730019e+01
51	65	73	5.791717e+04
51	65	74	5.161960e+04
51	66	72	4.999656e+02
51	66	73	6.121877e+05
51	66	74	5.456220e+05
51	67	62	1.567440e-01
51	67	63	5.449374e+00
51	67	64	2.693557e+00
51	67	72	1.340976e+02
51	67	73	1.641971e+05
51	67	74	1.463432e+05
51	68	62	1.116387e+02
51	68	63	3.881238e+03
51	68	64	1.918447e+03
51	68	75	1.136305e+03
51	68	76	5.966266e+04
51	68	77	3.375388e+04
51	69	60	1.280222e+01
51	69	61	1.437803e+03
51	69	62	2.206814e+03
51	69	63	4.502333e+03
51	69	64	2.225446e+03
51	69	75	8.763800e+03
51	69	76	4.601508e+05
51	69	77	2.603283e+05
51	70	60	3.052268e+03
51	70	61	3.427970e+05
51	70	62	4.952664e+05
51	70	68	2.821836e+01
51	70	69	3.306027e+03
51	70	70	4.740840e+03
51	70	75	1.841421e+03
51	70	76	9.668540e+04
51	70	77	5.469933e+04
51	71	60	2.346220e+03
51	71	61	2.635016e+05
51	71	62	3.807018e+05
51	71	63	6.228189e+01
51	71	64	1.264288e+03
51	71	65	3.377337e+03
51	71	66	5.851696e+02
51	71	67	2.342128e+03
51	71	68	4.761959e+04
51	71	69	2.208623e+05
51	71	70	2.923827e+05
51	71	71	4.463826e+02
51	71	72	3.936692e+03
51	71	73	5.221386e+04
51	71	74	1.712678e+04
51	71	75	2.614529e+04
51	72	62	5.978463e+03
51	72	63	-9.871168e+03
51	72	64	5.806117e+04
51	72	65	1.012349e+05
51	72	66	1.335621e+05
51	72	67	1.520642e+05
51	72	68	6.583367e+05
51	72	69	6.065460e+05
51	72	70	8.467325e+05
51	72	71	1.276749e+05
51	72	72	3.367525e+04
51	72	73	3.797514e+05
51	72	74	1.188382e+05
51	72	75	4.119354e+04
51	73	59	6.759394e+01
51	73	60	8.426226e+03
51	73	61	1.195426e+04
51	73	62	1.214013e+05
51	73	63	-1.791188e+05
51	73	64	1.354319e+06
51	73	65	2.652988e+05
51	73	66	2.620769e+05
51	73	67	1.443824e+06
51	73	68	3.509809e+05
51	73	69	1.171241e+05
51	73	70	3.522333e+05
51	73	71	1.048580e+05
51	73	72	1.474326e+04
51	73	73	1.086391e+05
51	73	74	8.629424e+04
51	73	75	4.630794e+05
51	74	59	5.648762e+02
51	74	60	7.041718e+04
51	74	61	9.990066e+04
51	74	62	6.124471e+04
51	74	63	1.412567e+04
51	74	64	6.372438e+05
51	74	65	2.664441e+05
51	74	66	4.135284e+05
51	74	67	1.189131e+06
51	74	68	8.551771e+05
51	74	69	-5.924223e+04
51	74	70	-4.894506e+04
51	74	71	2.198290e+02
51	74	72	4.325137e+04
51	74	73	1.120893e+04
51	74	74	9.281744e+05
51	74	75	1.428384e+05
51	75	59	1.268672e+02
51	75	60	1.581520e+04
51	75	61	2.288605e+04
51	75	62	4.381460e+04
51	75	63	3.469861e+05
51	75	64	1.693001e+06
51	75	65	2.155619e+06
51	75	66	2.426672e+06
51	75	67	3.004979e+06
51	75	68	2.486220e+06
51	75	69	2.038975e+05
51	75	70	6.669403e+05
51	75	71	3.873947e+04
51	75	72	5.590670e+04
51	75	73	4.030968e+04
51	75	74	1.842658e+06
51	75	75	4.627457e+05
51	76	61	4.561510e+02
51	76	62	5.447299e+04
51	76	63	9.929050e+05
51	76	64	1.701143e+06
51	76	65	3.342800e+06
51	76	66	4.678908e+06
51	76	67	5.153686e+06
51	76	68	3.146364e+06
51	76	69	1.144980e+06
51	76	70	1.513730e+06
51	76	71	4.332851e+05
51	76	72	1.070264e+00
51	76	77	6.938975e+02
51	76	78	7.241993e+03
51	76	79	1.925048e+03
51	77	61	1.675138e+04
51	77	62	6.669867e+05
51	77	63	1.191361e+06
51	77	64	1.770241e+06
51	77	65	4.918682e+06
51	77	66	7.683102e+06
51	77	67	1.316137e+07
51	77	68	5.719196e+06
51	77	69	3.870859e+06
51	77	70	2.618747e+05
51	77	71	2.022017e+05
51	77	72	4.931896e+00
51	77	77	1.195563e+04
51	77	78	1.247772e+05
51	77	79	3.316795e+04
51	78	45	4.427665e-04
51	78	46	4.194720e+03
51	78	47	4.200175e+03
51	78	59	9.970602e+01
51	78	60	1.831250e+02
51	78	61	-1.106779e+04
51	78	62	6.885774e+03
51	78	63	2.262834e+05
51	78	64	1.667675e+06
51	78	65	6.149836e+06
51	78	66	1.083090e+07
51	78	67	1.196660e+07
51	78	68	4.208677e+06
51	78	69	2.023597e+06
51	78	70	1.562730e+06
51	78	71	2.769022e+05
51	78	72	2.423210e+01
51	78	74	6.720062e+02
51	78	75	1.039116e+04
51	78	76	3.545175e+03
51	78	77	2.929680e+04
51	78	78	3.057616e+05
51	78	79	8.127674e+04
51	79	42	1.619836e+00
51	79	43	7.187635e+02
51	79	44	5.931556e+02
51	79	45	1.144162e-03
51	79	46	1.083966e+04
51	79	47	1.085376e+04
51	79	59	7.575941e+02
51	79	60	1.391435e+03
51	79	61	8.644913e+04
51	79	62	-3.821722e+04
51	79	63	9.842366e+05
51	79	64	8.074384e+05
51	79	65	3.889480e+06
51	79	66	3.243365e+06
51	79	67	6.421560e+06
51	79	68	3.510355e+06
51	79	69	2.265606e+06
51	79	70	1.252299e+06
51	79	71	7.082843e+04
51	79	72	1.327231e+03
51	79	74	-6.126163e+02
51	79	75	-9.472824e+03
51	79	76	-3.231863e+03
51	80	42	6.766853e+00
51	80	43	3.002629e+03
51	80	44	2.477903e+03
51	80	45	8.428689e-03
51	80	46	7.985245e+04
51	80	47	7.995628e+04
51	80	59	1.571645e+02
51	80	60	2.886562e+02
51	80	61	2.799999e+03
51	80	62	3.086325e+02
51	80	63	5.225255e+04
51	80	64	1.364215e+05
51	80	65	9.293450e+05
51	80	66	1.353398e+06
51	80	67	1.417191e+06
51	80	68	1.224433e+06
51	80	69	2.219399e+06
51	80	70	2.417661e+05
51	80	71	1.576830e+05
51	80	72	1.504253e+04
51	80	74	7.975950e+03
51	80	75	1.233313e+05
51	80	76	4.207720e+04
51	81	42	3.546442e+01
51	81	43	1.573649e+04
51	81	44	1.298645e+04
51	81	59	-2.541773e-01
51	81	60	-7.962584e+00
51	81	61	2.485052e+04
51	81	62	7.057511e+04
51	81	63	5.485906e+05
51	81	64	9.782197e+04
51	81	65	2.336534e+05
51	81	66	3.307703e+05
51	81	67	6.495794e+05
51	81	68	6.564619e+05
51	81	69	1.218013e+06
51	81	70	9.444892e+05
51	81	71	3.307988e+04
51	81	72	4.233579e+03
51	82	59	-4.420638e+01
51	82	60	-1.384848e+03
51	82	61	2.101683e+04
51	82	62	6.146934e+04
51	82	63	4.294293e+05
51	82	64	1.540688e+04
51	82	65	2.166129e+05
51	82	66	2.385591e+04
51	82	67	1.163614e+04
51	82	68	6.076828e+03
51	82	69	1.463896e+05
51	82	70	1.396694e+05
51	83	56	3.247321e+03
51	83	57	6.695809e+04
51	83	58	2.656157e+04
51	83	59	-3.246226e+01
51	83	60	-1.016942e+03
51	83	61	-4.834028e+02
51	83	62	4.531082e+04
51	83	63	3.551160e+04
51	83	64	6.957042e+05
51	83	65	2.380409e+05
51	83	66	2.157909e+04
51	83	67	2.346768e+03
51	83	68	1.202400e+03
51	84	56	2.449727e+04
51	84	57	5.051210e+05
51	84	58	2.003762e+05
51	84	62	4.568835e+04
51	84	63	2.602005e+04
51	84	64	6.911173e+05
51	84	65	9.139304e+03
51	84	66	3.377569e+05
51	84	67	1.706496e+05
51	85	56	5.050648e+03
51	85	57	1.041418e+05
51	85	58	4.131193e+04
51	85	65	9.403179e+03
51	85	66	3.475088e+05
51	85	67	1.755767e+05
51	88	58	1.069193e+03
51	88	59	5.459941e+04
51	88	60	3.063683e+04
51	89	58	-9.513874e+02
51	89	59	-4.858355e+04
51	89	60	-2.726121e+04
51	90	58	1.274560e+04
51	90	59	6.508669e+05
51	90	60	3.652146e+05
51	93	54	4.990590e+02
51	93	55	3.319094e+03
51	93	56	6.110835e+02
51	94	54	4.282061e+03
51	94	55	2.847872e+04
51	94	56	5.243261e+03
51	95	54	9.823237e+02
51	95	55	6.533145e+03
51	95	56	1.202827e+03
52	67	62	9.444330e+00
52	67	63	3.283423e+02
52	67	64	1.622954e+02
52	68	62	6.726588e+03
52	68	63	2.338570e+05
52	68	64	1.155926e+05
52	69	62	7.803010e+03
52	69	63	2.712800e+05
52	69	64	1.340972e+05
52	69	65	1.405427e+02
52	69	66	5.551538e+01
52	69	71	3.622981e+01
52	69	72	2.750574e+02
52	69	73	5.702088e+01
52	70	64	7.846140e+01
52	70	65	1.603710e+03
52	70	66	6.334771e+02
52	70	68	1.506903e+01
52	70	69	1.765468e+03
52	70	70	2.531680e+03
52	70	71	5.330035e+03
52	70	72	4.046573e+04
52	70	73	8.388764e+03
52	71	63	1.542066e+03
52	71	64	3.129324e+04
52	71	65	7.227957e+04
52	71	66	1.791035e+02
52	71	68	9.253866e+02
52	71	69	1.085724e+05
52	71	70	1.572165e+05
52	71	71	9.369842e+03
52	71	72	6.687391e+04
52	71	73	1.131840e+05
52	71	74	3.355961e+04
52	71	75	6.514525e+04
52	72	62	3.028860e+03
52	72	63	-4.424019e+03
52	72	64	1.611127e+04
52	72	65	1.992097e+03
52	72	66	2.727186e+04
52	72	67	1.984519e+02
52	72	68	4.190579e+03
52	72	69	2.211830e+05
52	72	70	7.532940e+05
52	72	71	4.119811e+05
52	72	72	2.455582e+05
52	72	73	7.740718e+05
52	72	74	2.283165e+05
52	72	75	1.026404e+05
52	73	59	-1.192670e+02
52	73	60	-1.486776e+04
52	73	61	-2.109286e+04
52	73	62	5.808591e+04
52	73	63	-7.034870e+04
52	73	64	1.134773e+06
52	73	65	1.223469e+06
52	73	66	1.653797e+05
52	73	67	8.164142e+04
52	73	68	3.265874e+05
52	73	69	1.802331e+05
52	73	70	6.908270e+05
52	73	71	6.517498e+05
52	73	72	3.368515e+05
52	73	73	3.018730e+05
52	73	74	1.083481e+05
52	73	75	1.116055e+06
52	74	59	-7.886585e+02
52	74	60	-1.192926e+05
52	74	61	-1.741686e+05
52	74	62	2.559918e+04
52	74	63	3.802353e+04
52	74	64	3.458670e+05
52	74	65	1.776482e+06
52	74	66	1.264257e+06
52	74	67	2.814706e+05
52	74	68	4.412297e+05
52	74	69	7.412924e+05
52	74	70	5.281490e+05
52	74	71	2.018100e+05
52	74	72	1.425216e+04
52	74	73	-6.669326e+02
52	74	74	1.942858e+05
52	75	59	-4.403539e+02
52	75	60	-3.306276e+04
52	75	61	-4.177715e+04
52	75	62	7.091814e+03
52	75	63	3.145692e+05
52	75	64	2.614926e+06
52	75	65	3.316102e+06
52	75	66	2.045253e+06
52	75	67	3.990074e+06
52	75	68	6.578319e+06
52	75	69	3.804515e+06
52	75	70	1.873056e+06
52	75	71	3.422158e+04
52	75	72	2.125366e+04
52	75	73	-8.620768e+02
52	75	74	2.511338e+05
52	76	59	2.404669e+03
52	76	60	5.728313e+04
52	76	61	2.439443e+04
52	76	62	8.472184e+04
52	76	63	7.071193e+05
52	76	64	2.695381e+06
52	76	65	2.437564e+06
52	76	66	9.753632e+06
52	76	67	1.346121e+07
52	76	68	6.594139e+06
52	76	69	2.787592e+06
52	76	70	1.762807e+06
52	76	71	-2.586852e+04
52	76	72	2.534678e+04
52	77	61	2.282374e+04
52	77	62	4.298632e+04
52	77	63	8.358436e+05
52	77	64	3.581243e+06
52	77	65	4.708056e+06
52	77	66	1.872552e+07
52	77	67	3.282993e+07
52	77	68	1.644826e+07
52	77	69	4.400597e+06
52	77	70	8.842702e+05
52	77	71	1.597156e+05
52	77	72	1.119419e+05
52	78	45	4.102690e-03
52	78	46	3.886843e+04
52	78	47	3.891897e+04
52	78	59	6.118498e+03
52	78	60	1.123754e+04
52	78	61	1.300994e+05
52	78	62	4.976204e+04
52	78	63	9.797518e+05
52	78	64	2.926673e+06
52	78	65	7.536770e+06
52	78	66	2.338782e+07
52	78	67	3.130713e+07
52	78	68	1.447741e+07
52	78	69	9.428017e+06
52	78	70	4.391644e+06
52	78	71	1.119342e+06
52	78	72	5.500092e+05
52	78	73	2.001022e+01
52	78	74	-6.333422e+02
52	78	75	-1.017809e+04
52	78	76	-3.472479e+03
52	79	42	8.577950e+01
52	79	43	3.806259e+04
52	79	44	3.141095e+04
52	79	45	1.060184e-02
52	79	46	1.004407e+05
52	79	47	1.005713e+05
52	79	56	3.800347e+01
52	79	57	2.066491e+03
52	79	58	1.181053e+03
52	79	59	4.662709e+04
52	79	60	8.513477e+04
52	79	61	8.222620e+05
52	79	62	2.414298e+04
52	79	63	9.319732e+04
52	79	64	1.775688e+06
52	79	65	4.927746e+06
52	79	66	8.032963e+06
52	79	67	1.161880e+07
52	79	68	1.028779e+07
52	79	69	6.728406e+06
52	79	70	2.274480e+06
52	79	71	3.850925e+05
52	79	72	-7.093020e+02
52	79	73	9.965284e+03
52	79	74	1.299258e+04
52	79	75	9.278579e+03
52	79	76	3.165592e+03
52	80	42	3.583432e+02
52	80	43	1.590062e+05
52	80	44	1.312190e+05
52	80	45	7.810052e-02
52	80	46	7.399156e+05
52	80	47	7.408777e+05
52	80	56	7.319092e+02
52	80	57	3.979857e+04
52	80	58	2.274591e+04
52	80	59	1.939457e+04
52	80	60	-1.556745e+02
52	80	61	2.626402e+05
52	80	62	3.133116e+04
52	80	63	9.130592e+04
52	80	64	1.549532e+06
52	80	65	1.858497e+06
52	80	66	2.951992e+06
52	80	67	2.406095e+06
52	80	68	2.739382e+06
52	80	69	2.154026e+06
52	80	70	1.510192e+05
52	80	71	8.785981e+04
52	80	72	-8.347961e+03
52	80	73	1.189693e+04
52	80	74	6.982259e+03
52	80	75	-1.208023e+05
52	80	76	-4.121438e+04
52	80	78	2.305786e+02
52	80	79	5.941533e+03
52	80	80	1.250248e+04
52	81	42	1.878042e+03
52	81	43	8.333359e+05
52	81	44	6.877058e+05
52	81	56	1.715127e+03
52	81	57	9.326237e+04
52	81	58	5.330184e+04
52	81	59	1.556348e+04
52	81	60	-2.407714e+04
52	81	61	1.523399e+05
52	81	62	5.810112e+04
52	81	63	-9.105099e+04
52	81	64	1.727380e+05
52	81	65	1.718012e+05
52	81	66	1.598286e+05
52	81	67	4.871837e+05
52	81	68	8.467195e+05
52	81	69	4.052212e+05
52	81	70	5.944936e+05
52	81	71	4.546045e+05
52	81	72	-2.359691e+03
52	81	78	-9.481065e+01
52	81	79	-2.443074e+03
52	81	80	-5.140845e+03
52	82	59	2.329540e+04
52	82	60	7.300901e+05
52	82	61	3.464058e+05
52	82	62	3.265937e+03
52	82	63	5.481190e+04
52	82	64	4.550930e+04
52	82	65	1.266849e+06
52	82	66	1.244061e+05
52	82	67	8.035529e+05
52	82	68	4.881758e+05
52	82	69	2.396697e+01
52	82	70	1.074684e+01
52	82	71	5.985763e+00
52	82	72	2.864975e+01
52	82	78	3.003224e+03
52	82	79	7.738687e+04
52	82	80	1.628415e+05
52	83	59	1.710661e+04
52	83	60	5.360891e+05
52	83	61	2.544413e+05
52	83	62	1.264071e+04
52	83	63	8.447507e+04
52	83	64	1.725023e+05
52	83	65	1.482114e+06
52	83	66	1.021101e+05
52	83	67	1.283506e+05
52	83	68	6.627703e+04
52	83	69	-3.110748e+01
52	83	70	2.504368e+03
52	83	71	1.207775e+04
52	83	72	5.780794e+04
52	84	62	1.075470e+04
52	84	63	6.124930e+03
52	84	64	1.626840e+05
52	84	65	8.687534e+03
52	84	66	3.210611e+05
52	84	67	1.622141e+05
52	84	68	1.271532e+01
52	84	69	2.617338e+02
52	84	70	2.404895e+03
52	84	71	1.104335e+04
52	84	72	5.285695e+04
52	85	65	8.938364e+03
52	85	66	3.303309e+05
52	85	67	1.668976e+05
52	86	63	7.769704e+00
52	86	64	3.091550e+02
52	86	65	1.602442e+02
52	87	63	5.012972e+01
52	87	64	1.994652e+03
52	87	65	1.033887e+03
52	88	58	1.040012e+03
52	88	59	5.310923e+04
52	88	60	2.980066e+04
52	88	63	8.968878e+00
52	88	64	3.568699e+02
52	88	65	1.849762e+02
52	89	58	-9.254212e+02
52	89	59	-4.725756e+04
52	89	60	-2.651717e+04
52	89	81	1.789585e+03
52	89	82	1.108384e+04
52	89	83	1.906257e+03
52	90	58	1.239774e+04
52	90	59	6.331028e+05
52	90	60	3.552468e+05
52	90	81	1.892164e+04
52	90	82	1.171916e+05
52	90	83	2.015522e+04
52	91	81	5.076103e+03
52	91	82	3.143897e+04
52	91	83	5.407037e+03
52	93	54	1.346063e+04
52	93	55	8.952266e+04
52	93	56	1.648215e+04
52	94	54	1.154958e+05
52	94	55	7.681286e+05
52	94	56	1.414213e+05
52	95	54	2.649525e+04
52	95	55	1.762121e+05
52	95	56	3.244268e+04
53	65	27	3.309107e+00
53	65	28	6.372803e+02
53	65	29	4.753309e+02
53	66	27	2.681596e+01
53	66	28	5.164318e+03
53	66	29	3.851932e+03
53	67	27	9.408640e+01
53	67	28	1.811951e+04
53	67	29	1.351488e+04
53	67	62	1.552800e+01
53	67	63	5.398475e+02
53	67	64	2.668398e+02
53	68	62	1.105959e+04
53	68	63	3.844986e+05
53	68	64	1.900528e+05
53	69	62	1.282940e+04
53	69	63	4.460280e+05
53	69	64	2.224244e+05
53	69	65	4.002983e+04
53	69	66	1.581208e+04
53	69	71	4.182531e+02
53	69	72	3.175386e+03
53	69	73	6.582747e+02
53	70	64	2.234764e+04
53	70	65	4.567740e+05
53	70	66	1.804291e+05
53	70	71	6.153231e+04
53	70	72	4.671545e+05
53	70	73	9.684365e+04
53	71	61	1.747766e+03
53	71	62	1.297681e+04
53	71	63	3.304258e+03
53	71	64	1.981291e+04
53	71	65	1.601395e+05
53	71	66	5.122982e+04
53	71	67	2.661868e+02
53	71	68	4.096812e+03
53	71	69	3.806183e+03
53	71	70	1.453337e+04
53	71	71	8.776910e+04
53	71	72	6.518683e+05
53	71	73	1.355014e+05
53	72	61	-3.037100e+03
53	72	62	-2.220836e+04
53	72	63	-2.306349e+03
53	72	64	2.657147e+03
53	72	65	-1.573669e+04
53	72	66	7.459425e+02
53	72	67	3.763946e+03
53	72	68	4.582547e+04
53	72	69	7.914092e+04
53	72	70	1.870432e+05
53	72	71	4.907093e+05
53	72	72	3.571126e+05
53	72	73	9.305105e+04
53	73	59	6.544259e+02
53	73	60	8.158040e+04
53	73	61	1.327898e+05
53	73	62	1.462272e+05
53	73	63	2.155764e+05
53	73	64	7.670760e+05
53	73	65	4.821190e+05
53	73	66	1.462064e+05
53	73	67	9.520351e+04
53	73	68	3.534813e+05
53	73	69	1.816490e+05
53	73	70	4.483174e+05
53	73	71	8.626802e+05
53	73	72	6.088229e+05
53	73	73	1.586379e+05
53	74	59	9.054379e+03
53	74	60	7.671699e+05
53	74	61	1.003444e+06
53	74	62	2.598319e+04
53	74	63	1.669655e+05
53	74	64	6.982139e+05
53	74	65	5.805328e+05
53	74	66	1.260452e+06
53	74	67	1.255564e+06
53	74	68	1.438412e+06
53	74	69	1.349220e+06
53	74	70	4.231413e+05
53	74	71	2.497418e+05
53	74	72	3.899875e+03
53	75	59	-2.502849e+03
53	75	60	6.423657e+04
53	75	61	1.795368e+05
53	75	62	2.206927e+04
53	75	63	9.818956e+04
53	75	64	7.389755e+05
53	75	65	1.447536e+06
53	75	66	4.576722e+06
53	75	67	3.194516e+06
53	75	68	3.346524e+06
53	75	69	1.824715e+06
53	75	70	7.307996e+05
53	75	71	3.501776e+05
53	75	72	6.034243e+04
53	76	59	4.144161e+04
53	76	60	9.872065e+05
53	76	61	4.204919e+05
53	76	62	8.975473e+04
53	76	63	1.497000e+05
53	76	64	1.576273e+06
53	76	65	4.249460e+06
53	76	66	1.769719e+07
53	76	67	1.647660e+07
53	76	68	4.678458e+06
53	76	69	2.676559e+06
53	76	70	9.288586e+05
53	76	71	6.814094e+05
53	76	72	4.767590e+04
53	76	73	1.318035e+04
53	76	74	2.258256e+03
53	77	61	8.705437e+04
53	77	62	3.293456e+05
53	77	63	2.117859e+06
53	77	64	1.210216e+06
53	77	65	7.932024e+06
53	77	66	2.499588e+07
53	77	67	3.374047e+07
53	77	68	1.662090e+07
53	77	69	5.202016e+06
53	77	70	1.426542e+06
53	77	71	9.423977e+05
53	77	72	1.369377e+05
53	77	73	1.337316e+05
53	77	74	2.281761e+04
53	78	59	3.616753e+03
53	78	60	6.642707e+03
53	78	61	1.332850e+05
53	78	62	1.201777e+05
53	78	63	1.785076e+06
53	78	64	2.079580e+06
53	78	65	1.192484e+07
53	78	66	3.066632e+07
53	78	67	3.555980e+07
53	78	68	1.798414e+07
53	78	69	8.800215e+06
53	78	70	1.520040e+06
53	78	71	4.209391e+05
53	78	72	6.009831e+05
53	78	73	7.744115e+04
53	78	74	1.423608e+04
53	78	75	1.216419e+05
53	78	76	4.150082e+04
53	79	56	-6.078971e+01
53	79	57	-3.305524e+03
53	79	58	-1.889192e+03
53	79	59	2.843999e+04
53	79	60	4.874249e+04
53	79	61	4.995103e+05
53	79	62	8.706191e+04
53	79	63	9.637676e+04
53	79	64	1.942063e+06
53	79	65	5.483703e+06
53	79	66	1.739731e+07
53	79	67	1.994659e+07
53	79	68	1.085301e+07
53	79	69	4.481953e+06
53	79	70	9.110647e+05
53	79	71	1.684637e+06
53	79	72	3.809547e+04
53	79	73	1.634146e+05
53	79	74	1.294448e+05
53	79	75	-1.108916e+05
53	79	76	-3.783311e+04
53	80	56	-1.170750e+03
53	80	57	-6.366112e+04
53	80	58	-3.638397e+04
53	80	59	7.392473e+04
53	80	60	-1.139871e+05
53	80	61	7.544529e+05
53	80	62	3.843569e+04
53	80	63	5.870420e+05
53	80	64	1.432633e+06
53	80	65	1.411390e+06
53	80	66	3.957947e+06
53	80	67	4.386022e+06
53	80	68	2.740499e+06
53	80	69	2.467421e+06
53	80	70	8.363747e+05
53	80	71	2.498522e+06
53	80	72	1.924968e+05
53	80	73	1.410694e+05
53	80	74	2.473120e+05
53	80	75	1.443751e+06
53	80	76	4.925676e+05
53	80	78	-4.578491e+02
53	80	79	-1.179783e+04
53	80	80	-2.482560e+04
53	81	56	-2.743488e+03
53	81	57	-1.491809e+05
53	81	58	-8.526073e+04
53	81	59	1.079639e+05
53	81	60	-1.968070e+05
53	81	61	1.090154e+06
53	81	62	9.650182e+05
53	81	63	9.061997e+05
53	81	64	6.986480e+05
53	81	65	2.225447e+04
53	81	66	5.058972e+05
53	81	67	1.550289e+06
53	81	68	1.095268e+06
53	81	69	1.233006e+05
53	81	70	3.840299e+05
53	81	71	5.684875e+05
53	81	72	5.374184e+04
53	81	78	1.882611e+02
53	81	79	4.851099e+03
53	81	80	1.020794e+04
53	82	60	5.525699e+04
53	82	61	-8.542557e+04
53	82	62	5.678960e+05
53	82	63	1.197192e+04
53	82	64	-1.281101e+04
53	82	65	1.375187e+05
53	82	66	1.021093e+04
53	82	67	1.035382e+06
53	82	68	7.733829e+05
53	82	69	8.656073e+04
53	82	70	3.625015e+04
53	82	71	-2.905156e-01
53	82	72	-1.390499e+00
53	82	78	-5.963361e+03
53	82	79	-1.536635e+05
53	82	80	-3.233468e+05
53	83	60	3.341378e+04
53	83	61	-5.156547e+04
53	83	62	3.435069e+05
53	83	63	1.712417e+04
53	83	64	-1.832436e+04
53	83	65	1.967013e+05
53	83	66	2.118950e+03
53	83	67	1.943094e+05
53	83	68	1.350561e+05
53	83	69	-6.558052e+04
53	83	70	-2.340370e+04
53	83	71	-5.861870e+02
53	83	72	-2.805676e+03
53	84	60	7.467525e+00
53	84	61	8.734941e+03
53	84	62	9.810117e+03
53	84	68	3.671705e+04
53	84	69	7.557887e+05
53	84	70	2.994530e+05
53	84	71	-5.359827e+02
53	84	72	-2.565382e+03
53	85	60	4.915312e+00
53	85	61	5.749556e+03
53	85	62	6.457264e+03
53	86	63	1.676807e+03
53	86	64	6.671980e+04
53	86	65	3.458285e+04
53	86	71	1.093318e+01
53	86	72	5.239790e+01
53	86	73	2.510107e+02
53	87	63	1.081867e+04
53	87	64	4.304727e+05
53	87	65	2.231268e+05
53	87	71	8.442638e+02
53	87	72	4.046184e+03
53	87	73	1.938313e+04
53	88	63	1.935605e+03
53	88	64	7.701732e+04
53	88	65	3.992036e+04
53	88	71	5.291005e+02
53	88	72	2.535746e+03
53	88	73	1.214742e+04
53	89	81	-2.821894e+03
53	89	82	-1.747747e+04
53	89	83	-3.005866e+03
53	90	81	-2.983644e+04
53	90	82	-1.847927e+05
53	90	83	-3.178161e+04
53	91	81	-8.004213e+03
53	91	82	-4.957429e+04
53	91	83	-8.526044e+03
53	93	54	6.025307e+03
53	93	55	4.007254e+04
53	93	56	7.377815e+03
53	94	54	5.169876e+04
53	94	55	3.438332e+05
53	94	56	6.330365e+04
53	95	54	1.185992e+04
53	95	55	7.887685e+04
53	95	56	1.452214e+04
54	63	79	1.294932e+00
54	63	80	3.300270e+00
54	63	81	2.456589e+01
54	64	79	-7.123749e-01
54	64	80	-1.815562e+00
54	64	81	-1.351432e+01
54	65	27	1.070186e+02
54	65	28	2.061004e+04
54	65	29	1.537250e+04
54	65	79	1.645950e+01
54	65	80	4.194876e+01
54	65	81	3.122498e+02
54	66	27	8.672450e+02
54	66	28	1.670173e+05
54	66	29	1.245739e+05
54	67	27	3.042813e+03
54	67	28	5.859963e+05
54	67	29	4.370795e+05
54	69	63	2.089352e-01
54	69	64	2.493014e+03
54	69	65	5.068636e+04
54	69	66	1.999261e+04
54	69	71	1.191807e+02
54	69	72	9.048220e+02
54	69	73	1.875745e+02
54	70	63	4.514559e+02
54	70	64	2.922248e+04
54	70	65	5.879853e+05
54	70	66	2.286024e+05
54	70	71	1.753355e+04
54	70	72	1.331150e+05
54	70	73	2.759546e+04
54	71	61	1.687511e+04
54	71	62	1.252942e+05
54	71	63	2.598148e+04
54	71	64	9.009904e+03
54	71	65	1.733871e+05
54	71	66	6.791016e+04
54	71	67	3.847788e+03
54	71	68	5.123248e+04
54	71	69	-2.538111e+03
54	71	70	-9.634081e+03
54	71	71	2.420873e+04
54	71	72	1.837932e+05
54	71	73	3.810132e+04
54	72	61	-2.932394e+04
54	72	62	-2.158526e+05
54	72	63	-1.821189e+04
54	72	64	7.193338e+04
54	72	65	4.415016e+03
54	72	66	1.078276e+04
54	72	67	1.632328e+04
54	72	68	1.950882e+05
54	72	69	4.412041e+04
54	72	70	-6.342309e+04
54	73	61	1.646399e+05
54	73	62	1.238978e+06
54	73	63	4.272862e+05
54	73	64	5.516717e+05
54	73	65	1.952435e+05
54	73	66	1.807425e+05
54	73	67	1.075387e+05
54	73	68	1.455919e+06
54	73	69	3.668749e+05
54	73	70	-1.156574e+04
54	73	76	2.455427e+01
54	73	77	1.320673e+03
54	73	78	2.232681e+03
54	74	59	1.298408e+03
54	74	60	3.093020e+04
54	74	61	1.312144e+04
54	74	62	5.462564e+04
54	74	63	6.498149e+05
54	74	64	1.842420e+06
54	74	65	-1.899489e+05
54	74	66	3.384442e+04
54	74	67	4.582743e+05
54	74	68	1.156658e+06
54	74	69	1.582372e+06
54	74	70	1.209524e+05
54	74	71	5.242357e+04
54	74	72	9.088626e+03
54	74	76	8.032504e+02
54	74	77	4.320352e+04
54	74	78	7.303829e+04
54	75	59	-1.351186e+03
54	75	60	-3.218745e+04
54	75	61	-1.368220e+04
54	75	62	1.165391e+04
54	75	63	1.315573e+05
54	75	64	6.529630e+05
54	75	65	2.775056e+06
54	75	66	3.034718e+06
54	75	67	9.976083e+05
54	75	68	3.121787e+06
54	75	69	8.300317e+05
54	75	70	2.018520e+06
54	75	71	1.053910e+06
54	75	72	1.406275e+05
54	75	76	3.881794e+02
54	75	77	2.087856e+04
54	75	78	3.529654e+04
54	76	59	1.500756e+04
54	76	60	3.575044e+05
54	76	61	1.516906e+05
54	76	62	-6.526547e+04
54	76	63	6.422648e+05
54	76	64	8.982088e+05
54	76	65	1.800485e+06
54	76	66	5.571928e+06
54	76	67	6.037142e+06
54	76	68	3.865984e+06
54	76	69	2.164042e+06
54	76	70	8.738313e+05
54	76	71	4.469425e+05
54	76	72	4.398864e+04
54	76	73	-2.472266e+04
54	76	74	-4.235858e+03
54	77	61	7.712122e+03
54	77	62	-8.147647e+04
54	77	63	5.035453e+05
54	77	64	9.801844e+05
54	77	65	4.000169e+06
54	77	66	1.147108e+07
54	77	67	1.123890e+07
54	77	68	7.747921e+06
54	77	69	2.000737e+06
54	77	70	1.904824e+05
54	77	71	3.384188e+01
54	77	72	-3.547306e+04
54	77	73	-2.428829e+05
54	77	74	-4.279947e+04
54	78	60	1.022307e+01
54	78	61	2.261547e+04
54	78	62	3.141315e+05
54	78	63	1.104046e+06
54	78	64	2.179724e+06
54	78	65	3.701895e+06
54	78	66	1.606676e+07
54	78	67	2.071622e+07
54	78	68	1.229279e+07
54	78	69	2.680466e+06
54	78	70	1.567947e+03
54	78	71	9.659493e+03
54	78	72	3.699797e+05
54	78	73	4.675376e+05
54	78	74	-7.295670e+03
54	79	56	3.851266e+02
54	79	57	2.094179e+04
54	79	58	1.196877e+04
54	79	59	1.849850e+02
54	79	60	2.907748e+03
54	79	61	5.358451e+04
54	79	62	2.569915e+05
54	79	63	9.633593e+05
54	79	64	3.033107e+06
54	79	65	2.982080e+06
54	79	66	8.745938e+06
54	79	67	1.412485e+07
54	79	68	6.436413e+06
54	79	69	4.633688e+05
54	79	70	3.856993e+04
54	79	71	1.642462e+05
54	79	72	2.665324e+05
54	79	73	1.246712e+06
54	79	74	6.310152e+05
54	80	56	7.417156e+03
54	80	57	4.033181e+05
54	80	58	2.305067e+05
54	80	59	1.316138e+04
54	80	60	3.914510e+04
54	80	61	7.459062e+05
54	80	62	1.712628e+05
54	80	63	2.805634e+05
54	80	64	6.129979e+05
54	80	65	1.312876e+06
54	80	66	1.539757e+06
54	80	67	4.332982e+06
54	80	68	2.838303e+06
54	80	69	4.096284e+05
54	80	70	8.299102e+04
54	80	71	6.781463e+04
54	80	72	1.914333e+04
54	80	73	7.557708e+05
54	80	74	6.148688e+05
54	80	78	2.085108e+03
54	80	79	5.372892e+04
54	80	80	1.130592e+05
54	81	56	1.738107e+04
54	81	57	9.451195e+05
54	81	58	5.401601e+05
54	81	59	2.082785e+04
54	81	60	-1.147433e+04
54	81	61	4.690063e+05
54	81	62	4.116922e+05
54	81	63	1.118958e+05
54	81	64	4.015736e+04
54	81	65	1.846940e+05
54	81	66	9.477910e+05
54	81	67	1.065249e+06
54	81	68	6.440518e+05
54	81	69	1.390239e+05
54	81	70	6.618451e+04
54	81	71	2.511270e-01
54	81	78	-8.573668e+02
54	81	79	-2.209257e+04
54	81	80	-4.648834e+04
54	82	60	7.438692e+04
54	82	61	-1.146913e+05
54	82	62	7.648094e+05
54	82	66	3.416523e+03
54	82	67	3.356773e+05
54	82	68	3.273521e+05
54	82	69	4.696294e+05
54	82	70	2.343486e+05
54	82	71	8.873031e+01
54	82	72	3.960369e+02
54	82	78	2.715797e+04
54	82	79	6.998047e+05
54	82	80	1.472566e+06
54	83	60	4.498302e+04
54	83	61	-6.804055e+04
54	83	62	4.640103e+05
54	83	66	8.362986e+02
54	83	67	1.012392e+05
54	83	68	1.152759e+05
54	83	69	4.498313e+05
54	83	70	2.727335e+05
54	83	71	1.669581e+05
54	83	72	7.991021e+05
54	84	60	1.462140e+02
54	84	61	1.746863e+05
54	84	62	1.957341e+05
54	84	66	4.435215e+02
54	84	67	1.016182e+04
54	84	68	5.636872e+04
54	84	69	7.013328e+05
54	84	70	3.097903e+05
54	84	71	1.526566e+05
54	84	72	7.306626e+05
54	85	58	1.568598e+00
54	85	59	7.129448e-01
54	85	60	1.195964e+02
54	85	61	1.125760e+05
54	85	62	1.264328e+05
54	86	58	5.906330e+03
54	86	59	2.684492e+03
54	86	60	8.793956e+04
54	86	63	2.190923e+03
54	86	64	8.717639e+04
54	86	65	4.518611e+04
54	86	71	1.485570e+02
54	86	72	7.119683e+02
54	86	73	3.410664e+03
54	87	58	5.532144e+03
54	87	59	2.514420e+03
54	87	60	8.236830e+04
54	87	63	1.413572e+04
54	87	64	5.624575e+05
54	87	65	2.915384e+05
54	87	71	1.147163e+04
54	87	72	5.497845e+04
54	87	73	2.633727e+05
54	88	63	2.529070e+03
54	88	64	1.006312e+05
54	88	65	5.216013e+04
54	88	71	7.189273e+03
54	88	72	3.445502e+04
54	88	73	1.650558e+05
54	89	81	1.824483e+04
54	89	82	1.129998e+05
54	89	83	1.943430e+04
54	90	81	1.929062e+05
54	90	82	1.194769e+06
54	90	83	2.054826e+05
54	91	81	5.175090e+04
54	91	82	3.205205e+05
54	91	83	5.512477e+04
55	63	79	3.587007e+03
55	63	80	9.141864e+03
55	63	81	6.804838e+04
55	64	79	-1.973304e+03
55	64	80	-5.029171e+03
55	64	81	-3.743514e+04
55	65	27	5.149445e+01
55	65	28	9.916995e+03
55	65	29	7.396831e+03
55	65	79	4.559339e+04
55	65	80	1.161995e+05
55	65	81	8.649429e+05
55	65	84	4.660057e-02
55	65	85	5.019304e+01
55	65	86	5.664531e+01
55	66	27	4.172948e+02
55	66	28	8.036419e+04
55	66	29	5.994158e+04
55	66	84	5.881321e-01
55	66	85	6.334717e+02
55	66	86	7.149038e+02
55	67	27	1.464119e+03
55	67	28	2.819656e+05
55	67	29	2.103108e+05
55	67	84	1.776176e-01
55	67	85	1.913103e+02
55	67	86	2.159031e+02
55	69	63	1.569356e+01
55	69	64	2.900420e+03
55	69	65	1.966761e+04
55	69	66	3.614109e+03
55	70	63	3.390980e+04
55	70	64	1.183357e+05
55	70	65	1.128142e+06
55	70	66	1.103691e+05
55	71	61	4.239312e+03
55	71	62	3.147603e+04
55	71	63	4.354331e+04
55	71	64	7.991480e+04
55	71	65	8.734630e+05
55	71	66	5.297641e+04
55	71	67	1.262641e+03
55	71	68	2.347510e+04
55	71	69	4.605267e+04
55	71	70	1.748052e+05
55	72	61	-7.366670e+03
55	72	62	-5.469602e+04
55	72	63	-9.725182e+03
55	72	64	3.812325e+04
55	72	65	7.865865e+04
55	72	66	3.538335e+03
55	72	67	4.342744e+03
55	72	68	1.046602e+05
55	72	69	3.068486e+05
55	72	70	1.150778e+06
55	73	61	4.136032e+04
55	73	62	3.070919e+05
55	73	63	6.822698e+04
55	73	64	1.519343e+05
55	73	65	3.040878e+05
55	73	66	2.118762e+04
55	73	67	2.605739e+04
55	73	68	4.865673e+05
55	73	69	2.056373e+05
55	73	70	2.118103e+05
55	73	76	-2.524534e+01
55	73	77	-1.357843e+03
55	73	78	-2.295519e+03
55	74	61	2.605328e-01
55	74	62	3.416834e+02
55	74	63	6.386385e+04
55	74	64	4.232421e+05
55	74	65	2.072111e+05
55	74	66	3.504494e+04
55	74	67	-1.821695e+03
55	74	68	2.559965e+05
55	74	69	2.537279e+05
55	74	70	-2.964203e+03
55	74	76	-8.258577e+02
55	74	77	-4.441947e+04
55	74	78	-7.509394e+04
55	75	56	1.377558e+01
55	75	57	-1.160777e+01
55	75	58	1.657554e+02
55	75	61	2.946539e+02
55	75	62	4.328612e+04
55	75	63	9.581847e+04
55	75	64	7.613343e+05
55	75	65	8.455982e+05
55	75	66	1.076786e+06
55	75	67	5.252438e+05
55	75	68	3.461884e+05
55	75	69	1.116573e+05
55	75	70	2.026230e+04
55	75	76	-3.991046e+02
55	75	77	-2.146618e+04
55	75	78	-3.628995e+04
55	76	56	2.109238e+01
55	76	57	-1.777316e+01
55	76	58	2.537953e+02
55	76	61	2.423155e+03
55	76	62	4.843078e+05
55	76	63	6.946178e+05
55	76	64	1.525853e+06
55	76	65	2.446381e+06
55	76	66	2.570331e+06
55	76	67	1.860506e+06
55	76	68	1.784185e+06
55	76	69	2.787342e+05
55	76	70	2.752036e+03
55	76	71	3.559003e+02
55	76	72	2.000785e+04
55	76	73	1.234414e+05
55	76	74	2.114984e+04
55	76	79	6.014191e+00
55	76	80	1.481429e+02
55	76	81	6.378455e+01
55	77	56	2.348149e+02
55	77	57	-1.978630e+02
55	77	58	2.825423e+03
55	77	60	3.826312e+02
55	77	61	8.390857e+03
55	77	62	9.537482e+05
55	77	63	7.372553e+05
55	77	64	8.029088e+05
55	77	65	1.660850e+06
55	77	66	4.613359e+06
55	77	67	3.228220e+06
55	77	68	2.513926e+06
55	77	69	2.373529e+05
55	77	70	6.130852e+02
55	77	71	9.039716e+03
55	77	72	2.036614e+05
55	77	73	1.249331e+06
55	77	74	2.136997e+05
55	77	79	8.212684e+02
55	77	80	2.022966e+04
55	77	81	8.710105e+03
55	78	60	7.587845e+03
55	78	61	6.337536e+04
55	78	62	3.403356e+04
55	78	63	2.967466e+04
55	78	64	7.653455e+05
55	78	65	3.255059e+06
55	78	66	5.823353e+06
55	78	67	4.031035e+06
55	78	68	2.035345e+06
55	78	69	2.427132e+05
55	78	70	2.574630e+04
55	78	71	4.705494e+03
55	78	72	1.663470e+05
55	78	73	4.833182e+05
55	78	74	5.653014e+04
55	78	79	5.791769e+02
55	78	80	1.426641e+04
55	78	81	6.142562e+03
55	79	60	1.716656e+04
55	79	61	3.081034e+05
55	79	62	6.115643e+05
55	79	63	4.435808e+05
55	79	64	1.439067e+06
55	79	65	1.224892e+06
55	79	66	1.512059e+06
55	79	67	4.478234e+06
55	79	68	1.944601e+06
55	79	69	7.156665e+04
55	79	70	8.555682e+01
55	79	71	4.692110e+02
55	79	72	8.169699e+04
55	79	73	3.037248e+05
55	79	74	8.332168e+04
55	80	60	4.862378e+04
55	80	61	5.452109e+05
55	80	62	3.882740e+05
55	80	63	-5.945253e+04
55	80	64	1.654499e+05
55	80	65	3.292330e+05
55	80	66	1.348891e+06
55	80	67	2.102170e+06
55	80	68	2.566729e+06
55	80	69	5.847182e+05
55	80	70	-8.621114e+03
55	80	71	-3.455863e+02
55	80	72	4.850747e+04
55	80	73	1.305217e+05
55	80	74	5.282484e+04
55	81	60	1.730520e+04
55	81	61	1.692883e+05
55	81	62	4.295314e+04
55	81	63	2.124755e+02
55	81	64	1.679987e+05
55	81	65	-2.383147e+05
55	81	66	1.855207e+06
55	81	67	2.794636e+05
55	81	68	1.779521e+06
55	81	69	2.651860e+05
55	81	70	-7.736076e+04
55	81	71	4.304129e+03
55	81	72	2.129284e+04
55	82	60	2.728053e-03
55	82	61	3.504385e+04
55	82	62	3.504320e+04
55	82	63	7.384568e+02
55	82	64	2.828937e+02
55	82	66	3.265316e+04
55	82	67	-4.914243e+04
55	82	68	5.377491e+05
55	82	69	4.137815e+05
55	82	70	5.698292e+05
55	82	71	1.067417e+05
55	83	60	3.546443e+00
55	83	61	-2.805437e+04
55	83	62	-2.727902e+04
55	83	63	4.388529e+03
55	83	64	1.681192e+03
55	83	66	1.157296e+04
55	83	67	2.651559e+05
55	83	68	5.876118e+05
55	83	69	2.467219e+05
55	83	70	3.288597e+05
55	83	71	4.529787e+04
55	84	60	3.404565e+02
55	84	61	8.135155e+05
55	84	62	8.620665e+05
55	84	66	7.735523e+03
55	84	67	1.772338e+05
55	84	68	3.888886e+05
55	85	58	-1.887231e+00
55	85	59	-8.577673e-01
55	85	60	1.959766e+02
55	85	61	2.621066e+05
55	85	62	2.943691e+05
55	85	65	1.873785e+01
55	85	66	1.203900e+02
55	85	67	4.816566e+02
55	86	58	-7.106099e+03
55	86	59	-3.229800e+03
55	86	60	-1.058030e+05
55	86	65	1.918022e+03
55	86	66	1.232322e+04
55	86	67	4.930276e+04
55	86	71	4.032040e+02
55	86	72	1.932379e+03
55	86	73	9.257007e+03
55	87	58	-6.655904e+03
55	87	59	-3.025182e+03
55	87	60	-9.910000e+04
55	87	65	1.279845e+03
55	87	66	8.222957e+03
55	87	67	3.289842e+04
55	87	71	3.113555e+04
55	87	72	1.492190e+05
55	87	73	7.148294e+05
55	87	82	4.389462e+02
55	87	83	4.221262e-01
55	87	84	6.114642e+03
55	88	71	1.951266e+04
55	88	72	9.351561e+04
55	88	73	4.479839e+05
55	88	82	7.698704e+02
55	88	83	7.403697e-01
55	88	84	1.072451e+04
55	89	82	7.670712e+03
55	89	83	7.376777e+00
55	89	84	1.068551e+05
56	63	79	3.323309e+03
56	63	80	8.469802e+03
56	63	81	6.304582e+04
56	64	79	-1.828237e+03
56	64	80	-4.659453e+03
56	64	81	-3.468310e+04
56	65	79	4.224160e+04
56	65	80	1.076572e+05
56	65	81	8.013568e+05
56	65	84	2.333722e+01
56	65	85	2.513630e+04
56	65	86	2.836755e+04
56	66	84	2.945322e+02
56	66	85	3.172379e+05
56	66	86	3.580185e+05
56	67	84	8.894959e+01
56	67	85	9.580678e+04
56	67	86	1.081226e+05
56	69	63	9.769745e+00
56	69	64	2.070911e+03
56	69	65	1.402869e+04
56	69	66	2.582088e+03
56	70	58	1.406238e+01
56	70	59	3.998491e+01
56	70	60	2.743942e+02
56	70	63	2.110994e+04
56	70	64	8.176979e+04
56	70	65	7.568151e+05
56	70	66	7.885284e+04
56	70	72	5.802999e-04
56	70	73	6.810718e-03
56	70	74	1.962147e-03
56	71	58	2.980810e+02
56	71	59	8.475624e+02
56	71	60	5.816349e+03
56	71	63	2.348699e+04
56	71	64	6.350752e+04
56	71	65	5.899334e+05
56	71	66	3.711354e+04
56	71	69	1.233166e+03
56	71	70	1.537098e+02
56	71	71	1.750519e+04
56	71	72	1.700114e-01
56	71	73	1.995347e+00
56	71	74	5.748534e-01
56	72	58	1.198235e+02
56	72	59	3.407056e+02
56	72	60	2.338073e+03
56	72	63	3.432696e+03
56	72	64	9.570849e+04
56	72	65	1.958989e+05
56	72	69	-1.106423e+03
56	72	70	-1.379116e+02
56	72	71	-1.570602e+04
56	72	72	2.140070e-01
56	72	73	2.511704e+00
56	72	74	7.236142e-01
56	73	63	1.385374e+04
56	73	64	4.014951e+05
56	73	65	8.046500e+05
56	73	68	1.536869e+04
56	73	69	1.279792e+05
56	73	70	2.472635e+04
56	73	71	2.083671e+05
56	73	76	2.845537e+02
56	73	77	1.530496e+04
56	73	78	2.587402e+04
56	74	61	2.851278e+00
56	74	62	2.218413e+02
56	74	63	1.258530e+04
56	74	64	1.738821e+05
56	74	65	7.671907e+04
56	74	66	7.461061e+04
56	74	67	1.521295e+05
56	74	68	-2.328906e+04
56	74	69	-1.716909e+05
56	74	70	-3.469671e+04
56	74	76	9.308681e+03
56	74	77	5.006754e+05
56	74	78	8.464237e+05
56	75	56	3.777924e+03
56	75	57	-3.183407e+03
56	75	58	4.545808e+04
56	75	61	1.803732e+03
56	75	62	1.472843e+05
56	75	63	9.557983e+04
56	75	64	3.204787e+05
56	75	65	9.785994e+04
56	75	66	3.589654e+05
56	75	67	-4.269908e+04
56	75	68	1.793212e+05
56	75	69	1.178064e+06
56	75	70	2.371752e+05
56	75	76	4.498520e+03
56	75	77	2.419568e+05
56	75	78	4.090433e+05
56	76	56	5.784541e+03
56	76	57	-4.874251e+03
56	76	58	6.960281e+04
56	76	61	2.111228e+03
56	76	62	2.382697e+05
56	76	63	-2.205618e+04
56	76	64	7.314924e+05
56	76	65	5.166696e+04
56	76	66	7.759105e+05
56	76	67	1.798144e+06
56	76	68	7.116626e+05
56	76	69	2.508615e+04
56	76	70	3.529453e+04
56	76	71	2.108350e+04
56	76	79	1.627480e+02
56	76	80	4.008843e+03
56	76	81	1.726052e+03
56	77	56	6.439749e+04
56	77	57	-5.426352e+04
56	77	58	7.748663e+05
56	77	60	5.716178e+02
56	77	61	4.360502e+03
56	77	62	2.134560e+04
56	77	63	-1.970278e+04
56	77	64	2.169435e+05
56	77	65	2.895873e+04
56	77	66	-6.815250e+03
56	77	67	4.971733e+05
56	77	68	6.988405e+05
56	77	69	-1.496670e+04
56	77	70	2.827888e+05
56	77	71	5.349122e+05
56	77	79	2.222407e+04
56	77	80	5.474280e+05
56	77	81	2.357012e+05
56	78	60	1.094742e+04
56	78	61	8.633160e+04
56	78	62	3.983992e+04
56	78	63	4.221997e+05
56	78	64	3.072696e+05
56	78	65	1.373760e+05
56	78	66	1.856668e+04
56	78	67	8.172505e+05
56	78	68	3.962003e+04
56	78	69	3.040090e+05
56	78	70	3.488866e+05
56	78	71	2.332954e+05
56	78	79	1.567291e+04
56	78	80	3.860585e+05
56	78	81	1.662218e+05
56	79	60	1.047155e+04
56	79	61	1.686719e+05
56	79	62	3.216240e+05
56	79	63	2.081515e+05
56	79	64	1.255349e+05
56	79	65	6.760373e+04
56	79	66	5.406375e+05
56	79	67	2.123100e+06
56	79	68	7.868343e+05
56	79	70	4.380268e+02
56	79	71	-4.882151e+01
56	79	72	5.995197e+03
56	80	60	3.048214e+03
56	80	61	6.553736e+04
56	80	62	1.687301e+05
56	80	63	1.279434e+06
56	80	64	7.499655e+05
56	80	65	2.007642e+02
56	80	66	7.009803e+05
56	80	67	7.555936e+05
56	80	68	2.924996e+05
56	80	69	1.091612e+05
56	80	70	9.279805e+04
56	80	71	-1.769304e+03
56	80	72	2.172675e+05
56	81	62	1.711898e+03
56	81	63	3.288653e+04
56	81	64	1.259843e+04
56	81	66	3.309275e+04
56	81	67	-5.252005e+04
56	81	68	6.189727e+05
56	81	69	1.253990e+06
56	81	70	6.933031e+05
56	81	71	3.725682e+03
56	81	72	1.090133e+05
56	82	60	3.933562e-03
56	82	61	5.095747e+04
56	82	62	5.953196e+04
56	82	63	1.214063e+05
56	82	64	4.829837e+04
56	82	66	9.517518e+03
56	82	67	-1.390035e+04
56	82	68	4.025655e+05
56	82	69	6.271764e+05
56	82	70	6.820648e+05
56	82	71	1.099815e+05
56	83	60	-3.614984e-03
56	83	61	-4.376530e+04
56	83	62	8.078578e+03
56	83	63	6.857687e+05
56	83	64	2.621324e+05
56	83	66	4.217744e+03
56	83	67	9.663557e+04
56	83	68	2.120390e+05
56	83	69	2.951479e+04
56	83	70	2.246482e+05
56	83	71	4.667273e+04
56	84	60	4.661760e-02
56	84	61	5.993005e+05
56	84	62	6.022531e+05
56	84	63	9.716876e+04
56	84	64	6.691842e+04
56	84	66	2.819197e+03
56	84	67	6.459251e+04
56	84	68	1.417297e+05
56	85	58	1.750360e+01
56	85	59	7.955579e+00
56	85	60	2.606118e+02
56	85	65	2.643135e+01
56	85	66	1.698205e+02
56	85	67	6.794179e+02
56	86	58	6.590731e+04
56	86	59	2.995559e+04
56	86	60	9.812963e+05
56	86	65	2.705534e+03
56	86	66	1.738296e+04
56	86	67	6.954578e+04
56	87	58	6.173186e+04
56	87	59	2.805781e+04
56	87	60	9.191280e+05
56	87	65	1.805331e+03
56	87	66	1.159919e+04
56	87	67	4.640605e+04
56	87	82	4.952939e+03
56	87	83	4.763148e+00
56	87	84	6.899581e+04
56	88	82	8.686990e+03
56	88	83	8.354113e+00
56	88	84	1.210122e+05
56	89	82	8.655404e+04
56	89	83	8.323737e+01
56	89	84	1.205722e+06
57	61	73	3.935902e+00
57	61	74	2.616138e+02
57	61	75	1.579456e+02
57	62	73	3.190000e-01
57	62	74	2.120347e+01
57	62	75	1.280129e+01
57	63	73	5.550494e+01
57	63	74	3.689334e+03
57	63	75	2.227382e+03
57	65	84	2.784728e+01
57	65	85	2.999405e+04
57	65	86	3.384976e+04
57	66	84	3.514524e+02
57	66	85	3.785461e+05
57	66	86	4.272078e+05
57	67	84	1.061397e+02
57	67	85	1.143220e+05
57	67	86	1.290180e+05
57	69	74	4.069806e-01
57	69	75	3.795799e+01
57	69	76	2.483435e+01
57	70	58	1.116051e+03
57	70	59	3.173377e+03
57	70	60	2.177882e+04
57	70	61	3.507049e+01
57	70	62	1.388483e+01
57	70	72	9.540525e+01
57	70	73	1.257014e+03
57	70	74	2.896763e+03
57	70	75	6.713454e+03
57	70	76	4.101046e+02
57	71	58	2.365700e+04
57	71	59	6.726624e+04
57	71	60	4.616264e+05
57	71	61	3.217840e+02
57	71	62	1.273982e+02
57	71	69	8.342909e+03
57	71	70	1.039914e+03
57	71	71	1.184302e+05
57	71	72	2.795103e+04
57	71	73	3.300972e+05
57	71	74	1.328230e+05
57	71	75	9.104487e+04
57	71	76	1.451300e+02
57	72	58	9.509712e+03
57	72	59	2.703988e+04
57	72	60	1.855634e+05
57	72	61	7.778888e+01
57	72	62	3.079755e+01
57	72	63	5.133128e+02
57	72	64	3.288296e+04
57	72	65	5.329029e+04
57	72	69	-7.485432e+03
57	72	70	-9.330324e+02
57	72	71	-1.062581e+05
57	72	72	3.518421e+04
57	72	73	4.136260e+05
57	72	74	1.317738e+05
57	72	75	3.036074e+04
57	73	63	6.496889e+03
57	73	64	4.161925e+05
57	73	65	6.744837e+05
57	73	68	4.419836e+03
57	73	69	1.318908e+05
57	73	70	1.896306e+04
57	73	71	1.409694e+06
57	74	61	8.566503e+00
57	74	62	6.665095e+02
57	74	63	2.384094e+03
57	74	64	1.259195e+05
57	74	65	2.040657e+05
57	74	68	-6.697631e+03
57	74	69	-4.937608e+04
57	74	70	-9.978324e+03
57	75	56	4.791848e+03
57	75	57	-4.037775e+03
57	75	58	5.765818e+04
57	75	61	5.419211e+03
57	75	62	4.216371e+05
57	75	63	2.647160e+05
57	75	67	4.517270e+03
57	75	68	1.600670e+05
57	75	69	3.873012e+05
57	75	70	6.820851e+04
57	76	56	7.337005e+03
57	76	57	-6.182410e+03
57	76	58	8.828292e+04
57	76	61	6.343064e+03
57	76	62	4.935167e+05
57	76	63	3.098441e+05
57	76	65	1.051840e+03
57	76	66	2.634855e+04
57	76	67	3.411738e+03
57	76	68	-2.018761e+05
57	76	69	2.139704e+04
57	76	70	8.262257e+04
57	76	71	1.234369e+04
57	76	79	7.294985e+01
57	76	80	1.796916e+03
57	76	81	7.736823e+02
57	77	56	8.168058e+04
57	77	57	-6.882684e+04
57	77	58	9.828261e+05
57	77	60	6.494573e+03
57	77	61	4.954289e+04
57	77	62	1.113636e+04
57	77	63	2.450603e+04
57	77	64	1.046708e+05
57	77	65	6.268541e+04
57	77	66	1.232606e+05
57	77	67	9.559297e+04
57	77	68	1.173896e+06
57	77	69	2.721833e+05
57	77	70	4.601233e+04
57	77	71	3.131733e+05
57	77	79	9.961673e+03
57	77	80	2.453781e+05
57	77	81	1.056503e+05
57	78	60	1.220713e+05
57	78	61	9.312027e+05
57	78	62	2.137956e+05
57	78	63	5.880238e+05
57	78	64	1.015240e+06
57	78	65	5.025857e+05
57	78	66	1.671821e+06
57	78	67	7.194919e+04
57	78	68	-8.107746e+04
57	78	69	1.010865e+06
57	78	70	7.748412e+05
57	78	71	1.365867e+05
57	78	79	7.025195e+03
57	78	80	1.730461e+05
57	78	81	7.450693e+04
57	79	60	4.625086e+04
57	79	61	3.528178e+05
57	79	62	8.197344e+04
57	79	63	2.507681e+05
57	79	64	2.768899e+05
57	79	65	1.029706e+05
57	79	66	3.387887e+05
57	79	67	6.490344e+05
57	79	68	8.028154e+05
57	79	70	2.012105e+03
57	79	71	-2.242648e+02
57	79	72	2.753934e+04
57	80	70	7.291923e+04
57	80	71	-8.127418e+03
57	80	72	9.980329e+05
57	81	62	1.233606e+03
57	81	63	2.369827e+04
57	81	64	9.078514e+03
57	81	70	3.658701e+04
57	81	71	-4.077908e+03
57	81	72	5.007601e+05
57	82	61	1.672856e+04
57	82	62	1.242141e+05
57	82	63	1.609113e+05
57	82	64	6.973215e+04
57	83	61	1.044360e+05
57	83	62	7.716037e+05
57	83	63	6.594973e+05
57	83	64	2.037625e+05
57	84	61	1.810151e+04
57	84	62	1.358556e+05
57	84	63	8.420182e+05
57	84	64	5.661731e+05
57	85	65	3.150047e+02
57	85	66	2.023894e+03
57	85	67	8.097198e+03
57	86	65	3.224414e+04
57	86	66	2.071674e+05
57	86	67	8.288358e+05
57	87	65	2.151566e+04
57	87	66	1.382373e+05
57	87	67	5.530601e+05
57	87	82	1.389787e+03
57	87	83	1.336531e+00
57	87	84	1.936011e+04
57	88	82	2.437555e+03
57	88	83	2.344150e+00
57	88	84	3.395582e+04
57	89	82	2.428692e+04
57	89	83	2.335627e+01
57	89	84	3.383235e+05
58	61	73	7.183955e+02
58	61	74	4.775072e+04
58	61	75	2.882881e+04
58	62	73	5.822506e+01
58	62	74	3.870136e+03
58	62	75	2.336539e+03
58	63	73	1.013097e+04
58	63	74	6.733909e+05
58	63	75	4.065501e+05
58	69	74	2.601141e+02
58	69	75	2.426015e+04
58	69	76	1.587242e+04
58	70	58	1.724979e+03
58	70	59	4.904800e+03
58	70	60	3.657906e+04
58	70	61	5.996852e+04
58	70	62	2.374226e+04
58	70	72	9.635050e+01
58	70	73	9.730411e+02
58	70	74	1.670461e+03
58	70	75	3.936272e+05
58	70	76	2.621108e+05
58	71	58	3.656448e+04
58	71	59	1.039673e+05
58	71	60	7.402632e+05
58	71	61	5.502321e+05
58	71	62	2.178435e+05
58	71	69	1.560642e+03
58	71	70	1.945285e+02
58	71	71	2.215381e+04
58	71	72	2.822796e+04
58	71	73	3.289445e+05
58	71	74	5.293603e+04
58	71	75	3.739240e+04
58	71	76	9.275715e+04
58	72	58	1.469830e+04
58	72	59	4.179309e+04
58	72	60	2.932798e+05
58	72	61	1.330145e+05
58	72	62	5.266204e+04
58	72	63	1.248521e+02
58	72	64	7.998059e+03
58	72	65	1.296170e+04
58	72	69	-1.400241e+03
58	72	70	-1.745350e+02
58	72	71	-1.987686e+04
58	72	72	3.553280e+04
58	72	73	4.162455e+05
58	72	74	1.054272e+05
58	72	75	-3.489330e+04
58	73	57	1.695422e+02
58	73	58	3.944175e+03
58	73	59	8.606457e+03
58	73	63	1.580226e+03
58	73	64	1.012297e+05
58	73	65	1.640534e+05
58	73	69	1.857658e+04
58	73	70	2.315505e+03
58	73	71	2.637004e+05
58	74	57	1.824938e+03
58	74	58	4.245478e+04
58	74	59	9.263920e+04
58	74	63	4.780989e+02
58	74	64	3.062715e+04
58	74	65	4.963451e+04
58	74	69	1.407526e+00
58	74	70	5.811259e-02
58	74	71	1.972929e+01
58	74	73	6.623170e+00
58	74	74	2.501590e+02
58	74	75	1.273612e+02
58	75	57	4.957441e+02
58	75	58	1.153283e+04
58	75	59	2.516542e+04
58	75	62	9.746696e-01
58	75	63	6.041338e+02
58	75	64	5.136586e+02
58	75	67	1.261662e+03
58	75	68	3.191931e+04
58	75	69	1.486038e+04
58	75	70	3.947839e+01
58	75	71	1.351506e+04
58	75	72	1.752531e+03
58	75	73	7.056135e+02
58	75	74	3.927576e+03
58	75	75	1.999611e+03
58	76	62	7.744956e+01
58	76	63	4.800591e+04
58	76	64	4.081653e+04
58	76	65	3.103461e+03
58	76	66	7.774161e+04
58	76	67	3.148034e+04
58	76	68	-5.664567e+04
58	76	69	-2.385612e+04
58	76	70	3.381318e+01
58	76	71	1.146525e+04
58	76	72	-2.244758e+02
58	76	73	1.878522e+02
58	76	74	1.000583e+04
58	76	75	5.094175e+03
58	77	62	4.886882e+01
58	77	63	3.035189e+04
58	77	64	4.024879e+04
58	77	65	9.329264e+03
58	77	66	-4.501904e+04
58	77	67	1.546089e+04
58	77	68	3.363703e+05
58	77	69	1.342194e+05
58	77	71	1.530270e+03
58	77	72	2.392310e+04
58	77	73	8.212579e+03
58	78	63	4.753713e+02
58	78	64	1.123823e+05
58	78	65	1.255245e+05
58	78	66	9.827800e+05
58	78	67	3.980423e+05
58	78	68	-3.495674e+04
58	79	63	1.003331e+02
58	79	64	2.371969e+04
58	79	65	1.821226e+04
58	79	66	7.350100e+02
58	79	67	2.528719e+05
58	79	68	3.127869e+05
58	82	61	8.618433e+03
58	82	62	6.165771e+04
58	82	63	2.458841e+04
58	82	64	8.660729e+03
58	83	61	5.380471e+04
58	83	62	3.843437e+05
58	83	63	8.083709e+04
58	83	64	3.686666e+03
58	84	61	9.325767e+03
58	84	62	6.809871e+04
58	84	63	1.983299e+05
58	84	64	1.284309e+05
59	25	93	1.752062e+00
59	25	94	4.940481e+01
59	25	95	3.788195e+02
59	25	96	3.270974e+02
59	26	93	9.122588e+01
59	26	94	2.580671e+03
59	26	95	2.476408e+04
59	26	96	2.294775e+04
59	27	93	5.148377e+01
59	27	94	1.489245e+03
59	27	95	3.397431e+04
59	27	96	3.642824e+04
59	61	73	5.315077e+02
59	61	74	3.532855e+04
59	61	75	2.132911e+04
59	62	73	4.307804e+01
59	62	74	2.863335e+03
59	62	75	1.728698e+03
59	63	73	7.495436e+03
59	63	74	4.982108e+05
59	63	75	3.007877e+05
59	67	67	1.798279e+00
59	67	68	1.054838e+03
59	67	69	8.927678e+02
59	68	67	2.167455e+01
59	68	68	1.271390e+04
59	68	69	1.076047e+04
59	69	67	6.217045e+01
59	69	68	3.646806e+04
59	69	69	3.086493e+04
59	69	74	3.042151e+02
59	69	75	2.837333e+04
59	69	76	1.856350e+04
59	70	60	2.649389e+03
59	70	61	5.440807e+04
59	70	62	2.154081e+04
59	70	73	1.550279e+03
59	70	74	3.401623e+04
59	70	75	5.372782e+05
59	70	76	3.065502e+05
59	71	60	2.430907e+04
59	71	61	4.992130e+05
59	71	62	1.976444e+05
59	71	73	2.313284e+04
59	71	74	4.343967e+05
59	71	75	1.191416e+06
59	71	76	1.084836e+05
59	72	60	5.876536e+03
59	72	61	1.206810e+05
59	72	62	4.777906e+04
59	72	73	7.732950e+03
59	72	74	1.446178e+05
59	72	75	3.428439e+05
59	73	57	1.384232e+03
59	73	58	3.220232e+04
59	73	59	7.026763e+04
59	74	57	1.489975e+04
59	74	58	3.466231e+05
59	74	59	7.563550e+05
59	74	69	3.365320e+01
59	74	70	1.389441e+00
59	74	71	4.717170e+02
59	74	73	2.073656e+02
59	74	74	7.832256e+03
59	74	75	3.987565e+03
59	75	57	4.047515e+03
59	75	58	9.416009e+04
59	75	59	2.054637e+05
59	75	62	1.004373e+01
59	75	63	6.225449e+03
59	75	64	5.293124e+03
59	75	69	2.286207e+04
59	75	70	9.439075e+02
59	75	71	3.222402e+05
59	75	72	2.786644e+04
59	75	73	1.282200e+04
59	75	74	1.229689e+05
59	75	75	6.260604e+04
59	76	62	7.980985e+02
59	76	63	4.946890e+05
59	76	64	4.206042e+05
59	76	69	1.958133e+04
59	76	70	8.084553e+02
59	76	71	2.742432e+05
59	76	72	-3.569320e+03
59	76	73	7.068866e+03
59	76	74	3.132735e+05
59	76	75	1.594941e+05
59	77	62	5.035811e+02
59	77	63	3.121369e+05
59	77	64	2.653912e+05
59	77	71	2.433235e+04
59	77	72	3.803937e+05
59	77	73	1.305857e+05
60	25	93	1.089345e+02
60	25	94	3.049408e+03
60	25	95	9.946834e+03
60	25	96	4.364045e+03
60	26	93	5.671971e+03
60	26	94	1.588862e+05
60	26	95	5.851489e+05
60	26	96	3.061627e+05
60	27	93	3.201004e+03
60	27	94	9.010621e+04
60	27	95	5.970473e+05
60	27	96	4.860157e+05
60	61	42	3.707609e-01
60	61	43	-4.226714e-02
60	61	44	5.072488e+00
60	62	42	3.715229e+02
60	62	43	-4.235400e+01
60	62	44	5.082912e+03
60	63	42	4.211346e+02
60	63	43	-4.800979e+01
60	63	44	5.761664e+03
60	67	67	4.295932e+00
60	67	68	2.519916e+03
60	67	69	2.132744e+03
60	68	67	5.177860e+01
60	68	68	3.037239e+04
60	68	69	2.570583e+04
60	69	67	1.485198e+02
60	69	68	8.711899e+04
60	69	69	7.373362e+04
60	73	57	3.050372e+02
60	73	58	7.096287e+03
60	73	59	1.548458e+04
60	74	57	3.283396e+03
60	74	58	7.638385e+04
60	74	59	1.666747e+05
60	74	69	7.271168e+01
60	74	70	3.002051e+00
60	74	71	1.019200e+03
60	74	73	4.089059e+02
60	74	74	1.544449e+04
60	74	75	7.863113e+03
60	75	57	8.919337e+02
60	75	58	2.074966e+04
60	75	59	4.527716e+04
60	75	62	2.645721e+00
60	75	63	1.639909e+03
60	75	64	1.394316e+03
60	75	69	4.939618e+04
60	75	70	2.039422e+03
60	75	71	6.969030e+05
60	75	72	7.061061e+04
60	75	73	3.065993e+04
60	75	74	2.424835e+05
60	75	75	1.234534e+05
60	75	76	6.075612e+01
60	75	77	-4.268685e+01
60	75	78	7.509631e+02
60	76	62	2.102353e+02
60	76	63	1.303111e+05
60	76	64	1.107957e+05
60	76	69	4.230775e+04
60	76	70	1.746762e+03
60	76	71	5.924492e+05
60	76	72	-9.044278e+03
60	76	73	1.325055e+04
60	76	74	6.177467e+05
60	76	75	3.145077e+05
60	76	76	6.115974e+03
60	76	77	-4.297042e+03
60	76	78	7.559519e+04
60	77	62	1.326534e+02
60	77	63	8.222318e+04
60	77	64	6.990941e+04
60	77	71	6.165559e+04
60	77	72	9.638773e+05
60	77	73	3.308902e+05
60	77	76	4.066896e+03
60	77	77	-2.857374e+03
60	77	78	5.026800e+04
60	78	55	7.867704e+00
60	78	56	1.075028e+02
60	78	57	3.410870e+01
60	79	55	2.769255e+02
60	79	56	3.783858e+03
60	79	57	1.200549e+03
60	80	55	1.374961e+02
60	80	56	1.878722e+03
60	80	57	5.960843e+02
60	82	49	6.862019e+01
60	82	50	-6.567391e+01
60	82	51	8.069864e+02
60	83	49	5.972355e+01
60	83	50	-5.715926e+01
60	83	51	7.023602e+02
60	84	49	1.080056e+03
60	84	50	-1.033683e+03
60	84	51	1.270167e+04
60	88	59	2.605889e-02
60	88	60	7.475522e+01
60	88	61	8.052343e+01
60	89	59	3.265753e-01
60	89	60	9.368477e+02
60	89	61	1.009136e+03
60	90	59	9.818566e-02
60	90	60	2.816655e+02
60	90	61	3.033992e+02
60	95	68	3.692890e+00
60	95	69	1.000229e+02
60	95	70	2.068951e+02
60	96	68	2.396327e+02
60	96	69	6.490513e+03
60	96	70	1.342549e+04
60	97	68	1.437718e+02
60	97	69	3.894097e+03
60	97	70	8.054855e+03
61	25	93	1.777772e+02
61	25	94	4.968475e+03
61	25	95	1.132864e+04
61	25	96	1.364574e+03
61	26	93	9.256456e+03
61	26	94	2.587318e+05
61	26	95	6.108814e+05
61	26	96	9.573269e+04
61	27	93	5.223926e+03
61	27	94	1.461535e+05
61	27	95	4.281834e+05
61	27	96	1.519701e+05
61	61	42	3.911110e+01
61	61	43	-4.458707e+00
61	61	44	5.350903e+02
61	62	42	3.919148e+04
61	62	43	-4.467870e+03
61	62	44	5.361900e+05
61	63	42	4.442495e+04
61	63	43	-5.064492e+03
61	63	44	6.077907e+05
61	67	67	3.358201e+01
61	67	68	1.969860e+04
61	67	69	1.667201e+04
61	68	67	4.047619e+02
61	68	68	2.374260e+05
61	68	69	2.009468e+05
61	69	67	1.161004e+03
61	69	68	6.810236e+05
61	69	69	5.763879e+05
61	75	76	1.688881e+01
61	75	77	-1.186597e+01
61	75	78	2.087506e+02
61	76	76	1.700101e+03
61	76	77	-1.194480e+03
61	76	78	2.101373e+04
61	77	76	1.130504e+03
61	77	77	-7.942847e+02
61	77	78	1.397336e+04
61	78	55	1.166403e+03
61	78	56	1.593751e+04
61	78	57	5.056683e+03
61	79	55	4.105476e+04
61	79	56	5.609646e+05
61	79	57	1.779839e+05
61	80	55	2.038408e+04
61	80	56	2.785243e+05
61	80	57	8.837069e+04
61	82	49	3.627274e+03
61	82	50	-3.471533e+03
61	82	51	4.265743e+04
61	83	49	3.156997e+03
61	83	50	-3.021448e+03
61	83	51	3.712687e+04
61	84	49	5.709196e+04
61	84	50	-5.464065e+04
61	84	51	6.714122e+05
61	88	59	8.863889e+00
61	88	60	2.542787e+04
61	88	61	2.738992e+04
61	89	59	1.110841e+02
61	89	60	3.186672e+05
61	89	61	3.432560e+05
61	90	59	3.339769e+01
61	90	60	9.580807e+04
61	90	61	1.032008e+05
61	95	68	6.735570e+01
61	95	69	1.824346e+03
61	95	70	3.773621e+03
61	96	68	4.370731e+03
61	96	69	1.183824e+05
61	96	70	2.448713e+05
61	97	68	2.622296e+03
61	97	69	7.102556e+04
61	97	70	1.469148e+05
62	61	42	2.625935e+01
62	61	43	-2.993594e+00
62	61	44	3.592618e+02
62	62	42	2.631332e+04
62	62	43	-2.999746e+03
62	62	44	3.600002e+05
62	63	42	2.982710e+04
62	63	43	-3.400320e+03
62	63	44	4.080731e+05
62	75	76	8.821820e+02
62	75	77	-6.198152e+02
62	75	78	1.090402e+04
62	76	76	8.880425e+04
62	76	77	-6.239328e+04
62	76	78	1.097646e+06
62	77	76	5.905154e+04
62	77	77	-4.148922e+04
62	77	78	7.298940e+05
62	78	55	8.344344e+02
62	78	56	1.140156e+04
62	78	57	3.617507e+03
62	79	55	2.937021e+04
62	79	56	4.013092e+05
62	79	57	1.273281e+05
62	80	55	1.458259e+04
62	80	56	1.992538e+05
62	80	57	6.321962e+04
62	82	49	6.159075e+03
62	82	50	-5.894629e+03
62	82	51	7.243189e+04
62	83	49	5.360548e+03
62	83	50	-5.130388e+03
62	83	51	6.304106e+04
62	83	56	3.173222e+02
62	83	57	2.112650e+03
62	83	58	3.893478e+02
62	84	49	9.694157e+04
62	84	50	-9.277928e+04
62	84	51	1.140051e+06
62	84	56	8.436682e+02
62	84	57	5.616926e+03
62	84	58	1.035163e+03
62	85	56	6.084314e+03
62	85	57	4.050780e+04
62	85	58	7.465327e+03
62	88	59	1.097719e+01
62	88	60	3.149030e+04
62	88	61	3.392013e+04
62	89	59	1.375684e+02
62	89	60	3.946428e+05
62	89	61	4.250940e+05
62	90	59	4.136026e+01
62	90	60	1.186503e+05
62	90	61	1.278055e+05
62	95	68	1.612823e+02
62	95	69	4.368372e+03
62	95	70	9.035883e+03
62	96	68	1.046565e+04
62	96	69	2.834649e+05
62	96	70	5.863411e+05
62	97	68	6.279053e+03
62	97	69	1.700697e+05
62	97	70	3.517856e+05
62	99	65	1.271178e+02
62	99	66	-9.832373e+01
62	99	67	1.550217e+03
62	100	65	1.883871e+03
62	100	66	-1.457145e+03
62	100	67	2.297403e+04
62	101	65	4.920136e+03
62	101	66	-3.805651e+03
62	101	67	6.000165e+04
63	76	79	3.235145e+02
63	76	80	1.677012e+03
63	76	81	7.643553e+03
63	77	79	5.411827e+03
63	77	80	2.805345e+04
63	77	81	1.278632e+05
63	78	79	1.928678e+03
63	78	80	9.997748e+03
63	78	81	4.556815e+04
63	83	56	6.945532e+03
63	83	57	4.624157e+04
63	83	58	8.522024e+03
63	84	56	1.846617e+04
63	84	57	1.229430e+05
63	84	58	2.265760e+04
63	85	56	1.331732e+05
63	85	57	8.866326e+05
63	85	58	1.634007e+05
63	99	65	2.134822e+03
63	99	66	-1.651252e+03
63	99	67	2.603441e+04
63	100	65	3.163779e+04
63	100	66	-2.447135e+04
63	100	67	3.858267e+05
63	101	65	8.262894e+04
63	101	66	-6.391223e+04
63	101	67	1.007670e+06
64	57	84	5.274425e+01
64	57	85	-1.027121e+02
64	57	86	4.829564e+02
64	58	84	6.202863e+03
64	58	85	-1.207921e+04
64	58	86	5.679694e+04
64	59	84	4.255140e+03
64	59	85	-8.286291e+03
64	59	86	3.896248e+04
64	73	79	1.820822e+02
64	73	80	6.818872e+03
64	73	81	3.461287e+03
64	74	79	5.475641e+02
64	74	80	2.050595e+04
64	74	81	1.040890e+04
64	75	79	3.607249e+03
64	75	80	1.350894e+05
64	75	81	6.857190e+04
64	76	79	-5.666939e+02
64	76	80	-2.937588e+03
64	76	81	-1.338906e+04
64	77	79	-9.479791e+03
64	77	80	-4.914067e+04
64	77	81	-2.239754e+05
64	78	79	-3.378428e+03
64	78	80	-1.751286e+04
64	78	81	-7.982083e+04
64	79	72	7.496377e+02
64	79	73	5.614577e+03
64	79	74	1.150383e+03
64	80	72	-4.046273e+02
64	80	73	-3.030546e+03
64	80	74	-6.209352e+02
64	81	72	9.546106e+03
64	81	73	7.149767e+04
64	81	74	1.464932e+04
64	83	56	2.834582e+03
64	83	57	1.887192e+04
64	83	58	3.477974e+03
64	84	56	7.536336e+03
64	84	57	5.017499e+04
64	84	58	9.246928e+03
64	85	56	5.435008e+04
64	85	57	3.618489e+05
64	85	58	6.668642e+04
64	99	65	7.624326e+02
64	99	66	-5.897301e+02
64	99	67	9.297957e+03
64	100	65	1.129916e+04
64	100	66	-8.739726e+03
64	100	67	1.377946e+05
64	101	65	2.951019e+04
64	101	66	-2.282569e+04
64	101	67	3.598803e+05
65	51	46	5.072794e+01
65	51	47	3.487363e+03
65	51	48	2.123730e+03
65	52	46	4.768629e+02
65	52	47	3.278260e+04
65	52	48	1.996391e+04
65	53	46	1.174209e+02
65	53	47	8.072265e+03
65	53	48	4.915838e+03
65	57	84	8.840157e+02
65	57	85	-1.721497e+03
65	57	86	8.094550e+03
65	58	84	1.039626e+05
65	58	85	-2.024526e+05
65	58	86	9.519405e+05
65	59	84	7.131792e+04
65	59	85	-1.388817e+05
65	59	86	6.530274e+05
65	69	62	4.719991e+00
65	69	63	2.139511e+01
65	69	64	1.062531e+02
65	70	62	7.239573e+01
65	70	63	3.281604e+02
65	70	64	1.629722e+03
65	71	62	1.862854e+02
65	71	63	8.444074e+02
65	71	64	4.193526e+03
65	73	79	-3.540792e+02
65	73	80	-1.326006e+04
65	73	81	-6.730858e+03
65	74	79	-1.064799e+03
65	74	80	-3.987611e+04
65	74	81	-2.024127e+04
65	75	79	-7.014698e+03
65	75	80	-2.626963e+05
65	75	81	-1.333457e+05
65	76	79	3.143735e+03
65	76	80	1.629627e+04
65	76	81	7.427583e+04
65	77	79	5.258915e+04
65	77	80	2.726079e+05
65	77	81	1.242504e+06
65	78	79	1.874183e+04
65	78	80	9.715260e+04
65	78	81	4.428061e+05
65	79	72	1.106276e+04
65	79	73	8.285700e+04
65	79	74	1.697675e+04
65	80	72	-5.971278e+03
65	80	73	-4.472321e+04
65	80	74	-9.163437e+03
65	81	70	7.816485e+01
65	81	71	2.495129e+03
65	81	72	1.420711e+05
65	81	73	1.055125e+06
65	81	74	2.161869e+05
65	82	70	1.294474e+03
65	82	71	4.132137e+04
65	82	72	1.978428e+04
65	83	70	4.588099e+02
65	83	71	1.464584e+04
65	83	72	7.012286e+03
66	51	46	2.375616e+02
66	51	47	1.633150e+04
66	51	48	9.945538e+03
66	52	46	2.233174e+03
66	52	47	1.535226e+05
66	52	48	9.349203e+04
66	53	46	5.498883e+02
66	53	47	3.780283e+04
66	53	48	2.302112e+04
66	57	84	3.153759e+02
66	57	85	-6.141505e+02
66	57	86	2.887761e+03
66	58	84	3.708904e+04
66	58	85	-7.222572e+04
66	58	86	3.396083e+05
66	59	84	2.544293e+04
66	59	85	-4.954656e+04
66	59	86	2.329700e+05
66	66	57	7.580446e+00
66	66	58	4.792985e+01
66	66	59	8.410546e+00
66	67	57	3.518490e+03
66	67	58	2.224680e+04
66	67	59	3.903783e+03
66	68	57	2.916186e+03
66	68	58	1.843854e+04
66	68	59	3.235524e+03
66	69	62	5.338328e+02
66	69	63	2.419795e+03
66	69	64	1.201727e+04
66	70	62	8.187984e+03
66	70	63	3.711507e+04
66	70	64	1.843222e+05
66	71	62	2.106895e+04
66	71	63	9.550280e+04
66	71	64	4.742894e+05
66	73	79	1.668724e+03
66	73	80	6.249273e+04
66	73	81	3.172156e+04
66	74	79	5.018245e+03
66	74	80	1.879303e+05
66	74	81	9.539419e+04
66	75	79	3.305926e+04
66	75	80	1.238050e+06
66	75	81	6.284390e+05
66	79	72	3.674446e+03
66	79	73	2.752057e+04
66	79	74	5.638751e+03
66	80	72	-1.983333e+03
66	80	73	-1.485461e+04
66	80	74	-3.043594e+03
66	81	70	1.282920e+03
66	81	71	4.095257e+04
66	81	72	6.639916e+04
66	81	73	3.504550e+05
66	81	74	7.180550e+04
66	82	70	2.124621e+04
66	82	71	6.782080e+05
66	82	72	3.247195e+05
66	83	70	7.530451e+03
66	83	71	2.403822e+05
66	83	72	1.150927e+05
67	51	46	1.155094e+03
67	51	47	7.940858e+04
67	51	48	4.835814e+04
67	52	46	1.085835e+04
67	52	47	7.464723e+05
67	52	48	4.545858e+05
67	53	46	2.673719e+03
67	53	47	1.838085e+05
67	53	48	1.119355e+05
67	66	57	6.192839e+01
67	66	58	3.915625e+02
67	66	59	6.870988e+01
67	67	57	2.874427e+04
67	67	58	1.817451e+05
67	67	59	3.189192e+04
67	68	57	2.382376e+04
67	68	58	1.506335e+05
67	68	59	2.643259e+04
67	69	62	7.703042e+02
67	69	63	3.491689e+03
67	69	64	1.734055e+04
67	70	62	1.181501e+04
67	70	63	5.355590e+04
67	70	64	2.659712e+05
67	71	62	3.040183e+04
67	71	63	1.378076e+05
67	71	64	6.843848e+05
67	81	70	4.524909e+02
67	81	71	1.444413e+04
67	81	72	6.915710e+03
67	82	70	7.493619e+03
67	82	71	2.392065e+05
67	82	72	1.145298e+05
67	83	70	2.656019e+03
67	83	71	8.478373e+04
67	83	72	4.059364e+04
67	84	70	1.361505e+01
67	84	71	1.868995e+02
67	84	72	5.946715e+01
67	85	70	6.899691e+03
67	85	71	9.471492e+04
67	85	72	3.013612e+04
67	86	70	5.765390e+03
67	86	71	7.914390e+04
67	86	72	2.518178e+04
68	66	57	2.163293e+02
68	66	58	1.367813e+03
68	66	59	2.400185e+02
68	67	57	1.004100e+05
68	67	58	6.348750e+05
68	67	59	1.114054e+05
68	68	57	8.322155e+04
68	68	58	5.261955e+05
68	68	59	9.233476e+04
68	84	70	8.637408e+01
68	84	71	1.185693e+03
68	84	72	3.772603e+02
68	85	70	4.377173e+04
68	85	71	6.008726e+05
68	85	72	1.911839e+05
68	86	70	3.657571e+04
68	86	71	5.020899e+05
68	86	72	1.597535e+05
69	84	70	1.520559e+01
69	84	71	2.087334e+02
69	84	72	6.641419e+01
69	85	70	7.705723e+03
69	85	71	1.057797e+05
69	85	72	3.365667e+04
69	86	70	6.438911e+03
69	86	71	8.838961e+04
69	86	72	2.812355e+04
70	103	70	2.253567e+01
70	103	71	4.727591e+02
70	103	72	1.891018e+02
70	104	70	1.389135e+03
70	104	71	2.914163e+04
70	104	72	1.165654e+04
70	105	70	8.221372e+02
70	105	71	1.724701e+04
70	105	72	6.898736e+03
71	30	120	4.448533e-01
71	30	121	2.081718e+02
71	30	122	2.391135e+02
71	31	120	1.412903e+02
71	31	121	5.042169e+03
71	31	122	9.467992e+03
71	32	120	1.723177e+02
71	32	121	9.107648e+03
71	32	122	1.476701e+04
71	103	70	4.702809e+02
71	103	71	9.865676e+03
71	103	72	3.946231e+03
71	104	70	2.898887e+04
71	104	71	6.081361e+05
71	104	72	2.432520e+05
71	105	70	1.715660e+04
71	105	71	3.599157e+05
71	105	72	1.439648e+05
72	30	120	2.461087e+01
72	30	121	2.838564e+04
72	30	122	3.158934e+04
72	31	120	2.815516e+03
72	31	121	1.408754e+05
72	31	122	2.326425e+05
72	32	120	3.676038e+03
72	32	121	6.016622e+05
72	32	122	7.584211e+05
72	103	70	1.876369e+02
72	103	71	3.936296e+03
72	103	72	1.574502e+03
72	104	70	1.156624e+04
72	104	71	2.426396e+05
72	104	72	9.705486e+04
72	105	70	6.845294e+03
72	105	71	1.436024e+05
72	105	72	5.744037e+04
73	14	115	2.285366e+00
73	14	116	-4.074129e+00
73	14	117	2.200932e+01
73	15	115	2.680615e+03
73	15	116	-4.778741e+03
73	15	117	2.581579e+04
73	16	115	3.010093e+03
73	16	116	-5.366101e+03
73	16	117	2.898883e+04
73	30	120	2.753166e+01
73	30	121	2.050574e+04
73	30	122	2.309481e+04
73	31	120	6.484597e+03
73	31	121	2.496674e+05
73	31	122	4.544074e+05
73	32	120	8.018070e+03
73	32	121	6.078542e+05
73	32	122	8.874678e+05
73	73	60	4.267148e+00
73	73	61	1.011779e+02
73	73	62	4.283304e+01
73	74	60	2.330119e+03
73	74	61	5.524920e+04
73	74	62	2.338941e+04
73	75	60	2.759940e+03
73	75	61	6.544066e+04
73	75	62	2.770390e+04
74	14	115	2.128735e+01
74	14	116	-3.794902e+01
74	14	117	2.050088e+02
74	15	115	2.496895e+04
74	15	116	-4.451223e+04
74	15	117	2.404646e+05
74	16	115	2.803792e+04
74	16	116	-4.998327e+04
74	16	117	2.700204e+05
74	73	60	3.668204e+01
74	73	61	8.697639e+02
74	73	62	3.682092e+02
74	74	60	2.003059e+04
74	74	61	4.749432e+05
74	74	62	2.010643e+05
74	75	60	2.372550e+04
74	75	61	5.625529e+05
74	75	62	2.381533e+05
75	1	105	4.459279e-04
75	1	106	3.532525e-02
75	1	107	2.227315e-02
75	2	105	9.726920e-02
75	2	106	7.705413e+00
75	2	107	4.858390e+00
75	3	105	7.386626e-02
75	3	106	5.851493e+00
75	3	107	3.689463e+00
75	14	115	6.936433e+01
75	14	116	-1.236560e+02
75	14	117	6.680163e+02
75	15	115	8.136075e+04
75	15	116	-1.450420e+05
75	15	117	7.835484e+05
75	16	115	9.136090e+04
75	16	116	-1.628693e+05
75	16	117	8.798552e+05
75	73	60	8.427608e+00
75	73	61	1.998261e+02
75	73	62	8.459516e+01
75	74	60	4.601979e+03
75	74	61	1.091170e+05
75	74	62	4.619403e+04
75	75	60	5.450876e+03
75	75	61	1.292451e+05
75	75	62	5.471514e+04
76	1	105	2.063949e+01
76	1	106	1.635007e+03
76	1	107	1.030899e+03
76	2	105	4.502043e+03
76	2	106	3.566402e+05
76	2	107	2.248675e+05
76	3	105	3.418853e+03
76	3	106	2.708327e+05
76	3	107	1.707645e+05
76	4	104	1.749743e+00
76	4	105	2.922694e+01
76	4	106	7.254266e+01
76	5	104	1.399126e+02
76	5	105	2.337038e+03
76	5	106	5.800641e+03
76	6	104	2.159098e+02
76	6	105	3.606462e+03
76	6	106	8.951412e+03
77	1	105	2.025885e+01
77	1	106	1.604854e+03
77	1	107	1.011887e+03
77	2	105	4.419016e+03
77	2	106	3.500630e+05
77	2	107	2.207205e+05
77	3	105	3.355802e+03
77	3	106	2.658379e+05
77	3	107	1.676152e+05
77	4	104	1.055619e+02
77	4	105	1.763260e+03
77	4	106	4.376495e+03
77	5	104	8.440919e+03
77	5	105	1.409934e+05
77	5	106	3.499524e+05
77	6	104	1.302583e+04
77	6	105	2.175777e+05
77	6	106	5.400382e+05
78	4	104	6.211220e+01
78	4	105	1.037495e+03
78	4	106	2.575112e+03
78	5	104	4.966603e+03
78	5	105	8.295996e+04
78	5	106	2.059106e+05
78	6	104	7.664344e+03
78	6	105	1.280218e+05
78	6	106	3.177563e+05
