0.0573	-2.840969e+00	2
54	55	55	5.146260e-02
54	55	56	8.145848e+00
54	55	57	5.891812e+00
54	56	55	8.145848e+00
54	56	56	1.289380e+03
54	56	57	9.325959e+02
54	57	55	5.891812e+00
54	57	56	9.325959e+02
54	57	57	6.745375e+02
55	55	55	1.523883e+01
55	55	56	2.412104e+03
55	55	57	1.744652e+03
55	56	55	2.412104e+03
55	56	56	3.818042e+05
55	56	57	2.761552e+05
55	57	55	1.744652e+03
55	57	56	2.761552e+05
55	57	57	1.997404e+05
56	55	55	1.203890e+01
56	55	56	1.905598e+03
56	55	57	1.378300e+03
56	56	55	1.905598e+03
56	56	56	3.016309e+05
56	56	57	2.181667e+05
56	57	55	1.378300e+03
56	57	56	2.181667e+05
56	57	57	1.577978e+05
70	69	69	5.146260e-02
70	69	70	5.737425e+00
70	69	71	8.300236e+00
70	70	69	5.737425e+00
70	70	70	6.396498e+02
70	70	71	9.253706e+02
70	71	69	8.300236e+00
70	71	70	9.253706e+02
70	71	71	1.338718e+03
71	69	69	1.188451e+01
71	69	70	1.324971e+03
71	69	71	1.916814e+03
71	70	69	1.324971e+03
71	70	70	1.477174e+05
71	70	71	2.137003e+05
71	71	69	1.916814e+03
71	71	70	2.137003e+05
71	71	71	3.091567e+05
72	69	69	1.539321e+01
72	69	70	1.716147e+03
72	69	71	2.482722e+03
72	70	69	1.716147e+03
72	70	70	1.913286e+05
72	70	71	2.767918e+05
72	71	69	2.482722e+03
72	71	70	2.767918e+05
72	71	71	4.004301e+05
