0.0086	-5.063129e+06	782
2	0	110	7.918648e-01
2	0	111	7.889791e+00
2	0	112	2.028426e+00
2	1	110	2.720219e+03
2	1	111	2.710306e+04
2	1	112	6.968062e+03
2	2	110	2.540034e+03
2	2	111	2.530778e+04
2	2	112	6.506504e+03
3	0	110	3.805521e+00
3	0	111	3.791653e+01
3	0	112	9.748151e+00
3	1	110	1.307275e+04
3	1	111	1.302511e+05
3	1	112	3.348691e+04
3	2	110	1.220682e+04
3	2	111	1.216234e+05
3	2	112	3.126877e+04
4	0	110	1.819808e+01
4	0	111	1.813176e+02
4	0	112	4.661586e+01
4	1	110	6.251416e+04
4	1	111	6.228634e+05
4	1	112	1.601351e+05
4	2	110	5.837328e+04
4	2	111	5.816055e+05
4	2	112	1.495279e+05
19	19	125	9.571905e-01
19	19	126	2.342732e+00
19	19	127	1.797936e+01
19	20	125	2.241488e+03
19	20	126	5.486062e+03
19	20	127	4.210292e+04
19	21	125	2.433587e+03
19	21	126	5.956225e+03
19	21	127	4.571120e+04
20	19	125	1.507327e+00
20	19	126	3.689197e+00
20	19	127	2.831283e+01
20	20	125	3.529764e+03
20	20	126	8.639128e+03
20	20	127	6.630121e+04
20	21	125	3.832269e+03
20	21	126	9.379513e+03
20	21	127	7.198331e+04
21	19	125	1.639686e+01
21	19	126	4.013147e+01
21	19	127	3.079900e+02
21	20	125	3.839714e+04
21	20	126	9.397734e+04
21	20	127	7.212315e+05
21	21	125	4.168782e+04
21	21	126	1.020313e+05
21	21	127	7.830419e+05
27	24	95	2.064263e+02
27	24	96	9.722948e+03
27	24	97	5.323403e+03
27	25	95	-2.024725e+02
27	25	96	-9.536718e+03
27	25	97	-5.221440e+03
27	26	95	2.415813e+03
27	26	96	1.137880e+05
27	26	97	6.229995e+04
28	24	95	-2.185000e+02
28	24	96	-1.029164e+04
28	24	97	-5.634765e+03
28	25	95	2.143150e+02
28	25	96	1.009451e+04
28	25	97	5.526839e+03
28	26	95	-2.557113e+03
28	26	96	-1.204433e+05
28	26	97	-6.594383e+04
29	24	95	2.377006e+03
29	24	96	1.119601e+05
29	24	97	6.129917e+04
29	25	95	-2.331478e+03
29	25	96	-1.098156e+05
29	25	97	-6.012507e+04
29	26	95	2.781818e+04
29	26	96	1.310272e+06
29	26	97	7.173861e+05
35	31	117	6.793657e+01
35	31	118	1.402089e+03
35	31	119	5.564378e+02
35	32	117	7.303668e+02
35	32	118	1.507346e+04
35	32	119	5.982105e+03
35	33	117	1.982344e+02
35	33	118	4.091201e+03
35	33	119	1.623648e+03
36	31	117	3.002435e+03
36	31	118	6.196487e+04
36	31	119	2.459159e+04
36	32	117	3.227833e+04
36	32	118	6.661667e+05
36	32	119	2.643772e+05
36	33	117	8.760905e+03
36	33	118	1.808093e+05
36	33	119	7.175662e+04
37	31	117	1.611138e+03
37	31	118	3.325099e+04
37	31	119	1.319610e+04
37	32	117	1.732089e+04
37	32	118	3.574720e+05
37	32	119	1.418676e+05
37	33	117	4.701193e+03
37	33	118	9.702418e+04
37	33	119	3.850535e+04
38	71	43	2.191275e+00
38	71	44	2.014485e+01
38	71	45	4.877119e+00
38	72	43	1.395042e+01
38	72	44	1.282492e+02
38	72	45	3.104945e+01
38	73	43	2.464204e+00
38	73	44	2.265395e+01
38	73	45	5.484577e+00
39	71	43	9.416626e+03
39	71	44	8.656903e+04
39	71	45	2.095858e+04
39	72	43	5.994954e+04
39	72	44	5.511288e+05
39	72	45	1.334297e+05
39	73	43	1.058949e+04
39	73	44	9.735145e+04
39	73	45	2.356903e+04
40	71	43	1.000675e+04
40	71	44	9.199419e+04
40	71	45	2.227203e+04
40	72	43	6.370649e+04
40	72	44	5.856672e+05
40	72	45	1.417915e+05
40	73	43	1.125312e+04
40	73	44	1.034523e+05
40	73	45	2.504607e+04
41	66	58	2.831106e+00
41	66	59	1.795342e+02
41	66	60	2.916406e+02
41	67	58	5.705324e+02
41	67	59	3.618023e+04
41	67	60	5.877225e+04
41	68	58	7.523024e+02
41	68	59	4.770715e+04
41	68	60	7.749692e+04
42	66	58	1.956491e+01
42	66	59	1.240706e+03
42	66	60	2.015440e+03
42	67	58	3.942776e+03
42	67	59	2.500306e+05
42	67	60	4.061571e+05
42	67	64	3.385510e-02
42	67	65	2.780453e+00
42	67	66	4.266893e+00
42	68	58	5.198933e+03
42	68	59	3.296896e+05
42	68	60	5.355576e+05
42	68	64	1.442474e+02
42	68	65	1.184676e+04
42	68	66	1.818008e+04
42	69	64	1.356418e+02
42	69	65	1.114000e+04
42	69	66	1.709548e+04
42	78	70	4.648484e+00
42	78	71	1.427031e+03
42	78	72	1.786944e+03
42	79	70	7.181851e+01
42	79	71	2.204746e+04
42	79	72	2.760807e+04
42	80	70	1.842250e+02
42	80	71	5.655496e+04
42	80	72	7.081876e+04
43	66	58	3.731943e+00
43	66	59	2.366606e+02
43	66	60	3.844385e+02
43	67	58	7.520717e+02
43	67	59	4.769252e+04
43	67	60	7.747314e+04
43	67	64	2.413167e-01
43	67	65	1.981887e+01
43	67	66	3.041411e+01
43	68	58	9.916795e+02
43	68	59	6.288722e+04
43	68	60	1.021559e+05
43	68	64	1.028185e+03
43	68	65	8.444285e+04
43	68	66	1.295863e+05
43	69	64	9.668454e+02
43	69	65	7.940511e+04
43	69	66	1.218554e+05
43	78	70	-5.066812e+00
43	78	71	-1.555453e+03
43	78	72	-1.947756e+03
43	79	70	-7.828163e+01
43	79	71	-2.403156e+04
43	79	72	-3.009259e+04
43	80	70	-2.008039e+02
43	80	71	-6.164448e+04
43	80	72	-7.719192e+04
44	67	64	9.092698e-01
44	67	65	7.467654e+01
44	67	66	1.145989e+02
44	68	64	3.874153e+03
44	68	65	3.181766e+05
44	68	66	4.882749e+05
44	69	64	3.643027e+03
44	69	65	2.991946e+05
44	69	66	4.591451e+05
44	78	70	5.316995e+01
44	78	71	1.632256e+04
44	78	72	2.043930e+04
44	79	70	8.214693e+02
44	79	71	2.521816e+05
44	79	72	3.157847e+05
44	80	70	2.107189e+03
44	80	71	6.468829e+05
44	80	72	8.100341e+05
46	62	48	5.192425e+01
46	62	49	1.628986e+03
46	62	50	7.747708e+02
46	63	48	1.315761e+02
46	63	49	4.127852e+03
46	63	50	1.963270e+03
46	64	48	9.836418e+02
46	64	49	3.085916e+04
46	64	50	1.467709e+04
46	70	66	1.927907e+00
46	70	67	1.107779e+01
46	70	68	4.737925e+01
46	71	66	2.250874e+01
46	71	67	1.293357e+02
46	71	68	5.531633e+02
46	72	66	6.462192e+00
46	72	67	3.713188e+01
46	72	68	1.588115e+02
46	73	64	8.943984e-02
46	73	65	2.699964e+00
46	73	66	5.387044e+00
46	74	64	3.040769e+01
46	74	65	9.179318e+02
46	74	66	1.831483e+03
46	75	64	2.440818e+01
46	75	65	7.368214e+02
46	75	66	1.470127e+03
47	62	48	1.306924e+03
47	62	49	4.100129e+04
47	62	50	1.950085e+04
47	63	48	3.311748e+03
47	63	49	1.038973e+05
47	63	50	4.941518e+04
47	64	48	2.475809e+04
47	64	49	7.767196e+05
47	64	50	3.694199e+05
47	70	66	2.161823e+03
47	70	67	1.242188e+04
47	70	68	5.312786e+04
47	71	66	2.523977e+04
47	71	67	1.450282e+05
47	71	68	6.202796e+05
47	72	66	7.246261e+03
47	72	67	4.163716e+04
47	72	68	1.780804e+05
47	73	64	1.551596e+01
47	73	65	4.683878e+02
47	73	66	9.345406e+02
47	74	64	5.275105e+03
47	74	65	1.592422e+05
47	74	66	3.177244e+05
47	75	64	4.234313e+03
47	75	65	1.278233e+05
47	75	66	2.550366e+05
47	77	61	4.134256e-01
47	77	62	2.182323e+01
47	77	63	1.236566e+01
47	78	61	3.571157e+01
47	78	62	1.885083e+03
47	78	63	1.068142e+03
47	79	61	2.297131e+01
47	79	62	1.212571e+03
47	79	63	6.870773e+02
48	62	47	1.981128e-01
48	62	48	5.696610e+02
48	62	49	1.782101e+04
48	62	50	8.475780e+03
48	63	47	8.723089e+03
48	63	48	7.294459e+04
48	63	49	6.096665e+04
48	63	50	2.147764e+04
48	64	47	8.890766e+03
48	64	48	8.364044e+04
48	64	49	3.537036e+05
48	64	50	1.605633e+05
48	69	59	3.506824e+02
48	69	60	3.337356e+03
48	69	61	1.075485e+04
48	70	59	2.374732e+03
48	70	60	2.259973e+04
48	70	61	7.282913e+04
48	70	66	1.916740e+03
48	70	67	1.101362e+04
48	70	68	4.710481e+04
48	71	59	4.446053e+02
48	71	60	4.231198e+03
48	71	61	1.363532e+04
48	71	66	2.237836e+04
48	71	67	1.285865e+05
48	71	68	5.499591e+05
48	72	66	6.424760e+03
48	72	67	3.691680e+04
48	72	68	1.578916e+05
48	73	64	2.089471e+01
48	73	65	6.307588e+02
48	73	66	1.258508e+03
48	74	64	7.103770e+03
48	74	65	2.144449e+05
48	74	66	4.278665e+05
48	75	64	5.702177e+03
48	75	65	1.721344e+05
48	75	66	3.434474e+05
48	77	61	9.667867e+01
48	77	62	5.103313e+03
48	77	63	2.891682e+03
48	78	61	8.351071e+03
48	78	62	4.408225e+05
48	78	63	2.497825e+05
48	79	61	5.371790e+03
48	79	62	2.835571e+05
48	79	63	1.606715e+05
49	62	47	-2.604865e-01
49	62	48	-2.135268e+00
49	62	49	-4.720863e-01
49	63	47	-1.146946e+04
49	63	48	-9.401780e+04
49	63	49	-2.078639e+04
49	64	47	-1.168993e+04
49	64	48	-9.582502e+04
49	64	49	-2.118595e+04
49	64	54	1.147788e+01
49	64	55	1.715743e+02
49	64	56	4.464253e+02
49	65	54	1.731661e+03
49	65	55	2.588533e+04
49	65	56	6.735196e+04
49	66	54	2.381511e+03
49	66	55	3.559947e+04
49	66	56	9.262751e+04
49	66	68	7.162663e+02
49	66	69	7.182969e+02
49	66	70	1.146432e+04
49	67	68	6.803518e+03
49	67	69	6.822805e+03
49	67	70	1.088949e+05
49	68	68	1.688419e+03
49	68	69	1.693206e+03
49	68	70	2.702428e+04
49	69	59	4.014066e+03
49	69	60	3.820086e+04
49	69	61	1.231048e+05
49	70	59	2.718224e+04
49	70	60	2.586865e+05
49	70	61	8.336345e+05
49	71	59	5.089150e+03
49	71	60	4.843217e+04
49	71	61	1.560759e+05
49	72	62	7.422942e+00
49	72	63	2.063524e+02
49	72	64	9.353231e+01
49	73	62	9.552182e+00
49	73	63	2.655437e+02
49	73	64	1.203617e+02
49	74	62	1.229887e+02
49	74	63	3.418996e+03
49	74	64	1.549711e+03
49	77	61	7.412240e+01
49	77	62	3.912650e+03
49	77	63	2.217019e+03
49	78	61	6.402668e+03
49	78	62	3.379734e+05
49	78	63	1.915053e+05
49	79	61	4.118488e+03
49	79	62	2.173999e+05
49	79	63	1.231850e+05
50	62	47	2.155014e+00
50	62	48	1.766515e+01
50	62	49	3.905588e+00
50	62	68	1.966583e+00
50	62	69	4.570516e+01
50	62	70	1.917527e+01
50	63	47	9.488724e+04
50	63	48	7.778127e+05
50	63	49	1.719666e+05
50	63	68	8.002131e+00
50	63	69	1.859767e+02
50	63	70	7.802518e+01
50	64	47	9.671118e+04
50	64	48	7.927639e+05
50	64	49	1.752722e+05
50	64	54	-1.983367e+01
50	64	55	-2.964790e+02
50	64	56	-7.714192e+02
50	64	68	4.268297e+01
50	64	69	9.919907e+02
50	64	70	4.161825e+02
50	65	54	-2.992295e+03
50	65	55	-4.472963e+04
50	65	56	-1.163836e+05
50	66	54	-4.115231e+03
50	66	55	-6.151557e+04
50	66	56	-1.600596e+05
50	66	68	6.551500e+03
50	66	69	6.570073e+03
50	66	70	1.048611e+05
50	67	68	6.222999e+04
50	67	69	6.240641e+04
50	67	70	9.960327e+05
50	68	68	1.544353e+04
50	68	69	1.548731e+04
50	68	70	2.471840e+05
50	69	59	1.137281e+03
50	69	60	1.082322e+04
50	69	61	3.487855e+04
50	70	59	7.701381e+03
50	70	60	7.329212e+04
50	70	61	2.361887e+05
50	71	59	1.441879e+03
50	71	60	1.372200e+04
50	71	61	4.422005e+04
50	72	62	1.099811e+03
50	72	63	3.057395e+04
50	72	64	1.385810e+04
50	73	62	1.415288e+03
50	73	63	3.934397e+04
50	73	64	1.783324e+04
50	74	62	1.835558e+04
50	74	63	5.123184e+05
50	74	64	2.399078e+05
50	75	62	-1.202118e+02
50	75	63	-5.190192e+03
50	75	64	-9.299150e+03
50	75	69	1.339496e+02
50	75	70	1.085108e+03
50	75	71	2.375838e+02
50	76	62	1.582540e+03
50	76	63	6.832681e+04
50	76	64	1.224196e+05
50	76	69	1.090165e+04
50	76	70	8.831276e+04
50	76	71	1.933604e+04
50	77	69	6.917346e+03
50	77	70	5.603647e+04
50	77	71	1.226916e+04
50	78	60	1.237965e+00
50	78	61	7.568879e+01
50	78	62	1.240126e+02
50	79	60	8.669424e+00
50	79	61	5.300457e+02
50	79	62	8.684558e+02
50	80	60	1.673702e+00
50	80	61	1.023296e+02
50	80	62	1.676624e+02
51	62	68	1.215568e+03
51	62	69	2.825090e+04
51	62	70	1.185246e+04
51	63	68	4.946212e+03
51	63	69	1.149544e+05
51	63	70	4.822829e+04
51	64	54	1.122920e+02
51	64	55	1.678570e+03
51	64	56	4.367532e+03
51	64	68	2.638285e+04
51	64	69	6.131612e+05
51	64	70	2.572473e+05
51	65	54	1.694143e+04
51	65	55	2.532450e+05
51	65	56	6.589273e+05
51	66	54	2.329914e+04
51	66	55	3.482818e+05
51	66	56	9.062067e+05
51	66	68	1.579990e+03
51	66	69	1.584469e+03
51	66	70	2.528880e+04
51	67	68	1.500767e+04
51	67	69	1.505022e+04
51	67	70	2.402078e+05
51	68	68	3.724432e+03
51	68	69	3.734991e+03
51	68	70	5.961203e+04
51	70	61	1.053198e+02
51	70	62	-1.643032e+02
51	70	63	1.078463e+03
51	71	61	1.761067e+03
51	71	62	-2.747338e+03
51	71	63	1.803313e+04
51	72	61	6.274685e+02
51	72	62	5.379511e+02
51	72	63	4.859193e+04
51	72	64	1.911270e+04
51	73	62	1.951924e+03
51	73	63	5.426207e+04
51	73	64	2.459510e+04
51	73	70	3.104503e+00
51	73	71	8.971143e+01
51	73	72	4.130900e+01
51	74	58	1.827594e-01
51	74	59	-4.612624e-02
51	74	60	2.444952e+00
51	74	62	2.495695e+04
51	74	63	6.910949e+05
51	74	64	3.031387e+05
51	74	70	8.737777e+02
51	74	71	2.524973e+04
51	74	72	1.162662e+04
51	75	58	3.273511e+00
51	75	59	-8.261940e-01
51	75	60	4.379297e+01
51	75	62	1.580098e+02
51	75	63	6.822137e+03
51	75	64	1.222307e+04
51	75	69	1.048415e+03
51	75	70	9.598018e+03
51	75	71	3.378948e+04
51	75	72	1.470262e+04
51	76	58	1.209851e+00
51	76	59	-3.053516e-01
51	76	60	1.618537e+01
51	76	62	-2.080136e+03
51	76	63	-8.981072e+04
51	76	64	-1.609118e+05
51	76	69	8.532652e+04
51	76	70	6.912184e+05
51	76	71	1.513419e+05
51	77	69	5.414163e+04
51	77	70	4.385939e+05
51	77	71	9.602993e+04
51	78	60	6.142335e+02
51	78	61	3.755403e+04
51	78	62	6.153057e+04
51	79	60	4.301453e+03
51	79	61	2.629894e+05
51	79	62	4.308962e+05
51	80	60	8.304302e+02
51	80	61	5.077223e+04
51	80	62	8.318798e+04
52	62	68	1.033289e+03
52	62	69	2.401456e+04
52	62	70	1.007513e+04
52	63	59	4.191742e+00
52	63	60	9.418068e+00
52	63	61	7.716656e+01
52	63	68	4.204507e+03
52	63	69	9.771652e+04
52	63	70	4.099626e+04
52	64	59	3.744732e+03
52	64	60	8.413719e+03
52	64	61	6.893746e+04
52	64	68	2.242663e+04
52	64	69	5.212151e+05
52	64	70	2.186720e+05
52	65	59	3.272083e+03
52	65	60	7.351765e+03
52	65	61	6.023639e+04
52	67	60	2.427573e+02
52	67	61	1.962364e+03
52	67	62	6.894425e+03
52	68	60	5.944493e+02
52	68	61	4.805317e+03
52	68	62	1.688265e+04
52	68	67	3.092993e+01
52	68	68	6.098856e+02
52	68	69	2.367009e+02
52	69	36	1.370130e+00
52	69	37	9.210483e+01
52	69	38	5.693089e+01
52	69	60	4.560378e+03
52	69	61	3.686448e+04
52	69	62	1.295170e+05
52	69	64	5.493006e+01
52	69	65	2.085348e+03
52	69	66	3.876131e+03
52	69	67	4.256283e+03
52	69	68	8.392665e+04
52	69	69	3.257253e+04
52	70	36	5.969454e+00
52	70	37	3.098255e+02
52	70	38	1.788121e+02
52	70	61	5.629773e+03
52	70	62	-8.782680e+03
52	70	63	5.764825e+04
52	70	64	3.520973e+02
52	70	65	1.336691e+04
52	70	66	2.484569e+04
52	70	67	3.005732e+03
52	70	68	5.926793e+04
52	70	69	2.300230e+04
52	71	36	1.287384e+01
52	71	37	1.224487e+03
52	71	38	8.067021e+02
52	71	54	1.679098e+02
52	71	55	1.172727e+03
52	71	56	2.258574e+02
52	71	61	9.413813e+04
52	71	62	-1.467761e+05
52	71	63	9.639875e+05
52	71	64	6.260285e+01
52	71	65	2.376635e+03
52	71	66	4.417560e+03
52	72	54	1.189856e+03
52	72	55	8.310278e+03
52	72	56	1.600490e+03
52	72	61	3.365621e+04
52	72	62	-4.736824e+04
52	72	63	3.460888e+05
52	73	54	2.321722e+02
52	73	55	1.797000e+03
52	73	56	3.376278e+02
52	73	57	2.497893e+03
52	73	61	1.887650e+02
52	73	62	8.104937e+03
52	73	63	4.308753e+03
52	73	70	5.240086e+01
52	73	71	1.514238e+03
52	73	72	6.972540e+02
52	73	74	4.170108e-02
52	73	75	5.513826e+01
52	73	76	6.150246e+01
52	74	55	4.067907e+02
52	74	56	5.873082e+01
52	74	57	5.791614e+03
52	74	58	2.885067e+03
52	74	59	-7.281554e+02
52	74	60	3.859637e+04
52	74	62	1.448050e+03
52	74	63	6.252013e+04
52	74	64	1.120159e+05
52	74	70	1.474959e+04
52	74	71	4.261908e+05
52	74	72	1.962631e+05
52	74	74	8.404492e+00
52	74	75	1.111264e+04
52	74	76	1.239529e+04
52	75	55	3.253385e+03
52	75	56	4.697107e+02
52	75	57	4.631952e+04
52	75	58	5.167611e+04
52	75	59	-1.304242e+04
52	75	60	6.913221e+05
52	75	62	-1.307754e+03
52	75	63	-5.646281e+04
52	75	64	-1.011632e+05
52	75	69	2.230546e+02
52	75	70	2.049128e+04
52	75	71	5.393699e+05
52	75	72	2.486995e+05
52	75	74	6.310799e+00
52	75	75	8.344304e+03
52	75	76	9.307424e+03
52	76	58	1.909888e+04
52	76	59	-4.820323e+03
52	76	60	2.555045e+05
52	76	62	1.721606e+04
52	76	63	7.433105e+05
52	76	64	1.331773e+06
52	76	69	1.815356e+04
52	76	70	1.470755e+05
52	76	71	3.221252e+04
52	76	72	2.514099e+02
52	77	69	1.151885e+04
52	77	70	9.331264e+04
52	77	71	2.043076e+04
52	78	60	7.335336e+02
52	78	61	4.484800e+04
52	78	62	7.348141e+04
52	79	60	5.136907e+03
52	79	61	3.140688e+05
52	79	62	5.145875e+05
52	80	60	9.917213e+02
52	80	61	6.063351e+04
52	80	62	9.934525e+04
52	84	65	4.718800e+01
52	84	66	3.371488e+03
52	84	67	2.073190e+03
52	85	65	4.069563e+02
52	85	66	2.907621e+04
52	85	67	1.787950e+04
52	86	65	9.373738e+01
52	86	66	6.697347e+03
52	86	67	4.118322e+03
53	63	59	-1.906184e+00
53	63	60	-4.282841e+00
53	63	61	-3.509129e+01
53	64	59	-1.702907e+03
53	64	60	-3.826116e+03
53	64	61	-3.134913e+04
53	65	59	-1.487971e+03
53	65	60	-3.343196e+03
53	65	61	-2.739234e+04
53	66	60	2.710595e+02
53	66	61	-3.625776e+02
53	66	62	2.932778e+03
53	66	67	1.555978e-01
53	66	68	1.192357e+01
53	66	69	7.458782e+00
53	67	60	2.635476e+03
53	67	61	-6.813434e+03
53	67	62	2.317035e+04
53	67	63	1.174053e+04
53	67	64	3.911903e+03
53	67	67	1.710137e+00
53	67	68	1.310490e+02
53	67	69	8.197764e+01
53	68	60	8.085626e+03
53	68	61	-1.886738e+04
53	68	62	7.132672e+04
53	68	63	-1.679577e+04
53	68	64	-5.596294e+03
53	68	66	4.889988e+01
53	68	67	1.559755e+02
53	68	68	5.057530e+03
53	68	69	1.774101e+03
53	69	36	2.313767e+03
53	69	37	1.059881e+05
53	69	38	5.863502e+04
53	69	60	-6.556454e+03
53	69	61	-5.300005e+04
53	69	62	-1.778347e+05
53	69	63	1.242637e+05
53	69	64	4.231847e+04
53	69	65	1.989776e+04
53	69	66	3.638839e+04
53	69	67	4.579256e+04
53	69	68	6.262637e+05
53	69	69	2.410258e+05
53	70	36	1.356417e+04
53	70	37	5.482634e+05
53	70	38	2.884278e+05
53	70	39	1.736692e+03
53	70	40	1.876251e+03
53	70	61	3.201691e+03
53	70	62	-4.994772e+03
53	70	63	3.705495e+04
53	70	64	1.617133e+02
53	70	65	1.685692e+05
53	70	66	2.226418e+05
53	70	67	4.496946e+03
53	70	68	4.441800e+05
53	70	69	1.702093e+05
53	70	71	2.513728e+01
53	70	72	5.506370e+02
53	70	73	2.248065e+02
53	71	36	8.064940e+03
53	71	37	6.563310e+05
53	71	38	4.215599e+05
53	71	39	7.542759e+04
53	71	40	8.148890e+04
53	71	54	8.467445e+03
53	71	55	5.913892e+04
53	71	56	1.138966e+04
53	71	61	5.359953e+04
53	71	62	-8.078853e+04
53	71	63	5.527648e+05
53	71	64	9.753957e+03
53	71	65	7.293127e+04
53	71	66	5.578161e+04
53	71	67	1.646545e+05
53	71	68	4.317367e+04
53	71	71	3.535310e+02
53	71	72	7.744164e+03
53	71	73	3.161681e+03
53	72	38	1.517753e+01
53	72	39	4.024857e+04
53	72	40	4.348292e+04
53	72	54	6.000272e+04
53	72	55	4.190752e+05
53	72	56	8.071038e+04
53	72	61	2.299544e+04
53	72	62	1.385786e+05
53	72	63	2.848156e+05
53	72	66	8.842813e-01
53	72	67	1.469539e+03
53	72	68	1.331405e+03
53	72	71	1.141375e+02
53	72	72	2.500204e+03
53	72	73	1.020749e+03
53	73	54	1.170811e+04
53	73	55	8.592936e+04
53	73	56	1.634885e+04
53	73	57	5.918164e+04
53	73	61	6.410646e+03
53	73	62	2.752516e+05
53	73	63	1.463295e+05
53	73	66	1.656334e+00
53	73	67	2.752571e+03
53	73	68	2.493835e+03
53	73	70	1.876561e+01
53	73	71	5.422736e+02
53	73	72	2.496982e+02
53	73	74	5.355851e-01
53	73	75	7.081647e+02
53	73	76	7.899028e+02
53	74	55	9.637939e+03
53	74	56	1.391487e+03
53	74	57	1.372185e+05
53	74	58	2.794487e+03
53	74	59	-7.052943e+02
53	74	60	3.738460e+04
53	74	66	1.565453e+01
53	74	67	2.601541e+04
53	74	68	2.357002e+04
53	74	70	6.621004e+03
53	74	71	1.537919e+05
53	74	72	9.136064e+04
53	74	74	1.079425e+02
53	74	75	1.427245e+05
53	74	76	1.591981e+05
53	75	55	7.708122e+04
53	75	56	1.112868e+04
53	75	57	1.097431e+06
53	75	58	5.005370e+04
53	75	59	-1.263294e+04
53	75	60	6.696174e+05
53	75	70	4.758406e+04
53	75	71	2.286263e+05
53	75	72	7.327419e+05
53	75	74	8.105233e+01
53	75	75	1.071695e+05
53	75	76	1.195393e+05
53	76	58	1.849926e+04
53	76	59	-4.668985e+03
53	76	60	2.474827e+05
53	76	70	1.925346e+04
53	76	71	1.676647e+04
53	76	72	3.030609e+05
53	84	65	2.853314e+02
53	84	66	2.038635e+04
53	84	67	1.253594e+04
53	85	65	2.460740e+03
53	85	66	1.758149e+05
53	85	67	1.081118e+05
53	86	65	5.668011e+02
53	86	66	4.049680e+04
53	86	67	2.490223e+04
54	54	77	2.000292e+02
54	54	78	1.861503e+03
54	54	79	6.068528e+03
54	55	77	9.509615e+02
54	55	78	8.849796e+03
54	55	79	2.885047e+04
54	56	77	4.579188e+03
54	56	78	4.261464e+04
54	56	79	1.389244e+05
54	59	59	2.811438e+01
54	59	60	5.311709e+02
54	59	61	2.017808e+02
54	60	59	9.115613e+02
54	60	60	1.722232e+04
54	60	61	6.542400e+03
54	61	59	1.777681e+03
54	61	60	3.358610e+04
54	61	61	1.275866e+04
54	63	59	5.418578e+01
54	63	60	1.217454e+02
54	63	61	9.975161e+02
54	64	59	4.840737e+04
54	64	60	1.087624e+05
54	64	61	8.911402e+05
54	64	63	4.163813e+00
54	64	64	4.140005e+02
54	64	65	6.117097e+02
54	65	59	4.229754e+04
54	65	60	9.503474e+04
54	65	61	7.786633e+05
54	65	63	7.023704e+01
54	65	64	6.983543e+03
54	65	65	1.031859e+04
54	66	60	9.506152e+01
54	66	61	-1.271573e+02
54	66	62	1.028536e+03
54	66	63	2.514456e+01
54	66	64	2.500079e+03
54	66	65	3.694011e+03
54	66	67	2.949550e+03
54	66	68	6.393479e+04
54	66	69	3.178279e+04
54	67	60	3.610668e+03
54	67	61	1.932639e+04
54	67	62	8.363846e+04
54	67	63	-9.449136e+03
54	67	64	-9.023036e+02
54	67	67	2.169400e+04
54	67	68	6.086937e+05
54	67	69	3.273865e+05
54	67	70	3.173824e+00
54	67	71	1.805143e+01
54	68	60	9.471115e+03
54	68	61	5.061002e+04
54	68	62	2.212461e+05
54	68	63	1.977382e+04
54	68	64	9.500967e+04
54	68	65	1.126722e+02
54	68	66	3.668733e+03
54	68	67	-5.798959e+02
54	68	68	1.911994e+05
54	68	69	8.755633e+04
54	68	70	9.364572e+00
54	68	71	5.326192e+01
54	69	36	2.415530e+03
54	69	37	1.064900e+05
54	69	38	5.806544e+04
54	69	59	7.267534e+01
54	69	60	5.876245e+04
54	69	61	4.236619e+05
54	69	62	1.381681e+06
54	69	63	-9.806424e+04
54	69	64	2.852033e+04
54	69	65	9.599475e+04
54	69	66	1.557026e+05
54	69	67	9.241723e+04
54	69	68	2.522348e+05
54	69	69	4.888417e+04
54	69	70	6.254997e+01
54	69	71	3.557590e+02
54	70	36	1.445317e+04
54	70	37	5.744801e+05
54	70	38	2.999750e+05
54	70	39	-3.304474e+03
54	70	40	-3.570019e+03
54	70	59	7.231887e+02
54	70	60	1.034974e+05
54	70	61	1.944746e+05
54	70	62	9.511197e+04
54	70	63	2.509766e+04
54	70	64	8.392229e+04
54	70	65	8.192455e+05
54	70	66	8.123224e+05
54	70	67	-2.066951e+05
54	70	68	7.503906e+05
54	70	69	3.450944e+04
54	70	71	1.183954e+03
54	70	72	2.593473e+04
54	70	73	1.058828e+04
54	71	36	7.271650e+03
54	71	37	5.667084e+05
54	71	38	3.610433e+05
54	71	39	-1.435191e+05
54	71	40	-1.550522e+05
54	71	54	1.455215e+04
54	71	55	1.016361e+05
54	71	56	1.957427e+04
54	71	59	1.857566e+02
54	71	60	2.694844e+04
54	71	61	6.492799e+04
54	71	62	8.081602e+04
54	71	63	2.505157e+04
54	71	64	3.696318e+05
54	71	65	8.723451e+05
54	71	66	2.787436e+05
54	71	67	1.161998e+06
54	71	68	2.990302e+05
54	71	71	1.665114e+04
54	71	72	3.647463e+05
54	71	73	1.489136e+05
54	72	38	-2.887890e+01
54	72	39	-7.658258e+04
54	72	40	-8.273671e+04
54	72	54	1.031207e+05
54	72	55	7.202225e+05
54	72	56	1.387088e+05
54	72	61	7.536056e+03
54	72	62	3.235729e+05
54	72	63	1.720353e+05
54	72	64	3.398904e+02
54	72	65	1.534741e+03
54	72	66	9.492452e+04
54	72	67	9.311384e+04
54	72	68	3.221359e+04
54	72	71	5.375822e+03
54	72	72	1.177584e+05
54	72	73	4.807678e+04
54	73	54	2.012154e+04
54	73	55	1.422935e+05
54	73	56	2.731971e+04
54	73	57	2.504553e+04
54	73	61	1.232243e+04
54	73	62	5.290838e+05
54	73	63	2.818902e+05
54	73	64	9.754604e+03
54	73	65	3.370028e+03
54	73	66	4.007529e+01
54	73	67	6.659895e+04
54	73	68	6.033878e+04
54	73	74	1.491437e+00
54	73	75	1.972018e+03
54	73	76	2.199633e+03
54	74	55	4.078753e+03
54	74	56	5.888740e+02
54	74	57	5.807055e+04
54	74	63	2.239546e+02
54	74	64	4.841073e+03
54	74	65	1.951546e+03
54	74	66	3.787641e+02
54	74	67	6.294476e+05
54	74	68	5.702808e+05
54	74	70	1.192613e+03
54	74	71	1.038562e+03
54	74	72	1.877244e+04
54	74	74	3.005863e+02
54	74	75	3.974432e+05
54	74	76	4.433170e+05
54	75	55	3.262059e+04
54	75	56	4.709630e+03
54	75	57	4.644301e+05
54	75	60	2.725414e-01
54	75	61	1.111812e+00
54	75	62	5.920227e+00
54	75	63	7.811686e+03
54	75	64	1.210041e+05
54	75	65	4.132441e+04
54	75	70	3.642409e+04
54	75	71	3.171916e+04
54	75	72	5.733369e+05
54	75	74	2.257055e+02
54	75	75	2.984337e+05
54	75	76	3.328797e+05
54	76	60	6.965934e+00
54	76	61	2.841700e+01
54	76	62	1.513161e+02
54	76	70	1.714433e+04
54	76	71	1.492979e+04
54	76	72	2.698621e+05
54	77	60	3.047793e+00
54	77	61	1.243324e+01
54	77	62	6.620507e+01
54	84	65	1.183370e+03
54	84	66	8.454943e+04
54	84	67	5.199101e+04
54	85	65	1.020556e+04
54	85	66	7.291669e+05
54	85	67	4.483782e+05
54	86	65	2.350725e+03
54	86	66	1.679546e+05
54	86	67	1.032784e+05
55	15	103	1.725568e+02
55	15	104	1.498671e+03
55	15	105	5.066003e+03
55	16	103	2.776694e+02
55	16	104	2.411582e+03
55	16	105	8.151947e+03
55	17	103	2.967411e+03
55	17	104	2.577222e+04
55	17	105	8.711863e+04
55	54	77	1.318522e+03
55	54	78	1.227037e+04
55	54	79	4.000158e+04
55	55	77	6.268401e+03
55	55	78	5.833472e+04
55	55	79	1.901721e+05
55	56	77	3.018438e+04
55	56	78	2.809006e+05
55	56	79	9.157401e+05
55	59	59	1.254036e+02
55	59	60	2.369276e+03
55	59	61	9.000388e+02
55	60	59	4.065999e+03
55	60	60	7.681978e+04
55	60	61	2.918224e+04
55	61	59	7.929307e+03
55	61	60	1.498101e+05
55	61	61	5.690972e+04
55	62	61	4.565306e+01
55	62	62	3.671430e+03
55	62	63	5.658885e+03
55	63	61	5.432288e+02
55	63	62	4.368660e+04
55	63	63	6.733545e+04
55	64	61	1.579296e+02
55	64	62	1.270074e+04
55	64	63	1.968719e+04
55	64	64	1.105309e+04
55	64	65	1.633158e+04
55	65	62	2.902184e+02
55	65	63	1.610396e+03
55	65	64	1.898924e+05
55	65	65	2.754884e+05
55	66	60	3.977167e+03
55	66	61	-5.319983e+03
55	66	62	4.610745e+04
55	66	63	-1.673945e+03
55	66	64	1.028744e+05
55	66	65	9.862378e+04
55	66	66	1.853980e-01
55	66	67	-4.026583e+03
55	66	68	3.228070e+02
55	66	69	1.585000e+04
55	67	60	4.379042e+04
55	67	61	-5.857544e+04
55	67	62	4.929736e+05
55	67	63	2.367335e+05
55	67	64	8.403837e+04
55	67	65	1.307617e+04
55	67	66	2.119147e+04
55	67	67	-2.406537e+04
55	67	68	1.844278e+05
55	67	69	2.177503e+05
55	67	70	6.496652e+03
55	67	71	3.695034e+04
55	68	60	1.311059e+05
55	68	61	-1.798603e+05
55	68	62	1.410852e+06
55	68	63	-1.147159e+05
55	68	64	-8.209267e+04
55	68	65	4.639088e+04
55	68	66	5.658649e+04
55	68	67	-1.696103e+04
55	68	68	1.678396e+05
55	68	69	7.047859e+04
55	68	70	1.916879e+04
55	68	71	1.090244e+05
55	69	56	9.204042e+02
55	69	57	2.906504e+03
55	69	58	1.848528e+04
55	69	59	9.600193e+02
55	69	60	-2.072600e+04
55	69	61	-2.481990e+04
55	69	62	1.156542e+05
55	69	63	1.634389e+06
55	69	64	7.153027e+05
55	69	65	5.065930e+05
55	69	66	6.498257e+05
55	69	67	-3.909854e+03
55	69	68	1.847396e+05
55	69	69	3.458146e+04
55	69	70	1.280365e+05
55	69	71	7.282201e+05
55	70	38	6.082208e+00
55	70	39	1.612912e+04
55	70	40	1.742524e+04
55	70	56	7.800399e+03
55	70	57	2.463254e+04
55	70	58	1.566622e+05
55	70	59	6.416425e+03
55	70	60	-1.918039e+05
55	70	61	-3.925824e+04
55	70	62	3.690299e+05
55	70	63	2.582941e+05
55	70	64	1.813161e+05
55	70	65	1.435497e+06
55	70	66	4.986119e+05
55	70	67	-1.835673e+05
55	70	68	1.083147e+06
55	70	71	2.071612e+03
55	70	72	4.537905e+04
55	70	73	1.852673e+04
55	71	38	2.641611e+02
55	71	39	7.005161e+05
55	71	40	7.568091e+05
55	71	56	1.771852e+03
55	71	57	5.595255e+03
55	71	58	3.558564e+04
55	71	59	1.169314e+03
55	71	60	-3.315826e+04
55	71	61	2.086098e+05
55	71	62	6.510702e+05
55	71	63	1.128185e+05
55	71	64	1.541241e+05
55	71	65	1.018776e+06
55	71	66	-2.719863e+04
55	71	67	1.995422e+05
55	71	68	1.201545e+05
55	71	71	2.913517e+04
55	71	72	6.382114e+05
55	71	73	2.605602e+05
55	72	38	1.409578e+02
55	72	39	3.737991e+05
55	72	40	4.038374e+05
55	72	58	1.863158e+02
55	72	59	1.168628e+03
55	72	60	2.064626e+03
55	72	61	-1.545574e+03
55	72	62	2.703521e+04
55	72	63	7.383927e+03
55	72	64	3.799267e+04
55	72	65	1.249671e+04
55	72	66	-1.526307e+05
55	72	67	-7.739119e+04
55	72	68	1.376085e+04
55	72	71	9.406292e+03
55	72	72	2.060466e+05
55	72	73	8.412188e+04
55	73	58	1.441361e+03
55	73	59	9.040645e+03
55	73	60	1.315747e+04
55	73	61	-1.222645e+04
55	73	62	1.334662e+05
55	73	63	9.571734e+03
55	73	64	1.678543e+05
55	73	65	6.243145e+04
55	73	66	9.656953e+03
55	73	67	3.254317e+04
55	73	68	2.577523e+04
55	74	58	3.036409e+02
55	74	59	1.904527e+03
55	74	60	2.563723e+03
55	74	61	-2.356041e+03
55	74	62	2.571897e+04
55	74	63	3.533401e+04
55	74	64	6.999060e+05
55	74	65	2.737155e+05
55	74	66	7.968067e+03
55	74	67	2.721995e+05
55	74	68	2.436098e+05
55	75	53	1.801052e+03
55	75	54	1.613384e+04
55	75	55	3.828797e+03
55	75	60	9.787272e+02
55	75	61	3.992644e+03
55	75	62	2.126021e+04
55	75	63	6.626001e+04
55	75	64	1.021798e+06
55	75	65	3.553837e+05
55	76	53	1.128627e+04
55	76	54	1.011025e+05
55	76	55	2.399310e+04
55	76	60	2.501546e+04
55	76	61	1.020487e+05
55	76	62	5.434370e+05
55	76	63	4.994006e+01
55	77	53	1.963372e+03
55	77	54	1.758790e+04
55	77	55	4.173867e+03
55	77	60	1.094497e+04
55	77	61	4.469500e+04
55	77	62	2.780906e+05
55	77	63	4.610902e+04
55	78	61	5.221026e+01
55	78	62	4.596565e+04
55	78	63	5.253829e+04
56	15	103	2.321801e+01
56	15	104	2.016504e+02
56	15	105	6.816451e+02
56	16	103	3.736120e+01
56	16	104	3.244852e+02
56	16	105	1.096868e+03
56	17	103	3.992735e+02
56	17	104	3.467725e+03
56	17	105	1.172206e+04
56	53	71	2.839688e+02
56	53	72	-3.624129e+02
56	53	73	3.116681e+03
56	54	71	2.644106e+03
56	54	72	-3.374520e+03
56	54	73	2.902021e+04
56	54	77	2.407337e+02
56	54	78	2.240305e+03
56	54	79	7.303429e+03
56	55	71	6.463971e+02
56	55	72	-8.249592e+02
56	55	73	7.094489e+03
56	55	77	1.144475e+03
56	55	78	1.065066e+04
56	55	79	3.472133e+04
56	56	77	5.511019e+03
56	56	78	5.128640e+04
56	56	79	1.671945e+05
56	59	59	6.293694e+02
56	59	60	1.189081e+04
56	59	61	4.517098e+03
56	59	62	1.449778e+00
56	59	63	8.150831e-01
56	60	59	2.040624e+04
56	60	60	3.855393e+05
56	60	61	1.475198e+05
56	60	62	5.455706e+04
56	60	63	3.067265e+04
56	61	59	3.979522e+04
56	61	60	7.519449e+05
56	61	61	2.895503e+05
56	61	62	6.120453e+04
56	61	63	3.131085e+04
56	62	60	-1.213676e+02
56	62	61	-3.595469e+03
56	62	62	2.832788e+04
56	62	63	5.571674e+04
56	63	60	9.077357e+02
56	63	61	3.560176e+04
56	63	62	4.886271e+05
56	63	63	6.637496e+05
56	63	64	6.358722e+02
56	64	61	1.554957e+03
56	64	62	1.251097e+05
56	64	63	2.188051e+05
56	64	64	4.440735e+04
56	64	65	3.890929e+04
56	64	66	2.564434e+03
56	64	67	5.361557e+01
56	65	60	5.288363e+00
56	65	61	2.267559e+03
56	65	62	1.056453e+04
56	65	63	1.777042e+04
56	65	64	5.128304e+05
56	65	65	6.123756e+05
56	65	66	1.857942e+04
56	65	67	1.228674e+04
56	65	68	1.381915e+03
56	66	60	6.578492e+01
56	66	61	2.820750e+04
56	66	62	1.178074e+05
56	66	63	5.055967e+04
56	66	64	1.296673e+06
56	66	65	3.244793e+05
56	66	66	4.952085e+04
56	66	67	1.103639e+04
56	66	68	1.917524e+05
56	66	69	4.532335e+04
56	66	70	1.546852e+00
56	66	71	1.047957e+00
56	67	60	1.861319e+02
56	67	61	8.022811e+04
56	67	62	8.645976e+04
56	67	63	-1.815853e+04
56	67	64	3.453262e+05
56	67	65	2.788091e+05
56	67	66	5.167999e+05
56	67	67	2.644155e+05
56	67	68	1.300124e+06
56	67	69	2.962543e+05
56	67	70	6.862410e+03
56	67	71	3.442964e+04
56	68	57	6.285800e-01
56	68	58	8.714239e+02
56	68	59	9.695422e+02
56	68	60	5.442775e+02
56	68	61	3.958649e+04
56	68	62	1.325899e+05
56	68	63	2.833937e+05
56	68	64	1.370223e+06
56	68	65	4.123890e+05
56	68	66	8.908396e+05
56	68	67	8.149705e+04
56	68	68	5.538132e+05
56	68	69	5.922540e+04
56	68	70	1.981047e+04
56	68	71	1.004830e+05
56	69	56	-1.828573e+03
56	69	57	-5.739692e+03
56	69	58	1.141699e+04
56	69	59	5.634318e+04
56	69	60	9.752722e+04
56	69	61	3.532678e+05
56	69	62	4.187219e+05
56	69	63	2.177256e+06
56	69	64	1.885706e+06
56	69	65	3.711416e+05
56	69	66	1.076408e+06
56	69	67	2.735690e+05
56	69	68	2.693556e+05
56	69	69	6.624873e+04
56	69	70	1.623599e+05
56	69	71	6.662805e+05
56	70	56	-1.549711e+04
56	70	57	-4.891773e+04
56	70	58	-2.830871e+05
56	70	59	5.269220e+04
56	70	60	9.661740e+05
56	70	61	2.155032e+06
56	70	62	2.175093e+06
56	70	63	2.071017e+06
56	70	64	9.551092e+05
56	70	65	3.836846e+05
56	70	66	1.741401e+06
56	70	67	4.818765e+05
56	70	68	1.995568e+05
56	70	69	6.990088e+04
56	70	70	8.139849e+04
56	71	56	-3.520151e+03
56	71	57	-1.111613e+04
56	71	58	-6.882200e+04
56	71	59	1.971608e+03
56	71	60	3.049595e+05
56	71	61	9.233705e+05
56	71	62	1.954408e+06
56	71	63	3.567390e+05
56	71	64	9.057019e+04
56	71	65	1.077158e+06
56	71	66	9.039143e+05
56	71	67	4.214207e+05
56	71	68	3.033435e+05
56	72	58	8.477414e+03
56	72	59	5.357976e+04
56	72	60	3.347987e+04
56	72	61	-5.565710e+03
56	72	62	3.444017e+05
56	72	63	6.711095e+04
56	72	64	8.106428e+04
56	72	65	8.806608e+04
56	72	66	9.988870e+05
56	72	67	6.175156e+05
56	73	52	9.246610e+00
56	73	53	5.207180e+02
56	73	54	3.005899e+02
56	73	58	6.586311e+04
56	73	59	4.410503e+05
56	73	60	1.905788e+05
56	73	61	-1.048762e+05
56	73	62	1.146060e+06
56	73	63	1.255346e+05
56	73	64	4.463389e+04
56	73	65	6.975674e+05
56	73	66	5.132752e+05
56	73	67	2.078575e+05
56	73	68	1.275589e+02
56	74	52	3.576022e+02
56	74	53	2.013818e+04
56	74	54	1.162498e+04
56	74	58	1.400091e+04
56	74	59	1.048257e+05
56	74	60	4.618004e+04
56	74	61	-2.020967e+04
56	74	62	2.206378e+05
56	74	63	9.232114e+04
56	74	64	3.931905e+05
56	74	65	9.221468e+05
56	74	66	3.989735e+05
56	74	67	1.951464e+05
56	74	68	5.333500e+03
56	75	52	1.835614e+02
56	75	53	8.329533e+03
56	75	54	-1.201713e+04
56	75	55	-4.267955e+03
56	75	60	1.556016e+03
56	75	61	4.548220e+03
56	75	62	3.219966e+04
56	75	63	1.048804e+05
56	75	64	3.650833e+05
56	75	65	9.224396e+05
56	75	66	2.036128e+03
56	75	67	1.441618e+04
56	75	68	2.810803e+03
56	76	53	-1.258079e+04
56	76	54	-1.126249e+05
56	76	55	-2.609516e+04
56	76	56	1.519143e+02
56	76	60	3.061351e+04
56	76	61	1.112009e+05
56	76	62	6.407188e+05
56	76	63	2.833507e+04
56	76	64	1.222196e+04
56	77	53	-2.188569e+03
56	77	54	-1.974442e+04
56	77	55	-5.875604e+03
56	77	56	-2.858636e+02
56	77	60	1.250248e+04
56	77	61	4.853908e+04
56	77	62	5.984784e+05
56	77	63	3.797441e+05
56	78	54	6.915426e+02
56	78	55	6.075648e+03
56	78	56	1.420120e+03
56	78	61	4.299927e+02
56	78	62	3.785634e+05
56	78	63	4.326943e+05
56	90	67	2.426416e+00
56	90	68	2.093842e+02
56	90	69	3.180831e+02
56	91	67	2.783973e+01
56	91	68	2.402391e+03
56	91	69	3.649559e+03
56	92	67	7.900233e+00
56	92	68	6.817397e+02
56	92	69	1.035655e+03
56	101	56	7.861205e+02
56	101	57	7.846731e+03
56	101	58	2.020015e+03
56	102	56	8.525769e+03
56	102	57	8.510072e+04
56	102	58	2.190782e+04
56	103	56	2.328193e+03
56	103	57	2.323907e+04
56	103	58	5.982525e+03
57	15	103	2.453140e+03
57	15	104	2.130573e+04
57	15	105	7.202043e+04
57	16	103	3.947464e+03
57	16	104	3.428407e+04
57	16	105	1.158915e+05
57	17	103	4.218596e+04
57	17	104	3.663887e+05
57	17	105	1.238515e+06
57	53	71	9.975949e+03
57	53	72	-1.273173e+04
57	53	73	1.094904e+05
57	54	71	9.288862e+04
57	54	72	-1.185484e+05
57	54	73	1.019493e+06
57	55	71	2.270822e+04
57	55	72	-2.898119e+04
57	55	73	2.492326e+05
57	59	61	2.459564e-01
57	59	62	1.264254e+01
57	59	63	7.107790e+00
57	60	58	8.999480e+01
57	60	59	5.061507e+03
57	60	60	2.920748e+03
57	60	61	9.255665e+03
57	60	62	4.757554e+05
57	60	63	2.674755e+05
57	61	57	1.504108e+02
57	61	58	1.475758e+03
57	61	59	9.613635e+04
57	61	60	5.597817e+04
57	61	61	5.731957e+04
57	61	62	5.782095e+05
57	61	63	2.730408e+05
57	62	57	5.180150e+03
57	62	58	-6.418580e+03
57	62	59	9.142315e+04
57	62	60	1.855874e+04
57	62	61	-6.780293e+04
57	62	62	-1.220997e+05
57	62	63	1.420053e+04
57	63	57	9.914375e+03
57	63	58	-1.349925e+04
57	63	59	1.066632e+05
57	63	60	1.524145e+04
57	63	61	5.093334e+05
57	63	62	1.091756e+06
57	63	63	1.726418e+05
57	63	64	3.020125e+03
57	63	65	1.109257e+00
57	63	66	6.624322e+01
57	63	67	3.886896e+01
57	64	61	3.963121e+02
57	64	62	3.215506e+04
57	64	63	1.723921e+05
57	64	64	1.147733e+05
57	64	65	5.538288e+04
57	64	66	3.559385e+04
57	64	67	3.702695e+03
57	64	68	5.750557e-02
57	64	69	1.424822e+00
57	64	70	6.150516e-01
57	65	59	6.639044e-01
57	65	60	7.384626e+01
57	65	61	1.726811e+04
57	65	62	2.213411e+04
57	65	63	1.219178e+05
57	65	64	4.044065e+05
57	65	65	3.823335e+05
57	65	66	6.943081e+05
57	65	67	3.095414e+05
57	65	68	2.181508e+04
57	65	69	8.389764e+03
57	65	70	2.348964e+03
57	66	59	1.542283e+01
57	66	60	1.281398e+03
57	66	61	2.150484e+05
57	66	62	2.613206e+05
57	66	63	1.398835e+05
57	66	64	2.247767e+06
57	66	65	1.361485e+06
57	66	66	8.478279e+05
57	66	67	-8.671098e+04
57	66	68	-2.467435e+04
57	66	69	1.237922e+05
57	66	70	3.144942e+04
57	66	71	2.795518e+02
57	67	59	6.469224e+00
57	67	60	1.855387e+03
57	67	61	8.809222e+05
57	67	62	9.610466e+05
57	67	63	1.072864e+06
57	67	64	1.070179e+06
57	67	65	6.580077e+05
57	67	66	1.303817e+06
57	67	67	1.580521e+06
57	67	68	2.658875e+05
57	67	69	4.709198e+04
57	67	70	2.561419e+05
57	67	71	1.659648e+05
57	68	57	-4.406022e-01
57	68	58	-6.108233e+02
57	68	59	-6.795993e+02
57	68	60	3.606428e+02
57	68	61	3.282720e+05
57	68	62	1.147421e+06
57	68	63	3.012242e+06
57	68	64	2.420249e+06
57	68	65	3.411212e+06
57	68	66	2.200287e+06
57	68	67	3.235986e+05
57	68	68	1.137650e+06
57	68	69	3.832270e+04
57	68	70	3.111601e+05
57	68	71	1.952362e+05
57	69	56	8.320262e+03
57	69	57	2.624988e+04
57	69	58	1.351209e+05
57	69	59	-2.039265e+04
57	69	60	-1.171024e+04
57	69	61	6.774776e+05
57	69	62	1.576068e+06
57	69	63	5.230802e+06
57	69	64	8.956083e+06
57	69	65	8.319413e+06
57	69	66	4.366283e+06
57	69	67	8.339721e+05
57	69	68	8.049770e+05
57	69	69	3.699747e+05
57	69	70	4.054389e+05
57	70	56	7.051398e+04
57	70	57	2.226592e+05
57	70	58	1.412125e+06
57	70	59	9.468570e+04
57	70	60	-6.199756e+04
57	70	61	3.064137e+06
57	70	62	3.042937e+06
57	70	63	3.839874e+06
57	70	64	1.088187e+07
57	70	65	7.992397e+06
57	70	66	3.871561e+06
57	70	67	1.750443e+06
57	70	68	6.672987e+05
57	70	69	1.088929e+06
57	70	70	9.279741e+05
57	71	56	1.601717e+04
57	71	57	5.067018e+04
57	71	58	3.739315e+05
57	71	59	-4.835295e+04
57	71	60	5.425911e+05
57	71	61	5.519858e+05
57	71	62	2.168882e+06
57	71	63	1.691796e+06
57	71	64	4.426492e+06
57	71	65	4.321592e+06
57	71	66	4.567095e+06
57	71	67	1.437582e+06
57	71	68	1.650341e+06
57	71	69	5.668083e+03
57	72	57	1.017280e+02
57	72	58	1.645099e+04
57	72	59	1.053995e+05
57	72	60	4.179641e+04
57	72	61	1.610242e+04
57	72	62	5.640808e+05
57	72	63	7.711830e+05
57	72	64	1.521147e+06
57	72	65	6.431226e+05
57	72	66	3.753661e+05
57	72	67	3.532289e+05
57	72	68	4.728205e+04
57	72	69	2.953696e+03
57	73	52	8.888907e+01
57	73	53	5.005741e+03
57	73	54	2.889616e+03
57	73	58	1.214000e+05
57	73	59	1.258035e+06
57	73	60	5.080487e+05
57	73	61	-1.921503e+04
57	73	62	3.173340e+05
57	73	63	1.171682e+05
57	73	64	7.026147e+05
57	73	65	1.145174e+06
57	73	66	4.924537e+05
57	73	67	1.580640e+05
57	73	68	2.226717e+05
57	73	69	5.815128e+04
57	74	52	3.437684e+03
57	74	53	1.935914e+05
57	74	54	1.117527e+05
57	74	58	2.781282e+04
57	74	59	4.767564e+05
57	74	60	2.493405e+05
57	74	61	-1.754304e+03
57	74	62	5.062921e+04
57	74	63	6.384020e+04
57	74	64	-8.759298e+04
57	74	65	6.684056e+05
57	74	66	2.503488e+05
57	74	67	3.008823e+05
57	74	68	6.725058e+04
57	74	69	2.413511e+04
57	75	52	1.764604e+03
57	75	53	1.198643e+05
57	75	54	2.409275e+05
57	75	55	4.356233e+04
57	75	60	8.534778e+03
57	75	61	4.705233e+03
57	75	62	1.309846e+05
57	75	63	8.710463e+04
57	75	64	1.038296e+05
57	75	65	5.855441e+05
57	75	66	1.540496e+04
57	75	67	1.092656e+05
57	75	68	7.024148e+04
57	75	69	4.161420e+04
57	76	53	1.284101e+05
57	76	54	1.162108e+06
57	76	55	3.767299e+05
57	76	56	2.424982e+04
57	76	60	6.490858e+04
57	76	61	3.578426e+04
57	76	62	9.808503e+05
57	76	63	3.457389e+04
57	76	64	1.509269e+04
57	76	67	1.261716e+03
57	76	68	4.485467e+04
57	76	69	2.235117e+04
57	77	53	2.233837e+04
57	77	54	1.778863e+05
57	77	55	-1.477369e+05
57	77	56	-4.563190e+04
57	77	60	1.347594e+04
57	77	61	7.513055e+03
57	77	62	2.770790e+05
57	77	63	8.428072e+04
57	77	67	2.641601e+02
57	77	68	9.391034e+03
57	77	69	4.679571e+03
57	78	54	1.103898e+05
57	78	55	9.698451e+05
57	78	56	2.266913e+05
57	78	61	9.543292e+01
57	78	62	8.401868e+04
57	78	63	9.603252e+04
57	87	58	1.089209e+01
57	87	59	2.337410e+02
57	87	60	9.451068e+01
57	88	58	6.874096e+01
57	88	59	1.475161e+03
57	88	60	5.964656e+02
57	89	58	1.204076e+01
57	89	59	2.583911e+02
57	89	60	1.044777e+02
57	90	67	2.395081e+02
57	90	68	2.066802e+04
57	90	69	3.139753e+04
57	91	67	2.748021e+03
57	91	68	2.371366e+05
57	91	69	3.602428e+05
57	92	67	7.798209e+02
57	92	68	6.729356e+04
57	92	69	1.022281e+05
57	101	56	7.538362e+03
57	101	57	7.524483e+04
57	101	58	1.937057e+04
57	102	56	8.175634e+04
57	102	57	8.160581e+05
57	102	58	2.100811e+05
57	103	56	2.232579e+04
57	103	57	2.228469e+05
57	103	58	5.736836e+04
58	53	71	4.949718e+03
58	53	72	-6.317040e+03
58	53	73	5.432532e+04
58	54	71	4.608810e+04
58	54	72	-5.881958e+04
58	54	73	5.058369e+05
58	55	71	1.126703e+04
58	55	72	-1.437945e+04
58	55	73	1.236605e+05
58	59	61	5.715287e-02
58	59	62	2.937745e+00
58	59	63	1.651636e+00
58	60	58	6.394242e+02
58	60	59	3.596264e+04
58	60	60	2.075228e+04
58	60	61	2.150738e+03
58	60	62	1.105512e+05
58	60	63	6.215326e+04
58	61	57	-9.358781e+01
58	61	58	1.206798e+04
58	61	59	6.705564e+05
58	61	60	3.880392e+05
58	61	61	1.929043e+04
58	61	62	1.459031e+05
58	61	63	6.344646e+04
58	62	57	-3.218947e+03
58	62	58	9.078366e+03
58	62	59	2.192500e+05
58	62	60	1.456135e+05
58	62	61	-2.425346e+04
58	62	62	-4.689209e+04
58	63	57	-5.656492e+03
58	63	58	3.034432e+04
58	63	59	-2.696123e+04
58	63	60	5.442752e+03
58	63	61	1.813971e+05
58	63	62	3.507574e+05
58	63	63	1.767690e+04
58	63	64	1.461541e+04
58	63	65	1.848081e+03
58	63	66	1.152933e+04
58	63	67	4.680688e+03
58	64	57	3.536645e+02
58	64	58	1.514733e+04
58	64	59	2.719988e+04
58	64	60	1.198529e+00
58	64	61	3.897745e+01
58	64	62	1.384963e+03
58	64	63	5.917940e+05
58	64	64	5.021596e+05
58	64	65	4.687992e+04
58	64	66	2.296171e+05
58	64	67	1.056302e+05
58	64	68	1.292725e+01
58	64	69	3.203000e+02
58	64	70	1.382636e+02
58	65	59	3.439585e+02
58	65	60	1.749975e+04
58	65	61	1.590964e+04
58	65	62	8.870774e+03
58	65	63	4.065581e+05
58	65	64	5.695489e+05
58	65	65	9.834028e+05
58	65	66	8.173458e+05
58	65	67	3.675796e+05
58	65	68	1.872956e+04
58	65	69	3.082723e+05
58	65	70	1.353969e+05
58	66	59	8.101159e+03
58	66	60	4.046673e+05
58	66	61	2.786724e+05
58	66	62	2.021008e+05
58	66	63	1.048601e+06
58	66	64	2.410856e+06
58	66	65	2.214487e+06
58	66	66	8.214394e+05
58	66	67	2.015555e+05
58	66	68	-2.097656e+04
58	66	69	5.874461e+04
58	66	70	6.680590e+04
58	66	71	3.557355e+02
58	67	59	6.489490e+03
58	67	60	1.655728e+05
58	67	61	4.940677e+05
58	67	62	5.312574e+05
58	67	63	1.686876e+06
58	67	64	2.943304e+06
58	67	65	3.526845e+06
58	67	66	2.956646e+06
58	67	67	1.677713e+06
58	67	68	1.981184e+05
58	67	69	-7.757394e+04
58	67	70	2.913325e+05
58	67	71	2.111937e+05
58	68	57	7.771826e+00
58	68	58	1.077812e+04
58	68	59	1.341447e+04
58	68	60	-1.879720e+03
58	68	61	2.904414e+05
58	68	62	1.279621e+06
58	68	63	3.868308e+06
58	68	64	7.332529e+06
58	68	65	1.161745e+07
58	68	66	5.175429e+06
58	68	67	3.272630e+06
58	68	68	6.125190e+04
58	68	69	4.673159e+04
58	68	70	3.766582e+05
58	68	71	2.484421e+05
58	69	57	4.287907e+02
58	69	58	5.983459e+05
58	69	59	6.557700e+05
58	69	60	7.686052e+04
58	69	61	2.803984e+05
58	69	62	2.148303e+06
58	69	63	8.863890e+06
58	69	64	2.677075e+07
58	69	65	1.878218e+07
58	69	66	1.153783e+07
58	69	67	4.570426e+06
58	69	68	1.716268e+06
58	69	69	1.832704e+05
58	69	70	1.061535e+05
58	70	57	2.526912e+02
58	70	58	3.737863e+05
58	70	59	3.390126e+05
58	70	60	2.979836e+05
58	70	61	5.552417e+05
58	70	62	1.986462e+06
58	70	63	7.517416e+06
58	70	64	2.098684e+07
58	70	65	1.401826e+07
58	70	66	1.172265e+07
58	70	67	3.764151e+06
58	70	68	1.549008e+06
58	70	69	6.109284e+05
58	70	70	3.062122e+05
58	71	57	7.249795e+03
58	71	58	2.058386e+05
58	71	59	1.209896e+05
58	71	60	1.511307e+06
58	71	61	4.016650e+05
58	71	62	2.146696e+06
58	71	63	3.686329e+06
58	71	64	9.499771e+06
58	71	65	7.747144e+06
58	71	66	4.265708e+06
58	71	67	1.583688e+06
58	71	68	1.468983e+06
58	71	69	9.407274e+04
58	72	57	8.172407e+03
58	72	58	1.201957e+05
58	72	59	4.581372e+05
58	72	60	6.582822e+04
58	72	61	4.106725e+04
58	72	62	7.659461e+05
58	72	63	3.956131e+06
58	72	64	5.259849e+06
58	72	65	2.856863e+06
58	72	66	1.333899e+06
58	72	67	1.265406e+06
58	72	68	2.077190e+05
58	72	69	4.881033e+02
58	73	52	2.849727e+02
58	73	53	1.604809e+04
58	73	54	9.263926e+03
58	73	58	5.797312e+03
58	73	59	1.983091e+05
58	73	60	4.372582e+05
58	73	61	1.448600e+05
58	73	62	1.864307e+05
58	73	63	1.813518e+06
58	73	64	3.585146e+06
58	73	65	7.029391e+05
58	73	66	1.318338e+05
58	73	67	2.804000e+05
58	73	68	1.956562e+06
58	73	69	5.402362e+05
58	74	52	1.102100e+04
58	74	53	6.206417e+05
58	74	54	3.582719e+05
58	74	58	4.486505e+03
58	74	59	1.191778e+05
58	74	60	2.726134e+05
58	74	61	7.764073e+04
58	74	62	3.940770e+03
58	74	63	1.767546e+04
58	74	64	2.315440e+05
58	74	65	1.842176e+05
58	74	66	1.065099e+05
58	74	67	7.541128e+05
58	74	68	1.504077e+05
58	74	69	3.027939e+03
58	75	52	5.657206e+03
58	75	53	3.185826e+05
58	75	54	1.839051e+05
58	75	60	3.042217e+03
58	75	61	1.677177e+03
58	75	62	7.525506e+04
58	75	63	7.508136e+05
58	75	64	3.286236e+05
58	75	65	5.410810e+02
58	75	66	5.953937e+04
58	75	67	4.006265e+05
58	75	68	1.754694e+05
58	75	69	5.098351e+04
58	76	54	8.552987e+03
58	76	55	7.514350e+04
58	76	56	1.756402e+04
58	76	60	2.313663e+04
58	76	61	1.275525e+04
58	76	62	3.670889e+05
58	76	63	4.598046e+05
58	76	64	2.012519e+05
58	76	65	1.442950e+04
58	76	66	9.087625e+04
58	76	67	3.588439e+04
58	76	68	7.109563e+05
58	76	69	3.542710e+05
58	77	54	-1.609452e+04
58	77	55	-1.414007e+05
58	77	56	-3.305096e+04
58	77	60	4.803491e+03
58	77	61	2.648170e+03
58	77	62	7.248113e+04
58	77	65	6.428370e+03
58	77	66	4.048555e+04
58	77	67	1.126421e+04
58	77	68	1.488499e+05
58	77	69	7.417222e+04
58	78	54	7.995474e+04
58	78	55	7.024539e+05
58	78	56	1.641914e+05
58	78	68	5.186525e+02
58	78	69	8.171150e+03
58	78	70	2.817297e+03
58	79	68	7.757212e+02
58	79	69	1.222116e+04
58	79	70	4.213682e+03
58	80	68	8.805072e+03
58	80	69	1.387202e+05
58	80	70	4.782875e+04
58	82	34	8.047129e+01
58	82	35	6.168275e+03
58	82	36	3.858817e+03
58	83	34	5.954288e+02
58	83	35	4.564073e+04
58	83	36	2.855242e+04
58	84	34	1.207158e+02
58	84	35	9.253091e+03
58	84	36	5.788649e+03
58	87	58	3.473752e+03
58	87	59	7.454569e+04
58	87	60	3.014176e+04
58	88	58	2.192317e+04
58	88	59	4.704647e+05
58	88	60	1.902274e+05
58	89	58	3.840091e+03
58	89	59	8.240723e+04
58	89	60	3.332049e+04
58	90	67	3.543753e+02
58	90	68	3.058032e+04
58	90	69	4.645567e+04
58	91	67	4.065961e+03
58	91	68	3.508665e+05
58	91	69	5.330139e+05
58	92	67	1.153820e+03
58	92	68	9.956730e+04
58	92	69	1.512563e+05
58	101	56	1.884133e+03
58	101	57	1.880664e+04
58	101	58	4.841467e+03
58	102	56	2.043412e+04
58	102	57	2.039650e+05
58	102	58	5.250751e+04
58	103	56	5.580092e+03
58	103	57	5.569818e+04
58	103	58	1.433860e+04
59	60	58	1.250659e+02
59	60	59	7.033982e+03
59	60	60	4.058967e+03
59	60	65	2.288526e+00
59	60	66	7.074503e+01
59	60	67	1.400735e+02
59	61	57	1.887026e+03
59	61	58	-2.338746e+02
59	61	59	1.516534e+05
59	61	60	7.579680e+04
59	61	65	6.788322e+02
59	61	66	2.098469e+04
59	61	67	4.154918e+04
59	62	57	6.499553e+04
59	62	58	-8.733471e+04
59	62	59	7.492724e+05
59	62	60	2.862308e+04
59	62	61	1.119286e-02
59	62	62	6.036573e-01
59	62	63	3.441910e-01
59	62	65	5.447931e+02
59	62	66	1.761818e+04
59	62	67	3.354887e+04
59	63	57	1.251541e+05
59	63	58	-1.363712e+05
59	63	59	1.397413e+06
59	63	61	5.797942e-02
59	63	62	3.126967e+00
59	63	63	1.782922e+00
59	63	64	8.643073e+02
59	63	65	2.364967e+04
59	63	66	7.945021e+04
59	63	67	2.038494e+04
59	64	57	5.316342e+02
59	64	58	2.276971e+04
59	64	59	4.088729e+04
59	64	60	9.935581e+01
59	64	61	3.231423e+03
59	64	62	1.572951e+03
59	64	63	7.075234e+00
59	64	64	1.258509e+04
59	64	65	3.427990e+05
59	64	66	9.142330e+05
59	64	67	1.159083e+05
59	64	68	4.058931e+02
59	64	69	4.162933e+02
59	64	70	1.797010e+02
59	65	59	4.092263e+02
59	65	60	2.692232e+04
59	65	61	2.164955e+05
59	65	62	1.459714e+05
59	65	63	5.652777e+04
59	65	64	1.314680e+05
59	65	65	2.282532e+05
59	65	66	8.174399e+05
59	65	67	3.491236e+05
59	65	68	2.661577e+04
59	65	69	4.833725e+05
59	65	70	1.965706e+05
59	66	59	1.271618e+04
59	66	60	4.877342e+05
59	66	61	7.408217e+05
59	66	62	9.735545e+05
59	66	63	4.047088e+05
59	66	64	1.124904e+06
59	66	65	6.781878e+05
59	66	66	6.620008e+05
59	66	67	-1.028527e+05
59	66	68	1.627306e+05
59	66	69	1.546406e+06
59	66	70	4.748747e+05
59	67	58	3.123683e-01
59	67	59	9.501081e+04
59	67	60	7.136277e+04
59	67	61	1.195202e+06
59	67	62	2.875059e+05
59	67	63	1.603437e+06
59	67	64	4.405277e+06
59	67	65	4.892405e+06
59	67	66	1.763114e+06
59	67	67	2.477441e+05
59	67	68	1.533540e+05
59	67	69	4.521912e+05
59	67	70	1.350631e+05
59	68	58	5.763977e+02
59	68	59	5.876577e+04
59	68	60	-3.631056e+04
59	68	61	6.230903e+05
59	68	62	1.291361e+06
59	68	63	5.874533e+06
59	68	64	1.879864e+07
59	68	65	1.834178e+07
59	68	66	5.585263e+06
59	68	67	2.308873e+06
59	68	68	1.281681e+06
59	68	69	8.484845e+04
59	69	58	4.995764e+04
59	69	59	-6.680005e+04
59	69	60	6.042619e+05
59	69	61	3.597625e+05
59	69	62	3.404839e+06
59	69	63	8.573375e+06
59	69	64	3.878860e+07
59	69	65	3.526740e+07
59	69	66	1.871814e+07
59	69	67	2.724799e+06
59	69	68	2.497641e+06
59	69	69	2.499527e+05
59	70	55	1.306491e+00
59	70	56	1.661728e+03
59	70	57	1.867651e+03
59	70	58	7.783053e+04
59	70	59	-6.151838e+04
59	70	60	7.162765e+05
59	70	61	2.671192e+05
59	70	62	5.248927e+06
59	70	63	1.210762e+07
59	70	64	4.140159e+07
59	70	65	3.357062e+07
59	70	66	1.295125e+07
59	70	67	4.125556e+06
59	70	68	8.710594e+05
59	70	69	8.961096e+04
59	71	55	3.063700e+01
59	71	56	3.896723e+04
59	71	57	5.473414e+04
59	71	58	1.571119e+05
59	71	59	4.859338e+05
59	71	60	8.686895e+05
59	71	61	6.370085e+05
59	71	62	1.596863e+06
59	71	63	3.399396e+06
59	71	64	1.745161e+07
59	71	65	1.476869e+07
59	71	66	5.285991e+06
59	71	67	2.445413e+06
59	71	68	7.146133e+05
59	71	69	3.659620e+04
59	72	55	1.290561e+01
59	72	56	1.641466e+04
59	72	57	3.094736e+04
59	72	58	2.202596e+05
59	72	59	1.414450e+06
59	72	60	4.093988e+05
59	72	61	1.570947e+05
59	72	62	1.721070e+06
59	72	63	2.582598e+06
59	72	64	7.880550e+06
59	72	65	5.177954e+06
59	72	66	1.402722e+06
59	72	67	1.352523e+06
59	72	68	3.941498e+05
59	72	69	-4.509608e+03
59	73	58	1.930859e+04
59	73	59	-1.182144e+04
59	73	60	7.605408e+05
59	73	61	2.926964e+05
59	73	62	3.990536e+05
59	73	63	1.317217e+06
59	73	64	1.743712e+06
59	73	65	6.735109e+05
59	73	66	-2.251000e+04
59	73	67	2.968312e+05
59	73	68	5.584641e+05
59	73	69	1.392256e+05
59	74	58	1.671188e+04
59	74	59	-1.488740e+04
59	74	60	5.071763e+05
59	74	61	1.642775e+05
59	74	62	1.453402e+05
59	74	63	2.661631e+05
59	74	64	4.442610e+05
59	74	65	3.381553e+05
59	74	67	2.767651e+02
59	74	68	3.818768e+05
59	74	69	3.426472e+05
59	75	65	-5.820710e+02
59	75	66	-3.665853e+03
59	75	67	7.038441e+02
59	75	68	6.444172e+05
59	75	69	5.654402e+05
59	76	60	5.703191e+00
59	76	61	-6.491655e+00
59	76	62	6.455778e+01
59	76	65	-1.552261e+04
59	76	66	-9.776064e+04
59	76	67	-1.017077e+04
59	76	68	2.459598e+05
59	76	69	1.225623e+05
59	77	60	1.394758e+03
59	77	61	-1.587583e+03
59	77	62	1.578809e+04
59	77	65	-6.915356e+03
59	77	66	-4.355256e+04
59	77	67	-6.164831e+03
59	77	68	5.149557e+04
59	77	69	2.566035e+04
59	78	60	1.793615e+03
59	78	61	-2.041582e+03
59	78	62	2.030299e+04
59	78	68	3.551067e+03
59	78	69	5.594555e+04
59	78	70	1.928923e+04
59	79	68	5.311144e+03
59	79	69	8.367482e+04
59	79	70	2.884989e+04
59	80	68	6.028584e+04
59	80	69	9.497778e+05
59	80	70	3.274699e+05
59	82	34	1.478413e+02
59	82	35	1.133231e+04
59	82	36	7.089391e+03
59	83	34	1.093918e+03
59	83	35	8.385083e+04
59	83	36	5.245631e+04
59	84	34	2.217782e+02
59	84	35	1.699972e+04
59	84	36	1.063487e+04
59	87	58	4.331711e+03
59	87	59	9.295724e+04
59	87	60	3.758627e+04
59	88	58	2.733783e+04
59	88	59	5.866617e+05
59	88	60	2.372104e+05
59	89	58	4.788530e+03
59	89	59	1.027604e+05
59	89	60	4.155009e+04
60	54	74	8.822548e+01
60	54	75	1.330357e+02
60	54	76	1.499889e+03
60	55	74	9.088395e+02
60	55	75	1.370444e+03
60	55	76	1.545085e+04
60	56	74	2.813486e+03
60	56	75	4.242471e+03
60	56	76	4.783105e+04
60	59	62	1.013930e+03
60	59	63	-1.569961e+03
60	59	64	1.068517e+04
60	59	65	1.267885e+02
60	60	59	3.588211e+01
60	60	60	-1.345413e+01
60	60	61	4.702654e+02
60	60	62	3.913951e+02
60	60	63	8.354447e+02
60	60	64	3.627326e+04
60	60	65	1.328676e+04
60	60	66	7.233335e+01
60	60	67	1.432183e+02
60	61	59	3.460641e+02
60	61	60	-1.297580e+02
60	61	61	4.535463e+03
60	61	62	1.495189e+04
60	61	63	-2.123813e+04
60	61	64	2.002390e+05
60	61	65	2.013104e+04
60	61	66	2.145582e+04
60	61	67	4.248201e+04
60	62	57	7.167077e+01
60	62	58	3.069634e+03
60	62	59	5.598970e+03
60	62	60	-3.257037e+01
60	62	61	1.543765e+03
60	62	62	2.186014e+04
60	62	63	1.246413e+04
60	62	65	6.324179e+02
60	62	66	2.732216e+04
60	62	67	4.074688e+04
60	63	57	8.706055e+03
60	63	58	3.728773e+05
60	63	59	6.695713e+05
60	63	61	2.099599e+03
60	63	62	1.132402e+05
60	63	63	6.461841e+04
60	63	64	4.179408e+02
60	63	65	8.971321e+03
60	63	66	2.132595e+05
60	63	67	1.370838e+05
60	64	57	6.009301e+03
60	64	58	2.573763e+05
60	64	59	4.621675e+05
60	64	60	1.521780e+02
60	64	61	1.452291e+04
60	64	62	5.193112e+05
60	64	63	2.942711e+05
60	64	64	1.126939e+04
60	64	65	1.087281e+05
60	64	66	4.142977e+05
60	64	67	2.286085e+05
60	64	68	9.886753e+03
60	65	60	9.444249e+03
60	65	61	3.068224e+05
60	65	62	2.310148e+05
60	65	63	-1.004467e+05
60	65	64	6.983217e+05
60	65	65	4.492267e+04
60	65	66	-1.115621e+05
60	65	67	1.297086e+05
60	65	68	7.209657e+04
60	65	69	2.122854e+01
60	65	70	3.892754e+01
60	66	59	1.479212e+03
60	66	60	1.223244e+04
60	66	61	4.442054e+05
60	66	62	5.000521e+05
60	66	63	1.245696e+05
60	66	64	9.930290e+05
60	66	65	2.694583e+05
60	66	66	1.385483e+06
60	66	67	2.603735e+06
60	66	68	2.692538e+05
60	66	69	4.287642e+04
60	66	70	7.862403e+04
60	67	58	2.383214e+00
60	67	59	4.303844e+04
60	67	60	-6.004836e+04
60	67	61	4.241806e+05
60	67	62	2.082235e+05
60	67	63	7.233008e+05
60	67	64	2.161214e+06
60	67	65	2.290205e+06
60	67	66	1.072224e+06
60	67	67	1.140746e+06
60	67	68	5.378395e+04
60	67	69	4.856851e+04
60	67	70	8.589959e+04
60	68	58	6.681345e+02
60	68	59	1.568561e+05
60	68	60	9.366413e+04
60	68	61	3.078194e+05
60	68	62	7.896307e+05
60	68	63	3.913195e+06
60	68	64	1.282778e+07
60	68	65	1.045310e+07
60	68	66	4.118576e+06
60	68	67	1.528047e+06
60	68	68	9.175821e+05
60	68	69	4.628682e+05
60	68	70	1.183723e+01
60	69	58	3.573256e+04
60	69	59	3.814079e+04
60	69	60	4.507700e+05
60	69	61	2.911796e+05
60	69	62	4.028372e+06
60	69	63	1.036370e+07
60	69	64	2.448055e+07
60	69	65	2.260308e+07
60	69	66	1.276788e+07
60	69	67	3.036698e+06
60	69	68	1.265070e+06
60	69	69	4.961629e+05
60	69	70	7.023278e+03
60	69	71	3.013662e+03
60	70	55	1.606604e+01
60	70	56	2.043967e+04
60	70	57	2.502990e+04
60	70	58	5.552801e+04
60	70	59	-7.516709e+04
60	70	60	5.477313e+05
60	70	61	5.164154e+05
60	70	62	5.320061e+06
60	70	63	1.649150e+07
60	70	64	3.085033e+07
60	70	65	1.867756e+07
60	70	66	8.153841e+06
60	70	67	4.902967e+06
60	70	68	2.714100e+06
60	70	69	3.731996e+03
60	70	70	6.615371e+04
60	70	71	3.562060e+04
60	71	55	3.767460e+02
60	71	56	4.792234e+05
60	71	57	5.522287e+05
60	71	58	1.412464e+04
60	71	59	1.399882e+04
60	71	60	3.658328e+05
60	71	61	1.010820e+06
60	71	62	2.220417e+06
60	71	63	3.914983e+06
60	71	64	1.497352e+07
60	71	65	1.324942e+07
60	71	66	4.559718e+06
60	71	67	1.901285e+06
60	71	68	5.718565e+05
60	71	69	3.326804e+04
60	71	70	1.849374e+04
60	71	71	1.031021e+04
60	72	55	1.587015e+02
60	72	56	2.018609e+05
60	72	57	2.290684e+05
60	72	58	1.099177e+04
60	72	59	1.664025e+05
60	72	60	3.231215e+05
60	72	61	9.924962e+05
60	72	62	1.400162e+06
60	72	63	2.140031e+06
60	72	64	3.661960e+06
60	72	65	3.849870e+06
60	72	66	2.764254e+06
60	72	67	1.016974e+06
60	72	68	6.681907e+04
60	72	69	1.904699e+04
60	73	58	8.805769e+04
60	73	59	-1.326213e+05
60	73	60	9.143013e+05
60	73	61	3.945788e+03
60	73	62	1.709427e+05
60	73	63	4.119799e+05
60	73	64	2.957065e+05
60	73	65	3.901503e+05
60	73	66	8.314375e+05
60	73	67	2.555839e+05
60	74	57	4.107598e+00
60	74	58	7.636396e+04
60	74	59	-1.145055e+05
60	74	60	7.913419e+05
60	74	61	1.848730e+03
60	74	62	7.625382e+04
60	74	63	1.537616e+05
60	74	64	8.929588e+05
60	74	65	6.131163e+05
60	74	66	4.422061e+04
60	74	67	6.491346e+04
60	75	57	3.886526e+00
60	75	58	1.406640e+02
60	75	59	2.651946e+02
60	75	65	6.207784e+03
60	75	66	3.909631e+04
60	75	67	6.834359e+03
60	76	57	6.527868e+01
60	76	58	2.362614e+03
60	76	59	4.454250e+03
60	76	60	9.106436e+01
60	76	61	-1.036540e+02
60	76	62	1.030811e+03
60	76	65	1.655486e+05
60	76	66	1.042617e+06
60	76	67	1.822581e+05
60	77	60	2.227047e+04
60	77	61	-2.534935e+04
60	77	62	2.520926e+05
60	77	65	7.375224e+04
60	77	66	4.644879e+05
60	77	67	8.119633e+04
60	78	60	2.863913e+04
60	78	61	-3.259848e+04
60	78	62	3.241832e+05
60	78	65	6.201907e+00
60	78	66	3.661072e+02
60	78	67	2.141356e+02
60	78	68	6.716163e+02
60	78	69	1.058103e+04
60	78	70	3.648189e+03
60	79	65	8.389523e-01
60	79	66	4.952451e+01
60	79	67	2.896682e+01
60	79	68	1.004501e+03
60	79	69	1.582549e+04
60	79	70	5.456405e+03
60	80	65	8.817843e+01
60	80	66	5.205295e+03
60	80	67	3.044570e+03
60	80	68	1.140191e+04
60	80	69	1.796323e+05
60	80	70	6.193467e+04
60	82	34	1.419082e+03
60	82	35	1.087753e+05
60	82	36	6.804884e+04
60	83	34	1.050017e+04
60	83	35	8.048578e+05
60	83	36	5.035117e+05
60	84	34	2.128780e+03
60	84	35	1.631749e+05
60	84	36	1.020808e+05
61	54	74	1.694021e+03
61	54	75	2.554423e+03
61	54	76	2.879943e+04
61	55	74	1.745066e+04
61	55	75	2.631395e+04
61	55	76	2.966723e+05
61	56	74	5.402185e+04
61	56	75	8.145985e+04
61	56	76	9.184058e+05
61	59	62	9.695068e+03
61	59	63	-1.513171e+04
61	59	64	9.949518e+04
61	59	65	1.110284e+02
61	60	59	4.732054e+03
61	60	60	-1.774301e+03
61	60	61	6.201757e+04
61	60	62	3.742470e+03
61	60	63	-4.578811e+03
61	60	64	6.655938e+04
61	60	65	1.166986e+04
61	60	66	1.135095e+03
61	60	67	2.247461e+03
61	61	59	4.563818e+04
61	61	60	-1.711220e+04
61	61	61	5.981269e+05
61	61	62	1.429680e+05
61	61	63	-2.214639e+05
61	61	64	1.504569e+06
61	61	65	2.791269e+04
61	61	66	3.366966e+05
61	61	67	6.666512e+05
61	62	59	1.145558e+04
61	62	60	-4.295309e+03
61	62	61	1.505319e+05
61	62	62	2.140485e+04
61	62	63	1.242177e+04
61	62	64	6.078881e+02
61	62	65	1.309119e+04
61	62	66	2.986251e+05
61	62	67	5.493261e+05
61	63	61	2.055870e+03
61	63	62	1.120876e+05
61	63	63	8.154037e+04
61	63	64	4.944870e+04
61	63	65	3.519534e+04
61	63	66	6.220638e+05
61	63	67	4.306924e+05
61	64	58	1.132149e+00
61	64	59	2.365303e+00
61	64	60	2.050654e+01
61	64	61	9.374517e+03
61	64	62	5.218228e+05
61	64	63	5.065011e+05
61	64	64	5.936786e+05
61	64	65	8.825504e+03
61	64	66	2.419437e+05
61	64	67	1.971236e+05
61	64	68	4.314825e+03
61	65	58	7.256225e+02
61	65	59	1.515981e+03
61	65	60	1.335969e+04
61	65	61	1.731956e+04
61	65	62	8.467101e+04
61	65	63	-3.295432e+04
61	65	64	9.178608e+05
61	65	65	2.838813e+04
61	65	66	2.239251e+05
61	65	67	3.415497e+05
61	65	68	3.146805e+04
61	65	69	1.411132e+02
61	65	70	2.587643e+02
61	66	58	8.484637e+02
61	66	59	1.772623e+03
61	66	60	2.547994e+04
61	66	61	8.112237e+05
61	66	62	6.565843e+05
61	66	63	-5.572768e+04
61	66	64	2.517694e+06
61	66	65	7.420039e+05
61	66	66	1.895130e+06
61	66	67	1.076025e+06
61	66	68	1.242045e+05
61	66	69	2.850139e+05
61	66	70	5.226402e+05
61	67	58	8.643439e+00
61	67	59	4.203988e+03
61	67	60	9.496082e+03
61	67	61	4.640827e+05
61	67	62	3.820250e+05
61	67	63	3.576827e+05
61	67	64	1.704226e+06
61	67	65	6.659478e+05
61	67	66	2.645084e+05
61	67	67	4.039102e+05
61	67	68	7.829036e+03
61	67	69	3.113879e+05
61	67	70	5.710032e+05
61	68	58	1.031617e+03
61	68	59	5.017568e+05
61	68	60	4.239602e+05
61	68	61	2.025668e+05
61	68	62	1.101653e+06
61	68	63	2.628237e+06
61	68	64	5.257117e+06
61	68	65	8.591605e+06
61	68	66	3.065065e+06
61	68	67	2.599108e+05
61	68	68	1.069776e+05
61	68	69	1.686796e+03
61	68	70	1.075795e+03
61	69	56	2.926670e+01
61	69	57	-3.178222e+01
61	69	58	1.044735e+03
61	69	59	3.451782e+05
61	69	60	2.893723e+05
61	69	61	1.522170e+05
61	69	62	1.370158e+06
61	69	63	4.153121e+06
61	69	64	9.853721e+06
61	69	65	7.845481e+06
61	69	66	4.742159e+06
61	69	67	1.325094e+06
61	69	68	9.956629e+05
61	69	69	1.916829e+05
61	69	70	2.055751e+05
61	69	71	3.265000e+04
61	70	55	4.771951e+00
61	70	56	6.812375e+03
61	70	57	7.912684e+04
61	70	58	6.633966e+04
61	70	59	6.808860e+00
61	70	60	1.733762e+03
61	70	61	2.362147e+05
61	70	62	1.644891e+06
61	70	63	7.389595e+06
61	70	64	6.626525e+06
61	70	65	7.548316e+06
61	70	66	3.548637e+06
61	70	67	2.831509e+06
61	70	68	1.617374e+06
61	70	69	2.919124e+05
61	70	70	8.976857e+05
61	70	71	3.865720e+05
61	70	72	1.652185e+02
61	71	55	1.119014e+02
61	71	56	1.438739e+05
61	71	57	7.122748e+05
61	71	58	4.563980e+05
61	71	59	8.722374e+02
61	71	60	8.808898e+04
61	71	61	3.405269e+05
61	71	62	1.150906e+06
61	71	63	1.944191e+06
61	71	64	6.780342e+06
61	71	65	6.483110e+06
61	71	66	3.353061e+06
61	71	67	1.088408e+06
61	71	68	6.455436e+05
61	71	69	1.018395e+05
61	71	70	2.057025e+05
61	71	71	1.631837e+05
61	71	72	1.291662e+04
61	72	55	4.713766e+01
61	72	56	6.022948e+04
61	72	57	1.816567e+05
61	72	58	9.402361e+04
61	72	59	6.080527e+02
61	72	60	6.360893e+04
61	72	61	3.714943e+05
61	72	62	7.150442e+05
61	72	63	7.324928e+05
61	72	64	1.484237e+06
61	72	65	3.099583e+06
61	72	66	7.795394e+05
61	72	67	2.419664e+05
61	72	68	1.195721e+06
61	72	69	2.847991e+05
61	72	70	8.282044e+03
61	72	71	7.982573e+04
61	72	72	2.002758e+04
61	73	52	5.210720e+00
61	73	53	7.934931e+01
61	73	54	2.683700e+01
61	73	63	8.998493e+04
61	73	64	7.967025e+04
61	73	65	1.677629e+06
61	73	66	2.763523e+05
61	73	67	-1.045719e+02
61	74	52	7.899335e+02
61	74	53	1.202918e+04
61	74	54	4.068429e+03
61	74	57	4.417869e+02
61	74	58	1.598947e+04
61	74	59	3.014505e+04
61	74	63	8.754501e+04
61	74	64	1.830701e+04
61	74	65	9.196836e+05
61	74	66	-3.454368e+02
61	74	67	-4.544948e+02
61	75	52	1.085563e+03
61	75	53	1.653106e+04
61	75	54	5.591024e+03
61	75	57	4.180097e+02
61	75	58	1.512891e+04
61	75	59	2.852263e+04
61	75	65	4.876727e+02
61	75	66	-9.040035e+02
61	75	67	4.598212e+03
61	76	57	7.020955e+03
61	76	58	2.541075e+05
61	76	59	4.790705e+05
61	76	60	2.303395e+02
61	76	61	-2.621839e+02
61	76	62	2.607349e+03
61	76	65	7.041717e+02
61	76	66	-1.305330e+03
61	76	67	6.639557e+03
61	77	60	5.633125e+04
61	77	61	-6.411903e+04
61	77	62	6.376466e+05
61	78	60	7.244024e+04
61	78	61	-8.245508e+04
61	78	62	8.199937e+05
61	78	65	5.607764e+02
61	78	66	3.310341e+04
61	78	67	1.936214e+04
61	79	65	7.585805e+01
61	79	66	4.478006e+03
61	79	67	2.619180e+03
61	80	61	6.208299e+02
61	80	62	8.238331e+03
61	80	63	2.567441e+03
61	80	65	7.973093e+03
61	80	66	4.706627e+05
61	80	67	2.752900e+05
61	81	61	-7.617545e+02
61	81	62	-1.010838e+04
61	81	63	-3.150234e+03
61	82	61	6.890701e+03
61	82	62	9.143870e+04
61	82	63	2.849648e+04
62	54	74	6.487966e+02
62	54	75	9.783241e+02
62	54	76	1.102996e+04
62	55	74	6.683466e+03
62	55	75	1.007804e+04
62	55	76	1.136232e+05
62	56	74	2.068994e+04
62	56	75	3.119848e+04
62	56	76	3.517422e+05
62	59	62	2.417999e+03
62	59	63	-3.559450e+03
62	59	64	2.959793e+04
62	59	65	1.996971e+03
62	60	59	6.650124e+03
62	60	60	-2.493488e+03
62	60	61	8.715550e+04
62	60	62	9.333909e+02
62	60	63	2.132986e+04
62	60	64	5.177790e+05
62	60	65	2.092351e+05
62	61	59	6.413695e+04
62	61	60	-2.404838e+04
62	61	61	8.405690e+05
62	61	62	3.565696e+04
62	61	63	-2.235475e+04
62	61	64	1.108542e+06
62	61	65	3.061404e+05
62	62	59	1.609893e+04
62	62	60	-6.036351e+03
62	62	61	2.109901e+05
62	62	63	2.179913e+03
62	62	64	6.100017e+03
62	62	65	4.235601e+04
62	63	62	9.615315e+02
62	63	63	2.890317e+04
62	63	64	7.943495e+04
62	63	65	3.026181e+05
62	64	58	1.991544e+01
62	64	59	4.160763e+01
62	64	60	3.607270e+02
62	64	62	1.316817e+04
62	64	63	1.808288e+05
62	64	64	4.921374e+05
62	64	65	5.948377e+04
62	65	58	1.276430e+04
62	65	59	2.666735e+04
62	65	60	2.311988e+05
62	65	62	2.931056e+03
62	65	63	4.776005e+04
62	65	64	1.250142e+05
62	65	65	3.211070e+03
62	66	58	1.492518e+04
62	66	59	3.118189e+04
62	66	60	2.703387e+05
62	66	61	6.919206e+03
62	66	62	-2.926253e+03
62	66	63	1.373222e+05
62	66	64	6.545201e+05
62	66	65	2.600262e+05
62	67	59	9.771445e-02
62	67	60	1.215168e+03
62	67	61	3.722294e+04
62	67	62	3.777736e+04
62	67	63	3.089944e+05
62	67	64	1.127264e+06
62	67	65	4.953229e+05
62	67	66	2.895595e+04
62	67	67	7.377825e+03
62	67	69	6.697380e+00
62	67	70	1.077730e+02
62	67	71	2.717092e+02
62	68	59	7.449593e-03
62	68	60	1.667316e+04
62	68	61	4.989715e+05
62	68	62	6.094243e+05
62	68	63	1.573878e+06
62	68	64	8.214331e+05
62	68	65	2.750670e+05
62	68	66	4.410707e+05
62	68	67	1.627712e+04
62	68	68	2.831646e+03
62	68	69	1.231113e+05
62	68	70	4.614908e+03
62	68	71	7.557010e+03
62	69	56	3.790578e+03
62	69	57	-4.116385e+03
62	69	58	4.339459e+04
62	69	59	1.376984e+00
62	69	60	1.091311e+04
62	69	61	2.535654e+05
62	69	62	8.096280e+05
62	69	63	1.643942e+06
62	69	64	3.031410e+06
62	69	65	3.238136e+06
62	69	66	1.631595e+06
62	69	67	1.481149e+05
62	69	68	1.938730e+05
62	69	69	1.507524e+05
62	69	70	2.383660e+05
62	69	71	1.233550e+04
62	70	56	7.363672e+04
62	70	57	-4.436390e+04
62	70	58	8.711426e+05
62	70	60	5.422449e+04
62	70	61	1.374282e+06
62	70	62	1.295023e+06
62	70	63	2.293705e+06
62	70	64	3.403952e+06
62	70	65	3.967761e+06
62	70	66	1.617920e+06
62	70	67	1.019322e+06
62	70	68	3.583648e+05
62	70	69	1.604742e+06
62	70	70	4.976245e+05
62	70	71	1.046107e+05
62	70	72	-1.747973e+02
62	71	56	2.896459e+04
62	71	57	2.385990e+05
62	71	58	5.451016e+05
62	71	60	9.470516e+03
62	71	61	1.585335e+05
62	71	62	3.180948e+05
62	71	63	8.224156e+05
62	71	64	1.529007e+06
62	71	65	1.042780e+06
62	71	66	3.591633e+05
62	71	67	9.746304e+05
62	71	68	2.321324e+06
62	71	69	4.013609e+05
62	71	70	4.902309e+04
62	71	71	-2.398701e+04
62	71	72	-1.366549e+04
62	72	56	1.338639e+02
62	72	57	5.579570e+04
62	72	58	4.576167e+04
62	72	59	1.700387e+02
62	72	60	1.061639e+02
62	72	61	2.591295e+03
62	72	62	1.243139e+04
62	72	63	4.533460e+03
62	72	64	5.591758e+05
62	72	65	7.087185e+05
62	72	66	2.385937e+05
62	72	67	-1.358817e+04
62	72	68	1.195969e+06
62	72	69	9.531714e+04
62	72	70	-8.762213e+03
62	72	71	-8.445379e+04
62	72	72	-2.118872e+04
62	73	52	6.971435e+01
62	73	53	1.061617e+03
62	73	54	3.590529e+02
62	73	59	7.272448e+02
62	73	60	4.540565e+02
62	73	61	1.108281e+04
62	73	63	3.294125e+04
62	73	64	-1.049518e+04
62	73	65	6.274496e+05
62	73	66	2.859661e+05
62	73	67	1.906597e+05
62	74	52	1.056854e+04
62	74	53	1.609387e+05
62	74	54	5.443162e+04
62	74	57	6.432965e+02
62	74	58	2.328266e+04
62	74	59	4.764722e+04
62	74	60	2.342747e+03
62	74	61	5.718277e+04
62	74	63	3.318170e+04
62	74	64	-6.108097e+04
62	74	65	3.204057e+05
62	74	66	6.145616e+05
62	74	67	9.062379e+05
62	75	52	1.452378e+04
62	75	53	2.211695e+05
62	75	54	7.480246e+04
62	75	57	6.086741e+02
62	75	58	2.202958e+04
62	75	59	4.153249e+04
62	75	65	3.797224e+04
62	75	66	-7.030767e+04
62	75	67	3.613561e+05
62	75	68	1.732253e+03
62	76	57	1.022338e+04
62	76	58	3.700121e+05
62	76	59	6.975861e+05
62	76	65	5.482975e+04
62	76	66	-1.009178e+05
62	76	67	5.462196e+05
62	76	68	1.525381e+04
62	77	66	2.418092e+03
62	77	67	9.810722e+04
62	77	68	5.118732e+04
62	78	65	8.439654e+02
62	78	66	4.982045e+04
62	78	67	2.913992e+04
62	79	65	1.141660e+02
62	79	66	6.739375e+03
62	79	67	3.941852e+03
62	80	61	3.114343e+02
62	80	62	4.132692e+03
62	80	63	1.287936e+03
62	80	65	1.199946e+04
62	80	66	7.083448e+05
62	80	67	4.143100e+05
62	81	59	1.116160e+01
62	81	60	8.666536e+01
62	81	61	-3.638138e+02
62	81	62	-5.070788e+03
62	81	63	-1.580290e+03
62	82	59	5.328599e+01
62	82	60	4.137442e+02
62	82	61	3.544097e+03
62	82	62	4.586949e+04
62	82	63	1.429503e+04
62	83	59	2.559002e+02
62	83	60	1.986962e+03
62	83	61	4.198859e+02
63	62	63	6.837774e+03
63	62	64	1.913404e+04
63	62	65	1.328589e+05
63	63	63	4.885337e+04
63	63	64	1.367056e+05
63	63	65	9.492276e+05
63	64	58	4.838996e+01
63	64	59	1.010970e+02
63	64	60	8.764839e+02
63	64	62	4.681556e+03
63	64	63	3.911122e+04
63	64	64	1.462676e+05
63	64	65	1.865838e+05
63	65	58	3.101432e+04
63	65	59	6.479556e+04
63	65	60	5.617601e+05
63	65	62	-6.933688e+03
63	65	63	-4.370387e+04
63	65	64	-1.768335e+05
63	66	58	3.626476e+04
63	66	59	7.576485e+04
63	66	60	6.568610e+05
63	66	62	4.891635e+04
63	66	63	3.174911e+05
63	66	64	1.330538e+06
63	66	65	1.986285e+04
63	67	59	2.654886e+03
63	67	60	4.791101e+04
63	67	61	2.186771e+04
63	67	62	-4.137583e+03
63	67	63	1.983169e+05
63	67	64	7.548325e+05
63	67	65	1.669822e+05
63	67	66	1.126290e+01
63	67	69	3.082359e+02
63	67	70	4.960072e+03
63	67	71	1.250497e+04
63	68	59	2.024042e+02
63	68	60	4.040915e+03
63	68	61	3.447331e+05
63	68	62	-4.938034e+04
63	68	63	1.133586e+06
63	68	64	2.265374e+05
63	68	65	1.990348e+05
63	68	66	3.627668e+05
63	68	67	7.886161e+03
63	68	68	-2.523455e+03
63	68	69	1.093058e+05
63	68	70	1.379538e+05
63	68	71	3.477989e+05
63	69	56	2.647811e+03
63	69	57	-2.875395e+03
63	69	58	3.031218e+04
63	69	59	3.741244e+04
63	69	60	6.807084e+05
63	69	61	5.611297e+05
63	69	62	6.845100e+04
63	69	63	1.688956e+06
63	69	64	2.607474e+06
63	69	65	1.175172e+06
63	69	66	3.547599e+05
63	69	67	-1.167355e+04
63	69	68	4.950091e+05
63	69	69	2.084276e+05
63	69	70	6.254218e+04
63	69	71	1.576767e+05
63	70	56	5.137753e+04
63	70	57	-5.579352e+04
63	70	58	5.881707e+05
63	70	60	4.897368e+04
63	70	61	8.491589e+05
63	70	62	3.454548e+05
63	70	63	2.890899e+05
63	70	64	1.314614e+06
63	70	65	6.924813e+05
63	70	67	7.846336e+04
63	70	68	3.199112e+05
63	70	69	1.250609e+06
63	70	70	7.868282e+02
63	70	71	7.583772e+03
63	70	72	1.902702e+03
63	71	56	1.978107e+04
63	71	57	-2.148128e+04
63	71	58	2.264539e+05
63	71	60	1.048162e+04
63	71	61	1.442887e+05
63	71	62	5.292410e+04
63	71	63	1.517498e+05
63	71	64	2.437934e+05
63	71	65	1.102473e+05
63	71	70	6.151346e+04
63	71	71	5.928919e+05
63	71	72	1.487514e+05
63	72	59	3.110076e+03
63	72	60	1.941781e+03
63	72	61	4.739583e+04
63	72	70	9.537836e+04
63	72	71	9.192957e+05
63	72	72	2.306433e+05
63	73	52	1.905426e+02
63	73	53	2.901600e+03
63	73	54	9.813600e+02
63	73	59	1.330160e+04
63	73	60	8.304877e+03
63	73	61	2.027090e+05
63	74	52	2.888584e+04
63	74	53	4.398762e+05
63	74	54	1.487720e+05
63	74	59	6.863085e+04
63	74	60	4.284979e+04
63	74	61	1.045896e+06
63	74	65	5.229926e+02
63	74	66	-9.694762e+02
63	74	67	4.931239e+03
63	75	52	3.969626e+04
63	75	53	6.044983e+05
63	75	54	2.044494e+05
63	75	65	5.892744e+04
63	75	66	-1.093517e+05
63	75	67	5.508593e+05
63	75	68	-2.484028e+03
63	76	65	8.508787e+04
63	76	66	-1.587615e+05
63	76	67	7.603602e+05
63	76	68	-2.187376e+04
63	77	66	-3.467512e+03
63	77	67	-1.406845e+05
63	77	68	-7.340196e+04
63	80	61	9.304199e+03
63	80	62	1.234655e+05
63	80	63	3.847750e+04
63	81	59	3.798440e+03
63	81	60	2.949336e+04
63	81	61	-5.183642e+03
63	81	62	-1.514914e+05
63	81	63	-4.721166e+04
63	82	59	1.813392e+04
63	82	60	1.408026e+05
63	82	61	1.330234e+05
63	82	62	1.370365e+06
63	82	63	4.270686e+05
63	83	59	8.708621e+04
63	83	60	6.761893e+05
63	83	61	1.428927e+05
64	64	62	9.519214e+02
64	64	63	6.000075e+03
64	64	64	2.427735e+04
64	65	62	-1.409857e+03
64	65	63	-8.886501e+03
64	65	64	-3.595634e+04
64	66	62	9.946378e+03
64	66	63	6.269322e+04
64	66	64	2.536677e+05
64	67	59	2.591140e+03
64	67	60	4.676112e+04
64	67	61	1.894774e+04
64	67	62	2.828391e+03
64	67	63	7.755164e+04
64	67	64	4.798266e+04
64	67	69	5.426888e+02
64	67	70	8.732845e+03
64	67	71	2.201660e+04
64	68	59	1.975444e+02
64	68	60	3.797285e+03
64	68	61	3.548587e+05
64	68	62	3.902237e+05
64	68	63	-9.007255e+04
64	68	64	-5.572959e+04
64	68	67	2.176001e+00
64	68	68	5.382697e+02
64	68	69	1.550951e+04
64	68	70	2.428854e+05
64	68	71	6.123446e+05
64	69	59	3.651414e+04
64	69	60	6.591161e+05
64	69	61	5.134877e+05
64	69	62	3.097744e+05
64	69	63	8.735659e+05
64	69	64	5.660582e+05
64	69	65	1.863228e+04
64	69	67	4.549103e+02
64	69	68	1.125296e+05
64	69	69	9.376463e+04
64	69	70	1.101135e+05
64	69	71	2.776101e+05
64	70	63	3.295904e+03
64	70	64	5.337055e+05
64	70	65	3.874662e+05
64	70	67	3.433928e+02
64	70	68	8.494387e+04
64	70	69	6.561364e+04
64	71	63	1.312820e+03
64	71	64	2.125848e+05
64	71	65	1.543350e+05
64	72	59	1.162009e+03
64	72	60	7.255024e+02
64	72	61	1.770838e+04
64	72	62	3.977818e+02
64	72	63	3.932082e+02
64	72	69	3.646250e-01
64	72	70	9.257580e+01
64	72	71	1.185049e+02
64	73	59	4.969841e+03
64	73	60	3.102928e+03
64	73	61	7.573762e+04
64	73	62	1.000313e+03
64	73	63	9.888117e+02
64	73	69	5.536302e+01
64	73	70	1.405629e+04
64	73	71	1.799324e+04
64	74	59	2.564236e+04
64	74	60	1.600985e+04
64	74	61	3.907753e+05
64	74	62	7.521303e+03
64	74	63	7.434824e+03
64	74	69	3.976685e+01
64	74	70	1.009653e+04
64	74	71	1.292442e+04
64	75	66	8.650946e+02
64	75	67	3.509876e+04
64	75	68	1.831274e+04
64	76	66	7.617817e+03
64	76	67	3.090713e+05
64	76	68	1.612576e+05
64	77	66	2.556317e+04
64	77	67	1.037153e+06
64	77	68	5.411335e+05
64	81	59	3.049331e+03
64	81	60	2.367683e+04
64	81	61	5.003400e+03
64	82	59	1.455764e+04
64	82	60	1.130342e+05
64	82	61	2.388645e+04
64	83	59	6.991150e+04
64	83	60	5.428346e+05
64	83	61	1.147121e+05
65	61	64	1.434540e+01
65	61	65	1.603152e+02
65	61	66	4.469013e+01
65	62	64	8.961440e+01
65	62	65	1.001474e+03
65	62	66	2.791752e+02
65	63	64	3.645223e+02
65	63	65	4.073673e+03
65	63	66	1.135594e+03
65	65	77	3.670690e+01
65	65	78	4.925031e+02
65	65	79	1.545336e+02
65	66	77	1.593846e+03
65	66	78	2.138492e+04
65	66	79	6.709983e+03
65	67	77	2.851173e+03
65	67	78	3.825470e+04
65	67	79	1.200324e+04
65	72	61	1.346218e-01
65	72	62	1.612900e+04
65	72	63	1.594355e+04
65	72	69	2.878253e+00
65	72	70	7.307689e+02
65	72	71	9.354460e+02
65	73	61	3.385373e-01
65	73	62	4.056006e+04
65	73	63	4.009371e+04
65	73	69	4.370210e+02
65	73	70	1.109567e+05
65	73	71	1.420339e+05
65	74	61	2.545444e+00
65	74	62	3.049690e+05
65	74	63	3.014625e+05
65	74	69	3.139090e+02
65	74	70	7.969937e+04
65	74	71	1.020219e+05
66	47	87	5.226284e+00
66	47	88	7.216619e+02
66	47	89	5.099379e+02
66	48	87	-6.749374e+00
66	48	88	-9.319749e+02
66	48	89	-6.585485e+02
66	49	87	5.716021e+01
66	49	88	7.892862e+03
66	49	89	5.577224e+03
66	61	64	2.365413e+03
66	61	65	2.643437e+04
66	61	66	7.368956e+03
66	62	64	1.477652e+04
66	62	65	1.651331e+05
66	62	66	4.603321e+04
66	63	64	6.010609e+04
66	63	65	6.717079e+05
66	63	66	1.872481e+05
66	65	77	1.197817e+02
66	65	78	1.607133e+03
66	65	79	5.042730e+02
66	66	77	5.201029e+03
66	66	78	6.978314e+04
66	66	79	2.189598e+04
66	67	77	9.303931e+03
66	67	78	1.248325e+05
66	67	79	3.916891e+04
66	72	61	3.400879e-01
66	72	62	3.024626e+04
66	72	63	2.994424e+04
66	72	69	1.024450e+01
66	72	70	2.601010e+03
66	72	71	3.329512e+03
66	73	61	4.997150e+00
66	73	62	1.125321e+05
66	73	63	1.133565e+05
66	73	69	1.555479e+03
66	73	70	3.949256e+05
66	73	71	5.055382e+05
66	74	61	1.234050e+01
66	74	62	6.239398e+05
66	74	63	6.204892e+05
66	74	69	1.117290e+03
66	74	70	2.836722e+05
66	74	71	3.631244e+05
67	33	80	5.524665e+00
67	33	81	4.061159e+02
67	33	82	6.380850e+02
67	34	80	6.116960e+01
67	34	81	4.496553e+03
67	34	82	7.064937e+03
67	35	80	1.827405e+02
67	35	81	1.343318e+04
67	35	82	2.110607e+04
67	47	87	3.038909e+02
67	47	88	4.196222e+04
67	47	89	2.965118e+04
67	48	87	-3.924534e+02
67	48	88	-5.419121e+04
67	48	89	-3.829239e+04
67	49	87	3.323674e+03
67	49	88	4.589435e+05
67	49	89	3.242969e+05
67	61	64	1.722323e+03
67	61	65	1.924761e+04
67	61	66	5.365544e+03
67	62	64	1.075920e+04
67	62	65	1.202381e+05
67	62	66	3.351807e+04
67	63	64	4.376493e+04
67	63	65	4.890895e+05
67	63	66	1.363406e+05
67	65	77	7.441863e+02
67	65	78	9.984881e+03
67	65	79	3.132974e+03
67	66	77	3.231323e+04
67	66	78	4.335523e+05
67	66	79	1.360365e+05
67	67	77	5.780395e+04
67	67	78	7.755660e+05
67	67	79	2.433507e+05
67	72	61	6.621617e-01
67	72	62	5.830543e+03
67	72	63	6.083761e+03
67	73	61	3.066090e+01
67	73	62	2.699789e+05
67	73	63	2.817040e+05
67	74	61	5.389403e+01
67	74	62	4.745540e+05
67	74	63	4.951636e+05
68	33	80	5.697406e+01
68	33	81	4.188140e+03
68	33	82	6.580362e+03
68	34	80	6.308221e+02
68	34	81	4.637148e+04
68	34	82	7.285838e+04
68	35	80	1.884543e+03
68	35	81	1.385320e+05
68	35	82	2.176600e+05
68	47	87	5.039454e+02
68	47	88	6.958637e+04
68	47	89	4.917085e+04
68	48	87	-6.508095e+02
68	48	88	-8.986584e+04
68	48	89	-6.350065e+04
68	49	87	5.511683e+03
68	49	88	7.610706e+05
68	49	89	5.377848e+05
68	62	59	1.294900e+01
68	62	60	1.121308e+03
68	62	61	7.216797e+02
68	63	59	-1.612119e+01
68	63	60	-1.396000e+03
68	63	61	-8.984735e+02
68	64	59	1.431398e+02
68	64	60	1.239507e+04
68	64	61	7.977533e+03
68	72	61	1.277959e-01
68	72	62	1.125283e+03
68	72	63	1.174154e+03
68	73	61	5.917493e+00
68	73	62	5.210539e+04
68	73	63	5.436831e+04
68	74	61	1.040144e+01
68	74	62	9.158797e+04
68	74	63	9.556559e+04
69	33	80	1.762771e+02
69	33	81	1.295806e+04
69	33	82	2.035956e+04
69	34	80	1.951756e+03
69	34	81	1.434728e+05
69	34	82	2.254230e+05
69	35	80	5.830753e+03
69	35	81	4.286163e+05
69	35	82	6.734374e+05
69	62	59	8.202421e+02
69	62	60	7.102813e+04
69	62	61	4.571410e+04
69	63	59	-1.021181e+03
69	63	60	-8.842828e+04
69	63	61	-5.691293e+04
69	64	59	9.067053e+03
69	64	60	7.851534e+05
69	64	61	5.053290e+05
70	22	88	2.046547e+03
70	22	89	-1.674665e+03
70	22	90	2.474267e+04
70	23	88	-4.069395e+03
70	23	89	3.329937e+03
70	23	90	-4.919882e+04
70	24	88	1.848988e+04
70	24	89	-1.513005e+04
70	24	90	2.235419e+05
70	62	59	4.889970e+02
70	62	60	4.234426e+04
70	62	61	2.725300e+04
70	63	59	-6.087893e+02
70	63	60	-5.271757e+04
70	63	61	-3.392931e+04
70	64	59	5.405431e+03
70	64	60	4.680785e+05
70	64	61	3.012579e+05
71	22	88	1.549414e+04
71	22	89	-1.267867e+04
71	22	90	1.873236e+05
71	23	88	-3.080887e+04
71	23	89	2.521053e+04
71	23	90	-3.724780e+05
71	23	92	8.426290e+00
71	23	93	8.554853e+01
71	23	94	2.229582e+01
71	24	88	1.399845e+05
71	24	89	-1.145477e+05
71	24	90	1.692407e+06
71	24	92	1.449362e+02
71	24	93	1.471476e+03
71	24	94	3.834988e+02
71	25	92	5.243260e+01
71	25	93	5.323259e+02
71	25	94	1.387358e+02
72	22	88	3.204322e+03
72	22	89	-2.622058e+03
72	22	90	3.874012e+04
72	23	88	-6.371537e+03
72	23	89	5.213752e+03
72	23	90	-7.703162e+04
72	23	92	2.702221e+03
72	23	93	2.743450e+04
72	23	94	7.150030e+03
72	24	88	2.895000e+04
72	24	89	-2.368944e+04
72	24	90	3.500043e+05
72	24	92	4.647949e+04
72	24	93	4.718865e+05
72	24	94	1.229839e+05
72	25	92	1.681457e+04
72	25	93	1.707112e+05
72	25	94	4.449107e+04
72	75	73	1.366992e+03
72	75	74	-4.149681e+02
72	75	75	1.813283e+04
72	76	73	9.870996e+03
72	76	74	-2.996468e+03
72	76	75	1.309365e+05
72	77	73	1.958716e+03
72	77	74	-5.945936e+02
72	77	75	2.598192e+04
73	23	92	3.367607e+03
73	23	93	3.418988e+04
73	23	94	8.910630e+03
73	24	92	5.792445e+04
73	24	93	5.880822e+05
73	24	94	1.532671e+05
73	25	92	2.095494e+04
73	25	93	2.127466e+05
73	25	94	5.544641e+04
73	47	78	1.432334e+02
73	47	79	6.963922e+01
73	47	80	2.142017e+03
73	48	78	2.884919e+03
73	48	79	1.402631e+03
73	48	80	4.314320e+04
73	49	78	1.131428e+03
73	49	79	5.500934e+02
73	49	80	1.692020e+04
73	75	73	-1.580975e+03
73	75	74	4.799253e+02
73	75	75	-2.097127e+04
73	76	73	-1.141616e+04
73	76	74	3.465522e+03
73	76	75	-1.514327e+05
73	77	73	-2.265325e+03
73	77	74	6.876686e+02
73	77	75	-3.004901e+04
74	47	78	7.500380e+02
74	47	79	3.646641e+02
74	47	80	1.121662e+04
74	48	78	1.510681e+04
74	48	79	7.344840e+03
74	48	80	2.259183e+05
74	49	78	5.924693e+03
74	49	79	2.880551e+03
74	49	80	8.860221e+04
74	75	73	1.541206e+04
74	75	74	-4.678530e+03
74	75	75	2.044374e+05
74	76	73	1.112899e+05
74	76	74	-3.378348e+04
74	76	75	1.476235e+06
74	77	73	2.208342e+04
74	77	74	-6.703706e+03
74	77	75	2.929315e+05
75	47	78	3.396948e+03
75	47	79	1.651576e+03
75	47	80	5.080046e+04
75	48	78	6.841926e+04
75	48	79	3.326504e+04
75	48	80	1.023192e+06
75	49	78	2.683314e+04
75	49	79	1.304611e+04
75	49	80	4.012825e+05
76	17	81	1.407886e+03
76	17	82	1.026982e+04
76	17	83	2.056192e+03
76	18	81	7.179530e+02
76	18	82	5.237106e+03
76	18	83	1.048557e+03
76	19	81	2.112378e+04
76	19	82	1.540873e+05
76	19	83	3.085089e+04
76	66	66	2.016127e+02
76	66	67	7.835339e+02
76	66	68	4.311097e+03
76	67	66	-2.486565e+02
76	67	67	-9.663614e+02
76	67	68	-5.317036e+03
76	68	66	2.234534e+03
76	68	67	8.684139e+03
76	68	68	4.778117e+04
77	17	81	9.525687e+03
77	17	82	6.948509e+04
77	17	83	1.391209e+04
77	18	81	4.857633e+03
77	18	82	3.543855e+04
77	18	83	7.184662e+03
77	18	84	3.504609e+01
77	19	81	1.429224e+05
77	19	82	1.044524e+06
77	19	83	2.478225e+05
77	19	84	1.519021e+04
77	20	82	1.627711e+03
77	20	83	3.218244e+04
77	20	84	1.250693e+04
77	32	93	1.647442e+00
77	32	94	7.696953e+01
77	32	95	1.349069e+02
77	33	93	3.834060e+02
77	33	94	1.789236e+04
77	33	95	3.136974e+04
77	34	93	4.743035e+02
77	34	94	2.243765e+04
77	34	95	3.920246e+04
77	37	80	3.805339e+02
77	37	81	6.630947e+03
77	37	82	2.415477e+03
77	38	80	6.680749e+02
77	38	81	1.217772e+04
77	38	82	4.676761e+03
77	39	80	6.654030e+03
77	39	81	1.177285e+05
77	39	82	4.368421e+04
77	40	80	4.123346e+01
77	40	81	1.164378e+04
77	40	82	9.146123e+03
77	40	86	4.767541e+00
77	40	87	9.262957e+01
77	40	88	3.568703e+01
77	40	90	3.369890e+00
77	40	91	-5.556362e+00
77	40	92	3.370151e+01
77	41	86	7.736824e+02
77	41	87	1.503204e+04
77	41	88	5.791335e+03
77	41	90	2.607091e+01
77	41	91	-4.298639e+01
77	41	92	2.607293e+02
77	42	86	5.618858e+02
77	42	87	1.091700e+04
77	42	88	4.205949e+03
77	42	90	5.492355e+00
77	42	91	-9.055936e+00
77	42	92	5.492781e+01
77	66	66	1.487836e+03
77	66	67	5.782225e+03
77	66	68	3.181449e+04
77	67	66	-1.835004e+03
77	67	67	-7.131433e+03
77	67	68	-3.923799e+04
77	68	66	1.649013e+04
77	68	67	6.408612e+04
77	68	68	3.526095e+05
78	13	79	1.852194e+02
78	13	80	1.226847e+03
78	13	81	2.250196e+02
78	14	79	-1.265179e+02
78	14	80	-8.380227e+02
78	14	81	-1.537043e+02
78	15	79	2.297742e+03
78	15	80	1.521966e+04
78	15	81	2.791484e+03
78	17	81	1.782020e+03
78	17	82	1.299894e+04
78	17	83	2.602607e+03
78	18	81	9.087429e+02
78	18	82	6.693992e+03
78	18	83	2.615725e+03
78	18	84	5.007538e+02
78	19	81	2.673724e+04
78	19	82	2.232819e+05
78	19	83	5.975405e+05
78	19	84	2.170443e+05
78	20	82	2.325744e+04
78	20	83	4.598366e+05
78	20	84	1.787045e+05
78	32	93	2.232240e+01
78	32	94	7.694058e+02
78	32	95	1.471301e+03
78	33	93	5.346277e+03
78	33	94	1.840079e+05
78	33	95	3.520328e+05
78	34	93	4.387889e+03
78	34	94	1.548400e+05
78	34	95	2.939048e+05
78	37	80	3.047944e+03
78	37	81	5.311156e+04
78	37	82	1.934712e+04
78	38	80	5.387112e+03
78	38	81	1.077236e+05
78	38	82	4.545894e+04
78	39	80	5.341612e+04
78	39	81	9.767591e+05
78	39	82	3.764411e+05
78	40	80	1.065017e+03
78	40	81	3.007466e+05
78	40	82	2.362347e+05
78	40	86	7.108325e+01
78	40	87	1.381092e+03
78	40	88	5.320878e+02
78	40	90	1.093532e+04
78	40	91	-1.803044e+04
78	40	92	1.093617e+05
78	41	86	1.153548e+04
78	41	87	2.241252e+05
78	41	88	8.634786e+04
78	41	90	8.460034e+04
78	41	91	-1.394912e+05
78	41	92	8.460690e+05
78	42	86	8.377625e+03
78	42	87	1.627707e+05
78	42	88	6.271002e+04
78	42	90	1.782274e+04
78	42	91	-2.938660e+04
78	42	92	1.782412e+05
78	66	66	5.497309e+03
78	66	67	2.136436e+04
78	66	68	1.175493e+05
78	67	66	-6.780035e+03
78	67	67	-2.634946e+04
78	67	68	-1.449779e+05
78	68	66	6.092831e+04
78	68	67	2.367876e+05
78	68	68	1.302834e+06
78	85	40	5.934178e+02
78	85	41	1.456793e+04
78	85	42	6.263088e+03
78	86	40	-1.116643e+03
78	86	41	-2.741268e+04
78	86	42	-1.178534e+04
78	87	40	5.547417e+03
78	87	41	1.361846e+05
78	87	42	5.854890e+04
79	13	79	1.133530e+04
79	13	80	7.508217e+04
79	13	81	1.377104e+04
79	14	79	-7.742810e+03
79	14	80	-5.128642e+04
79	14	81	-9.406595e+03
79	15	79	1.406202e+05
79	15	80	9.314329e+05
79	15	81	1.708369e+05
79	18	82	2.123945e+01
79	18	83	4.199377e+02
79	18	84	1.631987e+02
79	19	82	9.205924e+03
79	19	83	1.820158e+05
79	19	84	7.073606e+04
79	20	82	7.579744e+03
79	20	83	1.498636e+05
79	20	84	5.824090e+04
79	32	93	5.397770e+01
79	32	94	2.164104e+03
79	32	95	3.953643e+03
79	33	93	1.275994e+04
79	33	94	5.098069e+05
79	33	95	9.323026e+05
79	34	93	1.287348e+04
79	34	94	5.400179e+05
79	34	95	9.740773e+05
79	37	80	6.611141e+02
79	37	81	1.152016e+04
79	37	82	4.196487e+03
79	38	80	1.267064e+03
79	38	81	5.120148e+04
79	38	82	3.172505e+04
79	39	80	1.191332e+04
79	39	81	3.042326e+05
79	39	82	1.542070e+05
79	40	80	2.239223e+03
79	40	81	6.323269e+05
79	40	82	4.966892e+05
79	40	86	1.851610e+02
79	40	87	3.597532e+03
79	40	88	1.386007e+03
79	40	90	1.019070e+04
79	40	91	-1.680268e+04
79	40	92	1.019149e+05
79	41	84	3.857955e+01
79	41	85	3.613235e+01
79	41	86	3.066052e+04
79	41	87	5.838120e+05
79	41	88	2.249230e+05
79	41	90	7.883957e+04
79	41	91	-1.299927e+05
79	41	92	7.884569e+05
79	42	84	3.070947e+02
79	42	85	2.876150e+02
79	42	86	2.669691e+04
79	42	87	4.239927e+05
79	42	88	1.633500e+05
79	42	90	1.660912e+04
79	42	91	-2.738555e+04
79	42	92	1.661041e+05
79	43	84	6.626653e+01
79	43	85	6.206308e+01
79	43	86	1.051841e+03
79	85	40	-6.563629e+02
79	85	41	-1.611318e+04
79	85	42	-6.927428e+03
79	86	40	1.235087e+03
79	86	41	3.032040e+04
79	86	42	1.303544e+04
79	87	40	-6.135843e+03
79	87	41	-1.506300e+05
79	87	42	-6.475930e+04
80	13	79	6.695593e+03
80	13	80	4.434992e+04
80	13	81	8.134351e+03
80	14	79	-4.573562e+03
80	14	80	-3.029412e+04
80	14	81	-5.556335e+03
80	15	79	8.306228e+04
80	15	80	5.501836e+05
80	15	81	1.009108e+05
80	26	91	2.346673e-02
80	26	92	5.251433e+01
80	26	93	4.823519e+01
80	27	91	7.198087e+00
80	27	92	1.610802e+04
80	27	93	1.479546e+04
80	28	91	5.710360e+00
80	28	92	1.277876e+04
80	28	93	1.173748e+04
80	41	84	6.220339e+03
80	41	85	5.825768e+03
80	41	86	9.873471e+04
80	42	84	4.951415e+04
80	42	85	4.637335e+04
80	42	86	7.859323e+05
80	43	84	1.068443e+04
80	43	85	1.000669e+04
80	43	86	1.695926e+05
80	85	40	6.764210e+03
80	85	41	1.660559e+05
80	85	42	7.139125e+04
80	86	40	-1.272831e+04
80	86	41	-3.124697e+05
80	86	42	-1.343379e+05
80	87	40	6.323350e+04
80	87	41	1.552332e+06
80	87	42	6.673831e+05
81	19	83	1.816349e+02
81	19	84	1.717000e+03
81	19	85	4.245697e+02
81	20	83	5.123948e+03
81	20	84	4.843684e+04
81	20	85	1.197718e+04
81	21	83	2.336503e+03
81	21	84	2.208703e+04
81	21	85	5.461552e+03
81	26	91	5.874149e-01
81	26	92	1.314529e+03
81	26	93	1.207414e+03
81	27	91	1.801812e+02
81	27	92	4.032131e+05
81	27	93	3.703572e+05
81	28	91	1.429407e+02
81	28	92	3.198756e+05
81	28	93	2.938105e+05
81	41	84	4.512749e+03
81	41	85	4.226494e+03
81	41	86	7.163033e+04
81	42	84	3.592167e+04
81	42	85	3.364306e+04
81	42	86	5.701803e+05
81	43	84	7.751367e+03
81	43	85	7.259679e+03
81	43	86	1.230365e+05
82	19	83	3.640138e+02
82	19	84	3.441033e+03
82	19	85	8.508785e+02
82	20	83	1.026889e+04
82	20	84	9.707209e+04
82	20	85	2.400341e+04
82	21	83	4.682577e+03
82	21	84	4.426454e+04
82	21	85	1.094548e+04
82	26	91	2.547028e-01
82	26	92	5.699791e+02
82	26	93	5.235343e+02
82	27	91	7.812647e+01
82	27	92	1.748330e+05
82	27	93	1.605867e+05
82	28	91	6.197902e+01
82	28	92	1.386979e+05
82	28	93	1.273961e+05
83	19	83	3.260715e+03
83	19	84	3.082364e+04
83	19	85	7.621888e+03
83	20	83	9.198528e+04
83	20	84	8.695396e+05
83	20	85	2.150146e+05
83	21	83	4.194498e+04
83	21	84	3.965071e+05
83	21	85	9.804595e+04
84	117	124	4.689484e+00
84	117	125	2.359943e+02
84	117	126	4.057974e+02
84	118	124	9.627039e+01
84	118	125	4.844725e+03
84	118	126	8.330614e+03
84	119	124	2.200853e+02
84	119	125	1.107561e+04
84	119	126	1.904475e+04
85	20	85	1.550223e-02
85	20	86	1.316166e-01
85	20	87	2.993960e-02
85	21	85	4.689289e+01
85	21	86	3.981286e+02
85	21	87	9.056465e+01
85	22	85	5.041354e+01
85	22	86	4.280195e+02
85	22	87	9.736411e+01
85	117	124	5.402316e+01
85	117	125	2.718670e+03
85	117	126	4.674813e+03
85	118	124	1.109041e+03
85	118	125	5.581156e+04
85	118	126	9.596922e+04
85	119	124	2.535397e+03
85	119	125	1.275917e+05
85	119	126	2.193968e+05
86	20	85	1.519388e+01
86	20	86	1.289986e+02
86	20	87	2.934407e+01
86	21	85	4.596014e+04
86	21	86	3.902094e+05
86	21	87	8.876322e+04
86	22	85	4.941076e+04
86	22	86	4.195058e+05
86	22	87	9.542743e+04
86	24	121	6.270376e-01
86	24	122	6.046150e+01
86	24	123	3.984159e+01
86	25	121	2.224782e+01
86	25	122	2.145225e+03
86	25	123	1.413613e+03
86	26	121	4.219588e+01
86	26	122	4.068697e+03
86	26	123	2.681101e+03
86	117	124	1.583270e+02
86	117	125	7.967673e+03
86	117	126	1.370059e+04
86	118	124	3.250295e+03
86	118	125	1.635683e+05
86	118	126	2.812594e+05
86	119	124	7.430553e+03
86	119	125	3.739362e+05
86	119	126	6.429918e+05
87	20	85	1.335813e+01
87	20	86	1.134128e+02
87	20	87	2.579867e+01
87	21	85	4.040717e+04
87	21	86	3.430637e+05
87	21	87	7.803871e+04
87	22	85	4.344088e+04
87	22	86	3.688204e+05
87	22	87	8.389774e+04
87	24	121	4.765919e+01
87	24	122	4.595492e+03
87	24	123	3.028237e+03
87	25	121	1.690988e+03
87	25	122	1.630519e+05
87	25	123	1.074444e+05
87	26	121	3.207179e+03
87	26	122	3.092491e+05
87	26	123	2.037822e+05
88	24	121	7.434236e+01
88	24	122	7.168391e+03
88	24	123	4.723669e+03
88	25	121	2.637730e+03
88	25	122	2.543406e+05
88	25	123	1.675998e+05
88	26	121	5.002796e+03
88	26	122	4.823898e+05
88	26	123	3.178747e+05
88	88	38	1.909866e+01
88	88	39	3.722228e+02
88	88	40	1.436266e+02
88	89	38	8.835168e+02
88	89	39	1.721928e+04
88	89	40	6.644265e+03
88	90	38	1.553390e+03
88	90	39	3.027476e+04
88	90	40	1.168188e+04
89	88	38	3.935332e+02
89	88	39	7.669754e+03
89	88	40	2.959467e+03
89	89	38	1.820511e+04
89	89	39	3.548081e+05
89	89	40	1.369069e+05
89	90	38	3.200804e+04
89	90	39	6.238199e+05
89	90	40	2.407084e+05
90	88	38	1.560584e+02
90	88	39	3.041497e+03
90	88	40	1.173598e+03
90	89	38	7.219369e+03
90	89	39	1.407017e+05
90	89	40	5.429144e+04
90	90	38	1.269302e+04
90	90	39	2.473803e+05
90	90	40	9.545467e+04
95	21	95	2.725736e-01
95	21	96	4.919087e+00
95	21	97	1.825179e+00
95	22	95	2.436400e+03
95	22	96	4.396928e+04
95	22	97	1.631437e+04
95	23	95	2.541406e+03
95	23	96	4.586430e+04
95	23	97	1.701750e+04
96	21	95	9.214291e-02
96	21	96	1.662887e+00
96	21	97	6.169977e-01
96	22	95	8.236200e+02
96	22	96	1.486372e+04
96	22	97	5.515038e+03
96	23	95	8.591169e+02
96	23	96	1.550433e+04
96	23	97	5.752729e+03
97	21	95	3.992161e+00
97	21	96	7.204582e+01
97	21	97	2.673189e+01
97	22	95	3.568395e+04
97	22	96	6.439820e+05
97	22	97	2.389432e+05
97	23	95	3.722189e+04
97	23	96	6.717368e+05
97	23	97	2.492413e+05
99	24	91	2.652826e+00
99	24	92	-3.715757e+00
99	24	93	2.827354e+01
99	25	91	3.315441e+01
99	25	92	-4.643867e+01
99	25	93	3.533561e+02
99	26	91	9.950450e+00
99	26	92	-1.393738e+01
99	26	93	1.060508e+02
100	24	91	5.535754e+03
100	24	92	-7.753812e+03
100	24	93	5.899947e+04
100	25	91	6.918457e+04
100	25	92	-9.690535e+04
100	25	93	7.373618e+05
100	26	91	2.076399e+04
100	26	92	-2.908367e+04
100	26	93	2.213003e+05
101	24	91	6.039405e+03
101	24	92	-8.459266e+03
101	24	93	6.436733e+04
101	25	91	7.547909e+04
101	25	92	-1.057219e+05
101	25	93	8.044481e+05
101	26	91	2.265312e+04
101	26	92	-3.172975e+04
101	26	93	2.414346e+05
102	29	87	4.319712e-01
102	29	88	3.806684e+02
102	29	89	4.350728e+02
102	30	87	9.740648e+00
102	30	88	8.583807e+03
102	30	89	9.810587e+03
102	31	87	4.030626e+00
102	31	88	3.551931e+03
102	31	89	4.059566e+03
102	100	2	7.881423e-02
102	100	3	1.184373e+00
102	100	4	3.975330e-01
102	101	2	6.041773e-01
102	101	3	9.079212e+00
102	101	4	3.047425e+00
102	102	2	1.262920e-01
102	102	3	1.897840e+00
102	102	4	6.370073e-01
103	29	87	2.095952e+01
103	29	88	1.847028e+04
103	29	89	2.111001e+04
103	30	87	4.726225e+02
103	30	88	4.164918e+05
103	30	89	4.760160e+05
103	31	87	1.955686e+02
103	31	88	1.723420e+05
103	31	89	1.969728e+05
103	100	2	4.772092e+03
103	100	3	7.171213e+04
103	100	4	2.407007e+04
103	101	2	3.658209e+04
103	101	3	5.497337e+05
103	101	4	1.845173e+05
103	102	2	7.646805e+03
103	102	3	1.149116e+05
103	102	4	3.856991e+04
104	29	87	1.158093e+01
104	29	88	1.020553e+04
104	29	89	1.166408e+04
104	30	87	2.611418e+02
104	30	88	2.301275e+05
104	30	89	2.630169e+05
104	31	87	1.080590e+02
104	31	88	9.522547e+04
104	31	89	1.088349e+05
104	100	2	4.695068e+03
104	100	3	7.055465e+04
104	100	4	2.368157e+04
104	101	2	3.599164e+04
104	101	3	5.408607e+05
104	101	4	1.815391e+05
104	102	2	7.523381e+03
104	102	3	1.130568e+05
104	102	4	3.794736e+04
107	4	109	9.234804e+00
107	4	110	2.490710e+01
107	4	111	1.777194e+02
107	5	109	1.102316e+03
107	5	110	2.973046e+03
107	5	111	2.121355e+04
107	6	109	7.583423e+02
107	6	110	2.045318e+03
107	6	111	1.459393e+04
108	4	109	1.117638e+02
108	4	110	3.014371e+02
108	4	111	2.150842e+03
108	5	109	1.334074e+04
108	5	110	3.598117e+04
108	5	111	2.567361e+05
108	6	109	9.177808e+03
108	6	110	2.475337e+04
108	6	111	1.766225e+05
109	4	109	3.199602e+02
109	4	110	8.629615e+02
109	4	111	6.157481e+03
109	5	109	3.819219e+04
109	5	110	1.030078e+05
109	5	111	7.349903e+05
109	6	109	2.627445e+04
109	6	110	7.086455e+04
109	6	111	5.056392e+05
118	66	73	6.412373e+00
118	66	74	7.601258e+00
118	66	75	1.049623e+02
118	67	73	5.091113e+01
118	67	74	6.035030e+01
118	67	75	8.333495e+02
118	68	73	1.806333e+02
118	68	74	2.141236e+02
118	68	75	2.956734e+03
119	66	73	1.670022e+03
119	66	74	1.979652e+03
119	66	75	2.733610e+04
119	67	73	1.325916e+04
119	67	74	1.571748e+04
119	67	75	2.170354e+05
119	68	73	4.704366e+04
119	68	74	5.576579e+04
119	68	75	7.700440e+05
120	66	73	1.298598e+03
120	66	74	1.539364e+03
120	66	75	2.125637e+04
120	67	73	1.031024e+04
120	67	74	1.222180e+04
120	67	75	1.687653e+05
120	68	73	3.658084e+04
120	68	74	4.336310e+04
120	68	75	5.987811e+05
