0.3638	-3.804379e+00	2
58	69	62	3.222670e-20
58	69	63	1.740494e+03
58	69	64	1.740494e+03
58	70	62	4.041504e-19
58	70	63	2.182729e+04
58	70	64	2.182729e+04
58	71	62	1.215623e-19
58	71	63	6.565318e+03
58	71	64	6.565318e+03
59	69	62	2.175170e-19
59	69	63	1.174762e+04
59	69	64	1.174762e+04
59	70	62	2.727850e-18
59	70	63	1.473253e+05
59	70	64	1.473253e+05
59	71	62	8.204959e-19
59	71	63	4.431321e+04
59	71	64	4.431321e+04
60	69	62	8.456067e-19
60	69	63	4.566939e+04
60	69	64	4.566939e+04
60	70	62	1.060463e-17
60	70	63	5.727334e+05
60	70	64	5.727334e+05
60	71	62	3.189713e-18
60	71	63	1.722695e+05
60	71	64	1.722695e+05
66	55	62	3.212367e-20
66	55	63	1.740494e+03
66	55	64	1.740494e+03
66	56	62	2.480269e-20
66	56	63	1.343835e+03
66	56	64	1.343835e+03
66	57	62	4.992294e-19
66	57	63	2.704877e+04
66	57	64	2.704877e+04
67	55	62	7.465325e-19
67	55	63	4.044791e+04
67	55	64	4.044791e+04
67	56	62	5.763977e-19
67	56	63	3.122983e+04
67	56	64	3.122983e+04
67	57	62	1.160176e-17
67	57	63	6.285952e+05
67	57	64	6.285952e+05
68	55	62	3.131927e-19
68	55	63	1.696911e+04
68	55	64	1.696911e+04
68	56	62	2.418160e-19
68	56	63	1.310185e+04
68	56	64	1.310185e+04
68	57	62	4.867283e-18
68	57	63	2.637145e+05
68	57	64	2.637145e+05
