0.0226	-4.385950e+06	762
32	77	62	3.903343e+00
32	77	63	1.400907e+03
32	77	64	1.725253e+03
32	78	62	5.361187e+00
32	78	63	1.924125e+03
32	78	64	2.369611e+03
32	79	62	6.533665e+01
32	79	63	2.344927e+04
32	79	64	2.887839e+04
33	77	62	2.671914e+01
33	77	63	9.589477e+03
33	77	64	1.180969e+04
33	78	62	3.669836e+01
33	78	63	1.317101e+04
33	78	64	1.622045e+04
33	79	62	4.472420e+02
33	79	63	1.605148e+05
33	79	64	1.976782e+05
34	77	62	1.030327e+02
34	77	63	3.697835e+04
34	77	64	4.554349e+04
34	77	65	1.044120e+02
34	77	66	4.773540e+01
34	78	62	1.415140e+02
34	78	63	5.078924e+04
34	78	64	6.267524e+04
34	78	65	3.604362e+03
34	78	66	1.647853e+03
34	79	62	1.724627e+03
34	79	63	6.189673e+05
34	79	64	7.623370e+05
34	79	65	1.776983e+03
34	79	66	8.124067e+02
35	77	64	3.704542e+02
35	77	65	1.051747e+04
35	77	66	4.808409e+03
35	78	64	1.278829e+04
35	78	65	3.630691e+05
35	78	66	1.659890e+05
35	79	54	3.777327e-01
35	79	55	8.763676e+01
35	79	56	1.134434e+02
35	79	64	6.304744e+03
35	79	65	1.789964e+05
35	79	66	8.183410e+04
35	80	54	9.278471e-01
35	80	55	2.152673e+02
35	80	56	2.786576e+02
35	81	54	7.101337e+00
35	81	55	1.647562e+03
35	81	56	2.132724e+03
35	83	68	2.935930e-01
35	83	69	9.833477e+00
35	83	70	4.794257e+00
35	84	68	1.749540e+03
35	84	69	5.859832e+04
35	84	70	2.856929e+04
35	85	68	1.842273e+03
35	85	69	6.170430e+04
35	85	70	3.008359e+04
36	66	87	5.375011e+02
36	66	88	1.214376e+04
36	66	89	5.029499e+03
36	67	87	-7.781567e+02
36	67	88	-1.758089e+04
36	67	89	-7.281358e+03
36	68	87	5.663044e+03
36	68	88	1.279451e+05
36	68	89	5.299017e+04
36	77	64	5.460239e+02
36	77	65	1.550202e+04
36	77	66	7.087262e+03
36	78	64	1.884905e+04
36	78	65	5.351387e+05
36	78	66	2.446563e+05
36	79	54	9.694629e+01
36	79	55	2.249225e+04
36	79	56	2.911560e+04
36	79	64	9.292756e+03
36	79	65	2.638282e+05
36	79	66	1.206178e+05
36	80	54	2.381349e+02
36	80	55	5.524903e+04
36	80	56	7.151835e+04
36	81	54	1.822580e+03
36	81	55	4.228520e+05
36	81	56	5.473703e+05
36	83	61	4.233293e+02
36	83	62	3.753343e+03
36	83	63	8.836069e+02
36	83	68	-3.308890e-01
36	83	69	-1.108265e+01
36	83	70	-5.403286e+00
36	84	61	5.903469e+03
36	84	62	5.234162e+04
36	84	63	1.232219e+04
36	84	68	-1.971789e+03
36	84	69	-6.604224e+04
36	84	70	-3.219853e+04
36	85	61	1.896282e+03
36	85	62	1.681291e+04
36	85	63	3.958073e+03
36	85	68	-2.076303e+03
36	85	69	-6.954278e+04
36	85	70	-3.390520e+04
37	66	87	-5.676632e+02
37	66	88	-1.282521e+04
37	66	89	-5.311731e+03
37	67	87	8.218232e+02
37	67	88	1.856745e+04
37	67	89	7.689954e+03
37	68	87	-5.980828e+03
37	68	88	-1.351248e+05
37	68	89	-5.596373e+04
37	79	54	7.524364e+01
37	79	55	1.745708e+04
37	79	56	2.259771e+04
37	79	69	9.292695e+00
37	79	70	1.806250e+02
37	79	71	4.217445e+02
37	80	54	1.848254e+02
37	80	55	4.288084e+04
37	80	56	5.550807e+04
37	80	69	1.392770e+02
37	80	70	2.707171e+03
37	80	71	6.321022e+03
37	81	54	1.414573e+03
37	81	55	3.281912e+05
37	81	56	4.248346e+05
37	81	69	4.667710e+01
37	81	70	9.072773e+02
37	81	71	2.118418e+03
37	83	61	8.312958e+02
37	83	62	7.370476e+03
37	83	63	1.735147e+03
37	83	68	3.331465e+00
37	83	69	1.115826e+02
37	83	70	5.440151e+01
37	84	61	1.159270e+04
37	84	62	1.027837e+05
37	84	63	2.419721e+04
37	84	68	1.985242e+04
37	84	69	6.649282e+05
37	84	70	3.241821e+05
37	85	61	3.723748e+03
37	85	62	3.301568e+04
37	85	63	7.772505e+03
37	85	68	2.090469e+04
37	85	69	7.001725e+05
37	85	70	3.413652e+05
38	66	87	6.192451e+03
38	66	88	1.399060e+05
38	66	89	5.794393e+04
38	67	87	-8.964999e+03
38	67	88	-2.025462e+05
38	67	89	-8.388718e+04
38	68	87	6.524289e+04
38	68	88	1.474032e+06
38	68	89	6.104899e+05
38	79	69	8.879041e+02
38	79	70	1.725847e+04
38	79	71	4.029711e+04
38	80	69	1.330773e+04
38	80	70	2.586664e+05
38	80	71	6.039649e+05
38	81	69	4.459932e+03
38	81	70	8.668909e+04
38	81	71	2.024119e+05
38	82	63	1.798123e+02
38	82	64	1.392529e+03
38	82	65	2.936188e+02
38	83	61	7.567208e+03
38	83	62	6.709275e+04
38	83	63	1.961702e+04
38	83	64	2.959991e+04
38	83	65	6.241227e+03
38	84	61	1.055272e+05
38	84	62	9.356308e+05
38	84	63	2.288881e+05
38	84	64	6.678077e+04
38	84	65	1.408092e+04
38	85	61	3.389692e+04
38	85	62	3.005386e+05
38	85	63	7.075238e+04
39	69	73	7.912017e-01
39	69	74	3.739943e+02
39	69	75	3.105071e+02
39	70	73	9.255797e+01
39	70	74	4.375135e+04
39	70	75	3.632437e+04
39	71	73	1.327628e+02
39	71	74	6.275583e+04
39	71	75	5.210276e+04
39	77	74	1.121700e+02
39	77	75	6.952868e+02
39	77	76	1.196733e+02
39	78	74	-1.903970e+02
39	78	75	-1.180178e+03
39	78	76	-2.031331e+02
39	79	69	5.839525e+02
39	79	70	1.135047e+04
39	79	71	2.650241e+04
39	79	74	1.106878e+03
39	79	75	6.860998e+03
39	79	76	1.180920e+03
39	80	69	8.752163e+03
39	80	70	1.701185e+05
39	80	71	3.972127e+05
39	81	69	2.933187e+03
39	81	70	5.701326e+04
39	81	71	1.331213e+05
39	82	63	2.051541e+03
39	82	64	1.588784e+04
39	82	65	3.349998e+03
39	83	63	4.360802e+04
39	83	64	3.377155e+05
39	83	65	7.120831e+04
39	84	63	9.838466e+04
39	84	64	7.619247e+05
39	84	65	1.606541e+05
40	69	73	-1.063424e+00
40	69	74	-5.026712e+02
40	69	75	-4.173406e+02
40	70	73	-1.244036e+02
40	70	74	-5.880450e+04
40	70	75	-4.882218e+04
40	71	73	-1.784413e+02
40	71	74	-8.434768e+04
40	71	75	-7.002930e+04
40	77	74	1.575009e+04
40	77	75	9.762709e+04
40	77	76	1.680365e+04
40	78	74	-2.673415e+04
40	78	75	-1.657120e+05
40	78	76	-2.852246e+04
40	79	74	1.554198e+05
40	79	75	9.633712e+05
40	79	76	1.658161e+05
40	82	63	5.799824e+02
40	82	64	4.491584e+03
40	82	65	9.470637e+02
40	83	63	1.232824e+04
40	83	64	9.547412e+04
40	83	65	2.013100e+04
40	84	63	2.781391e+04
40	84	64	2.154005e+05
40	84	65	4.541783e+04
41	69	73	8.547566e+00
41	69	74	4.040361e+03
41	69	75	3.354492e+03
41	70	73	9.999287e+02
41	70	74	4.726577e+05
41	70	75	3.924220e+05
41	71	73	1.434272e+03
41	71	74	6.779682e+05
41	71	75	5.628802e+05
41	77	74	1.116211e+04
41	77	75	6.918846e+04
41	77	76	1.190877e+04
41	78	74	-1.894653e+04
41	78	75	-1.174403e+05
41	78	76	-2.021391e+04
41	79	74	1.101462e+05
41	79	75	6.827425e+05
41	79	76	1.175141e+05
41	80	62	4.914914e+02
41	80	63	8.230666e+03
41	80	64	2.934980e+03
41	81	62	5.680658e+03
41	81	63	9.513004e+04
41	81	64	3.392250e+04
41	82	62	1.619966e+03
41	82	63	2.712845e+04
41	82	64	9.673758e+03
42	75	56	2.601819e+01
42	75	57	5.067471e+03
42	75	58	3.786029e+03
42	76	56	7.362453e+01
42	76	57	1.433959e+04
42	76	58	1.071345e+04
42	77	56	5.070338e+02
42	77	57	9.875320e+04
42	77	58	7.378087e+04
42	80	62	4.054797e+03
42	80	63	6.790288e+04
42	80	64	2.421355e+04
42	81	62	4.686535e+04
42	81	63	7.848215e+05
42	81	64	2.798602e+05
42	82	60	1.994748e+01
42	82	61	2.311901e+02
42	82	62	1.404029e+04
42	82	63	2.238093e+05
42	82	64	7.980837e+04
42	83	60	3.223544e+02
42	83	61	3.736068e+03
42	83	62	1.091771e+04
42	83	71	2.660062e+02
42	83	72	-3.601746e+02
42	83	73	2.866972e+03
42	84	60	1.127278e+02
42	84	61	1.306509e+03
42	84	62	3.817939e+03
42	84	71	5.704142e+03
42	84	72	-7.723456e+03
42	84	73	6.147833e+04
42	85	71	2.305592e+03
42	85	72	-3.121792e+03
42	85	73	2.484931e+04
43	64	84	1.283595e+02
43	64	85	2.225195e+02
43	64	86	2.238111e+03
43	65	84	1.915174e+03
43	65	85	3.320077e+03
43	65	86	3.339348e+04
43	66	84	6.401797e+02
43	66	85	1.109793e+03
43	66	86	1.116234e+04
43	73	65	3.279256e-01
43	73	66	3.494950e+02
43	73	67	3.089081e+02
43	73	72	7.237037e+00
43	73	73	2.557655e+02
43	73	74	1.271771e+02
43	74	65	2.494442e+01
43	74	66	2.658514e+04
43	74	67	2.349780e+04
43	74	72	2.532883e+03
43	74	73	8.951507e+04
43	74	74	4.451055e+04
43	75	56	1.924011e+02
43	75	57	3.747329e+04
43	75	58	2.799719e+04
43	75	65	3.890353e+01
43	75	66	4.146241e+04
43	75	67	3.664738e+04
43	75	72	2.039664e+03
43	75	73	7.208415e+04
43	75	74	3.584318e+04
43	76	56	5.444439e+02
43	76	57	1.060394e+05
43	76	58	7.922459e+04
43	76	63	3.838833e+00
43	76	64	1.084900e+02
43	76	65	2.212161e+02
43	77	56	3.749449e+03
43	77	57	7.302671e+05
43	77	58	5.456000e+05
43	77	63	1.439503e+03
43	77	64	4.068207e+04
43	77	65	8.295263e+04
43	78	63	1.167839e+03
43	78	64	3.300453e+04
43	78	65	6.729776e+04
43	79	56	1.918425e+00
43	79	57	4.274886e+01
43	79	58	1.759254e+01
43	80	56	1.447660e+02
43	80	57	3.225865e+03
43	80	58	1.327548e+03
43	80	62	9.011920e+02
43	80	63	1.509164e+04
43	80	64	5.381541e+03
43	81	56	2.261671e+02
43	81	57	5.039752e+03
43	81	58	2.074021e+03
43	81	61	1.014649e+01
43	81	62	1.056628e+04
43	81	63	1.744792e+05
43	81	64	6.219985e+04
43	82	60	1.204207e+03
43	82	61	1.753641e+04
43	82	62	9.678276e+04
43	82	63	6.739390e+04
43	82	64	1.773767e+04
43	83	60	1.946017e+04
43	83	61	2.299585e+05
43	83	62	7.245099e+05
43	83	63	2.177674e+04
43	83	71	4.459318e+03
43	83	72	-6.037954e+03
43	83	73	4.806182e+04
43	84	60	6.805249e+03
43	84	61	7.887243e+04
43	84	62	2.304846e+05
43	84	71	9.562404e+04
43	84	72	-1.294758e+05
43	84	73	1.030621e+06
43	85	71	3.865087e+04
43	85	72	-5.233361e+04
43	85	73	4.165729e+05
43	87	73	4.901948e+00
43	87	74	1.416213e+01
43	87	75	9.605884e+01
43	88	67	5.158927e+02
43	88	68	3.289710e+03
43	88	69	5.820056e+02
43	88	73	3.657797e+02
43	88	74	1.056768e+03
43	88	75	7.167839e+03
43	88	78	2.107140e+00
43	88	79	1.594050e+02
43	88	80	9.940646e+01
43	89	67	-7.441479e+02
43	89	68	-4.745232e+03
43	89	69	-8.395122e+02
43	89	73	5.728415e+02
43	89	74	1.654986e+03
43	89	75	1.122543e+04
43	89	78	9.775622e+02
43	89	79	7.395250e+04
43	89	80	4.611748e+04
43	90	67	5.442479e+03
43	90	68	3.470523e+04
43	90	69	6.139945e+03
43	90	78	8.101834e+02
43	90	79	6.129031e+04
43	90	80	3.822121e+04
44	64	84	3.288647e+03
44	64	85	5.701080e+03
44	64	86	5.734172e+04
44	65	84	4.906788e+04
44	65	85	8.506231e+04
44	65	86	8.555606e+05
44	66	84	1.640178e+04
44	66	85	2.843354e+04
44	66	86	2.859858e+05
44	73	65	3.798017e+00
44	73	66	4.047833e+03
44	73	67	3.577758e+03
44	73	72	-1.393389e+01
44	73	73	-4.924402e+02
44	73	74	-2.448614e+02
44	74	65	2.889049e+02
44	74	66	3.079077e+05
44	74	67	2.721504e+05
44	74	72	-4.876706e+03
44	74	73	-1.723486e+05
44	74	74	-8.569876e+04
44	75	56	3.898668e+01
44	75	57	7.593299e+03
44	75	58	5.673135e+03
44	75	65	4.505786e+02
44	75	66	4.802155e+05
44	75	67	4.244480e+05
44	75	72	-3.927084e+03
44	75	73	-1.387878e+05
44	75	74	-6.901097e+04
44	76	56	1.103219e+02
44	76	57	2.148701e+04
44	76	58	1.605346e+04
44	76	63	2.596454e+01
44	76	64	7.337887e+02
44	76	65	1.496229e+03
44	76	69	4.616402e+00
44	76	70	9.977876e+01
44	76	71	1.121836e+03
44	76	72	3.289790e+02
44	77	56	7.597596e+02
44	77	57	1.479757e+05
44	77	58	1.105562e+05
44	77	63	9.736304e+03
44	77	64	2.751595e+05
44	77	65	5.610630e+05
44	77	66	3.661129e+01
44	77	67	3.449157e+02
44	77	68	1.117318e+03
44	77	69	-1.274517e+00
44	77	70	2.367731e+03
44	77	71	3.436739e+04
44	77	72	1.129859e+04
44	78	54	5.178371e-01
44	78	55	6.358578e+01
44	78	56	9.044219e+01
44	78	63	7.898863e+03
44	78	64	2.232312e+05
44	78	65	4.551788e+05
44	78	66	2.576494e+03
44	78	67	2.427320e+04
44	78	68	7.863049e+04
44	78	69	6.151648e+01
44	78	70	4.959344e+03
44	78	71	6.749777e+04
44	78	72	2.164301e+04
44	79	54	9.893966e+00
44	79	55	1.214891e+03
44	79	56	1.851260e+03
44	79	57	2.746235e+03
44	79	58	1.130165e+03
44	79	66	1.578341e+03
44	79	67	1.486958e+04
44	79	68	4.816846e+04
44	80	54	3.779891e+00
44	80	55	4.641368e+02
44	80	56	9.960101e+03
44	80	57	2.072332e+05
44	80	58	8.528319e+04
44	80	65	4.566511e+01
44	80	66	2.971655e+02
44	80	67	5.360192e+01
44	81	56	1.452923e+04
44	81	57	3.237594e+05
44	81	58	1.332375e+05
44	81	61	-8.115483e+00
44	81	62	-1.202170e+02
44	81	63	-4.001722e+01
44	81	65	4.396349e+02
44	81	66	2.860922e+03
44	81	67	5.160455e+02
44	81	83	2.443513e+01
44	81	84	2.232140e+02
44	81	85	7.347417e+02
44	82	60	7.086748e+02
44	82	61	5.350318e+03
44	82	62	-1.841125e+04
44	82	63	-1.411826e+04
44	82	65	1.102066e+02
44	82	66	7.171689e+02
44	82	67	1.293610e+02
44	82	83	1.026790e+03
44	82	84	9.379691e+03
44	82	85	3.087463e+04
44	83	60	1.145230e+04
44	83	61	1.291991e+05
44	83	62	3.355487e+05
44	83	63	-1.741773e+04
44	83	69	8.945490e+00
44	83	70	4.088273e+02
44	83	71	1.812795e+03
44	83	72	-2.154310e+03
44	83	73	1.714820e+04
44	83	76	2.690393e-03
44	83	77	2.149102e+01
44	83	78	2.054784e+01
44	83	83	1.853652e+03
44	83	84	1.693305e+04
44	83	85	5.573762e+04
44	84	60	4.004885e+03
44	84	61	4.641637e+04
44	84	62	1.356401e+05
44	84	64	2.590066e-02
44	84	65	1.139877e+01
44	84	66	1.376090e+01
44	84	69	1.832119e+03
44	84	70	8.373161e+04
44	84	71	7.953146e+04
44	84	72	-4.619626e+04
44	84	73	3.677199e+05
44	84	76	-7.043587e-04
44	84	77	-5.626458e+00
44	84	78	-5.379531e+00
44	85	64	7.530215e-01
44	85	65	3.314017e+02
44	85	66	4.000768e+02
44	85	69	1.378920e+03
44	85	70	6.301946e+04
44	85	71	4.797013e+04
44	85	72	-1.867235e+04
44	85	73	1.486310e+05
44	85	76	3.437867e+01
44	85	77	5.228504e+02
44	85	78	1.182132e+03
44	86	64	3.475889e-01
44	86	65	1.529725e+02
44	86	66	1.846724e+02
44	86	76	-8.881371e+00
44	86	77	-6.097783e+01
44	86	78	-2.347326e+02
44	87	73	2.834195e+02
44	87	74	8.188224e+02
44	87	75	5.553905e+03
44	87	76	4.589649e+02
44	87	77	3.151167e+03
44	87	78	1.213034e+04
44	88	67	1.584140e+04
44	88	68	1.010164e+05
44	88	69	1.787152e+04
44	88	73	2.114855e+04
44	88	74	6.109992e+04
44	88	75	4.144282e+05
44	88	78	1.458258e+01
44	88	79	1.103171e+03
44	88	80	6.879481e+02
44	89	67	-2.285038e+04
44	89	68	-1.457108e+05
44	89	69	-2.577872e+04
44	89	73	3.312040e+04
44	89	74	9.568756e+04
44	89	75	6.490292e+05
44	89	78	6.765275e+03
44	89	79	5.117925e+05
44	89	80	3.191586e+05
44	90	45	1.381673e+01
44	90	46	8.976476e+01
44	90	47	3.567974e+02
44	90	67	1.671210e+05
44	90	68	1.065686e+06
44	90	69	1.885379e+05
44	90	78	5.606920e+03
44	90	79	4.241631e+05
44	90	80	2.645121e+05
44	91	45	1.049087e+03
44	91	46	6.815725e+03
44	91	47	2.709118e+04
44	92	45	1.636806e+03
44	92	46	1.063402e+04
44	92	47	4.226818e+04
45	64	84	1.440361e+03
45	64	85	2.496959e+03
45	64	86	2.511452e+04
45	65	84	2.149075e+04
45	65	85	3.725558e+04
45	65	86	3.747184e+05
45	66	84	7.183651e+03
45	66	85	1.245332e+04
45	66	86	1.252560e+05
45	73	65	1.084588e+00
45	73	66	1.155927e+03
45	73	67	1.021689e+03
45	73	72	6.673445e+01
45	73	73	2.358475e+03
45	73	74	1.172730e+03
45	74	65	8.250169e+01
45	74	66	8.792825e+04
45	74	67	7.771714e+04
45	74	72	2.335631e+04
45	74	73	8.254399e+05
45	74	74	4.104424e+05
45	75	50	2.916361e+01
45	75	51	6.177000e+03
45	75	52	4.671431e+03
45	75	65	1.286703e+02
45	75	66	1.371705e+05
45	75	67	1.222606e+05
45	75	68	4.824706e+02
45	75	72	1.880823e+04
45	75	73	6.647051e+05
45	75	74	3.305186e+05
45	76	50	-5.732195e+01
45	76	51	-1.214108e+04
45	76	52	-9.181837e+03
45	76	63	4.855800e+00
45	76	64	1.372307e+02
45	76	65	2.798197e+02
45	76	66	1.551351e+03
45	76	67	4.436211e+04
45	76	68	2.034091e+04
45	76	69	1.956246e+03
45	76	70	1.295366e+04
45	76	71	5.079107e+04
45	76	72	-4.762217e+01
45	77	50	2.654713e+02
45	77	51	5.622816e+04
45	77	52	4.252323e+04
45	77	63	1.820851e+03
45	77	64	5.180939e+04
45	77	65	1.045218e+05
45	77	66	6.707325e+03
45	77	67	7.970192e+04
45	77	68	3.566358e+04
45	77	69	-5.400892e+02
45	77	70	-3.923039e+03
45	77	71	-1.903739e+04
45	77	72	-1.449330e+03
45	77	73	9.431003e+01
45	78	54	1.402902e+02
45	78	55	1.722638e+04
45	78	56	2.450220e+04
45	78	63	1.477219e+03
45	78	64	4.258538e+04
45	78	65	8.415384e+04
45	78	66	7.605358e+03
45	78	67	-1.718005e+04
45	78	68	-7.088305e+04
45	78	69	2.632619e+04
45	78	70	1.727003e+05
45	78	71	6.759439e+05
45	78	72	6.835983e+04
45	78	73	3.620614e+04
45	79	54	2.680430e+03
45	79	55	3.291329e+05
45	79	56	4.683467e+05
45	79	57	4.447652e+03
45	79	58	1.830353e+03
45	79	64	6.538463e+03
45	79	65	-7.590483e+03
45	79	66	7.281450e+04
45	79	67	-7.803885e+03
45	79	68	-4.274812e+04
45	79	69	-4.956328e+02
45	79	70	-1.171955e+03
45	79	71	-6.882678e+03
45	79	72	8.744851e+04
45	79	73	4.428659e+04
45	80	54	1.024031e+03
45	80	55	1.257419e+05
45	80	56	1.939125e+05
45	80	57	3.356235e+05
45	80	58	1.381200e+05
45	80	65	7.669963e+03
45	80	66	4.991225e+04
45	80	67	9.003040e+03
45	80	69	2.381977e+03
45	80	70	5.632337e+03
45	80	71	4.437427e+04
45	81	56	2.353075e+04
45	81	57	5.243429e+05
45	81	58	2.157841e+05
45	81	61	1.231109e+02
45	81	62	1.823678e+03
45	81	63	6.070566e+02
45	81	65	7.384157e+04
45	81	66	4.805237e+05
45	81	67	8.667559e+04
45	81	83	3.101405e+02
45	81	84	2.833123e+03
45	81	85	9.325639e+03
45	82	61	4.343412e+04
45	82	62	6.434021e+05
45	82	63	2.141724e+05
45	82	65	1.851043e+04
45	82	66	1.204565e+05
45	82	67	2.172763e+04
45	82	83	1.303243e+04
45	82	84	1.190508e+05
45	82	85	3.918733e+05
45	83	61	5.358475e+04
45	83	62	7.937664e+05
45	83	63	2.642249e+05
45	83	69	-1.582818e+01
45	83	70	-7.233804e+02
45	83	71	-3.923381e+02
45	83	76	4.868189e+00
45	83	77	3.888738e+04
45	83	78	3.718074e+04
45	83	83	2.352731e+04
45	83	84	2.149212e+05
45	83	85	7.074445e+05
45	84	64	2.574888e+01
45	84	65	1.133198e+04
45	84	66	1.368026e+04
45	84	69	-3.241758e+03
45	84	70	-1.481550e+05
45	84	71	-8.035447e+04
45	84	76	-1.274517e+00
45	84	77	-1.018092e+04
45	84	78	-9.734108e+03
45	85	64	7.486089e+02
45	85	65	3.294597e+05
45	85	66	3.977324e+05
45	85	69	-2.439865e+03
45	85	70	-1.115068e+05
45	85	71	-6.047770e+04
45	85	76	1.574193e+03
45	85	77	5.297879e+05
45	85	78	5.365172e+05
45	86	64	3.455521e+02
45	86	65	1.520761e+05
45	86	66	1.835902e+05
45	86	76	-3.902856e+02
45	86	77	-2.679628e+03
45	86	78	-1.031516e+04
45	87	73	1.648204e+02
45	87	74	4.761797e+02
45	87	75	3.229829e+03
45	87	76	2.016889e+04
45	87	77	1.384758e+05
45	87	78	5.330591e+05
45	88	67	7.472068e+03
45	88	68	4.764739e+04
45	88	69	8.429632e+03
45	88	73	1.229877e+04
45	88	74	3.553217e+04
45	88	75	2.410075e+05
45	88	78	2.785199e+00
45	88	79	2.107000e+02
45	88	80	1.313945e+02
45	89	67	-1.077806e+04
45	89	68	-6.872882e+04
45	89	69	-1.215930e+04
45	89	73	1.926090e+04
45	89	74	5.564634e+04
45	89	75	3.774378e+05
45	89	78	1.292133e+03
45	89	79	9.774973e+04
45	89	80	6.095765e+04
45	90	45	3.643547e+01
45	90	46	2.367145e+02
45	90	47	9.408942e+02
45	90	67	7.882757e+04
45	90	68	5.026624e+05
45	90	69	8.892951e+04
45	90	78	1.070893e+03
45	90	79	8.101296e+04
45	90	80	5.052044e+04
45	91	45	2.766499e+03
45	91	46	1.797344e+04
45	91	47	7.144091e+04
45	92	45	4.316345e+03
45	92	46	2.804250e+04
45	92	47	1.114635e+05
46	68	54	2.724731e+01
46	68	55	5.283590e+03
46	68	56	3.944924e+03
46	69	54	2.735541e+02
46	69	55	5.304552e+04
46	69	56	3.960575e+04
46	70	54	7.071982e+01
46	70	55	1.371344e+04
46	70	56	1.023897e+04
46	72	59	1.714246e+01
46	72	60	1.332094e+02
46	72	61	2.816872e+01
46	73	59	3.512654e+03
46	73	60	2.729588e+04
46	73	61	5.772040e+03
46	74	59	4.621365e+03
46	74	60	3.591137e+04
46	74	61	7.593889e+03
46	75	50	4.775291e+02
46	75	51	1.011431e+05
46	75	52	7.649066e+04
46	75	66	-4.448868e+01
46	75	67	-1.272189e+03
46	75	68	-5.833240e+02
46	76	50	-9.385976e+02
46	76	51	-1.987997e+05
46	76	52	-1.503447e+05
46	76	64	7.211622e+01
46	76	65	6.479304e+02
46	76	66	-2.099241e+03
46	76	67	-4.571624e+04
46	76	68	-1.875878e+04
46	76	69	3.386060e+03
46	76	70	1.664765e+04
46	76	71	7.534643e+04
46	76	72	4.500322e+03
46	76	73	8.450554e+02
46	76	74	4.360113e+02
46	77	50	4.346864e+03
46	77	51	9.206877e+05
46	77	52	6.962812e+05
46	77	64	2.793427e+03
46	77	65	-2.145534e+03
46	77	66	3.040079e+04
46	77	67	-7.883745e+04
46	77	68	4.296370e+04
46	77	69	2.947421e+04
46	77	70	4.534834e+04
46	77	71	4.512905e+05
46	77	72	1.537419e+05
46	77	73	1.058431e+04
46	77	74	5.553488e+03
46	78	54	1.096334e+02
46	78	55	1.346200e+04
46	78	56	1.914788e+04
46	78	64	3.292043e+03
46	78	65	6.788487e+03
46	78	66	7.918681e+04
46	78	67	6.492215e+05
46	78	68	1.020383e+06
46	78	69	5.355529e+04
46	78	70	4.367131e+05
46	78	71	1.858189e+06
46	78	72	1.589009e+05
46	78	73	-6.552156e+04
46	78	74	1.686953e+03
46	79	54	2.094691e+03
46	79	55	2.572094e+05
46	79	56	3.658457e+05
46	79	64	2.012397e+04
46	79	65	-2.050535e+04
46	79	66	2.734569e+05
46	79	67	4.788879e+05
46	79	68	6.999728e+05
46	79	69	2.937335e+05
46	79	70	6.289964e+04
46	79	71	-2.531954e+05
46	79	72	-1.661509e+05
46	79	73	-8.414387e+04
46	80	54	8.002559e+02
46	80	55	9.826428e+04
46	80	56	1.397677e+05
46	80	64	1.197306e+02
46	80	65	1.131342e+04
46	80	66	6.773315e+04
46	80	67	1.218168e+04
46	80	68	1.096278e+03
46	80	69	9.998651e+04
46	80	70	2.378861e+05
46	80	71	1.363423e+06
46	81	58	4.893371e-01
46	81	59	1.191331e+02
46	81	60	1.532869e+02
46	81	65	1.000008e+05
46	81	66	6.509484e+05
46	81	67	1.176364e+05
46	81	68	1.987297e-01
46	81	69	4.414923e+00
46	81	70	1.814326e+00
46	81	83	9.400068e+01
46	81	84	8.586930e+02
46	81	85	2.826514e+03
46	82	58	7.972718e+00
46	82	59	1.941023e+03
46	82	60	2.497487e+03
46	82	65	3.075296e+04
46	82	66	2.193010e+05
46	82	67	4.575797e+04
46	82	68	-1.951233e+03
46	82	69	9.395984e+03
46	82	70	1.003029e+02
46	82	83	3.950009e+03
46	82	84	3.608319e+04
46	82	85	1.187731e+05
46	83	58	2.800683e+00
46	83	59	6.818493e+02
46	83	60	8.773257e+02
46	83	65	3.766318e+03
46	83	66	3.486744e+04
46	83	67	1.199126e+04
46	83	68	1.621235e+03
46	83	69	-6.971703e+03
46	83	70	4.120904e+03
46	83	71	2.143705e+03
46	83	76	4.428868e+00
46	83	77	3.537806e+04
46	83	78	3.382543e+04
46	83	83	7.130906e+03
46	83	84	6.514059e+04
46	83	85	2.144198e+05
46	84	64	2.265867e+01
46	84	65	9.971988e+03
46	84	66	1.203980e+04
46	84	67	1.224274e+04
46	84	68	-2.372999e+04
46	84	69	1.284082e+05
46	84	70	8.095077e+05
46	84	71	4.390507e+05
46	84	73	4.249944e+01
46	84	74	4.855803e+03
46	84	75	3.312484e+03
46	84	76	-1.159500e+00
46	84	77	-9.262158e+03
46	84	78	-8.855671e+03
46	85	64	6.587658e+02
46	85	65	2.899201e+05
46	85	66	3.499992e+05
46	85	69	1.333124e+04
46	85	70	6.092649e+05
46	85	71	3.304455e+05
46	85	73	4.503603e+02
46	85	74	5.145623e+04
46	85	75	3.510190e+04
46	85	76	2.749933e+03
46	85	77	4.910259e+05
46	85	78	5.229293e+05
46	86	64	3.040812e+02
46	86	65	1.338249e+05
46	86	66	1.615569e+05
46	86	73	1.210082e+02
46	86	74	1.382587e+04
46	86	75	9.431598e+03
46	86	76	-6.958613e+02
46	86	77	-4.777654e+03
46	86	78	-1.839145e+04
46	87	76	3.596020e+04
46	87	77	2.468960e+05
46	87	78	9.504198e+05
46	88	31	2.372604e+01
46	88	32	1.112960e+03
46	88	33	6.085808e+02
46	89	31	1.159588e+03
46	89	32	5.439489e+04
46	89	33	2.974382e+04
46	90	31	2.009205e+03
46	90	32	9.424939e+04
46	90	33	5.153678e+04
46	90	45	2.643700e+02
46	90	46	1.717563e+03
46	90	47	6.826979e+03
46	91	45	2.007328e+04
46	91	46	1.304124e+05
46	91	47	5.183639e+05
46	92	45	3.131872e+04
46	92	46	2.034719e+05
46	92	47	8.087613e+05
46	113	94	3.517551e+01
46	113	95	4.017863e+02
46	113	96	1.136743e+02
46	114	94	6.660185e+03
46	114	95	7.607484e+04
46	114	96	2.152328e+04
46	115	94	4.955056e+03
46	115	95	5.659829e+04
46	115	96	1.601292e+04
47	68	54	3.218694e+02
47	68	55	6.241444e+04
47	68	56	4.660094e+04
47	69	54	3.231464e+03
47	69	55	6.266206e+05
47	69	56	4.678582e+05
47	70	54	8.354051e+02
47	70	55	1.619953e+05
47	70	56	1.209517e+05
47	72	59	5.345770e+01
47	72	60	4.154053e+02
47	72	61	8.784241e+01
47	73	59	1.095399e+04
47	73	60	8.512051e+04
47	73	61	1.799975e+04
47	74	59	1.441144e+04
47	74	60	1.119874e+05
47	74	61	2.368107e+04
47	75	50	1.682074e+02
47	75	51	3.562717e+04
47	75	52	2.694347e+04
47	75	66	4.100656e+02
47	75	67	1.172615e+04
47	75	68	5.376673e+03
47	76	50	-3.306166e+02
47	76	51	-7.002625e+04
47	76	52	-5.295820e+04
47	76	64	3.900070e+03
47	76	65	7.697795e+03
47	76	66	5.393188e+04
47	76	67	5.165735e+05
47	76	68	2.956491e+05
47	76	69	1.201129e+04
47	76	72	6.305774e+02
47	76	73	2.475470e+04
47	76	74	1.277233e+04
47	77	50	1.531162e+03
47	77	51	3.243079e+05
47	77	52	2.452618e+05
47	77	63	6.811193e-01
47	77	64	7.544602e+04
47	77	65	-6.693175e+04
47	77	66	9.832351e+05
47	77	67	1.024181e+06
47	77	68	1.218414e+06
47	77	69	1.081735e+05
47	77	70	-2.884988e+04
47	77	71	4.652838e+01
47	77	72	9.762695e+03
47	77	73	3.161779e+05
47	77	74	1.626815e+05
47	78	56	1.423186e+00
47	78	57	1.533167e+01
47	78	58	4.167232e+00
47	78	63	3.600357e+02
47	78	64	1.029139e+05
47	78	65	1.665150e+05
47	78	66	6.443336e+05
47	78	67	6.592109e+05
47	78	68	3.824800e+05
47	78	69	4.659367e+04
47	78	70	-2.074938e+05
47	78	71	1.068738e+05
47	78	72	6.669854e+05
47	78	73	4.323236e+05
47	78	74	4.941690e+04
47	79	56	2.349226e+03
47	79	57	2.530770e+04
47	79	58	6.878773e+03
47	79	63	3.179103e+02
47	79	64	2.435931e+05
47	79	65	5.174940e+05
47	79	66	1.701084e+06
47	79	67	5.779378e+05
47	79	68	2.743160e+05
47	79	69	-5.343267e+05
47	79	70	-1.195519e+04
47	79	71	6.700089e+04
47	79	72	8.128583e+05
47	79	73	4.116562e+05
47	80	56	2.590687e+03
47	80	57	2.790890e+04
47	80	58	7.585794e+03
47	80	63	8.080027e+02
47	80	64	8.342006e+04
47	80	65	3.554949e+05
47	80	66	1.342031e+05
47	80	67	2.141619e+04
47	80	68	1.325516e+05
47	80	69	1.170504e+05
47	80	70	6.774890e+05
47	80	71	1.243337e+06
47	81	58	9.130575e+01
47	81	59	2.222913e+04
47	81	60	2.860190e+04
47	81	63	4.525320e+02
47	81	64	3.075172e+04
47	81	65	6.489847e+04
47	81	66	9.312593e+04
47	81	67	6.724924e+04
47	81	68	2.123583e+05
47	81	69	9.211066e+04
47	81	70	2.570876e+04
47	81	71	1.633669e+04
47	81	72	2.790077e+02
47	81	73	-5.237550e+02
47	81	74	2.611867e+03
47	82	58	1.487635e+03
47	82	59	3.621769e+05
47	82	60	4.660078e+05
47	82	62	2.767695e+01
47	82	63	1.887086e+02
47	82	64	2.970909e+03
47	82	65	6.692360e+04
47	82	66	1.369135e+05
47	82	67	3.156042e+05
47	82	68	1.288671e+04
47	82	69	3.797772e+05
47	82	70	1.252954e+05
47	82	71	4.527843e+04
47	82	72	8.923241e+03
47	82	73	-1.675076e+04
47	82	74	8.353289e+04
47	83	58	5.225814e+02
47	83	59	1.272267e+05
47	83	60	1.637008e+05
47	83	62	3.558033e+02
47	83	63	2.425959e+03
47	83	64	9.807491e+03
47	83	65	7.153854e+04
47	83	66	2.577932e+04
47	83	67	8.209625e+05
47	83	68	2.771311e+04
47	83	69	3.031694e+05
47	83	70	2.079068e+05
47	83	71	5.887683e+04
47	83	72	4.275460e+03
47	83	73	-8.025919e+03
47	83	74	4.002374e+04
47	84	60	1.147197e+02
47	84	61	1.136379e+03
47	84	62	3.996310e+02
47	84	63	7.412387e+02
47	84	64	2.864815e+03
47	84	66	7.690318e+03
47	84	67	7.626049e+05
47	84	68	1.920203e+04
47	84	69	1.612767e+06
47	84	73	3.223504e+01
47	84	74	3.683036e+03
47	84	75	2.512457e+03
47	85	60	8.659140e+02
47	85	61	8.577478e+03
47	85	62	2.195867e+03
47	85	73	3.415899e+02
47	85	74	3.902859e+04
47	85	75	2.662414e+04
47	86	60	3.159291e+03
47	86	61	3.129496e+04
47	86	62	8.011630e+03
47	86	65	2.580180e+00
47	86	66	1.062524e+02
47	86	67	5.571369e+01
47	86	73	9.178246e+01
47	86	74	1.048667e+04
47	86	75	7.153692e+03
47	87	65	3.102643e+02
47	87	66	1.277676e+04
47	87	67	6.699520e+03
47	88	31	-4.307393e+01
47	88	32	-2.020546e+03
47	88	33	-1.104861e+03
47	88	65	4.429038e+02
47	88	66	1.823888e+04
47	88	67	9.563596e+03
47	89	31	-2.105199e+03
47	89	32	-9.875233e+04
47	89	33	-5.399904e+04
47	90	31	-3.647653e+03
47	90	32	-1.711070e+05
47	90	33	-9.356351e+04
47	113	94	2.939056e+02
47	113	95	3.357087e+03
47	113	96	9.497952e+02
47	114	94	5.564854e+04
47	114	95	6.356361e+05
47	114	96	1.798357e+05
47	115	94	4.140150e+04
47	115	95	4.729016e+05
47	115	96	1.337945e+05
48	68	54	9.312807e+01
48	68	55	1.805868e+04
48	68	56	1.348328e+04
48	69	54	9.349754e+02
48	69	55	1.813033e+05
48	69	56	1.353677e+05
48	70	54	2.417119e+02
48	70	55	4.687091e+04
48	70	56	3.499556e+04
48	72	59	3.430657e+02
48	72	60	2.665871e+03
48	72	61	5.637302e+02
48	73	59	7.029744e+04
48	73	60	5.462624e+05
48	73	61	1.155137e+05
48	73	64	8.569473e+00
48	73	65	5.730505e+02
48	73	66	3.465114e+02
48	74	59	9.248566e+04
48	74	60	7.186809e+05
48	74	61	1.519737e+05
48	74	64	7.460121e+01
48	74	65	4.988668e+03
48	74	66	3.016541e+03
48	74	68	4.010275e-01
48	74	69	6.524644e+02
48	74	70	7.200344e+02
48	75	64	1.731735e+01
48	75	65	1.157802e+03
48	75	66	7.003173e+02
48	75	68	6.275160e+00
48	75	69	1.020957e+04
48	75	70	1.126689e+04
48	76	59	6.009198e-01
48	76	60	2.097658e+01
48	76	61	3.998224e+01
48	76	63	3.798068e+02
48	76	64	2.933833e+03
48	76	65	3.073693e+04
48	76	66	7.406585e+03
48	76	67	1.364972e+05
48	76	68	2.138421e+04
48	76	69	3.024195e+04
48	76	70	2.888972e+04
48	76	71	1.312571e+02
48	76	72	2.749843e+03
48	76	73	5.029376e+04
48	76	74	2.573537e+04
48	77	59	1.993942e+01
48	77	60	6.960346e+02
48	77	61	1.326671e+03
48	77	63	1.079147e+03
48	77	64	3.389314e+04
48	77	65	-1.746844e+04
48	77	66	5.079557e+05
48	77	67	2.191321e+05
48	77	68	3.423353e+05
48	77	69	2.565620e+05
48	77	70	1.771048e+05
48	77	71	1.584040e+03
48	77	72	3.403549e+04
48	77	73	6.403156e+05
48	77	74	3.277922e+05
48	78	56	6.531560e+00
48	78	57	7.036305e+01
48	78	58	1.912507e+01
48	78	59	9.687476e+00
48	78	60	3.381652e+02
48	78	61	6.445569e+02
48	78	63	1.040128e+04
48	78	64	3.878481e+05
48	78	65	1.293615e+06
48	78	66	7.110134e+05
48	78	67	2.106792e+06
48	78	68	5.708307e+05
48	78	69	4.379495e+05
48	78	70	1.602262e+06
48	78	71	1.023106e+04
48	78	72	5.609188e+04
48	78	73	2.073329e+05
48	78	74	9.957167e+04
48	79	56	1.078153e+04
48	79	57	1.161470e+05
48	79	58	3.156940e+04
48	79	63	3.764747e+03
48	79	64	3.661551e+05
48	79	65	1.332584e+06
48	79	66	1.111593e+06
48	79	67	9.006508e+05
48	79	68	2.239355e+06
48	79	69	3.930841e+06
48	79	70	9.528921e+05
48	79	71	8.411513e+04
48	79	72	2.966999e+03
48	79	73	7.189052e+01
48	79	74	5.684252e+01
48	80	56	1.188968e+04
48	80	57	1.280849e+05
48	80	58	3.481419e+04
48	80	63	3.755146e+02
48	80	64	3.105179e+04
48	80	65	1.029076e+06
48	80	66	1.172939e+06
48	80	67	9.843448e+05
48	80	68	2.475470e+06
48	80	69	2.330023e+06
48	80	70	1.412814e+06
48	80	71	1.471792e+05
48	80	72	9.843587e+03
48	80	73	2.783319e+04
48	80	74	2.200719e+04
48	81	57	3.890021e-01
48	81	58	1.029509e+02
48	81	59	1.655453e+04
48	81	60	2.123236e+04
48	81	63	-2.068319e+01
48	81	64	3.934227e+03
48	81	65	3.506953e+05
48	81	66	3.318732e+05
48	81	67	8.956227e+05
48	81	68	2.180120e+06
48	81	69	8.878715e+05
48	81	70	8.254047e+05
48	81	71	6.882896e+05
48	81	72	7.196609e+04
48	81	73	3.350775e+04
48	81	74	2.943320e+04
48	82	54	4.387838e+00
48	82	55	3.492958e+01
48	82	56	1.237512e+02
48	82	57	2.956667e+02
48	82	58	2.783651e+04
48	82	59	3.090911e+05
48	82	60	3.459367e+05
48	82	62	2.478982e+03
48	82	63	1.322846e+04
48	82	64	9.505316e+04
48	82	65	8.692490e+05
48	82	66	1.082773e+06
48	82	67	4.027454e+05
48	82	68	7.914202e+05
48	82	69	8.974170e+05
48	82	70	3.405058e+05
48	82	71	4.368467e+05
48	82	72	3.254557e+04
48	82	73	-1.627051e+04
48	82	74	8.113796e+04
48	82	83	1.204618e+00
48	82	84	1.350959e+00
48	82	85	1.956548e+01
48	83	54	5.466752e+01
48	83	55	4.351832e+02
48	83	56	1.541800e+03
48	83	57	3.413723e+02
48	83	58	3.125250e+04
48	83	59	1.408973e+05
48	83	60	1.215218e+05
48	83	61	7.556439e+00
48	83	62	3.027645e+04
48	83	63	1.758723e+05
48	83	64	7.302022e+05
48	83	65	2.432448e+05
48	83	66	5.842605e+05
48	83	67	7.545304e+05
48	83	68	6.858959e+04
48	83	69	5.883559e+05
48	83	70	1.148735e+06
48	83	71	6.712266e+05
48	83	72	4.152880e+03
48	83	73	-7.795811e+03
48	83	74	3.887624e+04
48	83	83	8.669061e+02
48	83	84	9.722203e+02
48	83	85	1.408034e+04
48	84	54	1.637437e+01
48	84	55	1.303489e+02
48	84	56	4.618102e+02
48	84	60	2.866311e+03
48	84	61	2.864291e+04
48	84	62	4.831969e+04
48	84	63	7.685969e+04
48	84	64	2.180935e+05
48	84	66	8.108823e+03
48	84	67	6.759247e+05
48	84	68	2.714995e+05
48	84	69	5.319575e+05
48	84	70	5.658606e+03
48	84	71	2.600925e+03
48	84	72	3.447350e+02
48	84	73	6.713109e+03
48	84	74	7.532905e+04
48	84	75	5.138723e+04
48	84	83	1.004870e+03
48	84	84	1.126944e+03
48	84	85	1.632115e+04
48	85	60	2.163515e+04
48	85	61	2.144326e+05
48	85	62	7.060868e+04
48	85	63	1.100023e+04
48	85	71	6.455125e+03
48	85	72	5.807408e+03
48	85	73	1.089690e+05
48	85	74	7.982509e+05
48	85	75	5.445430e+05
48	86	60	7.893593e+04
48	86	61	7.819151e+05
48	86	62	2.001732e+05
48	86	65	2.588108e+01
48	86	66	1.065789e+03
48	86	67	5.588487e+02
48	86	71	2.309246e+03
48	86	72	2.077533e+03
48	86	73	3.836026e+04
48	86	74	2.144836e+05
48	86	75	1.463143e+05
48	87	65	3.112176e+03
48	87	66	1.281601e+05
48	87	67	6.720105e+04
48	88	31	2.262983e+02
48	88	32	1.061538e+04
48	88	33	5.804627e+03
48	88	65	4.442646e+03
48	88	66	1.829492e+05
48	88	67	9.592981e+04
48	89	31	1.106012e+04
48	89	32	5.188169e+05
48	89	33	2.836958e+05
48	90	31	1.916374e+04
48	90	32	8.989481e+05
48	90	33	4.915564e+05
48	113	94	6.599953e+01
48	113	95	7.538685e+02
48	113	96	2.132863e+02
48	114	94	1.249645e+04
48	114	95	1.427386e+05
48	114	96	4.038395e+04
48	115	94	9.297132e+03
48	115	95	1.061949e+05
48	115	96	3.004492e+04
49	72	65	5.029516e-03
49	72	66	3.232786e-01
49	72	67	5.234978e-01
49	73	64	6.230688e+02
49	73	65	4.166536e+04
49	73	66	2.519667e+04
49	73	67	4.104617e+00
49	73	73	5.105259e+00
49	73	74	6.678241e+02
49	73	75	9.397847e+02
49	74	64	5.424100e+03
49	74	65	3.627158e+05
49	74	66	2.200028e+05
49	74	67	1.012626e+04
49	74	68	8.799073e+03
49	74	69	1.203867e+04
49	74	70	1.328506e+04
49	74	73	5.261003e+01
49	74	74	6.881971e+03
49	74	75	9.684543e+03
49	75	64	1.329539e+03
49	75	65	8.603394e+04
49	75	66	5.833691e+04
49	75	67	3.999269e+04
49	75	68	1.044332e+05
49	75	69	1.886253e+05
49	75	70	2.078807e+05
49	75	73	1.628348e+02
49	75	74	2.130059e+04
49	75	75	2.997491e+04
49	75	76	1.895788e+00
49	75	77	7.333270e+01
49	75	78	3.764523e+01
49	76	59	1.756926e+02
49	76	60	6.132981e+03
49	76	61	1.168972e+04
49	76	63	5.155056e+03
49	76	64	2.032639e+04
49	76	65	4.039902e+05
49	76	66	4.769008e+05
49	76	67	2.465599e+05
49	76	68	1.217420e+05
49	76	69	5.022007e+05
49	76	70	5.343685e+05
49	76	71	1.985195e+03
49	76	72	2.237323e+04
49	76	73	6.272736e+03
49	76	76	8.997118e+02
49	76	77	3.480257e+04
49	76	78	1.786584e+04
49	77	59	5.829744e+03
49	77	60	2.035016e+05
49	77	61	3.878824e+05
49	77	63	1.678751e+04
49	77	64	-3.724135e+04
49	77	65	1.525051e+05
49	77	66	9.294005e+05
49	77	67	1.268659e+06
49	77	68	5.089345e+05
49	77	69	1.524147e+05
49	77	70	5.875296e+04
49	77	71	2.395777e+04
49	77	72	2.700051e+05
49	77	73	7.570077e+04
49	77	76	1.078702e+03
49	77	77	4.172626e+04
49	77	78	2.142011e+04
49	78	56	3.217671e+01
49	78	57	3.466326e+02
49	78	58	9.421668e+01
49	78	59	2.832354e+03
49	78	60	9.887028e+04
49	78	61	1.884725e+05
49	78	62	2.876326e+03
49	78	63	1.185535e+05
49	78	64	1.807772e+05
49	78	65	3.710503e+06
49	78	66	2.137888e+06
49	78	67	1.655621e+06
49	78	68	1.998147e+06
49	78	69	1.996799e+06
49	78	70	8.541821e+05
49	78	71	7.207925e+04
49	78	72	7.740104e+05
49	78	73	2.170078e+05
49	79	56	5.311351e+04
49	79	57	5.721801e+05
49	79	58	1.555217e+05
49	79	61	6.304534e+02
49	79	62	8.385167e+04
49	79	63	8.835755e+04
49	79	64	2.145984e+05
49	79	65	1.747344e+06
49	79	66	4.071811e+06
49	79	67	5.053014e+06
49	79	68	8.049198e+06
49	79	69	5.601217e+06
49	79	70	1.648455e+06
49	79	71	-4.413472e+02
49	79	72	9.373493e+04
49	79	73	3.380600e+02
49	79	74	6.518632e+01
49	80	56	5.857267e+04
49	80	57	6.309905e+05
49	80	58	1.715067e+05
49	80	60	9.222778e+00
49	80	61	6.844866e+03
49	80	62	4.635929e+04
49	80	63	5.446020e+04
49	80	64	8.375375e+05
49	80	65	2.068575e+06
49	80	66	3.793138e+06
49	80	67	7.157611e+06
49	80	68	8.506817e+06
49	80	69	8.827855e+06
49	80	70	1.481551e+06
49	80	71	-1.416696e+05
49	80	72	1.004190e+06
49	80	73	3.421197e+04
49	80	74	2.523758e+04
49	81	57	8.541453e-01
49	81	58	8.014765e+01
49	81	59	1.197478e+02
49	81	60	9.419113e+01
49	81	61	6.693088e+04
49	81	62	7.765474e+04
49	81	63	6.427137e+03
49	81	64	4.855009e+05
49	81	65	4.971284e+05
49	81	66	2.371429e+06
49	81	67	6.220041e+06
49	81	68	7.468102e+06
49	81	69	4.167077e+06
49	81	70	1.043300e+06
49	81	71	6.491900e+05
49	81	72	3.456802e+05
49	81	73	1.001466e+05
49	81	74	7.248423e+04
49	82	54	1.426616e+03
49	82	55	1.135664e+04
49	82	56	4.023517e+04
49	82	57	-2.223227e+01
49	82	58	-1.849512e+03
49	82	59	-2.831682e+03
49	82	60	2.465313e+01
49	82	61	1.751816e+04
49	82	62	3.019078e+04
49	82	63	-8.379646e+03
49	82	64	1.739014e+05
49	82	65	9.380165e+05
49	82	66	2.435128e+06
49	82	67	1.893797e+06
49	82	68	1.445621e+06
49	82	69	5.570755e+05
49	82	70	2.348421e+05
49	82	71	3.441622e+05
49	82	72	1.764578e+05
49	82	73	-1.613108e+05
49	82	74	1.331732e+06
49	82	83	2.031461e+01
49	82	84	2.278248e+01
49	82	85	3.299510e+02
49	83	54	1.777402e+04
49	83	55	1.414909e+05
49	83	56	5.012848e+05
49	83	57	-5.609312e+01
49	83	58	-4.979502e+03
49	83	59	-7.521829e+03
49	83	61	1.299534e+02
49	83	62	9.071944e+04
49	83	63	9.703508e+03
49	83	64	9.604150e+05
49	83	65	4.395364e+05
49	83	66	2.629418e+05
49	83	67	1.659967e+05
49	83	68	2.011311e+05
49	83	69	2.568501e+05
49	83	70	1.716912e+06
49	83	71	6.012086e+05
49	83	72	6.816197e+04
49	83	73	-1.279541e+05
49	83	74	6.380828e+05
49	83	83	1.461945e+04
49	83	84	1.639546e+04
49	83	85	2.374499e+05
49	84	54	5.323791e+03
49	84	55	4.238028e+04
49	84	56	1.501481e+05
49	84	60	1.241826e+03
49	84	61	1.660262e+04
49	84	62	5.766191e+05
49	84	63	4.042695e+05
49	84	64	2.560063e+05
49	84	65	5.014416e+04
49	84	66	-1.067437e+04
49	84	67	4.455258e+02
49	84	68	2.923799e+04
49	84	69	2.723484e+04
49	84	70	1.361459e+05
49	84	71	5.308895e+04
49	84	72	-2.427560e+02
49	84	73	-4.262978e+03
49	84	83	1.694605e+04
49	84	84	1.900471e+04
49	84	85	2.752388e+05
49	85	60	9.373404e+03
49	85	61	9.493799e+04
49	85	62	2.945343e+05
49	85	63	1.897533e+05
49	85	64	1.186389e+04
49	85	65	1.640707e+05
49	85	66	1.093707e+05
49	85	71	-4.545579e+03
49	85	72	-4.089469e+03
49	85	73	-7.181415e+04
49	86	60	3.419890e+04
49	86	61	3.387638e+05
49	86	62	8.672482e+04
49	86	65	8.119818e+01
49	86	66	3.343759e+03
49	86	67	1.753308e+03
49	86	71	-1.626128e+03
49	86	72	-1.462960e+03
49	86	73	-2.569068e+04
49	87	65	9.764007e+03
49	87	66	4.020840e+05
49	87	67	2.108337e+05
49	88	65	1.393817e+04
49	88	66	5.739768e+05
49	88	67	3.009660e+05
50	72	65	5.787084e+02
50	72	66	3.719722e+04
50	72	67	6.023494e+04
50	73	64	9.813081e+02
50	73	65	7.015870e+04
50	73	66	3.313340e+05
50	73	67	4.724063e+05
50	73	68	5.211191e+02
50	73	69	4.337254e+03
50	73	70	1.853023e+03
50	73	73	2.569123e+01
50	73	74	3.360696e+03
50	73	75	4.729286e+03
50	74	64	8.542738e+03
50	74	65	5.722400e+05
50	74	66	4.133415e+05
50	74	67	1.849507e+05
50	74	68	7.177672e+04
50	74	69	3.770304e+04
50	74	70	2.380009e+04
50	74	73	2.647499e+02
50	74	74	3.463220e+04
50	74	75	4.873560e+04
50	75	62	1.195252e+00
50	75	63	-7.440835e-01
50	75	64	2.071738e+03
50	75	65	1.354150e+05
50	75	66	1.498266e+05
50	75	67	4.474329e+05
50	75	68	7.852273e+05
50	75	69	6.563380e+05
50	75	70	1.366657e+05
50	75	71	8.217119e-01
50	75	72	3.333748e+02
50	75	73	1.094852e+03
50	75	74	1.071911e+05
50	75	75	1.508430e+05
50	75	76	1.501329e+00
50	75	77	5.807427e+01
50	75	78	2.981233e+01
50	76	59	2.212096e+02
50	76	60	7.721866e+03
50	76	61	1.471820e+04
50	76	62	2.541707e+03
50	76	63	6.763481e+01
50	76	64	9.339343e+04
50	76	65	1.521325e+05
50	76	66	1.082152e+06
50	76	67	1.453915e+06
50	76	68	1.129531e+06
50	76	69	8.634136e+05
50	76	70	2.119628e+05
50	76	71	7.199336e+02
50	76	72	1.456884e+04
50	76	73	8.912667e+03
50	76	76	7.125076e+02
50	76	77	2.756115e+04
50	76	78	1.414847e+04
50	77	59	7.340069e+03
50	77	60	2.562231e+05
50	77	61	4.883720e+05
50	77	62	2.329446e+03
50	77	63	7.637647e+02
50	77	64	1.216180e+05
50	77	65	2.848755e+05
50	77	66	2.241106e+06
50	77	67	2.561415e+06
50	77	68	2.257753e+06
50	77	69	1.425346e+06
50	77	70	6.391299e+05
50	77	71	8.147770e+03
50	77	72	1.065212e+05
50	77	73	3.916700e+04
50	77	74	5.506506e+01
50	77	76	8.542553e+02
50	77	77	3.304422e+04
50	77	78	1.696320e+04
50	78	36	1.367552e+02
50	78	37	1.056570e+03
50	78	38	2.223323e+02
50	78	59	3.566138e+03
50	78	60	1.244848e+05
50	78	61	2.372388e+05
50	78	62	-4.585731e+03
50	78	63	1.522212e+04
50	78	64	1.490888e+05
50	78	65	1.431811e+06
50	78	66	2.266655e+06
50	78	67	4.347106e+06
50	78	68	5.829909e+06
50	78	69	3.174465e+06
50	78	70	1.055202e+06
50	78	71	7.293782e+04
50	78	72	2.631993e+05
50	78	73	7.102066e+04
50	78	74	1.467495e+04
50	79	36	1.512735e+03
50	79	37	1.168738e+04
50	79	38	2.459357e+03
50	79	61	-1.005163e+03
50	79	62	-1.329345e+05
50	79	63	2.700284e+05
50	79	64	9.217381e+05
50	79	65	5.179548e+06
50	79	66	9.391697e+06
50	79	67	1.486088e+07
50	79	68	1.551330e+07
50	79	69	1.522452e+07
50	79	70	3.205618e+06
50	79	71	3.854012e+05
50	79	72	3.926059e+05
50	79	73	1.202704e+05
50	79	74	1.237059e+04
50	80	36	4.521286e+03
50	80	37	3.493143e+04
50	80	38	7.350565e+03
50	80	60	-1.251578e+01
50	80	61	-9.357956e+03
50	80	62	-7.103316e+04
50	80	63	2.942761e+05
50	80	64	7.615608e+05
50	80	65	5.514599e+06
50	80	66	1.054385e+07
50	80	67	2.330682e+07
50	80	68	2.454268e+07
50	80	69	1.612459e+07
50	80	70	2.591304e+06
50	80	71	2.308577e+05
50	80	72	1.017567e+06
50	80	73	5.927876e+05
50	80	74	3.585468e+05
50	81	57	6.708200e+01
50	81	58	6.254947e+03
50	81	59	9.356892e+03
50	81	60	-1.278222e+02
50	81	61	-9.082863e+04
50	81	62	-1.028637e+05
50	81	63	9.818360e+04
50	81	64	4.789178e+05
50	81	65	6.727143e+05
50	81	66	4.308760e+06
50	81	67	1.354399e+07
50	81	68	1.542028e+07
50	81	69	1.214120e+07
50	81	70	2.077457e+06
50	81	71	2.775154e+06
50	81	72	9.337296e+05
50	81	73	5.354070e+05
50	81	74	4.381999e+05
50	82	54	1.775262e+03
50	82	55	1.413205e+04
50	82	56	5.006812e+04
50	82	57	7.356476e+03
50	82	58	6.755571e+05
50	82	59	1.013597e+06
50	82	60	-3.345556e+01
50	82	61	-2.377305e+04
50	82	62	-7.492912e+03
50	82	63	-1.851327e+04
50	82	64	2.499358e+05
50	82	65	1.237913e+06
50	82	66	1.831300e+06
50	82	67	5.961484e+06
50	82	68	5.849849e+06
50	82	69	3.589249e+06
50	82	70	1.100238e+06
50	82	71	6.408104e+05
50	82	72	2.612657e+05
50	82	73	1.180245e+04
50	82	83	5.022238e+01
50	82	84	5.632353e+01
50	82	85	8.157147e+02
50	83	54	2.211776e+04
50	83	55	1.760694e+05
50	83	56	6.237922e+05
50	83	57	6.516713e+03
50	83	58	5.958582e+05
50	83	59	8.963431e+05
50	83	60	1.406752e+04
50	83	61	4.700834e+01
50	83	62	1.372098e+05
50	83	63	-2.055125e+05
50	83	64	1.367112e+06
50	83	65	1.469306e+06
50	83	66	9.310943e+05
50	83	67	8.070120e+05
50	83	68	1.681741e+06
50	83	69	1.625212e+06
50	83	70	3.877112e+05
50	83	71	1.357593e+05
50	83	72	5.235834e+03
50	83	83	3.614264e+04
50	83	84	4.053334e+04
50	83	85	5.870308e+05
50	84	54	6.624856e+03
50	84	55	5.273746e+04
50	84	56	1.868423e+05
50	84	58	5.646476e+03
50	84	59	1.979991e+04
50	84	60	1.169374e+05
50	84	61	1.555981e+03
50	84	62	2.260309e+05
50	84	63	9.325864e+04
50	84	64	2.805302e+05
50	84	65	3.550277e+05
50	84	66	8.225471e+05
50	84	67	3.076118e+05
50	84	68	7.551614e+05
50	84	69	2.790640e+05
50	84	70	5.930932e+04
50	84	71	3.299187e+04
50	84	72	4.691969e+03
50	84	73	7.398571e+04
50	84	74	4.024614e+03
50	84	83	4.189454e+04
50	84	84	4.698401e+04
50	84	85	6.804535e+05
50	85	58	1.262699e+03
50	85	59	4.427775e+03
50	85	60	2.615025e+04
50	85	61	7.552719e+02
50	85	62	9.794415e+04
50	85	63	6.846353e+04
50	85	64	-2.148458e+02
50	85	65	-2.602950e+05
50	85	66	-2.079878e+05
50	85	67	5.176089e+02
50	85	68	3.181141e+02
50	85	71	7.976341e+04
50	85	72	7.834321e+04
50	85	73	1.247685e+06
50	85	74	6.130179e+04
50	86	66	7.057433e+02
50	86	67	5.031403e+04
50	86	68	3.092219e+04
50	86	71	2.853443e+04
50	86	72	2.789814e+04
50	86	73	4.465878e+05
50	86	74	2.073591e+04
50	87	66	4.658536e+02
50	87	67	3.321175e+04
50	87	68	2.041141e+04
50	90	58	1.338005e+01
50	90	59	1.553855e+03
50	90	60	2.231676e+03
50	91	58	1.172501e+02
50	91	59	1.361651e+04
50	91	60	1.955629e+04
50	92	58	2.735055e+01
50	92	59	3.176279e+03
50	92	60	4.561833e+03
50	94	89	5.550000e-03
50	94	90	-1.066025e-02
50	94	91	5.125250e-02
50	95	89	1.029072e+03
50	95	90	-1.976605e+03
50	95	91	9.503153e+03
50	96	89	1.038670e+03
50	96	90	-1.995041e+03
50	96	91	9.591790e+03
50	98	51	1.476240e+02
50	98	52	1.620990e+03
50	98	53	4.464612e+02
50	99	51	3.457394e+03
50	99	52	3.796403e+04
50	99	53	1.045624e+04
50	100	51	7.525951e+03
50	100	52	8.263895e+04
50	100	53	2.276083e+04
51	65	61	8.211103e+02
51	65	62	2.779199e+03
51	65	63	1.682608e+04
51	66	61	-1.123541e+03
51	66	62	-3.802832e+03
51	66	63	-2.302344e+04
51	67	61	8.819687e+03
51	67	62	2.985186e+04
51	67	63	1.807318e+05
51	72	65	5.719193e+02
51	72	66	3.676085e+04
51	72	67	5.952829e+04
51	73	65	4.484278e+03
51	73	66	2.882386e+05
51	73	67	4.672745e+05
51	73	68	1.401171e+03
51	73	69	2.103792e+04
51	73	70	1.843753e+04
51	73	73	1.193040e+02
51	73	74	1.560627e+04
51	73	75	2.196168e+04
51	74	61	1.752498e+00
51	74	62	-1.986003e-02
51	74	63	2.393942e+02
51	74	64	-2.373396e+02
51	74	65	3.947676e+03
51	74	66	7.570610e+04
51	74	67	1.554381e+05
51	74	68	3.282157e+04
51	74	69	2.387595e+05
51	74	70	2.148944e+05
51	74	71	1.794388e+01
51	74	72	2.344041e+02
51	74	73	1.421772e+03
51	74	74	1.619221e+05
51	74	75	2.265816e+05
51	75	61	1.098461e+01
51	75	62	2.656893e+01
51	75	63	1.082662e+03
51	75	64	1.162547e+03
51	75	65	4.999120e+04
51	75	66	3.564847e+05
51	75	67	1.142717e+06
51	75	68	2.590739e+05
51	75	69	1.153002e+06
51	75	70	5.843947e+05
51	75	71	4.795256e+02
51	75	72	1.727186e+04
51	75	73	1.623526e+04
51	75	74	5.053731e+05
51	75	75	7.023135e+05
51	75	76	2.953842e+01
51	75	77	1.142603e+03
51	75	78	5.865532e+02
51	76	61	4.459286e+01
51	76	62	5.676311e+04
51	76	63	-2.956841e+04
51	76	64	7.970259e+05
51	76	65	2.478293e+05
51	76	66	9.070849e+05
51	76	67	1.852471e+06
51	76	68	1.258487e+06
51	76	69	1.827963e+06
51	76	70	4.256954e+05
51	76	71	1.079874e+04
51	76	72	3.950874e+05
51	76	73	6.077654e+05
51	76	74	1.452430e+03
51	76	75	3.504787e+02
51	76	76	1.401848e+04
51	76	77	5.422615e+05
51	76	78	2.783691e+05
51	77	62	5.202324e+04
51	77	63	-4.349603e+03
51	77	64	1.013363e+06
51	77	65	1.277788e+06
51	77	66	1.821355e+06
51	77	67	2.390650e+06
51	77	68	3.517783e+06
51	77	69	2.180590e+06
51	77	70	5.291810e+05
51	77	71	1.191166e+04
51	77	72	6.620124e+05
51	77	73	7.900858e+05
51	77	74	2.879607e+03
51	77	76	1.680735e+04
51	77	77	6.501402e+05
51	77	78	3.337484e+05
51	78	36	8.239630e+02
51	78	37	6.365933e+03
51	78	38	1.339573e+03
51	78	61	2.195354e+02
51	78	62	2.918912e+04
51	78	63	1.870197e+05
51	78	64	1.263644e+05
51	78	65	3.452704e+06
51	78	66	6.420468e+06
51	78	67	8.377821e+06
51	78	68	7.571306e+06
51	78	69	5.447679e+06
51	78	70	2.626061e+06
51	78	71	2.910436e+05
51	78	72	9.521844e+04
51	78	73	-1.172391e+05
51	78	74	7.675400e+05
51	78	75	7.755761e+02
51	78	76	1.400318e+02
51	79	36	9.114371e+03
51	79	37	7.041758e+04
51	79	38	1.481786e+04
51	79	61	6.397875e+03
51	79	62	8.509628e+05
51	79	63	7.980567e+05
51	79	64	8.076991e+05
51	79	65	5.949334e+06
51	79	66	1.626342e+07
51	79	67	2.524386e+07
51	79	68	2.029759e+07
51	79	69	1.102724e+07
51	79	70	5.305440e+06
51	79	71	4.338825e+05
51	79	72	6.586878e+05
51	79	73	5.414567e+04
51	79	74	6.000075e+05
51	79	75	9.913156e+03
51	79	76	1.789840e+03
51	80	36	2.724117e+04
51	80	37	2.104651e+05
51	80	38	4.428785e+04
51	80	57	5.670558e+01
51	80	58	3.431613e+02
51	80	59	5.768431e+01
51	80	60	9.932979e+01
51	80	61	7.353837e+04
51	80	62	4.748121e+05
51	80	63	5.112914e+05
51	80	64	7.268985e+05
51	80	65	5.043077e+06
51	80	66	1.498711e+07
51	80	67	3.559250e+07
51	80	68	3.664127e+07
51	80	69	1.642043e+07
51	80	70	4.798173e+06
51	80	71	1.684379e+06
51	80	72	1.155932e+06
51	80	73	1.976622e+05
51	80	74	4.632886e+02
51	80	75	3.017929e+03
51	80	76	5.448929e+02
51	81	57	2.052117e+03
51	81	58	1.913377e+04
51	81	59	1.067455e+04
51	81	60	1.015196e+03
51	81	61	7.209145e+05
51	81	62	8.335882e+05
51	81	63	-2.790726e+04
51	81	64	1.349468e+06
51	81	65	1.332900e+06
51	81	66	9.599610e+06
51	81	67	1.676503e+07
51	81	68	2.033768e+07
51	81	69	1.382355e+07
51	81	70	3.221074e+06
51	81	71	8.096984e+05
51	81	72	9.821187e+05
51	81	73	9.195849e+05
51	82	57	5.861150e+03
51	82	58	2.221794e+05
51	82	59	2.973537e+05
51	82	60	6.964804e+02
51	82	61	2.261462e+05
51	82	62	2.752227e+05
51	82	63	1.965074e+04
51	82	64	6.781788e+04
51	82	65	5.363086e+05
51	82	66	3.366469e+06
51	82	67	7.018021e+06
51	82	68	7.303135e+06
51	82	69	3.949758e+06
51	82	70	2.158378e+06
51	82	71	1.082879e+06
51	82	72	7.692478e+05
51	82	73	1.493388e+06
51	82	74	3.263599e-01
51	82	75	1.096820e+00
51	82	76	6.673733e+00
51	83	57	1.170585e+03
51	83	58	1.795118e+05
51	83	59	2.466259e+05
51	83	60	1.127587e+05
51	83	61	4.512378e+04
51	83	62	7.603374e+04
51	83	63	6.281003e+05
51	83	64	1.271879e+06
51	83	65	1.239650e+06
51	83	66	7.653915e+05
51	83	67	2.066914e+06
51	83	68	7.786098e+05
51	83	69	5.691701e+05
51	83	70	2.131025e+05
51	83	71	5.184003e+05
51	83	72	1.136861e+05
51	83	73	-7.279143e+00
51	83	74	4.129474e+02
51	83	75	4.023975e+02
51	83	76	2.448435e+03
51	84	58	4.505546e+04
51	84	59	1.579913e+05
51	84	60	9.330898e+05
51	84	61	1.111218e+04
51	84	62	1.026022e+05
51	84	63	4.837276e+04
51	84	64	7.729732e+05
51	84	65	1.238443e+06
51	84	66	4.834678e+05
51	84	67	3.226658e+04
51	84	68	1.414707e+06
51	84	69	6.884030e+05
51	84	70	5.081278e+04
51	84	71	2.153861e+05
51	84	72	9.460670e+03
51	84	73	-1.557473e+04
51	84	74	9.403346e+04
51	84	75	3.256983e+02
51	84	76	1.981750e+03
51	85	58	1.007557e+04
51	85	59	3.533096e+04
51	85	60	2.086632e+05
51	85	61	3.290146e+03
51	85	62	3.037895e+04
51	85	63	1.544978e+04
51	85	64	1.653620e+05
51	85	65	1.657043e+06
51	85	66	1.017772e+06
51	85	67	5.669708e+03
51	85	68	3.484511e+03
51	85	72	1.221861e+05
51	85	73	-2.300424e+05
51	85	74	1.141289e+06
51	86	64	6.127943e+02
51	86	65	5.252993e+03
51	86	66	8.934622e+03
51	86	67	5.511224e+05
51	86	68	3.387109e+05
51	86	72	4.102334e+04
51	86	73	-7.771323e+04
51	86	74	3.819929e+05
51	87	64	1.276652e+04
51	87	65	1.094371e+05
51	87	66	3.018931e+04
51	87	67	3.637900e+05
51	87	68	2.235795e+05
51	90	58	4.066279e+02
51	90	59	4.722259e+04
51	90	60	6.782198e+04
51	91	58	3.563300e+03
51	91	59	4.138139e+05
51	91	60	5.943273e+05
51	92	58	8.311996e+02
51	92	59	9.652903e+04
51	92	60	1.386368e+05
51	94	89	2.338752e-01
51	94	90	-4.492193e-01
51	94	91	2.159764e+00
51	95	89	4.336475e+04
51	95	90	-8.329350e+04
51	95	91	4.004598e+05
51	96	89	4.376922e+04
51	96	90	-8.407039e+04
51	96	91	4.041950e+05
51	98	51	1.341144e+03
51	98	52	1.472648e+04
51	98	53	4.056039e+03
51	99	51	3.140995e+04
51	99	52	3.448980e+05
51	99	53	9.499351e+04
51	100	51	6.837223e+04
51	100	52	7.507635e+05
51	100	53	2.067790e+05
52	63	82	6.981132e-04
52	63	83	1.059687e+00
52	63	84	1.173477e+00
52	64	82	1.628624e+00
52	64	83	2.472138e+03
52	64	84	2.737598e+03
52	65	61	-1.283694e+03
52	65	62	-4.344900e+03
52	65	63	-2.630528e+04
52	65	82	1.498549e+00
52	65	83	2.274692e+03
52	65	84	2.518951e+03
52	66	61	1.756504e+03
52	66	62	5.945211e+03
52	66	63	3.599402e+04
52	67	61	-1.378492e+04
52	67	62	-4.336360e+04
52	67	63	-2.796479e+05
52	68	61	2.686158e+01
52	68	62	2.568419e+04
52	68	63	2.254456e+04
52	69	61	9.644522e+01
52	69	62	9.221788e+04
52	69	63	8.094519e+04
52	71	60	8.184463e+00
52	71	61	8.737748e+01
52	71	62	2.657369e+02
52	72	60	2.487243e+02
52	72	61	2.655386e+03
52	72	62	8.075696e+03
52	72	68	3.397166e+00
52	72	69	1.808174e+02
52	72	70	3.064907e+02
52	73	60	1.168434e+02
52	73	61	1.247423e+03
52	73	62	3.793726e+03
52	73	66	2.634979e+02
52	73	67	1.710592e+04
52	73	68	3.408908e+04
52	73	69	5.375460e+04
52	73	70	1.149973e+04
52	74	61	2.220981e+03
52	74	62	2.776748e+02
52	74	63	3.563585e+04
52	74	64	-4.990519e+03
52	74	65	5.186665e+04
52	74	66	1.333055e+04
52	74	67	3.660197e+05
52	74	68	6.133623e+05
52	74	69	3.524797e+05
52	74	70	7.645599e+04
52	74	71	1.196109e+03
52	74	72	1.562499e+04
52	74	73	1.561813e+04
52	74	74	9.882199e+04
52	74	75	2.384624e+04
52	75	61	1.393036e+04
52	75	62	5.242957e+03
52	75	63	2.177536e+05
52	75	64	-2.011995e+04
52	75	65	2.582611e+05
52	75	66	2.346446e+05
52	75	67	1.177476e+06
52	75	68	6.844697e+05
52	75	69	1.520477e+06
52	75	70	1.556835e+05
52	75	71	2.939219e+04
52	75	72	3.893662e+05
52	75	73	1.981064e+05
52	75	74	6.840482e+05
52	75	75	1.650642e+05
52	76	52	1.386445e+00
52	76	53	1.610603e+03
52	76	54	1.431046e+03
52	76	61	5.649831e+04
52	76	62	2.472922e+04
52	76	63	8.741596e+05
52	76	64	2.689936e+05
52	76	65	1.382146e+06
52	76	66	4.899291e+05
52	76	67	1.415445e+06
52	76	68	6.514273e+05
52	76	69	1.895738e+06
52	76	70	5.033279e+05
52	76	71	2.080017e+04
52	76	72	4.088952e+05
52	76	73	4.885411e+05
52	76	74	1.306749e+05
52	76	75	3.153251e+04
52	77	52	6.514083e+01
52	77	53	7.567271e+04
52	77	54	6.723635e+04
52	77	62	2.143969e+04
52	77	63	-4.259735e+02
52	77	64	9.683694e+05
52	77	65	1.195284e+06
52	77	66	1.881036e+06
52	77	67	1.668459e+06
52	77	68	1.203052e+06
52	77	69	1.996563e+06
52	77	70	9.340288e+05
52	77	71	1.504351e+04
52	77	72	3.698740e+05
52	77	73	4.964451e+05
52	77	74	1.627199e+03
52	78	36	3.424598e+03
52	78	37	2.645843e+04
52	78	38	5.567605e+03
52	78	52	3.563761e+01
52	78	53	4.139945e+04
52	78	54	3.678404e+04
52	78	60	2.328200e+02
52	78	61	-1.774747e+02
52	78	62	2.852858e+03
52	78	63	9.688984e+03
52	78	64	1.890543e+05
52	78	65	4.790133e+05
52	78	66	5.430530e+06
52	78	67	8.721830e+06
52	78	68	9.223753e+06
52	78	69	3.800320e+06
52	78	70	3.339272e+06
52	78	71	9.220562e+05
52	78	72	6.264329e+04
52	78	73	-4.241646e+04
52	78	74	4.418645e+05
52	78	75	5.349848e+04
52	78	76	9.659256e+03
52	79	36	3.788163e+04
52	79	37	2.926732e+05
52	79	38	6.158676e+04
52	79	60	2.960588e+03
52	79	61	-2.256806e+03
52	79	62	3.746010e+04
52	79	63	5.565042e+04
52	79	64	3.149171e+05
52	79	65	2.688080e+06
52	79	66	9.006504e+06
52	79	67	1.188027e+07
52	79	68	1.596285e+07
52	79	69	1.093352e+07
52	79	70	5.101831e+06
52	79	71	1.324432e+06
52	79	72	1.434360e+05
52	79	73	1.295688e+05
52	79	74	4.431620e+05
52	79	75	6.837998e+05
52	79	76	1.234614e+05
52	80	36	1.132212e+05
52	80	37	8.747463e+05
52	80	38	1.840715e+05
52	80	57	1.634692e+03
52	80	58	9.892552e+03
52	80	59	1.662906e+03
52	80	60	8.983920e+02
52	80	61	-6.848289e+02
52	80	62	2.622073e+04
52	80	63	7.074363e+05
52	80	64	1.796844e+06
52	80	65	3.674174e+06
52	80	66	6.901204e+06
52	80	67	1.969033e+07
52	80	68	2.284177e+07
52	80	69	1.299243e+07
52	80	70	7.002429e+06
52	80	71	1.376542e+06
52	80	72	2.218869e+05
52	80	73	6.613874e+05
52	80	74	3.195720e+04
52	80	75	2.081738e+05
52	80	76	3.758618e+04
52	81	21	7.277523e+01
52	81	22	1.322885e+03
52	81	23	4.926882e+02
52	81	57	5.808680e+04
52	81	58	3.859399e+05
52	81	59	9.317000e+04
52	81	60	5.578212e+00
52	81	61	4.850546e+02
52	81	62	3.201226e+04
52	81	63	1.270568e+06
52	81	64	1.942221e+06
52	81	65	1.395058e+06
52	81	66	3.984065e+06
52	81	67	7.040371e+06
52	81	68	1.116615e+07
52	81	69	8.585385e+06
52	81	70	4.005357e+06
52	81	71	1.334724e+06
52	81	72	-4.066931e+04
52	82	21	2.133564e+03
52	82	22	3.878325e+04
52	82	23	1.444422e+04
52	82	57	1.101196e+05
52	82	58	7.482721e+05
52	82	59	1.930817e+05
52	82	60	3.192079e+03
52	82	61	2.775679e+05
52	82	62	4.264742e+05
52	82	63	2.071572e+05
52	82	64	1.417228e+05
52	82	65	6.614890e+05
52	82	66	2.673496e+06
52	82	67	3.808853e+06
52	82	68	2.263780e+06
52	82	69	4.379698e+06
52	82	70	2.652777e+06
52	82	71	4.343587e+05
52	82	72	2.044964e+05
52	82	74	5.243823e+01
52	82	75	1.762328e+02
52	82	76	1.072309e+03
52	83	21	9.881343e+02
52	83	22	1.796199e+04
52	83	23	6.689667e+03
52	83	56	4.422445e+02
52	83	57	2.958743e+03
52	83	58	6.438530e+05
52	83	59	6.398937e+05
52	83	60	2.803734e+04
52	83	61	3.263452e+05
52	83	62	4.862767e+05
52	83	63	1.817025e+05
52	83	64	3.757618e+05
52	83	65	6.286378e+05
52	83	66	2.382358e+06
52	83	67	2.196831e+06
52	83	68	1.085462e+06
52	83	69	4.927919e+05
52	83	70	7.712408e+05
52	83	71	9.303364e+05
52	83	72	4.659470e+04
52	83	73	-1.262943e+02
52	83	74	2.432565e+04
52	83	75	6.465566e+04
52	83	76	3.934049e+05
52	84	56	1.715626e+04
52	84	57	1.146267e+05
52	84	58	3.093682e+04
52	84	59	3.416131e+04
52	84	60	2.017553e+05
52	84	61	-1.410458e+04
52	84	62	-1.302320e+05
52	84	63	-3.086855e+04
52	84	64	8.832315e+04
52	84	65	2.674865e+05
52	84	66	5.109254e+05
52	84	67	1.950826e+06
52	84	68	1.332239e+05
52	84	69	2.585332e+04
52	84	70	3.029563e+05
52	84	71	4.818832e+05
52	84	72	2.898484e+04
52	84	73	-1.406694e+04
52	84	74	3.876976e+05
52	84	75	5.250702e+04
52	84	76	3.184197e+05
52	85	56	8.815887e+03
52	85	57	5.890190e+04
52	85	58	1.306969e+04
52	85	59	7.639358e+03
52	85	60	4.511773e+04
52	85	61	-4.176151e+03
52	85	62	-3.855972e+04
52	85	63	-9.366489e+03
52	85	64	7.627444e+03
52	85	65	6.538395e+04
52	85	66	1.500998e+04
52	85	67	1.558943e+03
52	85	68	9.581016e+02
52	85	69	5.506803e+02
52	85	70	4.615201e+03
52	85	71	1.038951e+03
52	85	72	6.123990e+04
52	85	73	-8.927832e+04
52	85	74	6.468803e+05
52	85	75	3.088926e+03
52	86	64	5.668247e+03
52	86	65	4.858933e+04
52	86	66	1.326381e+04
52	86	67	1.515367e+05
52	86	68	9.313199e+04
52	86	72	1.538409e+04
52	86	73	-2.839281e+04
52	86	74	1.488206e+05
52	86	75	1.132576e+03
52	87	64	1.180882e+05
52	87	65	1.012275e+06
52	87	66	2.334492e+05
52	87	67	1.000277e+05
52	87	68	6.147543e+04
52	90	58	1.910238e+02
52	90	59	2.218402e+04
52	90	60	3.186111e+04
52	91	58	1.673951e+03
52	91	59	1.943996e+05
52	91	60	2.792004e+05
52	92	58	3.904772e+02
52	92	59	4.534698e+04
52	92	60	6.512820e+04
52	94	89	4.218783e-01
52	94	90	-8.103291e-01
52	94	91	3.895913e+00
52	95	89	7.822397e+04
52	95	90	-1.502499e+05
52	95	91	7.223737e+05
52	96	89	7.895358e+04
52	96	90	-1.516513e+05
52	96	91	7.291114e+05
52	98	51	3.217535e+02
52	98	52	3.533025e+03
52	98	53	9.730833e+02
52	99	51	7.535554e+03
52	99	52	8.274440e+04
52	99	53	2.278987e+04
52	100	51	1.640316e+04
52	100	52	1.801155e+05
52	100	53	4.960830e+04
53	63	82	5.591753e-02
53	63	83	8.487890e+01
53	63	84	9.399325e+01
53	64	62	4.360319e+00
53	64	63	3.061178e+00
53	64	64	6.714168e+01
53	64	82	1.304497e+02
53	64	83	1.980135e+05
53	64	84	2.192763e+05
53	65	26	6.102844e+01
53	65	27	6.991346e+02
53	65	28	2.054476e+03
53	65	61	8.400801e+03
53	65	62	3.391285e+04
53	65	63	1.759944e+05
53	65	64	8.436426e+04
53	65	82	1.200309e+02
53	65	83	1.821985e+05
53	65	84	2.017631e+05
53	66	26	3.425950e+03
53	66	27	3.924728e+04
53	66	28	1.153320e+05
53	66	61	-1.149498e+04
53	66	62	-3.401654e+04
53	66	63	-2.321202e+05
53	66	64	7.530293e+04
53	67	26	1.975901e+03
53	67	27	2.263569e+04
53	67	28	6.651720e+04
53	67	61	9.022841e+04
53	67	62	2.996500e+05
53	67	63	1.844011e+06
53	68	55	4.603001e-03
53	68	56	1.073600e+00
53	68	57	1.388815e+00
53	68	61	-4.684594e+01
53	68	62	-4.479261e+04
53	68	63	-3.931717e+04
53	69	55	1.493392e+01
53	69	56	3.483174e+03
53	69	57	4.505853e+03
53	69	61	-1.681981e+02
53	69	62	-1.608257e+05
53	69	63	-1.411664e+05
53	70	55	1.391692e+01
53	70	56	3.245969e+03
53	70	57	4.199004e+03
53	70	62	4.319636e+02
53	70	63	-7.838990e+02
53	70	64	4.120960e+03
53	71	60	6.206542e+02
53	71	61	6.626116e+03
53	71	62	2.121002e+04
53	71	63	-1.920588e+03
53	71	64	1.009654e+04
53	72	60	1.886157e+04
53	72	61	2.013665e+05
53	72	62	6.205219e+05
53	72	63	-1.472803e+04
53	72	64	7.742533e+04
53	72	68	1.592347e+02
53	72	69	8.475421e+03
53	72	70	1.436608e+04
53	73	60	8.860613e+03
53	73	61	9.459608e+04
53	73	62	2.876905e+05
53	73	63	9.809149e+01
53	73	64	1.120776e+03
53	73	65	3.171579e+02
53	73	66	1.417751e+02
53	73	67	8.103693e+03
53	73	68	1.700898e+04
53	73	69	1.870524e+05
53	73	70	3.170593e+05
53	74	61	2.026552e+03
53	74	62	1.645001e+04
53	74	63	4.729182e+04
53	74	64	3.584848e+04
53	74	65	3.090385e+04
53	74	66	3.162276e+03
53	74	67	1.809172e+05
53	74	68	3.049666e+05
53	74	69	7.893392e+04
53	74	70	1.448770e+05
53	74	71	1.920766e+03
53	74	72	2.509131e+04
53	74	73	1.475165e+04
53	74	74	6.414762e+04
53	74	75	1.547914e+04
53	75	61	1.320867e+04
53	75	62	2.930110e+05
53	75	63	4.180434e+05
53	75	64	8.458137e+03
53	75	65	1.129624e+05
53	75	66	7.285415e+03
53	75	67	2.047565e+05
53	75	68	4.373354e+05
53	75	69	3.393022e+05
53	75	70	4.194010e+05
53	75	71	4.716274e+04
53	75	72	6.160953e+05
53	75	73	2.386508e+05
53	75	74	4.440314e+05
53	75	75	1.071470e+05
53	76	52	-2.366469e+00
53	76	53	-2.749077e+03
53	76	54	-2.442596e+03
53	76	61	5.073676e+04
53	76	62	1.075062e+05
53	76	63	8.443112e+05
53	76	64	5.674069e+04
53	76	65	1.316974e+06
53	76	66	2.350503e+05
53	76	67	2.013892e+05
53	76	68	5.396018e+05
53	76	69	1.114185e+06
53	76	70	8.686923e+05
53	76	71	2.027814e+04
53	76	72	2.648970e+05
53	76	73	9.102042e+04
53	76	74	8.482408e+04
53	76	75	2.046848e+04
53	77	52	-1.111864e+02
53	77	53	-1.291628e+05
53	77	54	-1.147631e+05
53	77	62	8.218035e+02
53	77	63	2.140616e+05
53	77	64	2.638929e+05
53	77	65	8.107142e+05
53	77	66	4.780774e+05
53	77	67	1.891069e+05
53	77	68	9.338547e+05
53	77	69	2.092678e+06
53	77	70	4.985152e+05
53	77	71	4.822035e+04
53	77	72	1.131195e+04
53	78	52	-6.082845e+01
53	78	53	-7.066311e+04
53	78	54	-6.278525e+04
53	78	60	2.124648e+03
53	78	61	-1.619583e+03
53	78	62	2.625571e+04
53	78	63	1.825942e+05
53	78	64	1.852388e+05
53	78	65	8.978131e+05
53	78	66	1.123644e+06
53	78	67	1.971568e+06
53	78	68	3.713245e+06
53	78	69	1.718959e+06
53	78	70	6.070002e+05
53	78	71	1.061835e+06
53	78	72	1.755184e+05
53	78	73	3.152187e+04
53	78	74	5.005635e+03
53	78	75	3.260742e+04
53	78	76	5.887334e+03
53	79	60	2.701748e+04
53	79	61	-2.059496e+04
53	79	62	3.411025e+05
53	79	63	1.358193e+05
53	79	64	7.874152e+04
53	79	65	9.683101e+05
53	79	66	3.759618e+06
53	79	67	5.555650e+06
53	79	68	6.940156e+06
53	79	69	4.460174e+06
53	79	70	3.343747e+06
53	79	71	1.092490e+06
53	79	72	4.815419e+04
53	79	73	2.397752e+05
53	79	74	6.398036e+04
53	79	75	4.167773e+05
53	79	76	7.524995e+04
53	80	57	7.519888e+02
53	80	58	4.550759e+03
53	80	59	7.649679e+02
53	80	60	8.198468e+03
53	80	61	-6.249552e+03
53	80	62	1.811983e+05
53	80	63	1.114663e+06
53	80	64	5.854624e+05
53	80	65	1.228936e+06
53	80	66	2.925229e+06
53	80	67	8.240269e+06
53	80	68	8.813077e+06
53	80	69	3.367357e+06
53	80	70	1.880082e+06
53	80	71	1.144527e+06
53	80	72	2.928839e+05
53	80	73	9.142218e+05
53	80	74	1.947797e+04
53	80	75	1.268823e+05
53	80	76	2.290885e+04
53	81	21	1.265301e+03
53	81	22	2.300024e+04
53	81	23	8.566082e+03
53	81	57	2.672097e+04
53	81	58	1.716171e+05
53	81	59	3.422697e+04
53	81	60	1.115070e+04
53	81	61	9.842642e+01
53	81	62	1.685751e+04
53	81	63	2.828021e+05
53	81	64	2.067861e+05
53	81	65	2.196191e+05
53	81	66	1.476451e+06
53	81	67	4.137642e+06
53	81	68	3.783071e+06
53	81	69	2.792266e+06
53	81	70	3.065808e+06
53	81	71	1.014689e+06
53	81	72	3.160202e+05
53	81	73	2.086069e+04
53	82	21	3.709503e+04
53	82	22	6.743018e+05
53	82	23	2.511333e+05
53	82	57	5.065700e+04
53	82	58	3.281882e+05
53	82	59	7.131242e+04
53	82	60	7.236245e+03
53	82	61	5.632359e+04
53	82	62	8.543125e+04
53	82	63	4.898331e+03
53	82	64	4.956602e+03
53	82	65	2.199146e+05
53	82	66	1.191644e+06
53	82	67	1.771432e+06
53	82	68	1.460131e+06
53	82	69	1.933433e+06
53	82	70	1.962330e+06
53	82	71	1.553365e+05
53	82	74	7.142402e+01
53	82	75	2.400397e+02
53	82	76	1.460549e+03
53	83	21	1.718012e+04
53	83	22	3.122947e+05
53	83	23	1.163093e+05
53	83	56	2.883010e+03
53	83	57	1.926337e+04
53	83	58	1.846806e+05
53	83	59	1.373191e+05
53	83	60	1.699123e+05
53	83	61	7.643765e+04
53	83	62	1.929693e+05
53	83	63	7.498186e+04
53	83	64	3.649696e+04
53	83	65	9.008490e+05
53	83	66	1.450530e+06
53	83	67	1.630479e+06
53	83	68	6.589686e+05
53	83	69	3.146012e+05
53	83	70	5.240262e+05
53	83	71	1.973470e+05
53	83	72	9.409632e+02
53	83	73	-3.085965e+02
53	83	74	3.863447e+04
53	83	75	8.806488e+04
53	83	76	5.358411e+05
53	84	56	1.118424e+05
53	84	57	7.472565e+05
53	84	58	1.381698e+05
53	84	61	1.221558e+05
53	84	62	1.127903e+06
53	84	63	2.739774e+05
53	84	64	2.105857e+03
53	84	65	1.050946e+05
53	84	66	9.716938e+04
53	84	67	1.393891e+06
53	84	68	7.348659e+04
53	84	69	4.665849e+03
53	84	70	7.129677e+04
53	84	71	4.798093e+04
53	84	72	6.352771e+04
53	84	73	-1.834060e+04
53	84	74	8.789623e+05
53	84	75	7.504375e+04
53	84	76	4.337068e+05
53	85	56	5.747114e+04
53	85	57	3.839840e+05
53	85	58	7.099971e+04
53	85	61	3.616847e+04
53	85	62	3.339548e+05
53	85	63	8.112052e+04
53	85	64	1.855299e+03
53	85	65	1.590399e+04
53	85	66	3.645708e+03
53	85	69	8.145321e+04
53	85	70	6.826518e+05
53	85	71	1.536751e+05
53	85	72	3.850851e+04
53	85	73	3.136639e+04
53	85	74	8.353460e+05
53	85	75	6.641283e+04
53	86	64	1.378744e+03
53	86	65	1.181887e+04
53	86	66	2.709266e+03
53	86	73	1.613128e+04
53	86	74	1.197596e+05
53	86	75	2.435073e+04
53	87	64	2.872377e+04
53	87	65	2.462258e+05
53	87	66	5.644290e+04
54	63	82	8.625981e-02
54	63	83	1.309363e+02
54	63	84	1.449964e+02
54	64	62	3.740865e+01
54	64	63	2.626288e+01
54	64	64	5.760312e+02
54	64	82	2.012350e+02
54	64	83	3.054607e+05
54	64	84	3.382613e+05
54	65	26	3.721203e+02
54	65	27	4.262966e+03
54	65	28	1.252715e+04
54	65	62	4.700438e+04
54	65	63	3.299960e+04
54	65	64	7.237896e+05
54	65	82	1.851627e+02
54	65	83	2.810641e+05
54	65	84	3.112449e+05
54	66	26	2.088969e+04
54	66	27	2.393098e+05
54	66	28	7.032356e+05
54	66	62	4.195577e+04
54	66	63	2.945521e+04
54	66	64	6.460493e+05
54	67	26	1.204803e+04
54	67	27	1.380209e+05
54	67	28	4.055879e+05
54	67	61	3.366995e+01
54	67	62	3.219415e+04
54	67	63	2.825874e+04
54	68	55	3.705452e-01
54	68	56	8.642566e+01
54	68	57	1.118007e+02
54	68	61	2.616029e+02
54	68	62	2.501364e+05
54	68	63	2.195598e+05
54	69	55	1.202192e+03
54	69	56	2.803983e+05
54	69	57	3.627248e+05
54	69	61	9.392726e+02
54	69	62	8.981029e+05
54	69	63	7.883190e+05
54	70	55	1.120323e+03
54	70	56	2.613032e+05
54	70	57	3.380232e+05
54	70	62	7.434410e+03
54	70	63	-1.349148e+04
54	70	64	7.092474e+04
54	71	60	3.872724e+02
54	71	61	4.134527e+03
54	71	62	3.078877e+04
54	71	63	-3.305472e+04
54	71	64	1.737688e+05
54	72	60	1.176914e+04
54	72	61	1.256475e+05
54	72	62	5.218048e+05
54	72	63	-2.534803e+05
54	72	64	1.332547e+06
54	72	68	2.789790e+02
54	72	69	1.484892e+04
54	72	70	2.516935e+04
54	73	60	5.528796e+03
54	73	61	5.902554e+04
54	73	62	1.795115e+05
54	73	63	1.865954e+03
54	73	64	2.132006e+04
54	73	65	6.033164e+03
54	73	68	6.157063e+03
54	73	69	3.277156e+05
54	73	70	5.554874e+05
54	74	61	7.403115e+01
54	74	62	2.781779e+04
54	74	63	1.181980e+05
54	74	64	7.304860e+05
54	74	65	1.950912e+05
54	74	66	8.318220e+00
54	74	67	1.164026e+02
54	74	68	3.481016e+03
54	74	69	1.329840e+05
54	74	70	2.371460e+05
54	75	61	1.317560e+03
54	75	62	4.948369e+05
54	75	63	3.804303e+05
54	75	64	2.918449e+05
54	75	65	9.864974e+04
54	75	66	6.298107e+03
54	75	67	3.496645e+05
54	75	68	4.493942e+05
54	75	69	-2.693473e+04
54	75	70	2.678004e+05
54	76	52	1.364510e+01
54	76	53	1.585122e+04
54	76	54	1.408405e+04
54	76	61	4.853274e+02
54	76	62	1.851134e+05
54	76	63	5.364342e+05
54	76	64	5.147726e+05
54	76	65	6.602715e+04
54	76	66	7.678832e+04
54	76	67	1.086327e+06
54	76	68	5.026892e+05
54	76	69	2.524361e+04
54	76	70	5.477599e+05
54	77	52	6.411023e+02
54	77	53	7.447549e+05
54	77	54	6.617260e+05
54	77	62	1.617668e+04
54	77	63	7.167776e+05
54	77	64	1.130121e+06
54	77	65	4.460238e+05
54	77	66	9.284840e+05
54	77	67	2.536190e+05
54	77	68	2.154332e+05
54	77	69	5.031864e+05
54	77	70	3.950749e+04
54	77	71	8.233307e+04
54	77	72	5.440846e+04
54	78	52	3.507378e+02
54	78	53	4.074446e+05
54	78	54	3.620207e+05
54	78	60	6.997290e+03
54	78	61	-3.750978e+03
54	78	62	8.370183e+04
54	78	63	3.517450e+05
54	78	64	3.235749e+05
54	78	65	8.112432e+05
54	78	66	8.490854e+05
54	78	67	5.611468e+05
54	78	68	9.552362e+05
54	78	69	7.313337e+05
54	78	70	1.405244e+05
54	78	71	8.301609e+05
54	78	72	4.935766e+05
54	79	60	8.897903e+04
54	79	61	-6.971591e+04
54	79	62	1.092843e+06
54	79	63	7.605798e+03
54	79	64	1.317368e+04
54	79	65	4.090563e+05
54	79	66	4.950640e+05
54	79	67	1.058600e+06
54	79	68	2.338016e+06
54	79	69	1.295099e+06
54	79	70	2.628803e+05
54	79	71	2.231004e+05
54	79	72	1.214389e+05
54	79	73	2.469246e+03
54	80	60	2.700073e+04
54	80	61	-2.879315e+03
54	80	62	3.226635e+05
54	80	63	3.841964e+05
54	80	64	7.225777e+04
54	80	65	8.722232e+05
54	80	66	8.367797e+05
54	80	67	1.635027e+06
54	80	68	2.079313e+06
54	80	69	4.178095e+05
54	80	70	-1.743426e+03
54	80	71	2.933635e+03
54	80	72	3.617544e+04
54	80	73	6.954031e+04
54	81	21	4.603681e+02
54	81	22	8.368426e+03
54	81	23	3.116691e+03
54	81	58	-1.109252e+03
54	81	59	1.725785e+03
54	81	60	-1.137113e+04
54	81	62	3.797107e+03
54	81	63	4.300299e+04
54	81	64	1.592642e+04
54	81	65	2.474091e+05
54	81	66	3.588988e+05
54	81	67	6.629618e+05
54	81	68	1.124037e+06
54	81	69	2.835446e+05
54	81	70	1.652120e+06
54	81	71	1.472194e+04
54	81	72	1.648452e+04
54	81	73	3.168831e+04
54	82	21	1.349669e+04
54	82	22	2.453386e+05
54	82	23	9.137256e+04
54	82	58	-6.554801e+02
54	82	59	1.019803e+03
54	82	60	-6.719436e+03
54	82	63	4.952421e+03
54	82	64	3.804559e+03
54	82	65	1.781917e+05
54	82	66	6.569155e+05
54	82	67	9.216489e+05
54	82	68	1.650553e+06
54	82	69	9.129761e+05
54	82	70	8.195926e+05
54	82	71	5.166700e+04
54	83	21	6.250829e+03
54	83	22	1.136256e+05
54	83	23	4.231809e+04
54	83	56	5.209038e+02
54	83	57	3.480333e+03
54	83	58	-1.618473e+04
54	83	59	2.618157e+04
54	83	60	-1.725092e+05
54	83	63	5.422934e+04
54	83	64	1.085331e+05
54	83	65	1.506182e+06
54	83	66	5.965338e+05
54	83	67	6.812674e+05
54	83	68	4.713777e+05
54	83	69	1.399739e+06
54	83	70	3.953051e+05
54	83	71	2.119004e+04
54	84	56	2.020774e+04
54	84	57	1.350147e+05
54	84	58	2.496460e+04
54	84	63	7.515222e+02
54	84	64	5.426261e+04
54	84	65	4.835975e+05
54	84	66	1.185575e+05
54	84	67	8.173091e+04
54	84	68	1.342838e+04
54	84	69	1.025187e+05
54	84	70	-1.262119e+05
54	84	71	-3.490788e+04
54	84	73	5.602278e+03
54	84	74	4.159164e+04
54	84	75	8.456832e+03
54	85	56	1.038392e+04
54	85	57	6.937843e+04
54	85	58	1.282827e+04
54	85	65	2.080327e+03
54	85	66	-4.090416e+03
54	85	67	1.893249e+04
54	85	69	1.123677e+05
54	85	70	9.417436e+05
54	85	71	2.120005e+05
54	85	73	9.883397e+04
54	85	74	7.337492e+05
54	85	75	1.491933e+05
54	86	65	3.580793e+00
54	86	66	-1.787695e+00
54	86	67	4.592820e+01
54	86	73	3.623817e+04
54	86	74	2.690343e+05
54	86	75	5.470277e+04
54	87	65	6.756834e+01
54	87	66	-3.373319e+01
54	87	67	8.666494e+02
54	88	65	2.565157e+01
54	88	66	-1.280643e+01
54	88	67	3.290138e+02
55	64	62	8.580966e+00
55	64	63	6.024299e+00
55	64	64	1.321327e+02
55	65	26	6.302234e+01
55	65	27	7.219764e+02
55	65	28	2.121599e+03
55	65	62	1.078208e+04
55	65	63	7.569599e+03
55	65	64	1.660261e+05
55	66	26	3.537881e+03
55	66	27	4.052954e+04
55	66	28	1.191001e+05
55	66	62	9.624006e+03
55	66	63	6.756569e+03
55	66	64	1.481937e+05
55	67	26	2.040457e+03
55	67	27	2.337523e+04
55	67	28	6.869042e+04
55	68	55	2.345196e-01
55	68	56	5.469916e+01
55	68	57	7.075913e+01
55	69	55	7.608726e+02
55	69	56	1.774653e+05
55	69	57	2.295700e+05
55	70	55	7.090570e+02
55	70	56	1.653799e+05
55	70	57	2.139363e+05
55	70	62	2.690353e+03
55	70	63	-4.882275e+03
55	70	64	2.566614e+04
55	71	56	8.569535e+01
55	71	57	1.997259e+03
55	71	58	8.390051e+02
55	71	62	6.591485e+03
55	71	63	-1.196179e+04
55	71	64	6.288318e+04
55	72	56	5.131199e+01
55	72	57	1.195903e+03
55	72	58	5.023729e+02
55	72	62	5.054683e+04
55	72	63	-9.172904e+04
55	72	64	4.822199e+05
55	73	56	1.301451e+03
55	73	57	3.033226e+04
55	73	58	1.274192e+04
55	73	63	7.112903e+02
55	73	64	8.127078e+03
55	73	65	2.299806e+03
55	74	62	1.075704e+02
55	74	63	9.752845e+04
55	74	64	3.494321e+05
55	74	65	7.436760e+04
55	74	66	1.106602e+03
55	74	67	1.343851e+04
55	74	68	3.959261e+03
55	75	62	1.583237e+02
55	75	63	-1.204682e+05
55	75	64	-1.803463e+04
55	75	65	3.912365e+04
55	75	66	3.572656e+04
55	75	67	4.618736e+05
55	75	68	1.212191e+05
55	76	62	2.246577e+03
55	76	63	7.262062e+05
55	76	64	8.737483e+05
55	76	65	4.016390e+04
55	76	66	5.146549e+04
55	76	67	7.502589e+05
55	76	68	5.711104e+04
55	77	62	7.404533e+03
55	77	63	1.621801e+05
55	77	64	3.740800e+05
55	77	65	9.664662e+04
55	77	66	3.116211e+05
55	77	67	1.537523e+05
55	77	68	5.440114e+02
55	77	69	3.907378e+03
55	77	70	9.273479e+02
55	77	71	2.889136e+04
55	77	72	2.172893e+04
55	78	61	-1.503749e+03
55	78	62	2.232312e+03
55	78	63	-1.569874e+04
55	78	64	4.865721e+03
55	78	65	5.428027e+04
55	78	66	1.321843e+05
55	78	68	1.640322e+04
55	78	69	1.177696e+05
55	78	70	2.459977e+04
55	78	71	2.490801e+05
55	78	72	1.873298e+05
55	79	61	1.794224e+03
55	79	62	-2.663521e+03
55	79	63	1.873122e+04
55	79	64	9.807636e+03
55	79	65	3.713554e+05
55	79	66	1.900189e+05
55	79	67	2.049752e+04
55	79	68	4.845259e+04
55	79	69	2.350942e+05
55	79	70	4.712054e+04
55	79	71	5.785707e+04
55	79	72	5.753167e+04
55	79	73	2.767014e+04
55	80	61	-1.681728e+04
55	80	62	2.496522e+04
55	80	63	-1.755679e+05
55	80	64	1.378795e+04
55	80	65	5.267447e+05
55	80	66	2.901557e+05
55	80	67	2.731871e+05
55	80	68	3.752716e+05
55	80	69	-3.251699e+04
55	80	70	1.592316e+05
55	80	71	1.193911e+04
55	80	72	4.053786e+05
55	80	73	7.792621e+05
55	81	58	1.262620e+04
55	81	59	-1.964397e+04
55	81	60	1.294332e+05
55	81	65	3.665904e+04
55	81	66	1.956818e+05
55	81	67	2.487547e+05
55	81	68	2.997343e+05
55	81	69	-2.469683e+05
55	81	70	1.257877e+06
55	81	71	5.440444e+03
55	81	72	1.847239e+05
55	81	73	3.550962e+05
55	82	58	7.461083e+03
55	82	59	-1.160803e+04
55	82	60	7.648481e+04
55	82	63	2.684189e+02
55	82	64	2.556017e+03
55	82	65	1.099705e+05
55	82	66	5.687703e+05
55	82	67	-1.181572e+05
55	82	68	4.084919e+04
55	82	69	2.582964e+05
55	82	70	6.983565e+05
55	83	58	1.915496e+05
55	83	59	-2.980149e+05
55	83	60	1.963607e+06
55	83	63	9.987254e+03
55	83	64	8.260547e+04
55	83	65	9.762354e+05
55	83	66	8.770311e+05
55	83	67	1.233557e+06
55	83	68	8.639314e+04
55	83	69	1.064265e+06
55	83	70	3.784898e+05
55	84	63	5.058057e+03
55	84	64	4.589634e+04
55	84	65	5.428949e+05
55	84	66	-9.314364e+03
55	84	67	1.214747e+06
55	84	68	3.773190e+04
55	84	69	3.400526e+05
55	84	70	8.107866e+04
55	85	65	3.091940e+04
55	85	66	-6.079487e+04
55	85	67	2.813890e+05
55	86	65	3.037443e+03
55	86	66	-1.516430e+03
55	86	67	3.895904e+04
55	87	65	5.731551e+04
55	87	66	-2.861451e+04
55	87	67	7.351438e+05
55	88	65	2.175919e+04
55	88	66	-1.086318e+04
55	88	67	2.790892e+05
55	93	93	2.121318e-01
55	93	94	3.603482e+01
55	93	95	4.867618e+01
55	94	93	4.648048e+01
55	94	94	7.895637e+03
55	94	95	1.066550e+04
55	95	93	6.061134e+01
55	95	94	1.029605e+04
55	95	95	1.390800e+04
56	65	66	1.458181e+01
56	65	67	4.925583e+01
56	65	68	2.986310e+02
56	66	66	2.039945e+03
56	66	67	6.890722e+03
56	66	68	4.177746e+04
56	67	66	1.444778e+03
56	67	67	4.880309e+03
56	67	68	2.958861e+04
56	71	56	2.401276e+03
56	71	57	5.596534e+04
56	71	58	2.350982e+04
56	72	56	1.437817e+03
56	72	57	3.351049e+04
56	72	58	1.407703e+04
56	72	64	2.732352e+02
56	72	65	4.412771e+01
56	72	66	4.458732e+03
56	72	67	-2.321996e+02
56	72	68	7.270570e+03
56	73	56	3.646804e+04
56	73	57	8.499425e+05
56	73	58	3.570424e+05
56	73	64	4.542065e+03
56	73	65	7.335473e+02
56	73	66	6.546186e+04
56	73	67	1.297384e+02
56	73	68	1.591954e+04
56	73	69	2.999875e+03
56	74	64	1.613184e+03
56	74	65	2.605305e+02
56	74	66	3.365168e+04
56	74	67	1.444194e+04
56	74	68	1.128323e+05
56	74	69	-3.977586e+03
56	75	65	1.345065e+02
56	75	66	5.250599e+04
56	75	67	5.885227e+05
56	75	68	2.524243e+05
56	75	69	3.394354e+04
56	75	70	1.235026e+02
56	75	71	5.229233e+01
56	76	64	7.451624e-02
56	76	65	-2.249344e+02
56	76	66	1.264594e+04
56	76	67	2.528930e+05
56	76	68	8.004639e+04
56	76	69	1.290140e+03
56	76	70	2.056879e+04
56	76	71	8.709047e+03
56	77	64	2.378420e+02
56	77	65	6.283696e+04
56	77	66	9.771793e+04
56	77	67	8.991558e+04
56	77	69	4.212287e+03
56	77	70	4.797908e+04
56	77	71	1.548666e+04
56	78	61	1.864254e+04
56	78	62	-2.767481e+04
56	78	63	1.946231e+05
56	78	64	2.103220e+04
56	78	65	4.234248e+05
56	78	66	1.822350e+05
56	78	69	2.777763e+04
56	78	70	1.839359e+05
56	78	71	3.372657e+04
56	79	61	-2.224367e+04
56	79	62	3.302067e+04
56	79	63	-2.322179e+05
56	79	64	2.611110e+04
56	79	65	4.480936e+05
56	79	66	1.619050e+05
56	79	68	1.851119e+01
56	79	69	9.211001e+04
56	79	70	6.054814e+05
56	79	71	1.109524e+05
56	79	73	1.419599e+02
56	79	74	-3.102169e+01
56	79	75	1.909726e+03
56	80	61	2.084902e+05
56	80	62	-3.095032e+05
56	80	63	2.176582e+06
56	80	68	1.155085e+04
56	80	69	2.607978e+05
56	80	70	1.826035e+05
56	80	73	2.902710e+03
56	80	74	-6.343130e+02
56	80	75	3.904894e+04
56	81	65	7.089487e+03
56	81	66	2.883924e+03
56	81	67	1.048520e+05
56	81	68	4.514340e+04
56	81	69	2.605858e+05
56	81	70	5.098778e+05
56	81	73	1.146808e+03
56	81	74	-2.506054e+02
56	81	75	1.542752e+04
56	82	63	1.045208e+03
56	82	64	4.159461e+03
56	82	65	9.275240e+03
56	82	66	-5.388307e+03
56	82	67	-1.959048e+05
56	82	68	7.813572e+03
56	82	69	-1.502696e+04
56	82	70	7.210049e+04
56	83	63	3.888980e+04
56	83	64	1.547640e+05
56	83	65	9.096342e+05
56	83	66	1.699299e+04
56	83	67	1.030856e+06
56	84	62	1.773445e+02
56	84	63	1.997899e+04
56	84	64	8.142599e+04
56	84	65	4.689044e+05
56	84	66	-8.753192e+04
56	84	67	4.051414e+05
56	85	62	-2.972176e+02
56	85	63	-4.746335e+02
56	85	64	-5.104146e+03
56	85	65	1.031221e+04
56	85	66	-2.027626e+04
56	85	67	9.384864e+04
56	86	62	1.760462e+03
56	86	63	2.811321e+03
56	86	64	3.023258e+04
56	86	65	2.644610e+03
56	86	66	-1.320310e+03
56	86	67	3.392047e+04
56	87	65	4.990289e+04
56	87	66	-2.491380e+04
56	87	67	6.400677e+05
56	88	63	4.048490e+00
56	88	64	5.706472e+01
56	88	65	1.909744e+04
56	88	66	-9.458245e+03
56	88	67	2.429946e+05
56	89	63	2.866667e+01
56	89	64	4.040656e+02
56	89	65	1.078839e+03
56	90	63	1.084224e+02
56	90	64	1.528248e+03
56	90	65	4.080359e+03
56	93	93	2.561801e+00
56	93	94	4.351730e+02
56	93	95	5.878358e+02
56	94	93	5.613195e+02
56	94	94	9.535132e+04
56	94	95	1.288015e+05
56	95	93	7.319703e+02
56	95	94	1.243398e+05
56	95	95	1.679593e+05
57	65	66	4.245729e+01
57	65	67	1.434163e+02
57	65	68	8.695122e+02
57	66	66	5.939629e+03
57	66	67	2.006345e+04
57	66	68	1.216418e+05
57	67	66	4.206703e+03
57	67	67	1.420981e+04
57	67	68	8.615200e+04
57	68	88	1.987404e+00
57	68	89	1.330995e+01
57	68	90	5.197708e+01
57	69	88	2.971002e+01
57	69	89	1.989726e+02
57	69	90	7.770138e+02
57	70	88	9.942150e+00
57	70	89	6.658412e+01
57	70	90	2.600196e+02
57	71	56	1.091969e+03
57	71	57	2.544997e+04
57	71	58	1.069098e+04
57	72	56	6.538404e+02
57	72	57	1.523873e+04
57	72	58	6.401461e+03
57	72	64	5.181489e+02
57	72	65	8.368147e+01
57	72	66	7.350281e+03
57	72	67	1.897202e+01
57	72	68	-5.940468e+02
57	73	56	1.658367e+04
57	73	57	3.865072e+05
57	73	58	1.623633e+05
57	73	64	8.613334e+03
57	73	65	1.391061e+03
57	73	66	1.228931e+05
57	73	67	5.152715e+03
57	73	68	1.006109e+05
57	73	69	3.932671e+04
57	74	64	3.059157e+03
57	74	65	4.940564e+02
57	74	66	4.292377e+04
57	74	67	-6.495646e+03
57	74	68	-1.187440e+05
57	74	69	1.577474e+03
57	75	65	1.582017e+03
57	75	66	6.087096e+04
57	75	67	1.707496e+05
57	75	68	1.320493e+06
57	75	69	8.174019e+05
57	75	70	2.467460e+03
57	75	71	1.044749e+03
57	76	64	5.645332e-01
57	76	65	-2.756555e+03
57	76	66	-1.136288e+05
57	76	67	-2.099546e+05
57	76	68	4.769283e+04
57	76	69	9.409882e+04
57	76	70	4.109440e+05
57	76	71	1.739981e+05
57	77	64	1.339795e+03
57	77	65	4.734044e+05
57	77	66	9.407203e+05
57	77	67	1.057555e+06
57	77	69	2.619449e+04
57	77	70	5.747607e+05
57	77	71	2.390319e+05
57	78	64	1.775078e+04
57	78	65	7.780483e+05
57	78	66	5.026709e+05
57	78	69	2.490009e+04
57	78	70	1.648815e+05
57	78	71	3.023276e+04
57	79	64	2.048112e+04
57	79	65	3.514772e+05
57	79	66	1.269960e+05
57	79	67	2.842633e+00
57	79	68	2.287270e+01
57	79	69	8.279332e+04
57	79	70	5.428745e+05
57	79	71	9.945863e+04
57	79	73	9.767001e+02
57	79	74	-2.134328e+02
57	79	75	1.313913e+04
57	80	66	9.468537e+01
57	80	67	6.709138e+02
57	80	68	8.400820e+03
57	80	69	3.253099e+05
57	80	70	1.679614e+05
57	80	73	1.997098e+04
57	80	74	-4.364146e+03
57	80	75	2.686611e+05
57	81	66	7.268442e+01
57	81	67	5.150213e+02
57	81	68	1.025203e+04
57	81	69	3.993266e+05
57	81	70	2.061771e+05
57	81	73	7.890168e+03
57	81	74	-1.724194e+03
57	81	75	1.061431e+05
57	84	62	3.252237e+03
57	84	63	5.193571e+03
57	84	64	5.585098e+04
57	85	62	-5.450532e+03
57	85	63	-8.704079e+03
57	85	64	-9.360252e+04
57	85	70	1.513809e+02
57	85	71	1.040130e+03
57	85	72	1.973584e+02
57	86	62	3.228427e+04
57	86	63	5.155549e+04
57	86	64	5.544210e+05
57	86	70	5.209209e+03
57	86	71	3.579219e+04
57	86	72	6.791354e+03
57	87	70	2.565205e+03
57	87	71	1.762538e+04
57	87	72	3.344311e+03
57	88	63	6.440509e+02
57	88	64	9.078097e+03
57	88	65	2.423815e+04
57	89	63	4.560416e+03
57	89	64	6.428047e+04
57	89	65	1.716262e+05
57	90	63	1.724830e+04
57	90	64	2.431202e+05
57	90	65	6.491209e+05
57	93	93	7.341420e+00
57	93	94	1.247087e+03
57	93	95	1.684577e+03
57	94	93	1.608588e+03
57	94	94	2.732508e+05
57	94	95	3.691098e+05
57	95	55	5.722175e+01
57	95	56	4.201948e+02
57	95	57	8.462458e+01
57	95	93	2.097627e+03
57	95	94	3.563237e+05
57	95	95	4.813255e+05
57	96	55	2.300718e+03
57	96	56	1.689480e+04
57	96	57	3.402505e+03
57	97	55	4.205792e+03
57	97	56	3.088427e+04
57	97	57	6.219897e+03
58	16	99	9.086015e-01
58	16	100	8.734439e+00
58	16	101	2.187105e+00
58	17	99	1.270173e+01
58	17	100	1.221025e+02
58	17	101	3.057448e+01
58	18	99	3.403791e+01
58	18	100	3.272085e+02
58	18	101	8.193305e+01
58	65	66	2.863463e+02
58	65	67	9.672478e+02
58	65	68	5.864284e+03
58	66	66	4.005886e+04
58	66	67	1.353147e+05
58	66	68	8.203933e+05
58	67	66	2.837143e+04
58	67	67	9.583572e+04
58	67	68	5.810381e+05
58	68	88	1.332979e+03
58	68	89	8.927170e+03
58	68	90	3.486175e+04
58	69	88	1.992693e+04
58	69	89	1.334537e+05
58	69	90	5.211540e+05
58	70	88	6.668339e+03
58	70	89	4.465890e+04
58	70	90	1.743988e+05
58	72	64	4.849221e+03
58	72	65	7.831532e+02
58	72	66	7.689871e+04
58	72	67	-3.193093e+03
58	72	68	9.998125e+04
58	73	64	8.060996e+04
58	73	65	1.301857e+04
58	73	66	1.159264e+06
58	73	67	-2.011405e+03
58	73	68	1.440034e+05
58	73	69	1.216394e+04
58	74	64	2.862986e+04
58	74	65	4.623745e+03
58	74	66	5.335133e+05
58	74	67	-5.344076e+04
58	74	68	1.628249e+06
58	74	69	6.004735e+04
58	75	65	4.564193e+02
58	75	66	1.756156e+04
58	75	67	5.435813e+04
58	75	68	6.649054e+05
58	75	69	6.656878e+05
58	75	70	9.638686e+02
58	75	71	4.081124e+02
58	76	65	-8.532197e+02
58	76	66	-3.282917e+04
58	76	67	-5.981403e+04
58	76	68	6.380848e+04
58	76	69	1.094835e+05
58	76	70	1.605279e+05
58	76	71	6.796923e+04
58	77	65	4.282971e+03
58	77	66	1.647951e+05
58	77	67	3.051095e+05
58	77	68	1.218117e+01
58	77	69	9.319115e+03
58	77	70	2.175217e+05
58	77	71	9.208208e+04
58	78	68	2.230519e+02
58	78	69	2.752677e+03
58	78	70	8.194818e+02
58	79	66	2.782331e+02
58	79	67	1.971481e+03
58	79	68	9.179129e+02
58	79	69	6.580860e+03
58	79	70	1.959145e+03
58	79	73	3.755289e+03
58	79	74	-8.206222e+02
58	79	75	5.051832e+04
58	80	66	6.566814e+04
58	80	67	4.653059e+05
58	80	68	9.078687e+04
58	80	73	7.678590e+04
58	80	74	-1.677959e+04
58	80	75	1.032968e+06
58	81	66	5.040959e+04
58	81	67	3.571881e+05
58	81	68	6.969177e+04
58	81	73	3.033670e+04
58	81	74	-6.629309e+03
58	81	75	4.081069e+05
58	84	62	7.770524e+03
58	84	63	1.240893e+04
58	84	64	1.334440e+05
58	85	62	-1.302288e+04
58	85	63	-2.079653e+04
58	85	64	-2.236432e+05
58	85	70	2.965648e+03
58	85	71	2.037680e+04
58	85	72	3.866377e+03
58	86	62	7.713636e+04
58	86	63	1.231808e+05
58	86	64	1.324670e+06
58	86	70	1.020517e+05
58	86	71	7.011918e+05
58	86	72	1.330470e+05
58	87	70	5.025401e+04
58	87	71	3.452925e+05
58	87	72	6.551719e+04
58	88	63	4.662213e+02
58	88	64	6.571534e+03
58	88	65	1.754573e+04
58	89	63	3.301234e+03
58	89	64	4.653192e+04
58	89	65	1.242383e+05
58	90	63	1.248585e+04
58	90	64	1.759920e+05
58	90	65	4.698914e+05
58	95	55	1.250745e+03
58	95	56	9.184556e+03
58	95	57	1.849712e+03
58	96	55	5.028876e+04
58	96	56	3.692839e+05
58	96	57	7.437146e+04
58	97	55	9.192958e+04
58	97	56	6.750638e+05
58	97	57	1.359536e+05
59	16	96	5.259945e-02
59	16	97	4.580538e+00
59	16	98	6.945667e+00
59	16	99	1.424347e+03
59	16	100	1.369233e+04
59	16	101	3.428562e+03
59	17	96	1.227351e+02
59	17	97	1.068819e+04
59	17	98	1.620696e+04
59	17	99	1.991156e+04
59	17	100	1.914110e+05
59	17	101	4.792935e+04
59	18	96	1.129335e+02
59	18	97	9.834628e+03
59	18	98	1.491267e+04
59	18	99	5.335871e+04
59	18	100	5.129404e+05
59	18	101	1.284403e+05
59	68	88	1.553231e+03
59	68	89	1.040223e+04
59	68	90	4.062206e+04
59	69	88	2.321951e+04
59	69	89	1.555047e+05
59	69	90	6.072658e+05
59	70	88	7.770168e+03
59	70	89	5.203802e+04
59	70	90	2.032152e+05
59	77	68	1.145374e+03
59	77	69	1.413503e+04
59	77	70	4.208048e+03
59	78	68	2.097318e+04
59	78	69	2.588294e+05
59	78	70	7.705444e+04
59	78	73	1.176505e+02
59	78	74	4.393976e+03
59	78	75	8.206785e+03
59	79	66	2.386897e+02
59	79	67	1.691288e+03
59	79	68	5.047083e+04
59	79	69	6.187868e+05
59	79	70	1.842150e+05
59	79	73	1.614088e+03
59	79	74	6.028250e+04
59	79	75	1.125918e+05
59	80	66	5.633517e+04
59	80	67	3.991751e+05
59	80	68	7.788394e+04
59	80	73	5.133831e+02
59	80	74	1.917369e+04
59	80	75	3.581137e+04
59	81	66	4.324522e+04
59	81	67	3.064234e+05
59	81	68	5.978695e+04
59	85	70	1.147285e+03
59	85	71	7.882928e+03
59	85	72	1.495739e+03
59	86	70	3.947952e+04
59	86	71	2.712616e+05
59	86	72	5.147027e+04
59	87	70	1.944116e+04
59	87	71	1.335791e+05
59	87	72	2.534585e+04
59	95	55	5.101200e+02
59	95	56	3.745949e+03
59	95	57	7.544106e+02
59	96	55	2.051042e+04
59	96	56	1.506136e+05
59	96	57	3.033263e+04
59	97	55	3.749376e+04
59	97	56	2.753269e+05
59	97	57	5.544909e+04
60	16	96	4.656312e-01
60	16	97	4.054874e+01
60	16	98	6.148581e+01
60	16	99	1.574743e+03
60	16	100	1.513809e+04
60	16	101	3.790581e+03
60	17	96	1.086500e+03
60	17	97	9.461609e+04
60	17	98	1.434705e+05
60	17	99	2.201401e+04
60	17	100	2.116220e+05
60	17	101	5.299017e+04
60	18	96	9.997319e+02
60	18	97	8.706004e+04
60	18	98	1.320129e+05
60	18	99	5.899281e+04
60	18	100	5.671014e+05
60	18	101	1.420023e+05
60	71	69	4.968791e+00
60	71	70	3.066117e+02
60	71	71	5.012710e+02
60	72	69	2.432082e+02
60	72	70	1.500777e+04
60	72	71	2.453579e+04
60	73	69	4.212388e+02
60	73	70	2.599359e+04
60	73	71	4.249621e+04
60	77	68	7.506897e+02
60	77	69	9.264243e+03
60	77	70	2.757998e+03
60	78	68	1.374604e+04
60	78	69	1.696395e+05
60	78	70	5.050227e+04
60	78	73	7.445365e+02
60	78	74	2.780674e+04
60	78	75	5.193563e+04
60	79	68	3.286282e+04
60	79	69	4.055592e+05
60	79	70	1.207364e+05
60	79	73	1.021456e+04
60	79	74	3.814904e+05
60	79	75	7.125232e+05
60	80	73	3.248882e+03
60	80	74	1.213383e+05
60	80	75	2.266279e+05
61	16	96	1.558170e+00
61	16	97	1.356907e+02
61	16	98	2.057537e+02
61	17	96	3.635822e+03
61	17	97	3.166196e+05
61	17	98	4.801040e+05
61	18	96	3.345464e+03
61	18	97	2.913343e+05
61	18	98	4.417628e+05
61	71	69	6.141851e+00
61	71	70	3.789983e+02
61	71	71	6.196138e+02
61	72	69	3.006262e+02
61	72	70	1.855089e+04
61	72	71	3.032834e+04
61	73	69	5.206872e+02
61	73	70	3.213031e+04
61	73	71	5.252895e+04
61	78	73	1.307591e+02
61	78	74	4.883555e+03
61	78	75	9.121189e+03
61	79	73	1.793931e+03
61	79	74	6.699921e+04
61	79	75	1.251368e+05
61	80	73	5.705845e+02
61	80	74	2.131003e+04
61	80	75	3.980150e+04
62	58	77	2.541292e+00
62	58	78	8.479235e+02
62	58	79	1.052226e+03
62	59	48	8.984726e+01
62	59	49	1.872149e+03
62	59	50	7.464288e+02
62	59	77	3.484817e+01
62	59	78	1.162738e+04
62	59	79	1.442893e+04
62	60	48	1.170240e+03
62	60	49	2.438432e+04
62	60	50	9.722064e+03
62	60	77	9.419371e+01
62	60	78	3.142852e+04
62	60	79	3.900104e+04
62	61	48	3.605023e+02
62	61	49	7.511793e+03
62	61	50	2.994964e+03
62	71	69	8.182996e+01
62	71	70	5.049523e+03
62	71	71	8.255325e+03
62	72	69	4.005344e+03
62	72	70	2.471598e+05
62	72	71	4.040747e+05
62	73	69	6.937291e+03
62	73	70	4.280829e+05
62	73	71	6.998610e+05
63	58	77	4.949043e+00
63	58	78	1.651290e+03
63	58	79	2.049158e+03
63	59	48	2.526737e+03
63	59	49	5.264968e+04
63	59	50	2.099151e+04
63	59	77	6.786512e+01
63	59	78	2.264377e+04
63	59	79	2.809965e+04
63	60	48	3.291017e+04
63	60	49	6.857500e+05
63	60	50	2.734096e+05
63	60	77	1.834377e+02
63	60	78	6.120552e+04
63	60	79	7.595262e+04
63	61	48	1.013825e+04
63	61	49	2.112510e+05
63	61	50	8.422611e+04
63	76	78	1.013762e+03
63	76	79	7.564287e+03
63	76	80	1.544812e+03
63	77	78	-4.937098e+02
63	77	79	-3.683865e+03
63	77	80	-7.523354e+02
63	78	78	1.303086e+04
63	78	79	9.723105e+04
63	78	80	1.985696e+04
63	91	59	4.849189e-01
63	91	60	6.395652e+00
63	91	61	1.759450e+01
63	92	59	1.170384e+01
63	92	60	1.543634e+02
63	92	61	4.246553e+02
63	93	59	4.994136e+00
63	93	60	6.586825e+01
63	93	61	1.812042e+02
64	58	77	4.534834e+01
64	58	78	1.513085e+04
64	58	79	1.877654e+04
64	59	48	1.150722e+03
64	59	49	2.397762e+04
64	59	50	9.559915e+03
64	59	77	6.218516e+02
64	59	78	2.074860e+05
64	59	79	2.574785e+05
64	60	48	1.498789e+04
64	60	49	3.123030e+05
64	60	50	1.245157e+05
64	60	77	1.680849e+03
64	60	78	5.608293e+05
64	60	79	6.959578e+05
64	61	48	4.617146e+03
64	61	49	9.620757e+04
64	61	50	3.835811e+04
64	76	78	6.763208e+01
64	76	79	5.046435e+02
64	76	80	1.030606e+02
64	77	78	-3.293733e+01
64	77	79	-2.457652e+02
64	77	80	-5.019127e+01
64	78	78	8.693401e+02
64	78	79	6.486668e+03
64	78	80	1.324736e+03
64	91	59	6.050211e+02
64	91	60	7.979695e+03
64	91	61	2.195222e+04
64	92	59	1.460259e+04
64	92	60	1.925953e+05
64	92	61	5.298318e+05
64	93	59	6.231058e+03
64	93	60	8.218217e+04
64	93	61	2.260840e+05
65	69	65	1.084200e+00
65	69	66	1.401483e+02
65	69	67	1.976136e+02
65	70	65	3.152866e+01
65	70	66	4.075527e+03
65	70	67	5.746624e+03
65	71	65	6.368140e+01
65	71	66	8.231725e+03
65	71	67	1.160700e+04
65	76	78	1.426518e+04
65	76	79	1.064411e+05
65	76	80	2.173787e+04
65	77	78	-6.947251e+03
65	77	79	-5.183761e+04
65	77	80	-1.058651e+04
65	78	78	1.833641e+05
65	78	79	1.368189e+06
65	78	80	2.794178e+05
65	91	59	5.398191e+02
65	91	60	7.119738e+03
65	91	61	1.958647e+04
65	92	59	1.302890e+04
65	92	60	1.718397e+05
65	92	61	4.727328e+05
65	93	59	5.559549e+03
65	93	60	7.332555e+04
65	93	61	2.017193e+05
65	101	47	3.968022e+01
65	101	48	5.945625e+03
65	101	49	8.185619e+03
65	102	47	1.798221e+01
65	102	48	2.694428e+03
65	102	49	3.709545e+03
65	103	47	5.906905e+02
65	103	48	8.850818e+04
65	103	49	1.218533e+05
66	69	65	2.207934e+01
66	69	66	2.854068e+03
66	69	67	4.024328e+03
66	70	65	6.420696e+02
66	70	66	8.299662e+04
66	70	67	1.170279e+05
66	71	65	1.296848e+03
66	71	66	1.676361e+05
66	71	67	2.363722e+05
66	101	47	-7.075113e+01
66	101	48	-1.060124e+04
66	101	49	-1.459523e+04
66	102	47	-3.206288e+01
66	102	48	-4.804254e+03
66	102	49	-6.614240e+03
66	103	47	-1.053220e+03
66	103	48	-1.578130e+05
66	103	49	-2.172685e+05
67	32	125	3.831460e-02
67	32	126	1.418786e+01
67	32	127	1.149497e+01
67	33	125	8.820324e+01
67	33	126	3.266158e+04
67	33	127	2.646232e+04
67	34	125	9.582956e+01
67	34	126	3.548560e+04
67	34	127	2.875034e+04
67	69	65	5.063153e+01
67	69	66	6.544844e+03
67	69	67	9.228440e+03
67	70	65	1.472370e+03
67	70	66	1.903248e+05
67	70	67	2.683640e+05
67	71	65	2.973885e+03
67	71	66	3.844168e+05
67	71	67	5.420401e+05
67	101	47	3.821053e+02
67	101	48	5.725409e+04
67	101	49	7.882437e+04
67	102	47	1.731618e+02
67	102	48	2.594631e+04
67	102	49	3.572150e+04
67	103	47	5.688123e+03
67	103	48	8.522998e+05
67	103	49	1.173401e+06
68	32	125	2.434478e+00
68	32	126	9.064501e+01
68	32	127	1.651946e+02
68	33	125	5.168676e+02
68	33	126	3.351067e+04
68	33	127	4.501644e+04
68	34	125	4.020285e+02
68	34	126	3.091555e+04
68	34	127	3.839546e+04
68	62	72	1.166366e+01
68	62	73	7.690860e+02
68	62	74	1.238102e+03
68	63	72	2.019057e+02
68	63	73	1.331339e+04
68	63	74	2.143236e+04
68	64	72	4.938114e+02
68	64	73	3.256126e+04
68	64	74	5.241826e+04
69	32	125	4.228532e+01
69	32	126	1.649501e+03
69	32	127	2.921642e+03
69	33	125	9.448583e+03
69	33	126	7.710554e+05
69	33	127	9.333776e+05
69	34	125	7.509385e+03
69	34	126	7.428296e+05
69	34	127	8.324451e+05
69	62	72	1.417049e+02
69	62	73	9.343831e+03
69	62	74	1.504203e+04
69	63	72	2.453006e+03
69	63	73	1.617479e+05
69	63	74	2.603875e+05
69	64	72	5.999447e+03
69	64	73	3.955954e+05
69	64	74	6.368435e+05
70	12	120	9.524568e-02
70	12	121	1.541228e+03
70	12	122	1.590363e+03
70	13	120	4.615939e+00
70	13	121	7.469330e+04
70	13	122	7.707455e+04
70	14	120	2.549562e+00
70	14	121	4.125601e+04
70	14	122	4.257127e+04
70	32	125	1.512441e+01
70	32	126	5.207302e+02
70	32	127	9.967249e+02
70	33	125	2.944991e+03
70	33	126	1.013954e+05
70	33	127	1.940801e+05
70	34	125	2.200192e+03
70	34	126	7.575216e+04
70	34	127	1.449965e+05
70	62	72	4.176108e+01
70	62	73	2.753669e+03
70	62	74	4.432953e+03
70	63	72	7.229119e+02
70	63	73	4.766783e+04
70	63	74	7.673736e+04
70	64	72	1.768064e+03
70	64	73	1.165837e+05
70	64	74	1.876806e+05
71	12	120	6.126778e-01
71	12	121	9.914111e+03
71	12	122	1.023018e+04
71	13	120	2.969251e+01
71	13	121	4.804724e+05
71	13	122	4.957901e+05
71	14	120	1.640032e+01
71	14	121	2.653836e+05
71	14	122	2.738441e+05
72	12	120	1.093026e-01
72	12	121	1.768692e+03
72	12	122	1.825079e+03
72	13	120	5.297188e+00
72	13	121	8.571700e+04
72	13	122	8.844969e+04
72	14	120	2.925842e+00
72	14	121	4.734483e+04
72	14	122	4.885420e+04
73	100	55	1.666647e+01
73	100	56	1.283402e+03
73	100	57	8.037705e+02
73	101	55	1.986089e+02
73	101	56	1.529388e+04
73	101	57	9.578270e+03
73	102	55	5.779648e+01
73	102	56	4.450618e+03
73	102	57	2.787339e+03
74	100	55	2.801711e+02
74	100	56	2.157457e+04
74	100	57	1.351175e+04
74	101	55	3.338707e+03
74	101	56	2.570971e+05
74	101	57	1.610151e+05
74	102	55	9.715854e+02
74	102	56	7.481693e+04
74	102	57	4.685644e+04
75	100	55	6.935592e+02
75	100	56	5.340752e+04
75	100	57	3.344814e+04
75	101	55	8.264918e+03
75	101	56	6.364400e+05
75	101	57	3.985905e+05
75	102	55	2.405145e+03
75	102	56	1.852082e+05
75	102	57	1.159924e+05
75	112	64	5.650069e+01
75	112	65	2.978329e+03
75	112	66	1.686922e+03
75	113	64	3.374796e+02
75	113	65	1.778961e+04
75	113	66	1.007601e+04
75	114	64	1.409975e+03
75	114	65	7.432425e+04
75	114	66	4.209715e+04
76	112	64	-2.368792e+01
76	112	65	-1.248665e+03
76	112	66	-7.072421e+02
76	113	64	-1.414883e+02
76	113	65	-7.458297e+03
76	113	66	-4.224369e+03
76	114	64	-5.911324e+02
76	114	65	-3.116045e+04
76	114	66	-1.764924e+04
77	112	64	7.348838e+02
77	112	65	3.873804e+04
77	112	66	2.194117e+04
77	113	64	4.389473e+03
77	113	65	2.313830e+05
77	113	66	1.310550e+05
77	114	64	1.833904e+04
77	114	65	9.667084e+05
77	114	66	5.475423e+05
