0.1419	-3.804484e+00	2
59	69	62	2.706563e-26
59	69	63	7.469279e-02
59	69	64	7.469279e-02
59	70	62	5.933135e-22
59	70	63	1.637362e+03
59	70	64	1.637362e+03
59	71	62	6.095333e-22
59	71	63	1.682124e+03
59	71	64	1.682124e+03
60	69	62	4.793510e-24
60	69	63	1.322861e+01
60	69	64	1.322861e+01
60	70	62	1.050799e-19
60	70	63	2.899882e+05
60	70	64	2.899882e+05
60	71	62	1.079526e-19
60	71	63	2.979157e+05
60	71	64	2.979157e+05
61	69	62	3.530044e-24
61	69	63	9.741832e+00
61	69	64	9.741832e+00
61	70	62	7.738312e-20
61	70	63	2.135535e+05
61	70	64	2.135535e+05
61	71	62	7.949858e-20
61	71	63	2.193916e+05
61	71	64	2.193916e+05
65	55	62	2.643045e-26
65	55	63	7.469279e-02
65	55	64	7.469279e-02
65	56	62	5.951493e-22
65	56	63	1.681900e+03
65	56	64	1.681900e+03
65	57	62	5.794688e-22
65	57	63	1.637586e+03
65	57	64	1.637586e+03
66	55	62	3.367909e-24
66	55	63	9.517754e+00
66	55	64	9.517754e+00
66	56	62	7.583711e-20
66	56	63	2.143166e+05
66	56	64	2.143166e+05
66	57	62	7.383901e-20
66	57	63	2.086700e+05
66	57	64	2.086700e+05
67	55	62	4.760306e-24
67	55	63	1.345269e+01
67	55	64	1.345269e+01
67	56	62	1.071905e-19
67	56	63	3.029217e+05
67	56	64	3.029217e+05
67	57	62	1.043663e-19
67	57	63	2.949406e+05
67	57	64	2.949406e+05
