0.2214	-3.748704e+00	2
49	61	62	2.658214e-21
49	61	63	1.052856e+03
49	61	64	1.052856e+03
49	62	62	1.011238e-19
49	62	63	4.005273e+04
49	62	64	4.005273e+04
49	63	62	5.161290e-20
49	63	63	2.044265e+04
49	63	64	2.044265e+04
50	61	62	1.465398e-21
50	61	63	5.804094e+02
50	61	64	5.804094e+02
50	62	62	5.574665e-20
50	62	63	2.207993e+04
50	62	64	2.207993e+04
50	63	62	2.845272e-20
50	63	63	1.126945e+04
50	63	64	1.126945e+04
51	61	62	4.011032e-20
51	61	63	1.588675e+04
51	61	64	1.588675e+04
51	62	62	1.525876e-18
51	62	63	6.043636e+05
51	62	64	6.043636e+05
51	63	62	7.787973e-19
51	63	63	3.084632e+05
51	63	64	3.084632e+05
75	63	62	2.634493e-21
75	63	63	1.052856e+03
75	63	64	1.052856e+03
75	64	62	4.324885e-20
75	64	63	1.728408e+04
75	64	64	1.728408e+04
75	65	62	1.081249e-19
75	65	63	4.321129e+04
75	65	64	4.321129e+04
76	63	62	3.184891e-20
76	63	63	1.272818e+04
76	63	64	1.272818e+04
76	64	62	5.228439e-19
76	64	63	2.089507e+05
76	64	64	2.089507e+05
76	65	62	1.307143e-18
76	65	63	5.223899e+05
76	65	64	5.223899e+05
77	63	62	9.355802e-21
77	63	63	3.738976e+03
77	63	64	3.738976e+03
77	64	62	1.535884e-19
77	64	63	6.138047e+04
77	64	64	6.138047e+04
77	65	62	3.839807e-19
77	65	63	1.534550e+05
77	65	64	1.534550e+05
