0.0145	-4.632500e+06	768
11	9	114	8.651806e+02
11	9	115	9.161982e+03
11	9	116	2.460578e+03
11	10	114	9.268127e+03
11	10	115	9.814645e+04
11	10	116	2.635859e+04
11	11	114	2.509265e+03
11	11	115	2.657230e+04
11	11	116	7.136361e+03
12	9	114	7.225010e+03
12	9	115	7.651051e+04
12	9	116	2.054796e+04
12	10	114	7.739692e+04
12	10	115	8.196082e+05
12	10	116	2.201172e+05
12	11	114	2.095454e+04
12	11	115	2.219018e+05
12	11	116	5.959482e+04
13	9	114	1.621737e+03
13	9	115	1.717367e+04
13	9	116	4.612227e+03
13	10	114	1.737263e+04
13	10	115	1.839705e+05
13	10	116	4.940784e+04
13	11	114	4.703489e+03
13	11	115	4.980842e+04
13	11	116	1.337674e+04
35	68	33	4.785684e+01
35	68	34	1.059214e+03
35	68	35	2.353890e+03
35	69	33	3.032381e+01
35	69	34	6.711558e+02
35	69	35	1.491509e+03
35	70	33	7.302224e+02
35	70	34	1.616198e+04
35	70	35	3.591678e+04
36	68	33	1.143286e+03
36	68	34	2.530430e+04
36	68	35	5.623374e+04
36	69	33	7.244269e+02
36	69	34	1.603371e+04
36	69	35	3.563172e+04
36	70	33	1.744480e+04
36	70	34	3.861050e+05
36	70	35	8.580411e+05
37	68	33	4.856316e+02
37	68	34	1.074847e+04
37	68	35	2.388631e+04
37	69	33	3.077136e+02
37	69	34	6.810614e+03
37	69	35	1.513523e+04
37	70	33	7.409998e+03
37	70	34	1.640052e+05
37	70	35	3.644687e+05
42	69	65	5.126541e+01
42	69	66	1.478447e+03
42	69	67	6.802213e+02
42	70	65	1.786797e+03
42	70	66	5.152958e+04
42	70	67	2.370834e+04
42	71	65	8.840035e+02
42	71	66	2.549384e+04
42	71	67	1.172951e+04
42	74	62	9.702832e+02
42	74	63	-1.794063e+03
42	74	64	9.161762e+03
42	75	62	-9.760207e+02
42	75	63	1.804672e+03
42	75	64	-9.215938e+03
42	76	62	1.129659e+04
42	76	63	-2.088751e+04
42	76	64	1.066665e+05
43	68	51	7.652057e+00
43	68	52	-9.102322e+00
43	68	53	8.564662e+01
43	69	51	7.354607e+01
43	69	52	-8.748498e+01
43	69	53	8.231738e+02
43	69	65	4.201377e+01
43	69	66	1.211638e+03
43	69	67	5.574648e+02
43	70	51	1.841341e+01
43	70	52	-2.190324e+01
43	70	53	2.060945e+02
43	70	65	1.464342e+03
43	70	66	4.223026e+04
43	70	67	1.942980e+04
43	71	65	7.244713e+02
43	71	66	2.089308e+04
43	71	67	9.612736e+03
43	74	62	1.996721e+03
43	74	63	-3.691958e+03
43	74	64	1.885376e+04
43	75	62	-2.008529e+03
43	75	63	3.713789e+03
43	75	64	-1.896525e+04
43	76	62	2.324697e+04
43	76	63	-4.298389e+04
43	76	64	2.195063e+05
44	68	51	6.667338e+03
44	68	52	-7.930973e+03
44	68	53	7.462503e+04
44	68	69	4.907866e+02
44	68	70	-8.675140e+02
44	68	71	4.747350e+03
44	69	51	6.408166e+04
44	69	52	-7.622681e+04
44	69	53	7.172421e+05
44	69	65	8.016365e+02
44	69	66	2.311845e+04
44	69	67	1.063661e+04
44	69	69	1.239081e+04
44	69	70	-2.190198e+04
44	69	71	1.198556e+05
44	70	51	1.604385e+04
44	70	52	-1.908458e+04
44	70	53	1.795728e+05
44	70	65	2.794013e+04
44	70	66	8.057673e+05
44	70	67	3.707270e+05
44	70	69	5.392632e+03
44	70	70	-9.532014e+03
44	70	71	5.216262e+04
44	71	65	1.382315e+04
44	71	66	3.986468e+05
44	71	67	1.834142e+05
44	74	62	1.751726e+04
44	74	63	-3.238959e+04
44	74	64	1.654043e+05
44	75	62	-1.762085e+04
44	75	63	3.258112e+04
44	75	64	-1.663823e+05
44	76	62	2.039460e+05
44	76	63	-3.770982e+05
44	76	64	1.925731e+06
45	68	51	7.625950e+03
45	68	52	-9.071268e+03
45	68	53	8.535442e+04
45	68	69	-3.552687e+02
45	68	70	6.279727e+02
45	68	71	-3.436493e+03
45	69	51	7.329515e+04
45	69	52	-8.718651e+04
45	69	53	8.203654e+05
45	69	69	-8.969409e+03
45	69	70	1.585432e+04
45	69	71	-8.676058e+04
45	70	51	1.835059e+04
45	70	52	-2.182851e+04
45	70	53	2.053913e+05
45	70	69	-3.903598e+03
45	70	70	6.899997e+03
45	70	71	-3.775928e+04
46	65	74	1.049859e+02
46	65	75	3.221761e+02
46	65	76	2.091601e+03
46	66	74	7.091611e+02
46	66	75	2.176242e+03
46	66	76	1.412840e+04
46	67	74	2.755660e+03
46	67	75	8.456448e+03
46	67	76	5.490017e+04
46	68	69	6.042002e+03
46	68	70	-1.067984e+04
46	68	71	5.844394e+04
46	69	69	1.525414e+05
46	69	70	-2.696322e+05
46	69	71	1.475525e+06
46	70	69	6.638792e+04
46	70	70	-1.173472e+05
46	70	71	6.421665e+05
46	83	79	1.278748e-01
46	83	80	2.376933e+01
46	83	81	3.169417e+01
46	84	79	1.324563e+00
46	84	80	2.462095e+02
46	84	81	3.282972e+02
46	85	79	3.502093e-01
46	85	80	6.509683e+01
46	85	81	8.680050e+01
46	86	47	1.859299e+01
46	86	48	3.447822e+02
46	86	49	8.201317e+02
46	87	47	2.304723e+01
46	87	48	4.273802e+02
46	87	49	1.016607e+03
46	88	47	3.063315e+02
46	88	48	5.680510e+03
46	88	49	1.351220e+04
47	65	74	1.771619e+03
47	65	75	5.436666e+03
47	65	76	3.529542e+04
47	66	74	1.196697e+04
47	66	75	3.672372e+04
47	66	76	2.384143e+05
47	67	74	4.650128e+04
47	67	75	1.427011e+05
47	67	76	9.264309e+05
47	70	65	5.589028e+02
47	70	66	9.096985e+03
47	70	67	3.193850e+03
47	71	65	-6.274314e+00
47	71	66	-1.018583e+02
47	71	67	1.862715e+02
47	71	68	1.029390e+03
47	71	69	2.300288e+02
47	72	65	7.770985e+03
47	72	66	1.264924e+05
47	72	67	5.308171e+04
47	72	68	5.229233e+04
47	72	69	1.261712e+04
47	73	66	1.583257e+01
47	73	67	1.091559e+04
47	73	68	3.702585e+04
47	73	69	7.228988e+03
47	77	67	9.019404e+00
47	77	68	7.824796e+01
47	77	69	1.810856e+01
47	78	67	4.109415e+03
47	78	68	3.565128e+04
47	78	69	8.250608e+03
47	79	67	4.945167e+03
47	79	68	4.290186e+04
47	79	69	9.928576e+03
47	83	79	1.576202e+02
47	83	80	2.929841e+04
47	83	81	3.906667e+04
47	84	47	2.615281e-01
47	84	48	6.825104e+01
47	84	49	5.308538e+01
47	84	79	1.632675e+03
47	84	80	3.034813e+05
47	84	81	4.046637e+05
47	85	47	1.687492e+01
47	85	48	4.403851e+03
47	85	49	3.425297e+03
47	85	79	4.316728e+02
47	85	80	8.023925e+04
47	85	81	1.069915e+05
47	86	47	1.102715e+03
47	86	48	2.706708e+04
47	86	49	5.297797e+04
47	87	47	1.333045e+03
47	87	48	2.471955e+04
47	87	49	5.880028e+04
47	88	47	1.771813e+04
47	88	48	3.285592e+05
47	88	49	7.815420e+05
48	65	74	6.343615e+02
48	65	75	1.946701e+03
48	65	76	1.263819e+04
48	66	74	4.285000e+03
48	66	75	1.314962e+04
48	66	76	8.536875e+04
48	67	64	6.670786e+01
48	67	65	-1.537736e+01
48	67	66	8.956322e+02
48	67	74	1.665066e+04
48	67	75	5.109683e+04
48	67	76	3.317261e+05
48	68	64	3.955987e+03
48	68	65	-9.119259e+02
48	68	66	5.311382e+04
48	69	64	2.316779e+03
48	69	65	-5.340590e+02
48	69	66	3.110550e+04
48	70	65	-7.125518e+02
48	70	66	-1.159785e+04
48	70	67	-4.071877e+03
48	71	65	7.999198e+00
48	71	66	1.427500e+02
48	71	67	7.823350e+03
48	71	68	2.018559e+04
48	71	69	3.288758e+03
48	72	65	-9.907322e+03
48	72	66	-1.608836e+05
48	72	67	2.041805e+05
48	72	68	9.101583e+05
48	72	69	1.803890e+05
48	73	66	7.480782e+02
48	73	67	4.303478e+05
48	73	68	8.552884e+05
48	73	69	1.033540e+05
48	74	59	9.563622e+02
48	74	60	6.331442e+02
48	74	61	1.135672e+04
48	75	59	2.921043e+02
48	75	60	3.052040e+04
48	75	61	2.589568e+04
48	76	59	1.363044e+04
48	76	60	-1.111823e+04
48	76	61	1.469653e+05
48	76	64	1.615703e+01
48	76	65	-1.618625e+01
48	76	66	1.882695e+02
48	77	64	4.731361e+03
48	77	65	-4.739919e+03
48	77	66	5.513212e+04
48	77	67	1.252974e+02
48	77	68	1.087019e+03
48	77	69	2.515638e+02
48	78	64	5.956056e+03
48	78	65	-5.966830e+03
48	78	66	6.940286e+04
48	78	67	5.708792e+04
48	78	68	4.952670e+05
48	78	69	1.146173e+05
48	79	67	6.869818e+04
48	79	68	5.959920e+05
48	79	69	1.379276e+05
48	82	57	1.104479e+00
48	82	58	2.974718e+01
48	82	59	1.330755e+01
48	83	57	7.396325e+00
48	83	58	1.992068e+02
48	83	59	8.911621e+01
48	83	79	1.764952e+02
48	83	80	3.280689e+04
48	83	81	4.374490e+04
48	84	47	1.612342e+01
48	84	48	4.207731e+03
48	84	49	3.272756e+03
48	84	57	1.370523e+00
48	84	58	3.691259e+01
48	84	59	1.651304e+01
48	84	79	1.828187e+03
48	84	80	3.398231e+05
48	84	81	4.531221e+05
48	85	47	1.040352e+03
48	85	48	2.715009e+05
48	85	49	2.111723e+05
48	85	79	4.833656e+02
48	85	80	8.984788e+04
48	85	81	1.198037e+05
48	86	47	2.308645e+03
48	86	48	4.508584e+05
48	86	49	3.692437e+05
48	87	47	7.753041e+02
48	87	48	1.437698e+04
48	87	49	3.419846e+04
48	88	47	1.030493e+04
48	88	48	1.910912e+05
48	88	49	4.545477e+05
49	67	64	1.075855e+03
49	67	65	-2.480039e+02
49	67	66	1.444464e+04
49	68	64	6.380163e+04
49	68	65	-1.470742e+04
49	68	66	8.566125e+05
49	69	64	3.736470e+04
49	69	65	-7.733333e+03
49	69	66	5.070259e+05
49	69	67	9.070717e+02
49	70	64	7.763003e-01
49	70	65	1.180383e+04
49	70	66	1.342843e+05
49	70	67	4.088574e+04
49	71	64	2.579157e+03
49	71	65	7.074373e+04
49	71	66	3.630204e+04
49	71	67	4.643212e+03
49	71	68	8.321780e+03
49	71	69	1.072214e+03
49	72	64	2.763690e+03
49	72	65	1.604673e+05
49	72	66	1.422720e+06
49	72	67	6.161065e+05
49	72	68	3.484732e+05
49	72	69	5.881114e+04
49	73	64	4.078456e+00
49	73	65	4.226882e+04
49	73	66	4.104631e+04
49	73	67	2.276217e+05
49	73	68	3.826013e+05
49	73	69	3.369589e+04
49	74	59	1.019025e+04
49	74	60	2.514705e+04
49	74	61	1.341560e+05
49	74	64	2.811808e+00
49	74	65	2.914137e+04
49	74	66	2.801588e+04
49	74	67	1.663376e+01
49	74	68	5.941250e+02
49	74	69	2.965550e+02
49	75	59	4.290276e+03
49	75	60	5.886145e+05
49	75	61	4.782256e+05
49	75	67	9.177158e+01
49	75	68	3.277899e+03
49	75	69	1.636149e+03
49	76	59	1.444205e+05
49	76	60	-3.026440e+04
49	76	61	1.620091e+06
49	76	64	1.929900e+02
49	76	65	-1.933391e+02
49	76	66	2.248814e+03
49	76	67	4.023853e+02
49	76	68	1.437241e+04
49	76	69	7.173925e+03
49	77	59	5.000226e+01
49	77	60	-8.421803e+01
49	77	61	4.952175e+02
49	77	64	5.651445e+04
49	77	65	-5.661668e+04
49	77	66	6.585338e+05
49	77	67	4.015475e+01
49	77	68	3.483631e+02
49	77	69	8.062003e+01
49	78	59	2.699132e+02
49	78	60	-4.546106e+02
49	78	61	2.673194e+03
49	78	64	7.114300e+04
49	78	65	-7.127169e+04
49	78	66	8.289929e+05
49	78	67	1.829528e+04
49	78	68	1.587210e+05
49	78	69	3.673204e+04
49	79	67	2.201608e+04
49	79	68	1.910008e+05
49	79	69	4.420242e+04
49	82	57	2.976472e+03
49	82	58	8.016596e+04
49	82	59	3.586266e+04
49	83	57	1.993243e+04
49	83	58	5.368444e+05
49	83	59	2.401601e+05
49	84	47	9.542771e+00
49	84	48	2.490379e+03
49	84	49	1.937006e+03
49	84	57	3.693435e+03
49	84	58	9.947609e+04
49	84	59	4.450114e+04
49	85	47	6.157406e+02
49	85	48	1.606899e+05
49	85	49	1.249840e+05
49	86	47	9.962039e+02
49	86	48	2.599795e+05
49	86	49	2.022110e+05
49	88	52	4.038940e+01
49	88	53	8.786236e+02
49	88	54	3.575485e+02
49	89	52	5.308601e+02
49	89	53	1.154824e+04
49	89	54	4.699458e+03
49	90	52	1.462709e+03
49	90	53	3.181950e+04
49	90	54	1.294868e+04
50	62	59	9.564586e+01
50	62	60	-1.210231e+02
50	62	61	1.052387e+03
50	63	59	2.161964e+03
50	63	60	-2.735588e+03
50	63	61	2.378800e+04
50	64	59	8.956037e+02
50	64	60	-1.133230e+03
50	64	61	9.854289e+03
50	67	64	3.758120e+02
50	67	65	2.999622e+00
50	67	66	5.373618e+03
50	67	67	1.880436e+03
50	68	64	2.228684e+04
50	68	65	-3.389891e+03
50	68	66	3.107436e+05
50	68	67	2.344245e+04
50	68	68	6.195284e+03
50	68	69	1.958136e+03
50	69	64	1.305203e+04
50	69	65	2.262182e+04
50	69	66	3.534111e+05
50	69	67	4.459648e+04
50	69	68	4.809648e+04
50	69	69	1.520179e+04
50	70	63	3.347173e-03
50	70	64	-4.923281e-01
50	70	65	1.303962e+05
50	70	66	7.989007e+05
50	70	67	1.369406e+05
50	70	68	1.016245e+04
50	70	69	3.212032e+03
50	70	70	6.187959e+01
50	70	71	1.036055e+03
50	70	72	3.694091e+02
50	71	63	3.887193e+00
50	71	64	-3.254548e+03
50	71	65	-8.742150e+04
50	71	66	9.158899e+04
50	71	67	2.624567e+04
50	71	70	-1.007367e+02
50	71	71	-1.686642e+03
50	71	72	-6.013782e+02
50	72	60	3.013390e+00
50	72	61	3.155605e+02
50	72	62	2.197245e+02
50	72	63	4.473499e+01
50	72	64	-3.252433e+03
50	72	65	-1.179329e+05
50	72	66	-3.963238e+04
50	72	67	2.521082e+04
50	72	70	6.223504e+02
50	72	71	1.045951e+04
50	72	72	4.232011e+03
50	72	73	1.425948e+03
50	73	60	2.299547e+01
50	73	61	2.408072e+03
50	73	62	1.670829e+03
50	73	63	2.788547e+02
50	73	64	1.322239e+03
50	73	65	2.459702e+02
50	73	66	8.747484e+04
50	73	67	4.507527e+04
50	73	68	4.937858e+01
50	73	69	6.369895e+02
50	73	70	1.443527e+03
50	73	71	9.005210e+02
50	73	72	1.179514e+04
50	73	73	3.255123e+04
50	74	59	3.498970e+03
50	74	60	5.786600e+04
50	74	61	6.763006e+04
50	74	62	3.469106e+02
50	74	63	5.317098e+01
50	74	64	3.893548e+02
50	74	65	2.057079e+04
50	74	66	7.601934e+04
50	74	67	2.283462e+04
50	74	68	2.319274e+04
50	74	69	3.211973e+04
50	74	70	5.039250e+04
50	74	71	1.978585e+03
50	74	72	2.591575e+04
50	74	73	7.152014e+04
50	75	59	1.101840e+04
50	75	60	8.214269e+05
50	75	61	5.339508e+05
50	75	63	3.734817e-03
50	75	64	5.787610e+02
50	75	65	6.618859e+04
50	75	66	9.006710e+04
50	75	67	2.451738e+03
50	75	68	1.409359e+05
50	75	69	1.052917e+05
50	75	70	2.494571e+04
50	76	59	4.543727e+04
50	76	60	1.897514e+05
50	76	61	5.960346e+05
50	76	63	3.288196e-03
50	76	64	2.004498e+02
50	76	65	8.512088e+01
50	76	66	6.554276e+02
50	76	67	9.608639e+03
50	76	68	3.939001e+05
50	76	69	2.215720e+05
50	77	59	1.478145e+04
50	77	60	-2.489617e+04
50	77	61	1.463940e+05
50	77	64	1.647141e+04
50	77	65	-1.650120e+04
50	77	66	1.919328e+05
50	77	67	7.212984e+03
50	77	68	1.070999e+05
50	77	69	3.569961e+04
50	78	59	7.979058e+04
50	78	60	-1.343900e+05
50	78	61	7.902380e+05
50	78	64	2.073497e+04
50	78	65	-2.077248e+04
50	78	66	2.416140e+05
50	78	67	2.428591e+03
50	78	68	3.606023e+04
50	78	69	1.201996e+04
50	81	75	2.398659e-01
50	81	76	1.471797e+00
50	81	77	2.508147e-01
50	82	57	2.754730e+03
50	82	58	7.419375e+04
50	82	59	3.319096e+04
50	82	75	3.944392e+00
50	82	76	2.420246e+01
50	82	77	4.124434e+00
50	83	57	1.844750e+04
50	83	58	4.968505e+05
50	83	59	2.222687e+05
50	83	75	1.392648e+00
50	83	76	8.545172e+00
50	83	77	1.456216e+00
50	84	57	3.418281e+03
50	84	58	9.206531e+04
50	84	59	4.118589e+04
50	88	52	2.402711e+02
50	88	53	5.226813e+03
50	88	54	2.127008e+03
50	89	52	3.158015e+03
50	89	53	6.869889e+04
50	89	54	2.795644e+04
50	90	52	8.701457e+03
50	90	53	1.892899e+05
50	90	54	7.702995e+04
51	62	59	3.754052e+03
51	62	60	-4.750096e+03
51	62	61	4.130567e+04
51	63	59	8.485600e+04
51	63	60	-1.073704e+05
51	63	61	9.336669e+05
51	64	59	3.515200e+04
51	64	60	-4.447871e+04
51	64	61	3.867759e+05
51	67	65	1.479323e+03
51	67	66	5.411781e+03
51	67	67	3.103581e+04
51	68	61	1.578821e+02
51	68	62	1.093890e+02
51	68	63	3.318884e+03
51	68	64	2.636602e+02
51	68	65	2.757458e+04
51	68	66	1.767814e+05
51	68	67	3.832266e+05
51	68	68	1.003452e+05
51	68	69	3.171597e+04
51	69	60	4.944946e+01
51	69	61	5.709337e+03
51	69	62	-1.524838e+03
51	69	63	7.055784e+04
51	69	64	-3.637799e+02
51	69	65	8.978017e+04
51	69	66	8.721772e+05
51	69	67	3.760340e+05
51	69	68	7.790198e+05
51	69	69	2.462238e+05
51	70	60	4.669671e+02
51	70	61	1.327649e+04
51	70	62	-5.237418e+02
51	70	63	1.514557e+05
51	70	64	2.987537e+03
51	70	65	6.900098e+04
51	70	66	4.819416e+05
51	70	67	1.085388e+05
51	70	68	1.646018e+05
51	70	69	5.202737e+04
51	70	70	3.391918e+03
51	70	71	5.679115e+04
51	70	72	2.024909e+04
51	71	57	2.042961e+00
51	71	58	6.405408e+02
51	71	59	5.094527e+02
51	71	60	1.553655e+03
51	71	61	9.854734e+03
51	71	62	2.390315e+03
51	71	63	1.198367e+04
51	71	64	2.107229e+05
51	71	65	9.539202e+05
51	71	66	3.885724e+05
51	71	67	3.425854e+04
51	71	68	5.675033e+03
51	71	69	2.831808e+04
51	71	70	-5.521860e+03
51	71	71	-9.245294e+04
51	71	72	-3.296443e+04
51	72	57	9.979107e+01
51	72	58	3.128805e+04
51	72	59	2.488488e+04
51	72	60	6.916597e+03
51	72	61	1.120198e+05
51	72	62	5.234299e+04
51	72	63	4.829604e+03
51	72	64	3.213784e+05
51	72	65	1.052199e+06
51	72	66	5.338115e+05
51	72	67	2.704778e+05
51	72	68	2.574148e+04
51	72	69	3.332879e+04
51	72	70	3.411401e+04
51	72	71	5.711618e+05
51	72	72	2.034983e+05
51	72	73	-4.296517e+02
51	73	57	1.729326e+02
51	73	58	5.422053e+04
51	73	59	4.312417e+04
51	73	60	1.252458e+04
51	73	61	4.691086e+05
51	73	62	3.146242e+05
51	73	63	2.591558e+05
51	73	64	7.115161e+05
51	73	65	6.667557e+05
51	73	66	1.402043e+06
51	73	67	4.112369e+05
51	73	68	1.176148e+05
51	73	69	4.398066e+04
51	73	70	1.589356e+03
51	73	71	-2.713355e+02
51	73	72	-3.553986e+03
51	73	73	-9.807994e+03
51	74	59	3.697774e+02
51	74	60	2.382737e+04
51	74	61	9.503875e+04
51	74	62	8.331399e+04
51	74	63	3.508249e+04
51	74	64	1.305225e+05
51	74	65	3.881561e+05
51	74	66	8.197638e+05
51	74	67	3.834225e+05
51	74	68	8.487171e+05
51	74	69	3.315547e+05
51	74	70	5.548330e+04
51	74	71	-5.961665e+02
51	74	72	-7.808662e+03
51	74	73	-2.154969e+04
51	75	59	4.747118e+03
51	75	60	2.960836e+05
51	75	61	1.770930e+05
51	75	62	1.630411e+04
51	75	63	1.688390e+04
51	75	64	3.013479e+05
51	75	65	1.745543e+05
51	75	66	-1.058389e+05
51	75	67	9.327904e+04
51	75	68	5.139264e+05
51	75	69	1.551994e+05
51	75	70	2.788458e+04
51	76	59	6.099020e+03
51	76	60	8.255624e+04
51	76	61	9.971535e+04
51	76	62	4.215048e+01
51	76	63	3.306676e+03
51	76	64	2.619386e+05
51	76	65	2.367710e+05
51	76	66	2.139298e+03
51	76	67	4.741584e+04
51	76	68	6.654461e+05
51	76	69	2.733964e+05
51	76	70	1.002951e+03
51	77	59	1.858772e+04
51	77	60	-3.130702e+04
51	77	61	1.840910e+05
51	77	66	7.345049e+01
51	77	67	5.301221e+04
51	77	68	7.803338e+05
51	77	69	2.591356e+05
51	77	70	7.825282e+03
51	78	59	1.003369e+05
51	78	60	-1.689959e+05
51	78	61	9.937269e+05
51	78	67	1.767719e+04
51	78	68	2.624747e+05
51	78	69	8.749068e+04
51	81	75	5.455582e+03
51	81	76	3.347500e+04
51	81	77	5.704603e+03
51	82	75	8.971243e+04
51	82	76	5.504680e+05
51	82	77	9.380737e+04
51	83	75	3.167480e+04
51	83	76	1.943539e+05
51	83	77	3.312060e+04
51	88	52	1.006291e+03
51	88	53	2.189067e+04
51	88	54	8.908224e+03
51	89	52	1.322624e+04
51	89	53	2.877211e+05
51	89	54	1.170857e+05
51	90	52	3.644299e+04
51	90	53	7.927742e+05
51	90	54	3.226128e+05
52	62	59	1.936795e+03
52	62	60	-2.450676e+03
52	62	61	2.131047e+04
52	63	59	4.377902e+04
52	63	60	-5.539470e+04
52	63	61	4.816987e+05
52	64	59	1.813566e+04
52	64	60	-2.294751e+04
52	64	61	1.995459e+05
52	65	58	2.009601e+02
52	65	59	2.135476e+03
52	65	60	6.509487e+03
52	66	58	1.516554e+03
52	66	59	1.611546e+04
52	66	60	4.912412e+04
52	67	58	3.127675e+02
52	67	59	3.323582e+03
52	67	60	1.013114e+04
52	67	65	3.690126e+03
52	67	66	1.349952e+04
52	67	67	7.741789e+04
52	68	61	1.106757e+03
52	68	62	1.122630e+04
52	68	63	1.048263e+05
52	68	64	1.972512e+04
52	68	65	4.471463e+04
52	68	66	1.891119e+05
52	68	67	8.730389e+05
52	68	68	3.513507e+04
52	68	69	1.110510e+04
52	69	55	6.051122e+02
52	69	56	1.040810e+04
52	69	57	3.765248e+03
52	69	58	1.048406e-01
52	69	59	5.328668e-01
52	69	60	2.130556e+03
52	69	61	5.546670e+04
52	69	62	3.530160e+04
52	69	63	3.843051e+05
52	69	64	-2.721535e+04
52	69	65	3.825855e+04
52	69	66	3.379854e+05
52	69	67	3.426253e+05
52	69	68	2.748813e+05
52	69	69	8.621332e+04
52	70	55	-8.490519e+02
52	70	56	-1.460394e+04
52	70	57	-5.283137e+03
52	70	58	4.823891e+00
52	70	59	2.451808e+01
52	70	60	2.020945e+04
52	70	61	2.002566e+05
52	70	62	1.664360e+05
52	70	63	1.929450e+06
52	70	64	2.164229e+05
52	70	65	1.583159e+04
52	70	66	1.071580e+05
52	70	67	1.017199e+05
52	70	68	1.195652e+05
52	70	69	1.975607e+04
52	70	70	6.189870e+03
52	70	71	9.555454e+04
52	70	72	3.407032e+04
52	71	55	6.445389e+03
52	71	56	1.108625e+05
52	71	57	4.010467e+04
52	71	58	-3.380793e+02
52	71	59	-2.576498e+02
52	71	60	6.541096e+04
52	71	61	4.096039e+05
52	71	62	7.113415e+04
52	71	63	2.063351e+04
52	71	64	2.631665e+05
52	71	65	4.332839e+05
52	71	66	1.129524e+05
52	71	67	2.186694e+05
52	71	68	2.624573e+05
52	71	69	6.373845e+05
52	71	70	1.513427e+04
52	71	71	-1.477031e+05
52	71	72	-5.041716e+04
52	72	57	-5.307848e+01
52	72	58	-1.664199e+04
52	72	59	-1.319575e+04
52	72	60	5.079982e+04
52	72	61	5.442589e+05
52	72	62	1.709160e+05
52	72	63	1.914235e+05
52	72	64	4.938714e+05
52	72	65	4.914788e+05
52	72	66	4.569044e+05
52	72	67	7.539442e+05
52	72	68	2.227247e+05
52	72	69	6.724427e+05
52	72	70	7.089723e+04
52	72	71	9.526978e+05
52	72	72	3.438225e+05
52	72	73	1.892200e+04
52	73	43	9.175246e-01
52	73	44	1.040561e+01
52	73	45	2.929815e+00
52	73	57	-9.198219e+01
52	73	58	-2.883969e+04
52	73	59	-2.265888e+04
52	73	60	7.781719e+04
52	73	61	1.191159e+06
52	73	62	5.586461e+05
52	73	63	1.352701e+05
52	73	64	7.461858e+05
52	73	65	8.800010e+05
52	73	66	1.324610e+06
52	73	67	5.722975e+05
52	73	68	-2.210847e+04
52	73	69	1.975605e+05
52	73	70	2.444707e+04
52	73	71	1.014762e+05
52	73	72	2.139344e+05
52	73	73	4.319473e+05
52	74	43	7.967014e+01
52	74	44	9.035355e+02
52	74	45	2.544006e+02
52	74	59	5.304857e+01
52	74	60	1.948793e+03
52	74	61	1.423736e+05
52	74	62	6.890060e+05
52	74	63	2.406840e+05
52	74	64	3.390284e+05
52	74	65	1.052778e+06
52	74	66	2.033000e+06
52	74	67	3.831615e+05
52	74	68	-1.847212e+05
52	74	69	1.568458e+06
52	74	70	8.173237e+05
52	74	71	4.464893e+04
52	74	72	3.511879e+05
52	74	73	9.490556e+05
52	75	43	1.208778e+02
52	75	44	1.370870e+03
52	75	45	3.859839e+02
52	75	61	5.539253e+04
52	75	62	4.743275e+05
52	75	63	9.856839e+05
52	75	64	1.312815e+06
52	75	65	1.617407e+06
52	75	66	1.446563e+06
52	75	67	1.161788e+06
52	75	68	1.449545e+06
52	75	69	7.876173e+05
52	75	70	4.593077e+05
52	75	71	1.156958e+04
52	75	72	4.597893e+03
52	76	61	5.283402e+02
52	76	62	2.251373e+04
52	76	63	6.388021e+05
52	76	64	1.171124e+06
52	76	65	5.388245e+05
52	76	66	3.247043e+05
52	76	67	9.098120e+05
52	76	68	7.933274e+05
52	76	69	5.381347e+05
52	76	70	1.307449e+05
52	76	76	1.889458e+01
52	76	77	-3.605679e+01
52	76	78	1.751723e+02
52	77	61	3.757842e+03
52	77	62	1.948305e+04
52	77	63	7.154159e+04
52	77	64	9.488348e+03
52	77	65	4.279675e+04
52	77	66	2.188176e+04
52	77	67	1.407506e+05
52	77	68	2.720818e+05
52	77	69	-4.117439e+04
52	77	70	1.020106e+06
52	77	76	8.759440e+02
52	77	77	-1.671576e+03
52	77	78	8.120909e+03
52	78	61	7.356889e+02
52	78	62	9.634181e+03
52	78	63	1.609617e+05
52	78	64	6.464843e+04
52	78	65	5.595606e+03
52	78	66	6.688536e+01
52	78	67	1.900097e+04
52	78	68	6.726137e+04
52	78	69	1.748384e+04
52	78	76	1.539192e+03
52	78	77	-2.937261e+03
52	78	78	1.426990e+04
52	79	66	1.957798e+00
52	79	67	1.661011e+04
52	79	68	1.590237e+04
52	81	71	4.446587e+00
52	81	72	1.142096e+02
52	81	73	5.007525e+01
52	81	75	5.312553e+03
52	81	76	3.259738e+04
52	81	77	5.555046e+03
52	82	71	6.378999e+02
52	82	72	1.638431e+04
52	82	73	7.183712e+03
52	82	75	8.736043e+04
52	82	76	5.360364e+05
52	82	77	9.134802e+04
52	83	71	8.842764e+02
52	83	72	2.271243e+04
52	83	73	9.958280e+03
52	83	75	3.084438e+04
52	83	76	1.892586e+05
52	83	77	3.225228e+04
53	65	57	1.714068e-02
53	65	58	3.262637e+03
53	65	59	3.466194e+04
53	65	60	1.056539e+05
53	66	54	3.826107e+00
53	66	55	8.556558e+00
53	66	56	7.036057e+01
53	66	57	4.100709e+00
53	66	58	2.483033e+04
53	66	59	2.619327e+05
53	66	60	7.973219e+05
53	66	72	1.861611e+01
53	66	73	1.163077e+03
53	66	74	6.908399e+02
53	67	54	3.232571e+03
53	67	55	7.229199e+03
53	67	56	5.944570e+04
53	67	57	5.287804e+00
53	67	58	5.354344e+03
53	67	59	5.441683e+04
53	67	60	1.644362e+05
53	67	72	2.993189e+02
53	67	73	1.870052e+04
53	67	74	1.110766e+04
53	68	54	3.704992e+03
53	68	55	8.285703e+03
53	68	56	6.813333e+04
53	68	61	2.027294e+02
53	68	62	6.898131e+03
53	68	63	5.889256e+04
53	68	64	1.226760e+04
53	68	65	2.307278e+01
53	68	66	5.006988e+02
53	68	67	2.035219e+02
53	68	72	1.043790e+02
53	68	73	6.521278e+03
53	68	74	3.873483e+03
53	69	55	-2.653919e+02
53	69	56	-4.564818e+03
53	69	57	-1.647058e+03
53	69	58	1.744705e+03
53	69	59	3.383138e+03
53	69	60	1.477051e+04
53	69	61	3.070175e+04
53	69	62	-8.412634e+03
53	69	63	1.525799e+04
53	69	64	-1.686984e+04
53	69	65	2.072698e+03
53	69	66	4.699948e+04
53	69	67	2.383963e+04
53	69	68	2.109458e+04
53	70	55	3.723798e+02
53	70	56	6.405039e+03
53	70	57	2.358200e+03
53	70	58	3.365884e+04
53	70	59	1.188358e+05
53	70	60	5.400600e+05
53	70	61	2.385411e+05
53	70	62	1.098441e+05
53	70	63	8.649928e+05
53	70	64	2.047161e+05
53	70	65	7.159299e+04
53	70	66	1.417957e+05
53	70	67	4.494332e+05
53	70	68	5.698831e+05
53	70	69	1.369682e+04
53	70	70	4.403880e+03
53	71	55	-2.826838e+03
53	71	56	-4.862243e+04
53	71	57	-1.743124e+04
53	71	58	5.904836e+04
53	71	59	9.682906e+04
53	71	60	3.906160e+05
53	71	61	7.303259e+05
53	71	62	1.788360e+05
53	71	63	4.109949e+05
53	71	64	3.258188e+05
53	71	65	6.913445e+05
53	71	66	1.535020e+05
53	71	67	8.628940e+05
53	71	68	1.339525e+06
53	71	69	9.082971e+05
53	71	70	2.219626e+05
53	71	71	-2.015237e+03
53	71	72	-1.336345e+03
53	72	49	2.773691e+02
53	72	50	-4.598876e+02
53	72	51	2.766949e+03
53	72	56	2.247863e+02
53	72	57	2.439616e+03
53	72	58	4.043050e+05
53	72	59	3.185586e+05
53	72	60	3.125688e+04
53	72	61	1.512708e+05
53	72	62	5.555631e+04
53	72	63	4.168983e+05
53	72	64	6.085720e+05
53	72	65	1.249205e+06
53	72	66	1.769691e+06
53	72	67	7.833947e+05
53	72	68	3.066925e+05
53	72	69	6.302838e+05
53	72	70	1.244152e+05
53	72	71	7.281301e+03
53	72	72	3.217997e+03
53	73	43	3.316312e+02
53	73	44	3.761014e+03
53	73	45	1.058956e+03
53	73	49	2.927501e+03
53	73	50	-4.853899e+03
53	73	51	2.920385e+04
53	73	56	2.244412e+03
53	73	57	1.385797e+04
53	73	58	7.444891e+05
53	73	59	5.583531e+05
53	73	60	1.583437e+05
53	73	61	4.956522e+05
53	73	62	2.251006e+05
53	73	63	2.146224e+06
53	73	64	1.842761e+06
53	73	65	3.515468e+06
53	73	66	2.990180e+06
53	73	67	9.512842e+05
53	73	68	1.123304e+06
53	73	69	3.245014e+05
53	73	70	1.951656e+04
53	73	71	2.819745e+05
53	73	72	8.890146e+04
53	74	43	2.879607e+04
53	74	44	3.265749e+05
53	74	45	9.195085e+04
53	74	49	7.843832e+02
53	74	50	-1.300535e+03
53	74	51	7.824766e+03
53	74	56	5.779169e+02
53	74	57	3.000470e+03
53	74	58	1.366222e+04
53	74	59	1.603776e+03
53	74	60	2.818649e+04
53	74	61	8.208695e+04
53	74	62	4.413238e+05
53	74	63	2.563834e+05
53	74	64	1.027141e+06
53	74	65	3.387579e+06
53	74	66	3.938436e+06
53	74	67	2.930892e+06
53	74	68	4.645732e+06
53	74	69	5.413919e+05
53	74	70	4.024737e+04
53	74	71	6.764790e+05
53	74	72	2.428536e+05
53	75	43	4.369023e+04
53	75	44	4.954889e+05
53	75	45	1.395105e+05
53	75	60	7.328128e+02
53	75	61	6.766518e+04
53	75	62	3.608892e+05
53	75	63	1.285804e+06
53	75	64	1.341973e+06
53	75	65	2.745521e+06
53	75	66	3.064119e+06
53	75	67	1.311041e+06
53	75	68	4.794587e+05
53	75	69	3.860939e+03
53	75	70	4.487813e+04
53	75	71	1.386704e+05
53	75	72	5.690835e+04
53	75	73	1.077374e+03
53	76	57	9.601394e+01
53	76	58	2.146848e+03
53	76	59	4.752991e+03
53	76	61	8.991773e+03
53	76	62	9.291588e+04
53	76	63	7.205570e+05
53	76	64	1.055553e+06
53	76	65	1.060457e+06
53	76	66	1.957227e+06
53	76	67	2.173711e+06
53	76	68	1.310181e+06
53	76	69	-7.366144e+03
53	76	70	9.423638e+04
53	76	71	-7.972861e+00
53	76	72	-5.016307e+02
53	76	73	-2.985158e+02
53	76	76	6.448603e+02
53	76	77	-1.230596e+03
53	76	78	5.978524e+03
53	77	57	-4.290263e+01
53	77	58	-9.592920e+02
53	77	59	-2.123814e+03
53	77	61	3.813446e+04
53	77	62	2.092309e+05
53	77	63	9.765557e+05
53	77	64	5.941890e+05
53	77	65	1.885591e+06
53	77	66	4.656650e+05
53	77	67	7.433691e+05
53	77	68	7.460911e+05
53	77	69	-6.700933e+04
53	77	70	7.079828e+05
53	77	71	3.833800e+02
53	77	72	2.412122e+04
53	77	73	1.435432e+04
53	77	76	2.989543e+04
53	77	77	-5.704987e+04
53	77	78	2.771616e+05
53	78	57	1.242863e+03
53	78	58	2.779011e+04
53	78	59	6.152562e+04
53	78	61	7.283206e+03
53	78	62	3.117566e+04
53	78	63	-2.705040e+04
53	78	64	6.563737e+03
53	78	65	2.933648e+05
53	78	66	6.891380e+04
53	78	67	4.006927e+05
53	78	68	3.353553e+05
53	78	69	8.987771e+03
53	78	70	2.570380e+04
53	78	76	5.253166e+04
53	78	77	-1.002469e+05
53	78	78	4.870230e+05
53	79	60	5.413788e+00
53	79	61	9.444074e+01
53	79	62	6.705615e+01
53	79	63	3.974403e+02
53	79	64	2.621945e+03
53	79	65	1.464807e+04
53	79	66	4.020397e+04
53	79	67	3.717540e+05
53	79	68	3.565333e+05
53	80	60	2.991396e+03
53	80	61	5.218336e+04
53	80	62	1.902005e+04
53	80	64	5.115508e+02
53	80	65	5.919470e+03
53	80	66	1.369427e+04
53	81	60	2.730060e+03
53	81	61	4.458795e+04
53	81	62	2.022183e+04
53	81	64	1.363336e+03
53	81	65	1.442161e+04
53	81	66	3.870164e+03
53	81	71	3.232856e+01
53	81	72	8.303516e+02
53	81	73	3.640682e+02
53	82	60	-1.789579e+02
53	82	61	-5.486411e+02
53	82	62	-3.564351e+03
53	82	64	3.786667e+02
53	82	65	4.005602e+03
53	82	66	1.074938e+03
53	82	71	4.637801e+03
53	82	72	1.191208e+05
53	82	73	5.222861e+04
53	83	60	2.538682e+03
53	83	61	7.782976e+03
53	83	62	5.056358e+04
53	83	71	6.429062e+03
53	83	72	1.651289e+05
53	83	73	7.240089e+04
53	83	74	8.683221e+01
53	83	75	-1.013141e+02
53	83	76	9.767822e+02
53	84	74	1.874810e+03
53	84	75	-2.187491e+03
53	84	76	2.108988e+04
53	85	74	7.602491e+02
53	85	75	-8.870438e+02
53	85	76	8.552100e+03
54	65	57	1.207905e+01
54	65	58	1.778172e+03
54	65	59	1.322948e+04
54	65	60	3.703641e+04
54	66	54	-1.535533e+00
54	66	55	-3.434008e+00
54	66	56	-2.823785e+01
54	66	57	2.889774e+03
54	66	58	1.604944e+05
54	66	59	3.499392e+05
54	66	60	2.794968e+05
54	66	65	2.828515e-01
54	66	66	4.379603e+00
54	66	67	1.495340e+00
54	66	72	5.944292e+02
54	66	73	3.713811e+04
54	66	74	2.205915e+04
54	67	54	-1.297330e+03
54	67	55	-2.901298e+03
54	67	56	-2.385737e+04
54	67	57	3.726322e+03
54	67	58	1.976083e+05
54	67	59	3.519176e+05
54	67	60	5.764221e+04
54	67	64	5.684500e+00
54	67	65	6.744610e+02
54	67	66	2.880774e+03
54	67	67	7.086036e+02
54	67	72	9.557526e+03
54	67	73	5.971248e+05
54	67	74	3.546778e+05
54	67	81	2.622448e-04
54	67	82	1.094752e-02
54	67	83	1.980007e-02
54	68	54	-1.486927e+03
54	68	55	-3.325305e+03
54	68	56	-2.734399e+04
54	68	61	4.009685e+02
54	68	62	4.375754e+03
54	68	63	1.200070e+03
54	68	64	9.132409e+01
54	68	65	9.109407e+03
54	68	66	2.887731e+04
54	68	67	2.681721e+04
54	68	68	1.172246e+04
54	68	72	3.332916e+03
54	68	73	2.082303e+05
54	68	74	1.236838e+05
54	68	81	8.495889e+00
54	68	82	3.546645e+02
54	68	83	6.414587e+02
54	69	55	7.844184e+03
54	69	56	1.349222e+05
54	69	57	4.887623e+04
54	69	58	2.021618e+04
54	69	59	1.809887e+04
54	69	60	1.162814e+04
54	69	61	7.352681e+04
54	69	62	8.023946e+05
54	69	63	2.199862e+05
54	69	64	-1.678542e+01
54	69	65	2.802663e+04
54	69	66	5.201976e+05
54	69	67	3.105010e+05
54	69	68	1.039452e+05
54	69	69	4.263541e+03
54	69	70	8.525987e+02
54	69	81	8.686541e+00
54	69	82	3.626234e+02
54	69	83	6.558533e+02
54	70	55	-1.100642e+04
54	70	56	-1.893136e+05
54	70	57	-6.785184e+04
54	70	58	2.106459e+05
54	70	59	2.643300e+05
54	70	60	5.350404e+05
54	70	61	5.477059e+04
54	70	62	5.953469e+05
54	70	63	1.231004e+05
54	70	64	1.212848e+04
54	70	65	4.476629e+05
54	70	66	1.089792e+06
54	70	67	6.973903e+05
54	70	68	2.338452e+05
54	70	69	3.058078e+04
54	70	70	1.444642e+03
54	71	55	8.355279e+04
54	71	56	1.437132e+06
54	71	57	5.219422e+05
54	71	58	6.174421e+05
54	71	59	5.409986e+05
54	71	60	2.921698e+05
54	71	61	4.901599e+04
54	71	62	5.406265e+05
54	71	63	5.704117e+05
54	71	64	8.546758e+05
54	71	65	2.904194e+06
54	71	66	8.723842e+05
54	71	67	1.555272e+05
54	71	68	8.023882e+05
54	71	69	2.705750e+05
54	71	70	7.065290e+04
54	71	71	1.525947e+05
54	71	72	8.370776e+04
54	72	49	9.999776e+03
54	72	50	-1.657998e+04
54	72	51	9.975470e+04
54	72	56	3.592122e+03
54	72	57	1.864984e+04
54	72	58	8.491938e+04
54	72	59	2.437102e+03
54	72	60	4.360625e+04
54	72	61	1.721882e+05
54	72	62	5.681163e+05
54	72	63	1.651744e+06
54	72	64	2.045898e+06
54	72	65	4.294020e+06
54	72	66	3.121482e+06
54	72	67	1.895883e+06
54	72	68	2.724930e+06
54	72	69	9.596919e+04
54	72	70	6.274235e+04
54	72	71	3.674416e+05
54	72	72	8.941149e+04
54	73	43	2.679904e+02
54	73	44	3.039267e+03
54	73	45	8.557399e+02
54	73	49	1.055430e+05
54	73	50	-1.749939e+05
54	73	51	1.052864e+06
54	73	56	3.588300e+04
54	73	57	1.863834e+05
54	73	58	8.479348e+05
54	73	59	1.680308e+04
54	73	60	2.873570e+05
54	73	61	7.246287e+05
54	73	62	3.802179e+05
54	73	63	2.290145e+06
54	73	64	3.724306e+06
54	73	65	5.795217e+06
54	73	66	6.036905e+06
54	73	67	2.665551e+06
54	73	68	3.188512e+06
54	73	69	2.244225e+04
54	73	70	4.212197e+04
54	73	71	1.594192e+06
54	73	72	9.016715e+05
54	73	73	2.286527e+01
54	74	43	2.327004e+04
54	74	44	2.639045e+05
54	74	45	7.430528e+04
54	74	49	2.827877e+04
54	74	50	-4.688720e+04
54	74	51	2.821004e+05
54	74	56	9.580297e+03
54	74	57	5.144175e+04
54	74	58	2.192332e+05
54	74	59	3.198361e+03
54	74	60	7.566096e+04
54	74	61	3.464710e+05
54	74	62	1.611587e+06
54	74	63	2.630559e+06
54	74	64	6.275148e+06
54	74	65	1.522793e+07
54	74	66	1.647015e+07
54	74	67	8.989033e+06
54	74	68	4.725523e+06
54	74	69	2.833864e+05
54	74	70	1.065684e+05
54	74	71	1.091537e+06
54	74	72	4.100702e+05
54	74	73	9.181564e+03
54	75	43	3.530598e+04
54	75	44	4.004035e+05
54	75	45	1.127381e+05
54	75	56	1.361546e+02
54	75	57	1.378449e+03
54	75	58	3.585279e+02
54	75	60	2.022103e+04
54	75	61	1.362598e+05
54	75	62	1.004193e+06
54	75	63	1.370281e+06
54	75	64	5.012371e+06
54	75	65	1.062325e+07
54	75	66	1.319794e+07
54	75	67	7.695830e+06
54	75	68	2.471529e+06
54	75	69	8.261314e+04
54	75	70	2.033748e+04
54	75	71	4.010409e+05
54	75	72	2.081039e+05
54	75	73	2.518722e+04
54	76	57	2.169435e+02
54	76	58	4.850802e+03
54	76	59	1.073938e+04
54	76	61	-3.486722e+03
54	76	62	4.473710e+04
54	76	63	3.736317e+05
54	76	64	2.366431e+06
54	76	65	5.363830e+06
54	76	66	7.829907e+06
54	76	67	3.401187e+06
54	76	68	1.012876e+06
54	76	69	4.076192e+04
54	76	70	1.147182e+05
54	76	71	-1.352182e+03
54	76	72	-6.521265e+03
54	76	73	-3.880745e+03
54	76	76	1.237650e+03
54	76	77	-2.361826e+03
54	76	78	1.147430e+04
54	77	56	5.293042e+02
54	77	57	-1.151753e+03
54	77	58	2.607584e+03
54	77	59	-4.798759e+03
54	77	61	8.717381e+03
54	77	62	4.061022e+04
54	77	63	7.018979e+04
54	77	64	7.086211e+05
54	77	65	2.350705e+06
54	77	66	1.913264e+06
54	77	67	9.708777e+05
54	77	68	6.763504e+05
54	77	69	-6.777757e+04
54	77	70	-2.071775e+05
54	77	71	1.363235e+04
54	77	72	3.135791e+05
54	77	73	1.866081e+05
54	77	76	5.737690e+04
54	77	77	-1.094932e+05
54	77	78	5.319434e+05
54	78	56	3.796655e+03
54	78	57	-4.757850e+03
54	78	58	9.704317e+04
54	78	59	1.390171e+05
54	78	61	2.508645e+03
54	78	62	1.271633e+05
54	78	63	2.139484e+06
54	78	64	1.247046e+06
54	78	65	4.423017e+05
54	78	66	1.435419e+05
54	78	67	6.951601e+04
54	78	68	8.424360e+05
54	78	69	4.849979e+05
54	78	70	1.141058e+06
54	78	76	1.008216e+05
54	78	77	-1.923992e+05
54	78	78	9.347205e+05
54	79	56	7.489191e+02
54	79	57	-1.492471e+03
54	79	58	6.756355e+03
54	79	60	7.709350e-02
54	79	61	1.344856e+00
54	79	62	2.091693e+04
54	79	63	2.318272e+05
54	79	64	2.380229e+05
54	79	65	2.998349e+05
54	79	66	7.540653e+05
54	79	67	1.331761e+05
54	79	68	2.645025e+05
54	79	69	2.849539e+04
54	79	70	1.893509e+04
54	79	73	5.858444e+00
54	79	74	1.878803e+02
54	79	75	9.011472e+01
54	79	76	8.807503e+00
54	79	77	3.870322e+02
54	79	78	2.073053e+02
54	80	60	4.259812e+01
54	80	61	7.431021e+02
54	80	62	1.803432e+03
54	80	63	1.336616e+04
54	80	64	5.522367e+04
54	80	65	1.172093e+05
54	80	66	2.576158e+05
54	80	67	6.204080e+04
54	80	68	3.218135e+04
54	80	73	4.492755e+02
54	80	74	1.440826e+04
54	80	75	6.910765e+03
54	80	76	3.521828e+02
54	80	77	1.547614e+04
54	80	78	8.289450e+03
54	81	60	1.400013e+03
54	81	61	4.807850e+03
54	81	62	2.739805e+04
54	81	64	3.239872e+04
54	81	65	3.431200e+05
54	81	66	9.221471e+04
54	81	71	1.204555e+02
54	81	72	3.093871e+03
54	81	73	1.637604e+03
54	81	74	9.014712e+03
54	81	75	4.323809e+03
54	81	76	6.448182e+02
54	81	77	2.833555e+04
54	81	78	1.517731e+04
54	82	60	-1.155988e+03
54	82	61	-3.543974e+03
54	82	62	-2.302410e+04
54	82	63	6.178661e+00
54	82	64	9.907694e+03
54	82	65	9.640842e+04
54	82	66	2.553402e+04
54	82	71	1.728034e+04
54	82	72	4.438415e+05
54	82	73	1.946026e+05
54	83	60	1.639874e+04
54	83	61	5.027451e+04
54	83	62	3.266179e+05
54	83	63	1.439329e+02
54	83	64	2.126537e+04
54	83	65	2.934163e+04
54	83	71	2.395453e+04
54	83	72	6.152666e+05
54	83	73	2.697640e+05
54	83	74	3.786498e+03
54	83	75	-4.418013e+03
54	83	76	4.259461e+04
54	84	63	6.044976e+01
54	84	64	8.931151e+03
54	84	65	1.232307e+04
54	84	74	8.175496e+04
54	84	75	-9.539009e+04
54	84	76	9.196679e+05
54	85	74	3.315224e+04
54	85	75	-3.868138e+04
54	85	76	3.729320e+05
55	64	63	5.132384e-01
55	64	64	1.915758e+03
55	64	65	2.044827e+03
55	65	57	1.402299e+01
55	65	58	7.369478e+02
55	65	59	1.253183e+03
55	65	63	6.681607e+00
55	65	64	2.494034e+04
55	65	65	2.662064e+04
55	65	66	7.017705e-01
55	65	67	3.399103e+02
55	65	68	4.067926e+02
55	66	54	4.991854e+01
55	66	55	1.116359e+02
55	66	56	1.102143e+03
55	66	57	3.856083e+03
55	66	58	1.798587e+05
55	66	59	3.003537e+05
55	66	60	4.301307e+03
55	66	61	9.228917e+02
55	66	63	2.057709e+00
55	66	64	7.680781e+03
55	66	65	8.236949e+03
55	66	66	1.399616e+03
55	66	67	4.859988e+03
55	66	68	4.752455e+03
55	66	72	2.846395e+02
55	66	73	1.778340e+04
55	66	74	1.056291e+04
55	67	54	4.217479e+04
55	67	55	9.431809e+04
55	67	56	7.756084e+05
55	67	57	4.409825e+03
55	67	58	2.279383e+05
55	67	59	3.870067e+05
55	67	60	3.214144e+03
55	67	61	6.896292e+02
55	67	64	2.444322e+02
55	67	65	4.108029e+04
55	67	66	3.453391e+05
55	67	67	1.381798e+05
55	67	68	1.383501e+04
55	67	72	4.576574e+03
55	67	73	2.859302e+05
55	67	74	1.698357e+05
55	67	81	1.434429e-01
55	67	82	5.988085e+00
55	67	83	1.083026e+01
55	68	54	4.833839e+04
55	68	55	1.081021e+05
55	68	56	8.915545e+05
55	68	57	7.160708e+03
55	68	58	5.074962e+04
55	68	59	8.427565e+03
55	68	60	6.662884e+04
55	68	61	1.429594e+04
55	68	63	1.053305e+01
55	68	64	9.139851e+03
55	68	65	4.008482e+05
55	68	66	9.536656e+05
55	68	67	2.081567e+05
55	68	68	7.196844e+02
55	68	72	1.595951e+03
55	68	73	9.971008e+04
55	68	74	5.922540e+04
55	68	81	4.647089e+03
55	68	82	1.939947e+05
55	68	83	3.508656e+05
55	69	57	2.270216e+01
55	69	58	6.721532e+03
55	69	59	5.337779e+03
55	69	60	4.562981e+01
55	69	62	6.836660e+00
55	69	63	9.452492e+02
55	69	64	7.316981e+03
55	69	65	2.014763e+05
55	69	66	4.052670e+05
55	69	67	2.953509e+05
55	69	68	1.773158e+05
55	69	69	3.309071e+04
55	69	70	5.520033e+03
55	69	81	4.751372e+03
55	69	82	1.983481e+05
55	69	83	3.587392e+05
55	70	57	2.162355e+02
55	70	58	6.401731e+04
55	70	59	5.055292e+04
55	70	60	7.764623e+01
55	70	61	3.871602e+03
55	70	62	2.663900e+04
55	70	63	6.527029e+05
55	70	64	5.545587e+05
55	70	65	2.800251e+05
55	70	66	1.745004e+06
55	70	67	2.319906e+06
55	70	68	9.045916e+05
55	70	69	6.696376e+05
55	70	70	1.413680e+04
55	71	55	5.451731e+01
55	71	56	9.563218e+02
55	71	57	1.046118e+03
55	71	58	2.062159e+05
55	71	59	1.632510e+05
55	71	60	1.505911e+04
55	71	61	4.430651e+05
55	71	62	1.001601e+06
55	71	63	1.237546e+06
55	71	64	1.938435e+06
55	71	65	2.008272e+06
55	71	66	5.156007e+05
55	71	67	1.379052e+06
55	71	68	6.095797e+05
55	71	69	1.338382e+06
55	71	70	6.890596e+05
55	71	71	5.918202e+04
55	71	72	2.029640e+04
55	72	49	5.008044e+03
55	72	50	-8.303512e+03
55	72	51	4.995871e+04
55	72	55	5.935497e+03
55	72	56	1.053666e+05
55	72	57	4.454270e+04
55	72	58	2.951794e+04
55	72	59	3.797064e+02
55	72	60	1.981800e+04
55	72	61	6.337155e+05
55	72	62	1.310501e+06
55	72	63	8.780532e+05
55	72	64	2.699493e+06
55	72	65	3.734037e+06
55	72	66	4.330080e+06
55	72	67	3.972309e+06
55	72	68	8.627438e+05
55	72	69	3.565935e+04
55	72	70	4.188048e+05
55	72	71	6.366501e+05
55	72	72	2.029774e+05
55	73	49	5.285756e+04
55	73	50	-8.763969e+04
55	73	51	5.272908e+05
55	73	55	4.010593e+03
55	73	56	8.572605e+04
55	73	57	1.198845e+05
55	73	58	3.030448e+05
55	73	59	9.653753e+03
55	73	60	-7.045610e+03
55	73	61	8.313608e+04
55	73	62	8.940745e+05
55	73	63	2.411040e+06
55	73	64	9.810677e+06
55	73	65	1.718599e+07
55	73	66	1.484807e+07
55	73	67	4.419402e+06
55	73	68	1.057264e+06
55	73	69	1.932193e+05
55	73	70	4.559060e+04
55	73	71	2.039207e+05
55	73	72	5.345774e+04
55	73	73	4.855030e+02
55	74	49	1.416245e+04
55	74	50	-2.348184e+04
55	74	51	1.412803e+05
55	74	56	6.252698e+04
55	74	57	6.172018e+05
55	74	58	2.325713e+05
55	74	59	4.999859e+03
55	74	60	7.667898e+03
55	74	61	1.474081e+05
55	74	62	7.732068e+05
55	74	63	4.556375e+06
55	74	64	1.703684e+07
55	74	65	3.449675e+07
55	74	66	3.898824e+07
55	74	67	2.135130e+07
55	74	68	9.635288e+06
55	74	69	1.660331e+06
55	74	70	6.511639e+05
55	74	71	7.299102e+05
55	74	72	4.357044e+05
55	74	73	1.867033e+05
55	75	56	2.340369e+04
55	75	57	2.369423e+05
55	75	58	6.162753e+04
55	75	60	9.137504e+03
55	75	61	7.906606e+04
55	75	62	1.260986e+06
55	75	63	2.467709e+06
55	75	64	1.719481e+07
55	75	65	2.477182e+07
55	75	66	2.364473e+07
55	75	67	1.247038e+07
55	75	68	4.835435e+06
55	75	69	5.454128e+05
55	75	70	7.475001e+04
55	75	71	7.863836e+04
55	75	72	5.967490e+05
55	75	73	2.665800e+05
55	76	57	1.769819e+03
55	76	58	3.957271e+04
55	76	59	8.761160e+04
55	76	61	4.192516e+04
55	76	62	3.934514e+05
55	76	63	2.139723e+06
55	76	64	3.831221e+06
55	76	65	1.291826e+07
55	76	66	7.900558e+06
55	76	67	6.058383e+06
55	76	68	1.510602e+06
55	76	69	4.735720e+04
55	76	70	-4.650303e+04
55	76	71	-8.392834e+04
55	76	72	-1.805880e+04
55	76	73	-1.074663e+04
55	77	56	6.938987e+03
55	77	57	-1.461906e+04
55	77	58	4.491732e+04
55	77	59	-3.914814e+04
55	77	61	4.824180e+04
55	77	62	5.429926e+05
55	77	63	5.997801e+05
55	77	64	9.976254e+05
55	77	65	4.651190e+06
55	77	66	1.945986e+06
55	77	67	6.269892e+05
55	77	68	4.451434e+05
55	77	69	-3.385224e+04
55	77	70	6.133113e+05
55	77	71	5.932862e+05
55	77	72	8.683689e+05
55	77	73	5.167583e+05
55	78	56	4.977277e+04
55	78	57	-7.627921e+04
55	78	58	9.612772e+05
55	78	59	1.134098e+06
55	78	61	5.490077e+04
55	78	62	6.568562e+05
55	78	63	6.964450e+05
55	78	64	1.310794e+06
55	78	65	8.551269e+05
55	78	66	1.462143e+06
55	78	67	1.259310e+06
55	78	68	1.385555e+06
55	78	69	3.052963e+05
55	78	70	4.188289e+05
55	79	56	9.818060e+03
55	79	57	-1.956575e+04
55	79	58	8.857338e+04
55	79	60	7.557035e+01
55	79	61	1.318286e+03
55	79	62	4.054571e+04
55	79	63	3.934106e+05
55	79	64	9.579919e+05
55	79	65	2.042039e+05
55	79	66	2.914555e+05
55	79	67	-1.526322e+05
55	79	68	8.748275e+04
55	79	69	-5.566226e+04
55	79	70	-3.698738e+04
55	79	73	2.192709e+02
55	79	74	7.032014e+03
55	79	75	3.372829e+03
55	79	76	4.542307e+01
55	79	77	1.996047e+03
55	79	78	1.069139e+03
55	80	60	4.175650e+04
55	80	61	7.284205e+05
55	80	62	2.789827e+05
55	80	63	1.176014e+05
55	80	64	4.147827e+05
55	80	65	4.447432e+05
55	80	66	3.283839e+05
55	80	67	9.851966e+05
55	80	68	5.110340e+05
55	80	73	1.681556e+04
55	80	74	5.392748e+05
55	80	75	2.586573e+05
55	80	76	1.816318e+03
55	80	77	7.981532e+04
55	80	78	4.275131e+04
55	81	60	4.060118e+04
55	81	61	6.300391e+05
55	81	62	3.319204e+05
55	81	64	7.714736e+04
55	81	65	1.010906e+06
55	81	66	3.445338e+05
55	81	73	1.052087e+04
55	81	74	3.374042e+05
55	81	75	1.618322e+05
55	81	76	3.325531e+03
55	81	77	1.461354e+05
55	81	78	7.827418e+04
55	82	60	-4.610333e+03
55	82	61	-1.413415e+04
55	82	62	-9.182517e+04
55	82	63	2.697978e+01
55	82	64	2.346612e+04
55	82	65	2.115627e+05
55	82	66	5.529871e+04
55	83	60	6.540178e+04
55	83	61	2.005058e+05
55	83	62	1.302624e+06
55	83	63	6.284980e+02
55	83	64	9.285745e+04
55	83	65	1.281233e+05
55	83	74	2.023132e+03
55	83	75	-2.360551e+03
55	83	76	2.275836e+04
55	84	63	2.639602e+02
55	84	64	3.899881e+04
55	84	65	5.380996e+04
55	84	74	4.368180e+04
55	84	75	-5.096707e+04
55	84	76	4.913799e+05
55	85	62	2.783375e+01
55	85	63	4.037173e+02
55	85	64	1.327447e+02
55	85	74	1.771329e+04
55	85	75	-2.066752e+04
55	85	76	1.992581e+05
55	86	62	9.848493e+02
55	86	63	1.428484e+04
55	86	64	4.696941e+03
55	87	62	1.869453e+03
55	87	63	2.711566e+04
55	87	64	8.915792e+03
55	92	58	1.139981e+02
55	92	59	8.789747e+03
55	92	60	1.366891e+04
55	93	58	6.845189e+02
55	93	59	5.277938e+04
55	93	60	8.207707e+04
55	94	58	1.141749e+02
55	94	59	8.803384e+03
55	94	60	1.369012e+04
56	46	56	1.537127e+03
56	46	57	1.303774e+04
56	46	58	2.963449e+03
56	47	56	1.240736e+04
56	47	57	1.052378e+05
56	47	58	2.392033e+04
56	48	56	2.708524e+03
56	48	57	2.297340e+04
56	48	58	5.221802e+03
56	62	73	4.756897e+01
56	62	74	2.269861e+03
56	62	75	3.957913e+03
56	63	73	8.034584e+00
56	63	74	3.833883e+02
56	63	75	6.685069e+02
56	64	63	1.022203e+01
56	64	64	3.815561e+04
56	64	65	4.072626e+04
56	64	73	6.797353e+02
56	64	74	3.243511e+04
56	64	75	5.655648e+04
56	65	63	1.330757e+02
56	65	64	4.967298e+05
56	65	65	5.301959e+05
56	65	66	1.158842e+01
56	65	67	5.612977e+03
56	65	68	6.717412e+03
56	66	56	1.055261e+03
56	66	57	2.874229e+03
56	66	58	2.036159e+04
56	66	59	8.047868e+03
56	66	60	6.331275e+04
56	66	61	1.358443e+04
56	66	63	4.098281e+01
56	66	64	1.529760e+05
56	66	65	1.633539e+05
56	66	66	1.281001e+04
56	66	67	7.594418e+04
56	66	68	7.847781e+04
56	67	56	1.764434e+02
56	67	57	4.248757e+03
56	67	58	1.398733e+04
56	67	59	7.927711e+04
56	67	60	4.731035e+04
56	67	61	1.015095e+04
56	67	64	1.300075e+02
56	67	65	3.993103e+04
56	67	66	9.541545e+05
56	67	67	8.470346e+05
56	67	68	2.284590e+05
56	67	81	1.206783e-01
56	67	82	5.037767e+00
56	67	83	9.111482e+00
56	68	56	1.507531e+04
56	68	57	4.446317e+04
56	68	58	3.004382e+05
56	68	59	1.907880e+05
56	68	60	9.807381e+05
56	68	61	2.104279e+05
56	68	63	-1.322140e+01
56	68	64	-4.454802e+03
56	68	65	2.183995e+05
56	68	66	9.788990e+05
56	68	67	3.633112e+05
56	68	68	9.783506e+04
56	68	81	3.909589e+03
56	68	82	1.632075e+05
56	68	83	2.951827e+05
56	69	58	4.541448e+02
56	69	59	2.904117e+04
56	69	60	4.708363e+04
56	69	63	-7.137840e+00
56	69	64	8.199779e+01
56	69	65	1.919413e+05
56	69	66	1.169822e+06
56	69	67	2.156869e+06
56	69	68	1.095087e+06
56	69	69	7.450714e+04
56	69	70	2.198557e+04
56	69	81	3.997322e+03
56	69	82	1.668699e+05
56	69	83	3.018068e+05
56	70	58	-3.346674e+02
56	70	59	-2.140095e+04
56	70	60	-3.466689e+04
56	70	61	1.398529e+03
56	70	62	2.041061e+04
56	70	63	-1.321790e+03
56	70	64	-3.085442e+04
56	70	65	3.031410e+04
56	70	66	1.102387e+06
56	70	67	1.158416e+06
56	70	68	7.450901e+05
56	70	69	4.544447e+05
56	70	70	3.345077e+04
56	71	55	3.355947e+02
56	71	56	5.886875e+03
56	71	57	2.151992e+03
56	71	58	5.577125e+03
56	71	59	3.566400e+05
56	71	60	5.821035e+05
56	71	61	1.627255e+05
56	71	62	9.763067e+05
56	71	63	6.725462e+05
56	71	64	1.028659e+06
56	71	65	2.411305e+06
56	71	66	1.350078e+06
56	71	67	2.887458e+05
56	71	68	3.407521e+05
56	71	69	1.565418e+06
56	71	70	9.637018e+05
56	72	55	3.653741e+04
56	72	56	6.409254e+05
56	72	57	2.342952e+05
56	72	58	5.681931e+02
56	72	59	6.752473e+03
56	72	60	1.543686e+03
56	72	61	2.373412e+05
56	72	62	1.031257e+06
56	72	63	8.745568e+05
56	72	64	3.202383e+06
56	72	65	5.919359e+06
56	72	66	6.844131e+06
56	72	67	3.797524e+06
56	72	68	1.987119e+06
56	72	69	5.974143e+05
56	72	70	4.901722e+05
56	72	71	1.376779e+04
56	73	55	2.468819e+04
56	73	56	4.352031e+05
56	73	57	1.798996e+05
56	73	58	8.027884e+04
56	73	59	5.727686e+05
56	73	60	5.975226e+04
56	73	61	3.869919e+05
56	73	62	9.916773e+05
56	73	63	4.219195e+06
56	73	64	8.632696e+06
56	73	65	1.563495e+07
56	73	66	2.136654e+07
56	73	67	9.138119e+06
56	73	68	3.700552e+06
56	73	69	6.773455e+05
56	73	70	1.876750e+05
56	73	71	5.207536e+05
56	73	72	1.249973e+04
56	73	73	5.485305e+03
56	74	56	4.347839e+04
56	74	57	4.401815e+05
56	74	58	1.665470e+05
56	74	59	3.856869e+05
56	74	60	5.879223e+04
56	74	61	1.015772e+05
56	74	62	2.405349e+05
56	74	63	3.906760e+06
56	74	64	1.261822e+07
56	74	65	2.554400e+07
56	74	66	2.699664e+07
56	74	67	1.555406e+07
56	74	68	5.993890e+06
56	74	69	1.300307e+06
56	74	70	9.893044e+05
56	74	71	7.774238e+05
56	74	72	3.292237e+05
56	74	73	1.427609e+05
56	75	56	1.715440e+04
56	75	57	1.736736e+05
56	75	58	5.055164e+04
56	75	59	4.253555e+04
56	75	60	2.538056e+05
56	75	61	1.283777e+05
56	75	62	2.034763e+06
56	75	63	4.588393e+06
56	75	64	1.457868e+07
56	75	65	2.195583e+07
56	75	66	2.261016e+07
56	75	67	1.391274e+07
56	75	68	4.600025e+06
56	75	69	2.047738e+05
56	75	70	7.877986e+05
56	75	71	2.887290e+05
56	75	72	6.446982e+05
56	75	73	2.809177e+05
56	76	58	2.901601e+02
56	76	59	5.624074e+02
56	76	60	5.172727e+03
56	76	61	1.661467e+03
56	76	62	9.903370e+04
56	76	63	1.886077e+06
56	76	64	4.806181e+06
56	76	65	7.964660e+06
56	76	66	1.036665e+07
56	76	67	5.424282e+06
56	76	68	3.981273e+06
56	76	69	1.252545e+05
56	76	70	1.028570e+05
56	76	71	2.566298e+04
56	77	56	1.914195e+04
56	77	57	-3.814671e+04
56	77	58	1.726886e+05
56	77	61	5.914547e+04
56	77	62	9.365088e+05
56	77	63	3.691953e+05
56	77	64	4.766500e+05
56	77	65	1.580816e+06
56	77	66	2.660123e+06
56	77	67	8.466912e+05
56	77	68	1.691113e+06
56	77	69	1.358811e+05
56	77	70	5.177852e+05
56	77	71	3.505829e+05
56	77	72	2.614107e+02
56	77	73	-4.753881e+02
56	77	74	2.491045e+03
56	78	56	1.373036e+05
56	78	57	-2.736232e+05
56	78	58	1.238681e+06
56	78	61	5.096603e+04
56	78	62	6.909724e+05
56	78	63	5.878723e+05
56	78	64	9.522410e+05
56	78	65	5.230765e+05
56	78	66	3.887259e+05
56	78	67	3.330326e+05
56	78	68	6.155574e+05
56	78	69	1.430376e+06
56	78	70	6.681356e+05
56	78	72	4.164198e+03
56	78	73	-7.572795e+03
56	78	74	3.968162e+04
56	79	56	2.708419e+04
56	79	57	-5.397426e+04
56	79	58	2.443393e+05
56	79	62	6.788003e+03
56	79	63	1.583037e+05
56	79	64	6.153062e+05
56	79	65	3.053527e+05
56	79	66	1.961569e+04
56	79	67	-4.765586e+04
56	79	68	-2.212403e+04
56	79	69	2.604139e+05
56	79	70	1.730441e+05
56	79	72	1.054349e+04
56	79	73	-1.906256e+04
56	79	74	1.040401e+05
56	79	75	1.711721e+03
56	79	76	2.076961e+02
56	79	77	9.126886e+03
56	79	78	4.888615e+03
56	80	62	3.155431e+03
56	80	63	2.751957e+04
56	80	64	1.178007e+05
56	80	65	6.618666e+05
56	80	66	8.413769e+05
56	80	67	3.411904e+05
56	80	68	1.769798e+05
56	80	73	8.533948e+03
56	80	74	2.736836e+05
56	80	75	1.312694e+05
56	80	76	8.305077e+03
56	80	77	3.649539e+05
56	80	78	1.954795e+05
56	81	60	3.798858e+02
56	81	61	2.777364e+03
56	81	62	5.571864e+02
56	81	64	1.506996e+04
56	81	65	4.395925e+05
56	81	66	4.596070e+05
56	81	73	5.339373e+03
56	81	74	1.712337e+05
56	81	75	8.213036e+04
56	81	76	1.520592e+04
56	81	77	6.682010e+05
56	81	78	3.579071e+05
56	82	60	8.737164e+03
56	82	61	6.387785e+04
56	82	62	1.281498e+04
56	82	63	1.373096e+02
56	82	64	2.028682e+04
56	82	65	2.799144e+04
56	83	60	3.648266e+03
56	83	61	2.667266e+04
56	83	62	5.350988e+03
56	83	63	3.198649e+03
56	83	64	4.725845e+05
56	83	65	6.520649e+05
56	84	63	1.343387e+03
56	84	64	1.984788e+05
56	84	65	2.738580e+05
56	85	62	1.991418e+02
56	85	63	2.888471e+03
56	85	64	9.497466e+02
56	86	62	7.046289e+03
56	86	63	1.022036e+05
56	86	64	3.360515e+04
56	87	62	1.337535e+04
56	87	63	1.940041e+05
56	87	64	6.378971e+04
56	92	58	9.608255e+02
56	92	59	7.408382e+04
56	92	60	1.152076e+05
56	93	58	5.769424e+03
56	93	59	4.448477e+05
56	93	60	6.917814e+05
56	94	58	9.623163e+02
56	94	59	7.419877e+04
56	94	60	1.153863e+05
57	46	56	-1.926209e+03
57	46	57	-1.633789e+04
57	46	58	-3.713565e+03
57	47	56	-1.554795e+04
57	47	57	-1.318760e+05
57	47	58	-2.997511e+04
57	48	56	-3.394113e+03
57	48	57	-2.878849e+04
57	48	58	-6.543559e+03
57	50	59	2.297746e-01
57	50	60	4.183515e+02
57	50	61	3.807100e+02
57	51	59	2.302478e+01
57	51	60	4.192130e+04
57	51	61	3.814940e+04
57	52	59	3.397035e+01
57	52	60	6.184995e+04
57	52	61	5.628495e+04
57	58	67	1.141376e+02
57	58	68	1.655738e+03
57	58	69	5.444590e+02
57	59	67	3.933130e+03
57	59	68	5.705601e+04
57	59	69	1.876182e+04
57	60	67	1.937813e+03
57	60	68	2.811091e+04
57	60	69	9.243755e+03
57	62	73	9.796141e+01
57	62	74	4.674450e+03
57	62	75	8.150749e+03
57	63	73	1.654606e+01
57	63	74	7.895328e+02
57	63	75	1.376693e+03
57	64	63	3.986916e+00
57	64	64	1.488191e+04
57	64	65	1.588454e+04
57	64	73	1.399817e+03
57	64	74	6.679541e+04
57	64	75	1.164699e+05
57	65	63	5.190377e+01
57	65	64	1.937405e+05
57	65	65	2.067933e+05
57	65	66	2.890071e+01
57	65	67	1.399838e+04
57	65	68	1.675276e+04
57	66	56	4.520928e+03
57	66	57	1.232347e+04
57	66	58	8.726011e+04
57	66	59	3.015912e+03
57	66	60	2.099745e+04
57	66	61	4.505230e+03
57	66	63	1.598460e+01
57	66	64	5.966551e+04
57	66	65	6.369160e+04
57	66	66	4.252650e+03
57	66	67	1.668704e+05
57	66	68	1.957183e+05
57	66	69	2.524880e-01
57	66	70	2.324193e+02
57	66	71	2.034949e+02
57	67	56	7.559153e+02
57	67	57	3.620046e+04
57	67	58	1.104711e+05
57	67	59	6.660246e+05
57	67	60	1.569031e+04
57	67	61	3.366525e+03
57	67	65	1.114095e+03
57	67	66	1.875846e+05
57	67	67	6.605226e+05
57	67	68	5.697611e+05
57	67	69	6.203575e-01
57	67	70	5.710492e+02
57	67	71	4.999825e+02
57	68	56	6.458534e+04
57	68	57	2.068768e+05
57	68	58	1.333158e+06
57	68	59	6.458011e+05
57	68	60	3.252584e+05
57	68	61	6.978769e+04
57	68	63	1.221986e+02
57	68	64	5.749329e+04
57	68	65	6.770330e+04
57	68	66	6.256164e+04
57	68	67	1.672885e+04
57	68	69	4.747039e+00
57	68	70	4.369727e+03
57	68	71	3.825917e+03
57	69	58	5.138593e+02
57	69	59	3.285972e+04
57	69	60	5.327455e+04
57	69	63	6.095760e+03
57	69	64	3.507870e+04
57	69	65	1.373681e+05
57	69	66	1.987920e+05
57	69	67	5.254833e+05
57	69	68	9.357159e+04
57	70	58	-3.786721e+02
57	70	59	-2.421492e+04
57	70	60	-3.925897e+04
57	70	61	2.244237e+01
57	70	62	4.811315e+03
57	70	63	-8.534482e+02
57	70	64	9.159973e+05
57	70	65	1.151556e+06
57	70	66	2.342423e+04
57	70	67	5.584407e+05
57	70	68	6.009695e+05
57	70	69	-1.616292e+04
57	70	70	-1.556680e+04
57	71	55	5.737188e+01
57	71	56	1.006396e+03
57	71	57	3.678957e+02
57	71	58	6.310449e+03
57	71	59	4.035338e+05
57	71	60	6.542381e+05
57	71	61	9.279616e+03
57	71	62	1.592533e+05
57	71	63	6.930194e+04
57	71	64	3.191483e+05
57	71	65	8.322360e+05
57	71	66	4.216274e+05
57	71	67	1.370133e+05
57	71	68	2.067384e+05
57	71	69	4.002136e+04
57	71	70	3.009210e+04
57	72	55	6.246284e+03
57	72	56	1.095699e+05
57	72	57	4.005414e+04
57	72	58	3.805666e+02
57	72	59	1.226885e+04
57	72	60	-1.642795e+04
57	72	61	1.006052e+05
57	72	62	1.700321e+05
57	72	63	4.936124e+05
57	72	64	2.221188e+06
57	72	65	5.228621e+06
57	72	66	1.928313e+06
57	72	67	1.514144e+06
57	72	68	7.458085e+05
57	72	69	4.100245e+04
57	72	70	-1.321593e+05
57	72	71	3.839056e+01
57	73	55	4.220590e+03
57	73	56	7.403599e+04
57	73	57	2.706443e+04
57	73	58	4.944381e+04
57	73	59	4.904192e+05
57	73	60	-9.247386e+04
57	73	61	1.306570e+06
57	73	62	9.410250e+05
57	73	63	2.483264e+06
57	73	64	3.303020e+06
57	73	65	1.160491e+07
57	73	66	7.603724e+06
57	73	67	4.556157e+06
57	73	68	2.493245e+06
57	73	69	5.050191e+05
57	73	70	1.872874e+05
57	73	71	2.317869e+05
57	73	72	1.548631e+04
57	73	73	6.801576e+03
57	74	52	1.818586e+02
57	74	53	-1.175511e+02
57	74	54	2.271452e+03
57	74	58	3.478976e+04
57	74	59	2.924484e+05
57	74	60	3.291601e+03
57	74	61	4.038888e+05
57	74	62	3.313483e+05
57	74	63	1.425524e+06
57	74	64	5.707083e+06
57	74	65	9.633887e+06
57	74	66	9.608707e+06
57	74	67	8.084160e+06
57	74	68	4.755485e+06
57	74	69	-1.391605e+05
57	74	70	1.035080e+06
57	74	71	2.658709e+05
57	74	72	2.025668e+05
57	74	73	8.896718e+04
57	75	52	1.035166e+04
57	75	53	-6.691180e+03
57	75	54	1.292943e+05
57	75	58	2.312185e+04
57	75	59	1.389505e+05
57	75	60	1.414401e+06
57	75	61	2.817452e+05
57	75	62	7.358416e+05
57	75	63	3.924578e+05
57	75	64	3.760121e+06
57	75	65	6.270929e+06
57	75	66	1.002542e+07
57	75	67	7.583978e+06
57	75	68	2.744464e+06
57	75	69	8.932245e+04
57	75	70	8.417924e+05
57	75	71	2.379327e+05
57	75	72	5.593734e+05
57	75	73	2.456764e+05
57	76	52	5.993673e+03
57	76	53	-3.874235e+03
57	76	54	7.486222e+04
57	76	57	5.471931e+02
57	76	58	4.188114e+04
57	76	59	6.413619e+04
57	76	60	5.501324e+05
57	76	61	2.366013e+02
57	76	62	4.364796e+03
57	76	63	8.358732e+03
57	76	64	1.457735e+06
57	76	65	3.666263e+06
57	76	66	2.967649e+06
57	76	67	3.103948e+06
57	76	68	3.266890e+06
57	76	69	2.699932e+05
57	76	70	1.582930e+05
57	76	71	7.185776e+04
57	77	57	3.298541e+03
57	77	58	6.644122e+04
57	77	59	2.605815e+04
57	77	61	6.889342e+03
57	77	62	1.274778e+05
57	77	63	8.493696e+04
57	77	64	1.934430e+05
57	77	65	8.556326e+05
57	77	66	1.062308e+06
57	77	67	7.836344e+05
57	77	68	4.737846e+05
57	77	69	2.035422e+03
57	77	72	6.522055e+01
57	77	73	-1.186067e+02
57	77	74	6.215020e+02
57	78	57	5.523286e+02
57	78	58	1.112534e+04
57	78	59	4.363342e+03
57	78	61	3.182018e+03
57	78	62	6.353111e+04
57	78	63	5.461619e+05
57	78	64	4.608246e+05
57	78	65	8.625501e+04
57	78	66	1.515050e+05
57	78	67	2.708280e+05
57	78	68	4.010838e+04
57	78	72	1.038944e+03
57	78	73	-1.889371e+03
57	78	74	9.900347e+03
57	79	58	1.189902e+01
57	79	59	-1.089447e+01
57	79	60	1.411157e+02
57	79	62	1.455535e+03
57	79	63	1.581298e+05
57	79	64	1.910473e+05
57	79	65	7.095461e+04
57	79	66	9.784516e+03
57	79	72	2.630542e+03
57	79	73	-4.783768e+03
57	79	74	2.506706e+04
57	80	58	1.938270e+02
57	80	59	-1.774635e+02
57	80	60	2.298679e+03
57	80	64	7.118697e+03
57	80	65	1.253650e+05
57	80	66	3.044685e+05
57	81	58	6.807998e+01
57	81	59	-6.233246e+01
57	81	60	9.884090e+02
57	81	61	1.323438e+03
57	81	62	2.655041e+02
57	81	64	3.384063e+03
57	81	65	5.951976e+04
57	81	66	1.443741e+05
57	82	60	4.163334e+03
57	82	61	3.043834e+04
57	82	62	6.106448e+03
57	82	64	7.657085e+02
57	82	65	6.997798e+03
57	82	66	1.686524e+03
57	83	60	1.738430e+03
57	83	61	1.270975e+04
57	83	62	2.549791e+03
57	83	64	4.914437e+02
57	83	65	4.491296e+03
57	83	66	1.082437e+03
57	85	62	7.487629e+02
57	85	63	1.086050e+04
57	85	64	3.570998e+03
57	85	70	2.357911e+02
57	85	71	7.147079e+03
57	85	72	3.354074e+03
57	86	62	2.649368e+04
57	86	63	3.842801e+05
57	86	64	1.263536e+05
57	86	70	2.615832e+03
57	86	71	7.928864e+04
57	86	72	3.720960e+04
57	86	76	8.848790e+01
57	86	77	1.248012e+03
57	86	78	4.036007e+02
57	87	62	5.029064e+04
57	87	63	7.294453e+05
57	87	64	2.398460e+05
57	87	70	7.255624e+02
57	87	71	2.199257e+04
57	87	72	1.032096e+04
57	87	76	6.099201e+03
57	87	77	8.602166e+04
57	87	78	2.781896e+04
57	88	76	3.716761e+03
57	88	77	5.242031e+04
57	88	78	1.695246e+04
57	92	58	2.172858e+02
57	92	59	1.675368e+04
57	92	60	2.605361e+04
57	93	58	1.304726e+03
57	93	59	1.006001e+05
57	93	60	1.564429e+05
57	94	58	2.176230e+02
57	94	59	1.677968e+04
57	94	60	2.609403e+04
58	44	84	9.709958e+02
58	44	85	6.251729e+03
58	44	86	1.116289e+03
58	45	84	-1.685082e+03
58	45	85	-1.084935e+04
58	45	86	-1.937227e+03
58	46	56	1.696013e+04
58	46	57	1.438539e+05
58	46	58	3.269768e+04
58	46	84	9.479571e+03
58	46	85	6.103395e+04
58	46	86	1.089803e+04
58	47	56	1.368986e+05
58	47	57	1.161158e+06
58	47	58	2.639287e+05
58	47	82	2.256031e+00
58	47	83	4.223234e+02
58	47	84	5.625692e+02
58	48	56	2.988492e+04
58	48	57	2.534806e+05
58	48	58	5.761556e+04
58	48	82	2.272202e+01
58	48	83	4.253506e+03
58	48	84	5.666017e+03
58	49	82	5.887719e+00
58	49	83	1.102166e+03
58	49	84	1.468176e+03
58	50	59	1.765048e+00
58	50	60	3.213630e+03
58	50	61	2.924481e+03
58	51	59	1.768683e+02
58	51	60	3.220248e+05
58	51	61	2.930503e+05
58	52	59	2.609483e+02
58	52	60	4.751096e+05
58	52	61	4.323612e+05
58	58	67	1.398138e+03
58	58	68	2.028210e+04
58	58	69	6.669395e+03
58	59	67	4.817920e+04
58	59	68	6.989122e+05
58	59	69	2.298244e+05
58	60	67	2.373740e+04
58	60	68	3.443469e+05
58	60	69	1.132321e+05
58	62	73	8.589319e+02
58	62	74	4.098588e+04
58	62	75	7.146629e+04
58	63	73	1.450769e+02
58	63	74	6.922674e+03
58	63	75	1.207094e+04
58	64	73	1.227368e+04
58	64	74	5.856664e+05
58	64	75	1.021215e+06
58	66	57	4.431965e+00
58	66	58	1.244703e+01
58	66	59	8.619628e+01
58	66	68	2.971474e+02
58	66	69	3.114373e+03
58	66	70	2.010118e+04
58	66	71	1.688093e+04
58	67	57	8.174008e+03
58	67	58	2.295644e+04
58	67	59	1.589744e+05
58	67	63	4.807821e-04
58	67	64	1.552778e+02
58	67	65	1.841041e+02
58	67	66	1.460268e+01
58	67	68	3.388688e+03
58	67	69	3.532912e+04
58	67	70	5.673208e+04
58	67	71	4.147609e+04
58	68	57	7.443078e+03
58	68	58	2.090364e+04
58	68	59	1.447587e+05
58	68	63	-7.317216e+00
58	68	64	8.894006e+03
58	68	65	2.191860e+04
58	68	66	6.439436e+03
58	68	68	9.577031e+02
58	68	69	1.036388e+04
58	68	70	3.651365e+05
58	68	71	3.173792e+05
58	69	63	-7.240650e+03
58	69	64	2.800429e+04
58	69	65	-7.330783e+04
58	69	66	5.324747e+03
58	69	67	1.916117e+04
58	69	68	2.132093e+04
58	70	63	-6.479775e+03
58	70	64	-8.848710e+03
58	70	65	-9.893907e+04
58	70	66	2.022048e+04
58	70	67	1.376264e+05
58	70	68	1.369460e+05
58	70	69	1.207988e+05
58	70	70	1.163435e+05
58	71	62	3.058295e+03
58	71	63	-1.698355e+03
58	71	64	4.267550e+05
58	71	65	4.149671e+05
58	71	66	8.132662e+05
58	71	67	6.622972e+05
58	71	68	2.084164e+05
58	71	69	-1.781592e+05
58	71	70	-1.944898e+05
58	72	61	2.548776e+03
58	72	62	9.382131e+04
58	72	63	-1.308810e+04
58	72	64	1.694709e+06
58	72	65	7.148370e+05
58	72	66	5.991108e+05
58	72	67	2.580415e+05
58	72	68	-1.138331e+05
58	72	69	1.392739e+06
58	72	70	1.188524e+06
58	73	58	4.252599e+03
58	73	59	2.545281e+04
58	73	60	1.190514e+05
58	73	61	3.379177e+04
58	73	62	1.691048e+05
58	73	63	6.505746e+05
58	73	64	1.066931e+06
58	73	65	8.966256e+05
58	73	66	9.828535e+05
58	73	67	8.593111e+05
58	73	68	2.466915e+06
58	73	69	8.586982e+05
58	73	70	2.196554e+05
58	74	52	1.312660e+03
58	74	53	-8.484869e+02
58	74	54	1.639540e+04
58	74	58	7.453553e+02
58	74	59	4.721630e+03
58	74	60	2.364765e+04
58	74	61	7.586521e+04
58	74	62	5.214923e+05
58	74	63	1.237248e+06
58	74	64	3.793861e+06
58	74	65	4.385387e+06
58	74	66	5.944798e+06
58	74	67	3.478361e+06
58	74	68	1.916104e+06
58	74	69	2.891001e+03
58	75	52	7.471852e+04
58	75	53	-4.829711e+04
58	75	54	9.332498e+05
58	75	58	7.947328e+04
58	75	59	4.007448e+05
58	75	60	2.041097e+06
58	75	61	8.019998e+04
58	75	62	2.687278e+05
58	75	63	6.577805e+04
58	75	64	9.081352e+05
58	75	65	1.711376e+06
58	75	66	2.288133e+06
58	75	67	1.139763e+06
58	75	68	6.372151e+05
58	75	69	1.046727e+04
58	76	52	4.326249e+04
58	76	53	-2.796433e+04
58	76	54	5.403574e+05
58	76	57	1.942638e+02
58	76	58	2.466633e+04
58	76	59	4.176017e+04
58	76	60	3.699730e+05
58	76	63	1.430757e+04
58	76	64	9.970540e+05
58	76	65	2.589301e+06
58	76	66	1.318857e+06
58	76	67	1.109995e+06
58	76	68	8.447523e+05
58	76	69	9.746804e+04
58	77	57	1.171044e+03
58	77	58	2.358787e+04
58	77	59	9.251131e+03
58	77	63	3.296561e+04
58	77	64	4.938461e+05
58	77	65	1.159386e+06
58	77	66	1.664116e+05
58	77	67	6.481787e+05
58	77	68	1.964413e+05
58	77	69	2.382860e+04
58	77	72	3.780009e+03
58	77	73	-6.874129e+03
58	77	74	3.602059e+04
58	78	57	1.960870e+02
58	78	58	3.949703e+03
58	78	59	1.549068e+03
58	78	65	7.851964e+03
58	78	66	9.487334e+05
58	78	67	8.695492e+05
58	78	68	5.275930e+04
58	78	72	6.021445e+04
58	78	73	-1.095029e+05
58	78	74	5.737977e+05
58	79	58	3.281583e+03
58	79	59	-3.004542e+03
58	79	60	3.891772e+04
58	79	66	1.244349e+03
58	79	67	1.071048e+04
58	79	68	3.637866e+04
58	79	72	1.524592e+05
58	79	73	-2.772544e+05
58	79	74	1.452820e+06
58	80	58	5.345475e+04
58	80	59	-4.894194e+04
58	80	60	6.339432e+05
58	80	66	1.008769e+03
58	80	67	8.682767e+03
58	80	68	2.949144e+04
58	81	58	1.877550e+04
58	81	59	-1.719041e+04
58	81	60	2.283403e+05
58	81	61	4.147902e+04
58	81	62	8.321394e+03
58	81	64	7.138130e+02
58	81	65	6.523526e+03
58	81	66	1.572221e+03
58	82	60	1.304866e+05
58	82	61	9.539944e+05
58	82	62	1.913875e+05
58	82	64	6.105559e+04
58	82	65	5.579861e+05
58	82	66	1.344790e+05
58	83	60	5.448565e+04
58	83	61	3.983473e+05
58	83	62	7.991522e+04
58	83	64	3.918643e+04
58	83	65	3.581242e+05
58	83	66	8.631072e+04
58	85	70	2.193482e+03
58	85	71	6.648677e+04
58	85	72	3.120177e+04
58	86	70	2.433417e+04
58	86	71	7.375944e+05
58	86	72	3.461478e+05
58	86	76	-1.174937e+02
58	86	77	-1.657104e+03
58	86	78	-5.358987e+02
58	87	70	6.749653e+03
58	87	71	2.045891e+05
58	87	72	9.601223e+04
58	87	76	-8.098485e+03
58	87	77	-1.142191e+05
58	87	78	-3.693786e+04
58	88	76	-4.935095e+03
58	88	77	-6.960339e+04
58	88	78	-2.250938e+04
59	44	84	4.105586e+03
59	44	85	2.643370e+04
59	44	86	4.719919e+03
59	45	84	-7.124902e+03
59	45	85	-4.587348e+04
59	45	86	-8.191026e+03
59	46	84	4.008173e+04
59	46	85	2.580651e+05
59	46	86	4.607930e+04
59	47	82	1.272804e+02
59	47	83	2.382658e+04
59	47	84	3.173895e+04
59	48	82	1.281928e+03
59	48	83	2.399737e+05
59	48	84	3.196645e+05
59	49	82	3.321725e+02
59	49	83	6.218186e+04
59	49	84	8.283131e+04
59	50	59	3.695999e-01
59	50	60	6.729319e+02
59	50	61	6.123843e+02
59	51	59	3.703610e+01
59	51	60	6.743177e+04
59	51	61	6.136454e+04
59	52	59	5.464241e+01
59	52	60	9.948764e+04
59	52	61	9.053616e+04
59	58	67	4.142391e+02
59	58	68	6.009166e+03
59	58	69	1.976003e+03
59	59	67	1.427450e+04
59	59	68	2.070732e+05
59	59	69	6.809219e+04
59	60	67	7.032898e+03
59	60	68	1.020228e+05
59	60	69	3.354833e+04
59	66	58	1.445346e+02
59	66	59	1.631008e+03
59	66	60	4.576814e+02
59	66	68	6.374501e+03
59	66	69	6.639329e+04
59	66	70	4.713494e+04
59	66	71	2.585196e+04
59	67	58	2.963263e+03
59	67	59	3.343909e+04
59	67	60	9.383429e+03
59	67	63	2.334697e-02
59	67	64	7.506553e+03
59	67	65	7.898639e+03
59	67	66	2.171547e+02
59	67	68	7.269523e+04
59	67	69	7.568664e+05
59	67	70	2.733536e+05
59	67	71	6.351771e+04
59	68	58	1.172250e+03
59	68	59	1.322831e+04
59	68	60	3.712031e+03
59	68	63	6.843513e+01
59	68	64	4.172143e+05
59	68	65	6.114549e+05
59	68	66	9.576011e+04
59	68	68	2.054495e+04
59	68	69	2.144846e+05
59	68	70	6.118812e+05
59	68	71	4.860440e+05
59	69	63	6.727474e+04
59	69	64	3.289697e+05
59	69	65	1.450853e+06
59	69	66	7.897774e+04
59	70	63	5.900662e+04
59	70	64	3.373350e+04
59	70	65	9.118630e+05
59	70	66	1.556006e+04
59	71	62	1.120361e+03
59	71	63	1.457834e+03
59	71	64	1.175720e+06
59	71	65	1.398237e+06
59	71	66	3.439166e+05
59	71	67	3.229003e+03
59	71	68	1.623108e+03
59	71	69	1.479219e+04
59	71	70	4.875049e+04
59	72	61	6.029069e+02
59	72	62	3.278794e+04
59	72	63	-1.569797e+04
59	72	64	6.428948e+05
59	72	65	4.682133e+05
59	72	66	1.357291e+05
59	72	67	8.628381e+03
59	72	68	-1.324143e+04
59	72	69	9.839263e+04
59	72	70	-4.182759e+03
59	73	61	5.755518e+03
59	73	62	3.827945e+04
59	73	63	1.081489e+05
59	73	64	8.863292e+04
59	73	65	-4.673119e+04
59	73	66	1.090633e+05
59	73	67	2.255213e+05
59	73	68	-7.091351e+04
59	73	69	1.156930e+06
59	73	70	6.699591e+05
59	74	52	2.603791e+02
59	74	53	-1.683058e+02
59	74	54	3.252190e+03
59	74	61	7.080358e+04
59	74	62	6.036401e+05
59	74	63	5.485392e+05
59	74	64	1.101778e+06
59	74	65	1.640196e+06
59	74	66	1.091729e+06
59	74	67	2.478477e+06
59	74	68	9.023968e+05
59	74	69	2.379736e+05
59	75	52	1.482116e+04
59	75	53	-9.580211e+03
59	75	54	1.851194e+05
59	75	61	4.099812e+04
59	75	62	4.125827e+05
59	75	63	1.085782e+05
59	75	64	1.836656e+05
59	75	65	4.472446e+05
59	75	66	1.140938e+06
59	75	67	1.793381e+06
59	75	68	1.292546e+06
59	75	69	3.044148e+04
59	76	52	8.581543e+03
59	76	53	-5.547002e+03
59	76	54	1.071853e+05
59	76	57	8.033727e+03
59	76	58	1.618202e+05
59	76	59	6.346565e+04
59	76	63	1.112603e+04
59	76	64	6.734070e+05
59	76	65	8.709125e+05
59	76	66	5.289983e+04
59	76	67	2.427168e+05
59	76	68	9.741364e+05
59	76	69	2.834619e+05
59	77	57	4.842820e+04
59	77	58	9.755176e+05
59	77	59	3.829984e+05
59	77	60	9.906641e+01
59	77	63	3.806381e+04
59	77	64	2.628764e+05
59	77	65	4.793886e+04
59	77	66	-4.248099e+04
59	77	67	-3.748520e+03
59	77	68	1.896395e+05
59	77	69	6.929963e+04
59	78	57	8.109125e+03
59	78	58	1.653738e+05
59	78	59	8.213015e+04
59	78	60	4.258775e+03
59	78	65	2.187142e+01
59	78	66	1.053392e+04
59	78	67	8.834367e+03
59	78	68	2.782975e+02
59	79	58	5.241786e+03
59	79	59	5.801188e+03
59	79	60	5.159526e+04
59	79	66	3.544775e+03
59	79	67	3.051091e+04
59	79	68	1.036318e+05
59	80	58	6.775677e+04
59	80	59	-6.203654e+04
59	80	60	8.035570e+05
59	80	66	2.873677e+03
59	80	67	2.473457e+04
59	80	68	8.401218e+04
59	80	70	3.200634e+01
59	80	71	3.677645e+02
59	80	72	1.044648e+02
59	81	58	2.379895e+04
59	81	59	-2.178977e+04
59	81	60	2.822421e+05
59	81	64	4.507656e+02
59	81	65	4.119540e+03
59	81	66	9.928413e+02
59	81	70	4.724068e+02
59	81	71	5.428126e+03
59	81	72	1.541879e+03
59	82	64	3.855598e+04
59	82	65	3.523625e+05
59	82	66	8.492211e+04
59	82	70	1.235980e+03
59	82	71	1.420186e+04
59	82	72	4.034091e+03
59	83	64	2.474583e+04
59	83	65	2.261518e+05
59	83	66	5.450434e+04
59	84	62	1.825696e+00
59	84	63	1.165438e+02
59	84	64	1.890260e+02
59	85	62	2.781477e+01
59	85	63	1.775564e+03
59	85	64	2.879842e+03
59	85	70	5.358580e+02
59	85	71	1.624243e+04
59	85	72	7.622455e+03
59	86	62	9.409825e+00
59	86	63	6.006788e+02
59	86	64	9.742596e+02
59	86	70	5.944730e+03
59	86	71	1.801911e+05
59	86	72	8.456240e+04
59	86	76	9.596298e+02
59	86	77	1.353439e+04
59	86	78	4.376951e+03
59	87	70	1.648911e+03
59	87	71	4.998022e+04
59	87	72	2.345537e+04
59	87	76	6.614435e+04
59	87	77	9.328840e+05
59	87	78	3.016899e+05
59	88	76	4.030737e+04
59	88	77	5.684855e+05
59	88	78	1.838453e+05
60	44	78	1.178162e-01
60	44	79	1.153468e+00
60	44	80	3.663598e+00
60	44	84	2.134478e+04
60	44	85	1.374278e+05
60	44	86	2.453868e+04
60	45	78	6.879813e+02
60	45	79	6.735616e+03
60	45	80	2.139338e+04
60	45	84	-3.704209e+04
60	45	85	-2.384945e+05
60	45	86	-4.258483e+04
60	46	78	7.248275e+02
60	46	79	7.096356e+03
60	46	80	2.253915e+04
60	46	84	2.083834e+05
60	46	85	1.341670e+06
60	46	86	2.395645e+05
60	47	82	2.126333e+02
60	47	83	3.980442e+04
60	47	84	5.302273e+04
60	48	82	2.141574e+03
60	48	83	4.008974e+05
60	48	84	5.340280e+05
60	49	82	5.549237e+02
60	49	83	1.038803e+05
60	49	84	1.383771e+05
60	58	57	6.880446e+02
60	58	58	-5.153612e+00
60	58	59	9.572117e+03
60	59	57	-4.478658e+02
60	59	58	1.826730e+02
60	59	59	-4.729347e+03
60	59	60	5.175515e+03
60	60	57	8.586625e+03
60	60	58	3.010839e+03
60	60	59	1.452051e+05
60	60	60	8.875559e+04
60	61	58	1.110701e+03
60	61	59	9.299625e+03
60	61	60	3.205723e+04
60	66	58	8.117678e+02
60	66	59	9.160433e+03
60	66	60	2.570533e+03
60	66	68	2.577042e+03
60	66	69	2.682808e+04
60	66	70	7.118620e+03
60	67	58	1.664294e+04
60	67	59	1.878081e+05
60	67	60	5.270132e+04
60	67	63	1.290331e-02
60	67	64	4.179351e+03
60	67	65	5.310221e+03
60	67	66	5.662987e+02
60	67	68	2.938876e+04
60	67	69	3.059492e+05
60	67	70	8.118121e+04
60	68	58	6.583853e+03
60	68	59	7.429581e+04
60	68	60	2.084834e+04
60	68	63	7.072031e-01
60	68	64	2.440849e+05
60	68	65	7.540273e+05
60	68	66	2.497244e+05
60	68	68	8.305781e+03
60	68	69	8.646664e+04
60	68	70	2.294324e+04
60	69	63	4.051031e-01
60	69	64	1.441396e+05
60	69	65	5.651149e+05
60	69	66	2.059591e+05
60	70	63	9.601543e-01
60	70	64	2.953915e+04
60	70	65	6.847726e+04
60	70	66	1.791990e+04
60	71	63	2.033061e+01
60	71	64	6.964202e+05
60	71	65	1.916056e+06
60	71	66	5.591373e+05
60	71	67	3.649542e+04
60	71	68	1.855999e+03
60	71	69	1.691464e+04
60	71	70	5.574543e+04
60	72	48	6.791358e+01
60	72	49	4.568325e+02
60	72	50	8.500251e+01
60	72	63	3.112686e+02
60	72	64	3.066800e+05
60	72	65	8.997780e+05
60	72	66	2.094909e+05
60	72	67	4.763475e+03
60	72	68	-4.874172e+03
60	72	69	6.195332e+04
60	72	70	-4.782920e+03
60	73	48	1.238608e+02
60	73	49	8.331709e+02
60	73	50	1.550275e+02
60	73	63	9.288191e+01
60	73	64	2.962151e+03
60	73	65	2.789468e+04
60	73	66	9.181532e+05
60	73	67	5.789834e+05
60	73	68	-4.232389e+04
60	73	69	8.391652e+05
60	73	70	7.660879e+05
60	74	48	1.195894e+03
60	74	49	8.044391e+03
60	74	50	1.496814e+03
60	74	63	4.418466e+03
60	74	64	1.364211e+05
60	74	65	3.379328e+05
60	74	66	3.412697e+05
60	74	67	8.326205e+05
60	74	68	5.478655e+04
60	74	69	2.514228e+05
60	75	63	4.620219e+03
60	75	64	4.522069e+04
60	75	65	1.155998e+05
60	75	66	4.264152e+05
60	75	67	4.669658e+05
60	75	68	1.380531e+05
60	75	69	1.035507e+05
60	75	71	4.373427e+02
60	75	72	-8.555767e+02
60	75	73	3.993001e+03
60	76	63	3.482861e+04
60	76	64	2.405334e+05
60	76	65	7.529473e+04
60	76	66	6.738402e+05
60	76	67	3.421385e+05
60	76	68	8.238380e+04
60	76	69	8.540084e+03
60	76	71	1.669951e+02
60	76	72	-3.266937e+02
60	76	73	1.524689e+03
60	77	58	6.927264e+02
60	77	59	6.151181e+03
60	77	60	1.449814e+03
60	77	63	1.271641e+05
60	77	64	8.782213e+05
60	77	65	1.993120e+05
60	77	66	1.012715e+06
60	77	67	5.467221e+05
60	77	68	1.220423e+04
60	77	69	3.572574e+03
60	77	71	6.445448e+03
60	77	72	-1.260928e+04
60	77	73	5.884787e+04
60	78	58	2.977968e+04
60	78	59	2.644337e+05
60	78	60	6.232620e+04
60	78	65	8.761975e+02
60	78	66	4.216864e+05
60	78	67	3.511952e+05
60	78	68	1.907193e+03
60	79	58	1.583780e+04
60	79	59	1.406344e+05
60	79	60	3.314709e+04
60	79	66	2.429260e+04
60	79	67	2.091245e+05
60	79	68	7.102194e+05
60	79	69	4.800504e+02
60	80	66	1.969352e+04
60	80	67	1.699015e+05
60	80	68	5.760367e+05
60	80	69	6.100298e+03
60	80	70	1.522782e+03
60	80	71	1.749731e+04
60	80	72	4.970175e+03
60	81	67	1.194128e+02
60	81	68	8.952520e+01
60	81	69	1.850347e+03
60	81	70	2.247593e+04
60	81	71	2.582566e+05
60	81	72	7.335872e+04
60	82	70	5.880485e+04
60	82	71	6.756890e+05
60	82	72	1.919319e+05
60	84	62	2.351674e+02
60	84	63	1.501197e+04
60	84	64	2.434839e+04
60	85	62	3.582814e+03
60	85	63	2.287099e+05
60	85	64	3.709517e+05
60	86	62	1.212077e+03
60	86	63	7.737328e+04
60	86	64	1.254941e+05
61	44	78	2.783497e+00
61	44	79	2.725156e+01
61	44	80	8.655526e+01
61	45	78	1.625408e+04
61	45	79	1.591340e+05
61	45	80	5.054347e+05
61	46	78	1.712460e+04
61	46	79	1.676567e+05
61	46	80	5.325043e+05
61	58	57	7.819843e+03
61	58	58	-5.857242e+01
61	58	59	1.087901e+05
61	58	61	1.669672e+00
61	58	62	1.669961e+02
61	58	63	2.464708e+02
61	59	57	-5.090135e+03
61	59	58	1.668286e+03
61	59	59	-5.716534e+04
61	59	60	4.704993e+04
61	59	61	1.591097e+01
61	59	62	1.591372e+03
61	59	63	2.348717e+03
61	60	57	9.758969e+04
61	60	58	2.722486e+04
61	60	59	1.591741e+06
61	60	60	8.068654e+05
61	60	61	5.123915e+01
61	60	62	5.124801e+03
61	60	63	7.563732e+03
61	61	58	1.009724e+04
61	61	59	8.454167e+04
61	61	60	2.914281e+05
61	62	58	5.773348e-01
61	62	59	1.508128e+02
61	62	60	1.923922e+02
61	63	58	1.469135e+02
61	63	59	3.837710e+04
61	63	60	4.895776e+04
61	64	58	1.138996e+02
61	64	59	2.975313e+04
61	64	60	3.795614e+04
61	65	69	2.384909e+01
61	65	70	2.187777e+02
61	65	71	7.185634e+02
61	66	58	3.520563e+03
61	66	59	3.972797e+04
61	66	60	1.114817e+04
61	66	69	2.993528e+01
61	66	70	2.746088e+02
61	66	71	9.019376e+02
61	66	75	9.128110e+00
61	66	76	1.727429e+03
61	66	77	1.285075e+03
61	67	58	7.217894e+04
61	67	59	8.145067e+05
61	67	60	2.285608e+05
61	67	69	3.936638e+02
61	67	70	3.611243e+03
61	67	71	1.186093e+04
61	67	75	3.443289e+01
61	67	76	6.516175e+03
61	67	77	4.847535e+03
61	68	58	2.855357e+04
61	68	59	3.222375e+05
61	68	60	9.055875e+04
61	68	61	2.379613e+01
61	68	75	1.933475e+02
61	68	76	3.658961e+04
61	68	77	2.721987e+04
61	69	59	1.574355e+03
61	69	60	9.539355e+03
61	69	61	1.605532e+03
61	70	59	2.521218e+03
61	70	60	1.527661e+04
61	70	61	2.571147e+03
61	70	63	6.799653e-01
61	70	64	1.674858e+04
61	70	65	1.718024e+04
61	71	63	1.321561e+01
61	71	64	3.255207e+05
61	71	65	3.343229e+05
61	71	66	1.889260e+04
61	71	67	1.025204e+04
61	72	48	4.215539e+03
61	72	49	2.835656e+04
61	72	50	5.276285e+03
61	72	63	5.092377e+00
61	72	64	1.254330e+05
61	72	65	1.285733e+05
61	72	66	-2.740315e+03
61	72	67	5.447828e+04
61	72	68	3.000882e+04
61	73	48	7.688298e+03
61	73	49	5.171667e+04
61	73	50	9.622886e+03
61	73	65	5.546991e+03
61	73	66	3.034438e+05
61	73	67	1.674304e+05
61	73	68	6.615827e+05
61	73	69	-1.038495e+01
61	74	48	7.423168e+04
61	74	49	4.993323e+05
61	74	50	9.291042e+04
61	74	66	6.493620e+04
61	74	67	8.612502e+05
61	74	68	1.010735e+06
61	74	69	-1.714704e+05
61	75	67	-9.097184e+03
61	75	68	2.278323e+04
61	75	69	-1.680750e+05
61	75	71	3.210958e+03
61	75	72	-6.281621e+03
61	75	73	2.931651e+04
61	76	65	2.483970e+00
61	76	66	1.195272e+03
61	76	67	5.876813e+04
61	76	68	6.947174e+05
61	76	69	2.033664e+05
61	76	71	1.226073e+03
61	76	72	-2.398576e+03
61	76	73	1.119422e+04
61	77	58	1.819164e+03
61	77	59	1.615358e+04
61	77	60	3.807348e+03
61	77	65	3.231860e+02
61	77	66	1.555152e+05
61	77	67	1.535001e+05
61	77	68	2.906212e+05
61	77	69	8.507428e+04
61	77	71	4.732231e+04
61	77	72	-9.257698e+04
61	77	73	4.320594e+05
61	78	58	7.820424e+04
61	78	59	6.944277e+05
61	78	60	1.636745e+05
61	78	65	4.552067e+02
61	78	66	2.190428e+05
61	78	67	1.821630e+05
61	79	58	4.159154e+04
61	79	59	3.693191e+05
61	79	60	8.704737e+04
61	79	67	2.672417e+03
61	79	68	2.003543e+03
61	79	69	4.141011e+04
61	80	67	3.396006e+04
61	80	68	2.546026e+04
61	80	69	5.262240e+05
61	80	70	8.363370e+02
61	80	71	9.609815e+03
61	80	72	2.729703e+03
61	81	67	1.030079e+04
61	81	68	7.722624e+03
61	81	69	1.596146e+05
61	81	70	1.234416e+04
61	81	71	1.418388e+05
61	81	72	4.028983e+04
61	82	70	3.229660e+04
61	82	71	3.710997e+05
61	82	72	1.054122e+05
61	84	62	3.317893e+02
61	84	63	2.117986e+04
61	84	64	3.435228e+04
61	85	62	5.054865e+03
61	85	63	3.226787e+05
61	85	64	5.233626e+05
61	86	62	1.710077e+03
61	86	63	1.091632e+05
61	86	64	1.770552e+05
62	44	78	1.176476e+00
62	44	79	1.151818e+01
62	44	80	3.658357e+01
62	45	78	6.869970e+03
62	45	79	6.725979e+04
62	45	80	2.136277e+05
62	46	78	7.237905e+03
62	46	79	7.086203e+04
62	46	80	2.250690e+05
62	58	57	2.204958e+03
62	58	58	-1.651564e+01
62	58	59	3.067551e+04
62	58	61	7.076526e+01
62	58	62	7.077748e+03
62	58	63	1.044610e+04
62	59	57	-1.435264e+03
62	59	58	4.020408e+02
62	59	59	-1.669129e+04
62	59	60	1.129348e+04
62	59	61	6.743500e+02
62	59	62	6.744665e+04
62	59	63	9.954502e+04
62	59	83	1.548465e+02
62	59	84	-7.129367e+01
62	59	85	1.999690e+03
62	60	57	2.751733e+04
62	60	58	6.504178e+03
62	60	59	4.390063e+05
62	60	60	1.936734e+05
62	60	61	2.171655e+03
62	60	62	2.172030e+05
62	60	63	3.205715e+05
62	60	83	1.828015e+03
62	60	84	-8.416458e+02
62	60	85	2.360701e+04
62	61	58	2.423659e+03
62	61	59	2.029269e+04
62	61	60	6.995203e+04
62	61	83	5.286854e+02
62	61	84	-2.434148e+02
62	61	85	6.827452e+03
62	62	58	-3.176567e-01
62	62	59	-8.297905e+01
62	62	60	-1.058566e+02
62	63	58	-8.083363e+01
62	63	59	-2.111555e+04
62	63	60	-2.693716e+04
62	64	58	-6.266897e+01
62	64	59	-1.637054e+04
62	64	60	-2.088394e+04
62	65	69	9.473211e+02
62	65	70	8.690174e+03
62	65	71	2.854240e+04
62	66	69	1.189073e+03
62	66	70	1.090787e+04
62	66	71	3.582629e+04
62	66	75	1.669312e+02
62	66	76	3.159052e+04
62	66	77	2.350093e+04
62	67	69	1.563690e+04
62	67	70	1.434439e+05
62	67	71	4.711335e+05
62	67	75	6.296949e+02
62	67	76	1.191652e+05
62	67	77	8.864977e+04
62	68	59	9.304120e+02
62	68	60	5.637567e+03
62	68	61	9.488372e+02
62	68	75	3.535862e+03
62	68	76	6.691362e+05
62	68	77	4.977860e+05
62	69	59	6.277519e+04
62	69	60	3.803684e+05
62	69	61	6.401834e+04
62	70	59	1.005300e+05
62	70	60	6.091332e+05
62	70	61	1.025209e+05
62	72	48	6.882296e+03
62	72	49	4.629496e+04
62	72	50	8.614071e+03
62	72	65	5.042322e-01
62	72	66	4.410582e+03
62	72	67	1.633936e+04
62	72	68	6.850272e+03
62	73	48	1.255193e+04
62	73	49	8.443272e+04
62	73	50	1.571034e+04
62	73	65	2.220140e+00
62	73	66	4.780879e+04
62	73	67	1.720781e+04
62	73	68	3.965214e+05
62	73	69	5.949637e+01
62	74	48	1.211908e+05
62	74	49	8.152107e+05
62	74	50	1.516857e+05
62	74	65	1.123752e+01
62	74	66	1.215193e+05
62	74	67	3.368778e+05
62	74	68	4.844522e+05
62	74	69	9.823701e+05
62	75	67	6.751276e+04
62	75	68	5.458308e+04
62	75	69	1.017105e+06
62	75	71	1.189815e+04
62	75	72	-2.327643e+04
62	75	73	1.086318e+05
62	76	66	2.702854e-01
62	76	67	2.456023e+04
62	76	68	2.947435e+05
62	76	69	8.625988e+04
62	76	71	4.543192e+03
62	76	72	-8.887881e+03
62	76	73	4.148000e+04
62	77	66	5.540315e+00
62	77	67	1.137391e+04
62	77	68	1.247490e+05
62	77	69	3.608511e+04
62	77	71	1.753520e+05
62	77	72	-3.430423e+05
62	77	73	1.600988e+06
62	78	66	2.191506e+00
62	78	67	5.864669e+02
62	78	68	4.459561e+02
62	78	69	1.668434e+03
62	79	67	9.128594e+03
62	79	68	-1.906104e+03
62	79	69	1.222811e+05
62	80	67	5.412027e+04
62	80	68	3.621305e+04
62	80	69	8.290586e+05
62	81	67	1.564946e+04
62	81	68	1.173259e+04
62	81	69	2.424943e+05
63	58	61	1.274451e+02
63	58	62	1.274671e+04
63	58	63	1.881297e+04
63	59	61	1.214474e+03
63	59	62	1.214684e+05
63	59	63	1.792762e+05
63	59	83	6.088902e+03
63	59	84	-2.803422e+03
63	59	85	7.863217e+04
63	60	61	3.911054e+03
63	60	62	3.911730e+05
63	60	63	5.773351e+05
63	60	83	7.188153e+04
63	60	84	-3.309534e+04
63	60	85	9.282791e+05
63	61	83	2.078906e+04
63	61	84	-9.571598e+03
63	61	85	2.684703e+05
63	62	58	7.338218e+00
63	62	59	1.916907e+03
63	62	60	2.445403e+03
63	63	58	1.867345e+03
63	63	59	4.877924e+05
63	63	60	6.222780e+05
63	64	58	1.447722e+03
63	64	59	3.781773e+05
63	64	60	4.824418e+05
63	65	69	1.737791e+03
63	65	70	1.594149e+04
63	65	71	5.235894e+04
63	66	69	2.181268e+03
63	66	70	2.000969e+04
63	66	71	6.572071e+04
63	66	75	6.236511e+01
63	66	76	1.180215e+04
63	66	77	8.779892e+03
63	67	69	2.868476e+04
63	67	70	2.631373e+05
63	67	71	8.642601e+05
63	67	75	2.352525e+02
63	67	76	4.451984e+04
63	67	77	3.311935e+04
63	68	59	4.826045e+02
63	68	60	2.924204e+03
63	68	61	4.921616e+02
63	68	75	1.320990e+03
63	68	76	2.499877e+05
63	68	77	1.859717e+05
63	69	59	3.256147e+04
63	69	60	1.972970e+05
63	69	61	3.320630e+04
63	70	59	5.214491e+04
63	70	60	3.159572e+05
63	70	61	5.317754e+04
63	72	65	-8.375544e-01
63	72	66	-6.748916e+03
63	72	67	-6.453988e+03
63	73	65	-3.687762e+00
63	73	66	-2.971556e+04
63	73	67	-2.841699e+04
63	74	65	-1.866607e+01
63	74	66	-1.504055e+05
63	74	67	-1.404713e+05
63	74	68	3.828070e+03
63	75	66	-3.764949e+00
63	75	67	-3.562262e+03
63	75	68	-4.052586e+03
63	76	66	1.228378e+02
63	76	67	5.533717e+04
63	76	68	6.594031e+04
63	77	66	1.678531e+03
63	77	67	3.400915e+05
63	77	68	4.481164e+05
63	78	60	2.591143e-02
63	78	61	1.991951e+02
63	78	62	2.084657e+02
63	78	66	6.639532e+02
63	78	67	1.368036e+05
63	78	68	1.750302e+05
63	78	69	2.668626e+04
63	79	60	8.645666e+00
63	79	61	6.646388e+04
63	79	62	6.955715e+04
63	79	67	8.107006e+04
63	79	68	-7.917395e+04
63	79	69	9.495917e+05
63	80	60	6.925318e+00
63	80	61	5.323863e+04
63	80	62	5.571639e+04
63	80	67	4.041089e+04
63	80	68	-3.946573e+04
63	80	69	4.733417e+05
63	83	64	1.474126e+01
63	83	65	1.490453e+02
63	83	66	4.657394e+02
63	84	64	3.411544e+02
63	84	65	3.449328e+03
63	84	66	1.077852e+04
63	85	64	1.428546e+02
63	85	65	1.444368e+03
63	85	66	4.513387e+03
64	59	83	3.143381e+03
64	59	84	-1.447260e+03
64	59	85	4.059366e+04
64	60	83	3.710866e+04
64	60	84	-1.708539e+04
64	60	85	4.792218e+05
64	61	83	1.073230e+04
64	61	84	-4.941314e+03
64	61	85	1.385971e+05
64	72	65	5.025921e+00
64	72	66	4.049828e+04
64	72	67	3.872851e+04
64	73	65	2.212919e+01
64	73	66	1.783144e+05
64	73	67	1.705221e+05
64	74	65	1.120097e+02
64	74	66	9.026232e+05
64	74	67	9.219115e+05
64	74	68	6.688479e+04
64	75	66	-6.578193e+01
64	75	67	-6.224053e+04
64	75	68	-7.080758e+04
64	76	66	7.803602e+02
64	76	67	6.901163e+05
64	76	68	7.874724e+05
64	77	66	1.329671e+03
64	77	67	2.694080e+05
64	77	68	3.549813e+05
64	78	60	1.621909e-01
64	78	61	1.246849e+03
64	78	62	1.304878e+03
64	78	66	5.259593e+02
64	78	67	1.073582e+05
64	78	68	1.396414e+05
64	78	69	9.279142e+03
64	79	60	5.411699e+01
64	79	61	4.160263e+05
64	79	62	4.353885e+05
64	79	67	2.818906e+04
64	79	68	-2.752976e+04
64	79	69	3.301847e+05
64	80	60	4.334858e+01
64	80	61	3.332438e+05
64	80	62	3.487532e+05
64	80	67	1.405136e+04
64	80	68	-1.372272e+04
64	80	69	1.645867e+05
64	83	64	8.838106e+02
64	83	65	8.935992e+03
64	83	66	2.792335e+04
64	84	64	2.045387e+04
64	84	65	2.068040e+05
64	84	66	6.462249e+05
64	85	64	8.564830e+03
64	85	65	8.659690e+04
64	85	66	2.705995e+05
65	74	66	2.266727e+01
65	74	67	2.144697e+04
65	74	68	2.439902e+04
65	75	66	-2.399670e+01
65	75	67	-2.270483e+04
65	75	68	-2.583002e+04
65	76	66	2.610055e+02
65	76	67	2.469542e+05
65	76	68	2.809460e+05
65	78	60	2.818405e-02
65	78	61	2.166659e+02
65	78	62	2.267497e+02
65	79	60	9.403953e+00
65	79	61	7.229324e+04
65	79	62	7.565781e+04
65	80	60	7.532717e+00
65	80	61	5.790804e+04
65	80	62	6.060312e+04
65	83	64	5.191465e+02
65	83	65	5.248962e+03
65	83	66	1.640205e+04
65	84	64	1.201451e+04
65	84	65	1.214758e+05
65	84	66	3.795897e+05
65	85	64	5.030944e+03
65	85	65	5.086664e+04
65	85	66	1.589490e+05
66	66	76	1.990519e-01
66	66	77	4.871752e+01
66	66	78	6.264320e+01
66	67	76	1.614799e+00
66	67	77	3.952186e+02
66	67	78	5.081900e+02
66	68	76	3.539769e-01
66	68	77	8.663507e+01
66	68	78	1.113993e+02
66	69	78	1.329561e+00
66	69	79	3.524813e+02
66	69	80	2.747068e+02
66	70	78	1.552161e+01
66	70	79	4.114951e+03
66	70	80	3.206993e+03
66	71	78	4.455957e+00
66	71	79	1.181324e+03
66	71	80	9.206664e+02
66	74	56	4.395240e-01
66	74	57	1.301853e+01
66	74	58	6.054081e+00
66	75	56	2.665652e+03
66	75	57	7.895557e+04
66	75	58	3.671716e+04
66	76	56	2.805678e+03
66	76	57	8.310309e+04
66	76	58	3.864591e+04
67	46	86	3.069317e-02
67	46	87	1.923993e-01
67	46	88	7.810226e-01
67	47	85	3.023227e+02
67	47	86	2.386803e+03
67	47	87	9.429720e+02
67	47	88	1.867891e+03
67	48	85	4.971101e+03
67	48	86	3.811889e+04
67	48	87	8.438345e+03
67	48	88	2.026234e+03
67	49	85	1.755083e+03
67	49	86	1.343003e+04
67	49	87	2.802990e+03
67	66	76	1.558393e+02
67	66	77	3.814132e+04
67	66	78	4.904384e+04
67	67	76	1.264239e+03
67	67	77	3.094197e+05
67	67	78	3.978658e+05
67	68	76	2.771312e+02
67	68	77	6.782726e+04
67	68	78	8.721537e+04
67	69	78	1.057201e+02
67	69	79	2.802759e+04
67	69	80	2.184334e+04
67	70	78	1.234202e+03
67	70	79	3.272008e+05
67	70	80	2.550044e+05
67	71	78	3.543159e+02
67	71	79	9.393309e+04
67	71	80	7.320689e+04
67	72	60	2.166178e-03
67	72	61	2.474805e+02
67	72	62	2.445669e+02
67	73	60	3.601330e-02
67	73	61	4.114430e+03
67	73	62	4.065990e+03
67	74	56	-8.308883e-01
67	74	57	-2.461059e+01
67	74	58	-1.144480e+01
67	74	60	8.956158e-02
67	74	61	1.023219e+04
67	74	62	1.011172e+04
67	75	56	-5.039222e+03
67	75	57	-1.492598e+05
67	75	58	-6.941114e+04
67	76	56	-5.303931e+03
67	76	57	-1.571004e+05
67	76	58	-7.305730e+04
67	77	52	3.119778e-01
67	77	53	-4.725738e-01
67	77	54	3.232101e+00
67	78	52	1.861473e+03
67	78	53	-2.819699e+03
67	78	54	1.928493e+04
67	79	52	1.767239e+03
67	79	53	-2.676956e+03
67	79	54	1.830866e+04
68	46	86	7.094310e+00
68	46	87	4.447049e+01
68	46	88	1.805228e+02
68	47	85	1.413797e+03
68	47	86	2.778521e+04
68	47	87	1.086134e+05
68	47	88	4.317377e+05
68	48	85	2.324710e+04
68	48	86	1.962937e+05
68	48	87	1.524986e+05
68	48	88	4.683366e+05
68	49	85	8.207556e+03
68	49	86	6.280487e+04
68	49	87	1.310804e+04
68	66	76	1.795536e+02
68	66	77	4.394534e+04
68	66	78	5.650691e+04
68	67	76	1.456620e+03
68	67	77	3.565045e+05
68	67	78	4.584096e+05
68	68	76	3.193027e+02
68	68	77	7.814863e+04
68	68	78	1.004871e+05
68	69	78	1.633368e+02
68	69	79	4.330241e+04
68	69	80	3.374779e+04
68	70	78	1.906833e+03
68	70	79	5.055227e+05
68	70	80	3.939798e+05
68	71	78	5.474154e+02
68	71	79	1.451259e+05
68	71	80	1.131041e+05
68	72	60	9.786596e-02
68	72	61	1.118094e+04
68	72	62	1.104931e+04
68	73	60	1.627048e+00
68	73	61	1.858862e+05
68	73	62	1.836977e+05
68	74	56	4.097691e+00
68	74	57	1.213720e+02
68	74	58	5.644233e+01
68	74	60	4.046311e+00
68	74	61	4.622809e+05
68	74	62	4.568385e+05
68	75	56	2.485193e+04
68	75	57	7.361045e+05
68	75	58	3.423149e+05
68	76	56	2.615740e+04
68	76	57	7.747719e+05
68	76	58	3.602966e+05
68	77	52	4.978446e+00
68	77	53	-7.541189e+00
68	77	54	5.157689e+01
68	77	60	3.972029e+02
68	77	61	3.980118e+02
68	77	62	6.356864e+03
68	78	52	2.970482e+04
68	78	53	-4.499590e+04
68	78	54	3.077430e+05
68	78	60	8.152888e+03
68	78	61	8.169492e+03
68	78	62	1.304794e+05
68	79	52	2.820105e+04
68	79	53	-4.271804e+04
68	79	54	2.921640e+05
68	79	60	3.227040e+03
68	79	61	3.233612e+03
68	79	62	5.164578e+04
69	46	86	5.430554e+00
69	46	87	3.404128e+01
69	46	88	1.381866e+02
69	47	85	6.880566e+03
69	47	86	6.563833e+04
69	47	87	9.240175e+04
69	47	88	3.304867e+05
69	48	85	1.131374e+05
69	48	86	8.798247e+05
69	48	87	2.690027e+05
69	48	88	3.585024e+05
69	49	85	3.994395e+04
69	49	86	3.056543e+05
69	49	87	6.379328e+04
69	50	81	4.069220e-01
69	50	82	9.218556e+00
69	50	83	3.822749e+00
69	51	81	1.751138e+02
69	51	82	3.967091e+03
69	51	83	1.645072e+03
69	52	81	2.118454e+02
69	52	82	4.799222e+03
69	52	83	1.990141e+03
69	72	60	5.288643e-02
69	72	61	6.042143e+03
69	72	62	5.971009e+03
69	73	60	8.792511e-01
69	73	61	1.004523e+05
69	73	62	9.926963e+04
69	74	60	2.186612e+00
69	74	61	2.498150e+05
69	74	62	2.468740e+05
69	77	52	1.259575e+01
69	77	53	-1.907963e+01
69	77	54	1.304924e+02
69	77	60	2.869808e+03
69	77	61	2.875652e+03
69	77	62	4.592861e+04
69	78	52	7.515487e+04
69	78	53	-1.138422e+05
69	78	54	7.786072e+05
69	78	60	5.890496e+04
69	78	61	5.902492e+04
69	78	62	9.427193e+05
69	79	52	7.135026e+04
69	79	53	-1.080791e+05
69	79	54	7.391913e+05
69	79	60	2.331550e+04
69	79	61	2.336298e+04
69	79	62	3.731429e+05
70	50	81	2.446171e+01
70	50	82	5.541644e+02
70	50	83	2.298008e+02
70	51	81	1.053914e+04
70	51	82	2.449085e+05
70	51	83	1.065394e+05
70	52	81	1.283100e+04
70	52	82	3.385706e+05
70	52	83	1.791788e+05
70	53	81	2.036000e+01
70	53	82	1.060550e+04
70	53	83	1.261209e+04
70	77	60	5.697455e+02
70	77	61	5.709058e+02
70	77	62	9.118249e+03
70	78	60	1.169446e+04
70	78	61	1.171827e+04
70	78	62	1.871589e+05
70	79	60	4.628847e+03
70	79	61	4.638274e+03
70	79	62	7.408040e+04
71	50	81	4.024122e+01
71	50	82	9.116390e+02
71	50	83	3.780383e+02
71	51	81	1.731344e+04
71	51	82	3.902999e+05
71	51	83	1.602907e+05
71	52	81	2.091968e+04
71	52	82	4.589334e+05
71	52	83	1.781736e+05
71	53	81	-6.371929e+00
71	53	82	-3.319129e+03
71	53	83	-3.947117e+03
72	51	81	1.635040e+02
72	51	82	8.516904e+04
72	51	83	1.012832e+05
72	52	81	1.273038e+03
72	52	82	6.631238e+05
72	52	83	7.885884e+05
72	53	81	2.696460e+02
72	53	82	1.404583e+05
72	53	83	1.670333e+05
73	10	99	1.073818e+00
73	10	100	7.814711e+02
73	10	101	6.728764e+02
73	11	99	6.737393e+01
73	11	100	4.903137e+04
73	11	101	4.221788e+04
73	12	99	1.097175e+02
73	12	100	7.984687e+04
73	12	101	6.875119e+04
74	10	99	-2.016176e+00
74	10	100	-1.467272e+03
74	10	101	-1.263377e+03
74	11	99	-1.264997e+02
74	11	100	-9.206016e+04
74	11	101	-7.926730e+04
74	12	99	-2.060029e+02
74	12	100	-1.499186e+05
74	12	101	-1.290856e+05
74	78	78	1.602799e+01
74	78	79	-7.188314e+00
74	78	80	2.074166e+02
74	79	78	7.361759e+02
74	79	79	-3.301640e+02
74	79	80	9.526779e+03
74	80	78	3.999059e+02
74	80	79	-1.793519e+02
74	80	80	5.175142e+03
75	10	99	1.005116e+01
75	10	100	7.314728e+03
75	10	101	6.298259e+03
75	11	99	6.306337e+02
75	11	100	4.589436e+05
75	11	101	3.951679e+05
75	12	99	1.026978e+03
75	12	100	7.479687e+05
75	12	101	6.442898e+05
75	12	102	9.727589e+03
75	13	100	9.373999e+03
75	13	101	1.223642e+04
75	13	102	1.556562e+05
75	14	100	3.260217e+03
75	14	101	4.255750e+03
75	14	102	5.413623e+04
75	29	110	4.673734e+00
75	29	111	4.391590e+02
75	29	112	6.479011e+02
75	30	110	3.267964e+02
75	30	111	5.316759e+04
75	30	112	7.166354e+04
75	31	110	5.051341e+02
75	31	111	7.426868e+04
75	31	112	1.014840e+05
75	43	94	2.039538e-01
75	43	95	1.017931e+02
75	43	96	8.494038e+01
75	44	94	6.818008e+01
75	44	95	3.402862e+04
75	44	96	2.839488e+04
75	45	94	5.462490e+01
75	45	95	2.726324e+04
75	45	96	2.274957e+04
75	78	78	7.637745e+02
75	78	79	-3.425416e+02
75	78	80	9.883929e+03
75	79	78	3.508067e+04
75	79	79	-1.573316e+04
75	79	80	4.539754e+05
75	80	78	1.905654e+04
75	80	79	-8.546575e+03
75	80	80	2.466087e+05
76	12	100	3.599822e+03
76	12	101	4.699056e+03
76	12	102	5.977540e+04
76	13	100	5.760261e+04
76	13	101	7.519203e+04
76	13	102	9.564972e+05
76	14	100	2.003382e+04
76	14	101	2.615131e+04
76	14	102	3.326636e+05
76	29	110	2.470949e+01
76	29	111	1.187840e+03
76	29	112	2.094527e+03
76	30	110	4.915132e+02
76	30	111	-3.405512e+04
76	30	112	-2.603628e+04
76	31	110	1.195279e+03
76	31	111	-1.137945e+04
76	31	112	2.052606e+04
76	43	94	2.674244e+00
76	43	95	1.334713e+03
76	43	96	1.113739e+03
76	44	94	8.939780e+02
76	44	95	4.461836e+05
76	44	96	3.723140e+05
76	45	94	7.162423e+02
76	45	95	3.574759e+05
76	45	96	2.982926e+05
76	78	78	1.332259e+03
76	78	79	-5.974984e+02
76	78	80	1.724063e+04
76	79	78	6.119153e+04
76	79	79	-2.744350e+04
76	79	80	7.918735e+05
76	80	78	3.324050e+04
76	80	79	-1.490787e+04
76	80	80	4.301619e+05
77	12	100	6.143473e+02
77	12	101	8.019432e+02
77	12	102	1.020130e+04
77	13	100	9.830490e+03
77	13	101	1.283231e+04
77	13	102	1.632363e+05
77	14	100	3.418982e+03
77	14	101	4.462995e+03
77	14	102	5.677253e+04
77	29	110	1.087666e+02
77	29	111	8.014779e+03
77	29	112	1.248966e+04
77	30	110	5.200978e+03
77	30	111	6.244173e+05
77	30	112	8.802748e+05
77	31	110	8.886263e+03
77	31	111	9.426200e+05
77	31	112	1.358197e+06
77	43	94	8.272574e-01
77	43	95	4.128834e+02
77	43	96	3.445269e+02
77	44	94	2.765454e+02
77	44	95	1.380236e+05
77	44	96	1.151726e+05
77	45	94	2.215642e+02
77	45	95	1.105825e+05
77	45	96	9.227459e+04
78	18	106	1.157897e+00
78	18	107	3.750591e+01
78	18	108	7.316482e+01
78	19	106	2.035655e+01
78	19	107	6.593775e+02
78	19	108	1.286284e+03
78	20	106	4.947343e+01
78	20	107	1.602514e+03
78	20	108	3.126112e+03
79	18	106	1.989639e+02
79	18	107	6.444722e+03
79	18	108	1.257207e+04
79	19	106	3.497911e+03
79	19	107	1.133023e+05
79	19	108	2.210249e+05
79	20	106	8.501127e+03
79	20	107	2.753635e+05
79	20	108	5.371665e+05
80	18	106	1.458284e+02
80	18	107	4.723589e+03
80	18	108	9.214561e+03
80	19	106	2.563756e+03
80	19	107	8.304367e+04
80	19	108	1.619978e+05
80	20	106	6.230809e+03
80	20	107	2.018247e+05
80	20	108	3.937104e+05
81	2	86	3.321134e+01
81	2	87	4.088773e+02
81	2	88	1.215361e+02
81	3	86	4.596646e+02
81	3	87	5.659103e+03
81	3	88	1.682131e+03
81	4	86	1.469826e+02
81	4	87	1.809558e+03
81	4	88	5.378791e+02
82	2	86	2.420918e+03
82	2	87	2.980483e+04
82	2	88	8.859288e+03
82	3	86	3.350694e+04
82	3	87	4.125165e+05
82	3	88	1.226178e+05
82	4	86	1.071420e+04
82	4	87	1.319065e+05
82	4	88	3.920833e+04
83	2	86	3.810711e+03
83	2	87	4.691509e+04
83	2	88	1.394520e+04
83	3	86	5.274249e+04
83	3	87	6.493326e+05
83	3	88	1.930098e+05
83	4	86	1.686497e+04
83	4	87	2.076310e+05
83	4	88	6.171692e+04
83	92	40	6.514139e+02
83	92	41	5.436956e+03
83	92	42	1.219857e+03
83	93	40	5.572337e+03
83	93	41	4.650891e+04
83	93	42	1.043493e+04
83	94	40	1.275221e+03
83	94	41	1.064349e+04
83	94	42	2.388017e+03
84	92	40	1.117301e+04
84	92	41	9.325430e+04
84	92	42	2.092291e+04
84	93	40	9.557634e+04
84	93	41	7.977177e+05
84	93	42	1.789791e+05
84	94	40	2.187250e+04
84	94	41	1.825565e+05
84	94	42	4.095910e+04
85	92	40	4.035881e+03
85	92	41	3.368505e+04
85	92	42	7.557711e+03
85	93	40	3.452381e+04
85	93	41	2.881493e+05
85	93	42	6.465032e+04
85	94	40	7.900721e+03
85	94	41	6.594252e+04
85	94	42	1.479513e+04
95	8	97	5.302463e+01
95	8	98	3.484959e+03
95	8	99	5.614419e+03
95	9	97	3.240629e+02
95	9	98	2.129852e+04
95	9	99	3.431283e+04
95	10	97	5.500849e+01
95	10	98	3.615345e+03
95	10	99	5.824477e+03
96	8	97	1.015089e+03
96	8	98	6.671511e+04
96	8	99	1.074809e+05
96	9	97	6.203772e+03
96	9	98	4.077330e+05
96	9	99	6.568755e+05
96	10	97	1.053067e+03
96	10	98	6.921118e+04
96	10	99	1.115022e+05
97	8	97	3.881869e+02
97	8	98	2.551296e+04
97	8	99	4.110248e+04
97	9	97	2.372425e+03
97	9	98	1.559239e+05
97	9	99	2.512001e+05
97	10	97	4.027104e+02
97	10	98	2.646750e+04
97	10	99	4.264029e+04
117	0	107	3.009964e+00
117	0	108	6.289613e+01
117	0	109	1.428209e+02
117	1	107	2.622106e+02
117	1	108	5.479146e+03
117	1	109	1.244173e+04
117	2	107	1.689878e+02
117	2	108	3.531165e+03
117	2	109	8.018366e+03
118	0	107	1.314723e+02
118	0	108	2.747242e+03
118	0	109	6.238279e+03
118	1	107	1.145311e+04
118	1	108	2.393238e+05
118	1	109	5.434427e+05
118	2	107	7.381224e+03
118	2	108	1.542379e+05
118	2	109	3.502345e+05
119	0	107	7.028329e+01
119	0	108	1.468638e+03
119	0	109	3.334898e+03
119	1	107	6.122672e+03
119	1	108	1.279392e+05
119	1	109	2.905170e+05
119	2	107	3.945901e+03
119	2	108	8.245343e+04
119	2	109	1.872305e+05
121	9	99	1.748425e+01
121	9	100	1.107254e+02
121	9	101	1.945945e+01
121	10	99	5.804318e+03
121	10	100	3.675798e+04
121	10	101	6.460035e+03
121	11	99	4.646700e+03
121	11	100	2.942693e+04
121	11	101	5.171640e+03
122	9	99	2.865825e+02
122	9	100	1.814889e+03
122	9	101	3.189578e+02
122	10	99	9.513796e+04
122	10	100	6.024961e+05
122	10	101	1.058857e+05
122	11	99	7.616357e+04
122	11	100	4.823338e+05
122	11	101	8.476781e+04
123	9	99	1.010040e+02
123	9	100	6.396449e+02
123	9	101	1.124145e+02
123	10	99	3.353071e+04
123	10	100	2.123456e+05
123	10	101	3.731870e+04
123	11	99	2.684332e+04
123	11	100	1.699952e+05
123	11	101	2.987582e+04
