0.0687	-2.489016e+00	2
56	54	54	2.561642e-07
56	54	55	6.017432e-02
56	54	56	5.967949e-02
56	55	54	6.017432e-02
56	55	55	1.413526e+04
56	55	56	1.401903e+04
56	56	54	5.967949e-02
56	56	55	1.401903e+04
56	56	56	1.390374e+04
57	54	54	6.355738e-06
57	54	55	1.492996e+00
57	54	56	1.480719e+00
57	55	54	1.492996e+00
57	55	55	3.507127e+05
57	55	56	3.478287e+05
57	56	54	1.480719e+00
57	56	55	3.478287e+05
57	56	56	3.449684e+05
58	54	54	2.745225e-06
58	54	55	6.448678e-01
58	54	56	6.395649e-01
58	55	54	6.448678e-01
58	55	55	1.514828e+05
58	55	56	1.502372e+05
58	56	54	6.395649e-01
58	56	55	1.502372e+05
58	56	56	1.490017e+05
68	70	70	2.561642e-07
68	70	71	5.967872e-02
68	70	72	6.017509e-02
68	71	70	5.967872e-02
68	71	71	1.390339e+04
68	71	72	1.401902e+04
68	72	70	6.017509e-02
68	72	71	1.401902e+04
68	72	72	1.413562e+04
69	70	70	1.976732e-06
69	70	71	4.605205e-01
69	70	72	4.643508e-01
69	71	70	4.605205e-01
69	71	71	1.072877e+05
69	71	72	1.081801e+05
69	72	70	4.643508e-01
69	72	71	1.081801e+05
69	72	72	1.090798e+05
70	70	70	7.124231e-06
70	70	71	1.659736e+00
70	70	72	1.673541e+00
70	71	70	1.659736e+00
70	71	71	3.866696e+05
70	71	72	3.898857e+05
70	72	70	1.673541e+00
70	72	71	3.898857e+05
70	72	72	3.931285e+05
