0.2838	-3.789791e+00	2
56	54	62	7.826625e-22
56	54	63	1.312640e+02
56	54	64	1.312640e+02
56	55	62	6.833883e-21
56	55	63	1.146143e+03
56	55	64	1.146143e+03
56	56	62	2.303543e-20
56	56	63	3.863381e+03
56	56	64	3.863381e+03
57	54	62	6.077599e-20
57	54	63	1.019303e+04
57	54	64	1.019303e+04
57	55	62	5.306707e-19
57	55	63	8.900127e+04
57	55	64	8.900127e+04
57	56	62	1.788768e-18
57	56	63	3.000026e+05
57	56	64	3.000026e+05
58	54	62	9.437004e-20
58	54	63	1.582724e+04
58	54	64	1.582724e+04
58	55	62	8.239999e-19
58	55	63	1.381969e+05
58	55	64	1.381969e+05
58	56	62	2.777513e-18
58	56	63	4.658297e+05
58	56	64	4.658297e+05
68	70	62	7.293700e-22
68	70	63	1.312640e+02
68	70	64	1.312640e+02
68	71	62	1.927881e-20
68	71	63	3.469589e+03
68	71	64	3.469589e+03
68	72	62	8.556665e-21
68	72	63	1.539935e+03
68	72	64	1.539935e+03
69	70	62	8.575615e-20
69	70	63	1.543345e+04
69	70	64	1.543345e+04
69	71	62	2.266719e-18
69	71	63	4.079392e+05
69	71	64	4.079392e+05
69	72	62	1.006055e-18
69	72	63	1.810588e+05
69	72	64	1.810588e+05
70	70	62	5.882579e-20
70	70	63	1.058682e+04
70	70	64	1.058682e+04
70	71	62	1.554892e-18
70	71	63	2.798323e+05
70	71	64	2.798323e+05
70	72	62	6.901197e-19
70	72	63	1.242002e+05
70	72	64	1.242002e+05
