0.0188	-4.494610e+06	763
31	66	68	4.006947e+01
31	66	69	-7.087758e+01
31	66	70	3.874473e+02
31	67	68	1.149797e+04
31	67	69	-2.033839e+04
31	67	70	1.111784e+05
31	68	68	1.450766e+04
31	68	69	-2.566213e+04
31	68	70	1.402802e+05
32	66	68	-7.155555e+01
32	66	69	1.265723e+02
32	66	70	-6.918985e+02
32	67	68	-2.053293e+04
32	67	69	3.632003e+04
32	67	70	-1.985409e+05
32	68	68	-2.590760e+04
32	68	69	4.582710e+04
32	68	70	-2.505106e+05
33	66	68	3.855431e+02
33	66	69	-6.819746e+02
33	66	70	3.727966e+03
33	67	68	1.106320e+05
33	67	69	-1.956932e+05
33	67	70	1.069743e+06
33	68	68	1.395908e+05
33	68	69	-2.469176e+05
33	68	70	1.349758e+06
35	71	66	7.002575e+01
35	71	67	-1.112423e+02
35	71	68	7.117078e+02
35	72	66	-9.991256e+01
35	72	67	1.587203e+02
35	72	68	-1.015463e+03
35	73	66	7.415935e+02
35	73	67	-1.178089e+03
35	73	68	7.537198e+03
36	71	66	1.210143e+04
36	71	67	-1.922424e+04
36	71	68	1.229931e+05
36	72	66	-1.726630e+04
36	72	67	2.742910e+04
36	72	68	-1.754863e+05
36	73	66	1.281578e+05
36	73	67	-2.035904e+05
36	73	68	1.302534e+06
37	71	66	8.877591e+03
37	71	67	-1.410287e+04
37	71	68	9.022754e+04
37	72	66	-1.266653e+04
37	72	67	2.012194e+04
37	72	68	-1.287364e+05
37	73	66	9.401633e+04
37	73	67	-1.493536e+05
37	73	68	9.555365e+05
39	68	62	5.522582e+01
39	68	63	3.477261e+02
39	68	64	6.077131e+01
39	69	62	2.338421e+03
39	69	63	1.472373e+04
39	69	64	2.573233e+03
39	70	62	1.237502e+03
39	70	63	7.791861e+03
39	70	64	1.361766e+03
40	68	62	1.104477e+03
40	68	63	6.954274e+03
40	68	64	1.215383e+03
40	69	62	4.676675e+04
40	69	63	2.944641e+05
40	69	64	5.146283e+04
40	70	62	2.474916e+04
40	70	63	1.558317e+05
40	70	64	2.723435e+04
41	68	62	2.550456e+03
41	68	63	1.605880e+04
41	68	64	2.806560e+03
41	69	62	1.079937e+05
41	69	63	6.799760e+05
41	69	64	1.188379e+05
41	70	62	5.715073e+04
41	70	63	3.598462e+05
41	70	64	6.288951e+04
41	76	44	2.430213e+02
41	76	45	-3.189547e+02
41	76	46	2.644986e+03
41	76	56	2.058081e+02
41	76	57	3.942756e+02
41	76	58	3.660159e+03
41	77	44	-5.395702e+01
41	77	45	7.081620e+01
41	77	46	-5.872555e+02
41	77	56	4.105682e+02
41	77	57	7.865437e+02
41	77	58	7.301683e+03
41	78	44	3.267391e+03
41	78	45	-4.288306e+03
41	78	46	3.556151e+04
41	78	56	3.691090e+03
41	78	57	7.071184e+03
41	78	58	6.564359e+04
42	75	68	9.579768e+02
42	75	69	6.272366e+03
42	75	70	1.137974e+03
42	76	44	3.752550e+03
42	76	45	-4.925056e+03
42	76	46	4.084187e+04
42	76	56	3.347433e+03
42	76	57	6.412826e+03
42	76	58	5.953188e+04
42	76	68	-1.539544e+03
42	76	69	-1.008018e+04
42	76	70	-1.828813e+03
42	77	44	-8.331634e+02
42	77	45	1.093490e+03
42	77	46	-9.067954e+03
42	77	56	6.677823e+03
42	77	57	1.279300e+04
42	77	58	1.187606e+05
42	77	68	9.688791e+03
42	77	69	6.343748e+04
42	77	70	1.150925e+04
42	78	44	5.045257e+04
42	78	45	-6.621677e+04
42	78	46	5.491139e+05
42	78	56	6.003496e+04
42	78	57	1.150116e+05
42	78	58	1.067682e+06
42	79	62	3.149055e+00
42	79	63	2.183890e+00
42	79	64	4.843532e+01
42	80	62	1.843453e+03
42	80	63	1.278446e+03
42	80	64	2.835397e+04
42	81	62	1.559950e+03
42	81	63	1.081835e+03
42	81	64	2.399345e+04
42	93	37	2.234439e-02
42	93	38	6.911782e+02
42	93	39	6.756143e+02
42	93	66	1.390607e+01
42	93	67	1.225905e+02
42	93	68	2.873094e+01
42	94	37	5.711267e-01
42	94	38	1.766664e+04
42	94	39	1.726883e+04
42	94	66	4.041177e+03
42	94	67	3.562542e+04
42	94	68	8.349361e+03
42	95	37	1.205187e+00
42	95	38	3.727999e+04
42	95	39	3.644053e+04
42	95	66	3.185402e+03
42	95	67	2.808125e+04
42	95	68	6.581269e+03
43	72	64	8.031653e+00
43	72	65	3.737553e+00
43	72	66	1.197643e+02
43	73	64	6.774637e+03
43	73	65	3.152597e+03
43	73	66	1.010203e+05
43	74	64	7.765568e+03
43	74	65	3.613730e+03
43	74	66	1.157966e+05
43	75	68	3.542501e+03
43	75	69	2.319457e+04
43	75	70	4.208111e+03
43	76	44	9.628150e+03
43	76	45	-1.263652e+04
43	76	46	1.047905e+05
43	76	56	1.174782e+03
43	76	57	2.250581e+03
43	76	58	2.089271e+04
43	76	68	-5.693077e+03
43	76	69	-3.727549e+04
43	76	70	-6.762765e+03
43	77	44	-2.137699e+03
43	77	45	2.805635e+03
43	77	46	-2.326621e+04
43	77	56	2.343582e+03
43	77	57	4.489704e+03
43	77	58	4.167905e+04
43	77	63	6.733585e-03
43	77	64	2.868541e-01
43	77	65	1.521066e-01
43	77	68	3.582816e+04
43	77	69	2.345854e+05
43	77	70	4.256002e+04
43	78	44	1.294493e+05
43	78	45	-1.698965e+05
43	78	46	1.408896e+06
43	78	56	2.106927e+04
43	78	57	4.036333e+04
43	78	58	3.747030e+05
43	78	63	6.831069e-02
43	78	64	2.910069e+00
43	78	65	1.543087e+00
43	79	62	2.272340e+01
43	79	63	1.577662e+01
43	79	64	3.502645e+02
43	79	65	4.019392e-01
43	80	41	5.588904e-01
43	80	42	4.214497e+02
43	80	43	4.868737e+02
43	80	62	1.330225e+04
43	80	63	9.225193e+03
43	80	64	2.046006e+05
43	81	41	1.553584e+01
43	81	42	1.171531e+04
43	81	43	1.353394e+04
43	81	62	1.125651e+04
43	81	63	7.806462e+03
43	81	64	1.731353e+05
43	82	41	3.185446e+01
43	82	42	2.402090e+04
43	82	43	2.774980e+04
43	93	37	2.696303e-02
43	93	38	8.340464e+02
43	93	39	8.152654e+02
43	93	66	4.177939e+01
43	93	67	3.683106e+02
43	93	68	8.631921e+01
43	94	37	6.891800e-01
43	94	38	2.131838e+04
43	94	39	2.083834e+04
43	94	66	1.214131e+04
43	94	67	1.070330e+05
43	94	68	2.508481e+04
43	95	37	1.454301e+00
43	95	38	4.498586e+04
43	95	39	4.397287e+04
43	95	66	9.570218e+03
43	95	67	8.436727e+04
43	95	68	1.977276e+04
44	72	64	5.176717e+01
44	72	65	2.409001e+01
44	72	66	7.719281e+02
44	73	64	4.366521e+04
44	73	65	2.031973e+04
44	73	66	6.511154e+05
44	74	64	5.005215e+04
44	74	65	2.329191e+04
44	74	66	7.463544e+05
44	75	68	2.016543e+04
44	75	69	1.320334e+05
44	75	70	2.395437e+04
44	76	61	1.078701e+03
44	76	62	-2.015339e+03
44	76	63	1.012571e+04
44	76	68	-3.240743e+04
44	76	69	-2.121880e+05
44	76	70	-3.849655e+04
44	77	61	-8.156981e+02
44	77	62	1.523970e+03
44	77	63	-6.515326e+03
44	77	64	4.896940e+04
44	77	65	2.603557e+04
44	77	66	1.875627e-01
44	77	67	3.080503e+00
44	77	68	2.039569e+05
44	77	69	1.335360e+06
44	77	70	2.422698e+05
44	78	57	2.901808e+02
44	78	58	6.295113e+03
44	78	59	1.409434e+04
44	78	61	1.319851e+04
44	78	62	-2.465881e+04
44	78	63	1.359802e+05
44	78	64	5.306519e+05
44	78	65	2.846174e+05
44	78	66	1.781041e+02
44	78	67	2.925156e+03
44	78	68	7.311681e+03
44	79	57	2.314869e+03
44	79	58	5.021821e+04
44	79	59	1.124352e+05
44	79	62	8.502733e+01
44	79	63	4.170226e+03
44	79	64	2.040856e+05
44	79	65	1.131959e+05
44	79	66	2.025726e+02
44	79	67	3.327022e+03
44	79	68	8.316182e+03
44	80	41	1.027409e+01
44	80	42	7.747518e+03
44	80	43	8.950209e+03
44	80	57	5.004195e+02
44	80	58	1.085598e+04
44	80	59	2.430582e+04
44	80	62	4.977488e+04
44	80	63	3.451919e+04
44	80	64	7.655827e+05
44	81	41	2.855956e+02
44	81	42	2.153627e+05
44	81	43	2.487947e+05
44	81	62	4.212006e+04
44	81	63	2.921053e+04
44	81	64	6.478447e+05
44	82	41	5.855811e+02
44	82	42	4.415767e+05
44	82	43	5.101251e+05
44	93	37	3.666893e-01
44	93	38	1.134279e+04
44	93	39	1.108737e+04
44	93	66	2.754230e+02
44	93	67	2.428020e+03
44	93	68	5.690436e+02
44	94	37	9.372647e+00
44	94	38	2.899238e+05
44	94	39	2.833953e+05
44	94	66	8.003934e+04
44	94	67	7.055953e+05
44	94	68	1.653670e+05
44	95	37	1.977808e+01
44	95	38	6.117945e+05
44	95	39	5.980182e+05
44	95	66	6.308991e+04
44	95	67	5.561758e+05
44	95	68	1.303483e+05
45	68	56	2.007729e+01
45	68	57	-3.382096e+00
45	68	58	2.722967e+02
45	69	56	3.063850e+01
45	69	57	-5.161174e+00
45	69	58	4.155324e+02
45	70	56	3.420329e+02
45	70	57	-5.761676e+01
45	70	58	4.638796e+03
45	70	72	1.872701e+02
45	70	73	2.455332e+03
45	70	74	7.595088e+02
45	71	72	3.598454e+03
45	71	73	4.717998e+04
45	71	74	1.459420e+04
45	72	64	9.252868e+00
45	72	65	4.305849e+00
45	72	66	1.379745e+02
45	72	72	8.439993e+03
45	72	73	1.106583e+05
45	72	74	3.422998e+04
45	73	64	7.804722e+03
45	73	65	3.631951e+03
45	73	66	1.163804e+05
45	74	64	8.946324e+03
45	74	65	4.163198e+03
45	74	66	1.334034e+05
45	76	61	1.392431e+04
45	76	62	-2.601482e+04
45	76	63	1.307068e+05
45	76	71	1.647459e+01
45	76	72	4.542115e+02
45	76	73	9.338891e+02
45	77	61	-1.052936e+04
45	77	62	1.967203e+04
45	77	63	-9.761335e+04
45	77	64	5.484552e+04
45	77	65	2.962594e+04
45	77	66	5.706337e+00
45	77	67	9.372006e+01
45	77	68	2.342615e+02
45	77	71	7.677168e+02
45	77	72	2.116629e+04
45	77	73	4.351929e+04
45	78	57	2.011053e+03
45	78	58	4.362731e+04
45	78	59	9.767864e+04
45	78	61	1.703718e+05
45	78	62	-3.183060e+05
45	78	63	1.615672e+06
45	78	64	8.225841e+05
45	78	65	4.616080e+05
45	78	66	5.418571e+03
45	78	67	8.899383e+04
45	78	68	2.224478e+05
45	78	71	4.189346e+02
45	78	72	1.155021e+04
45	78	73	2.374800e+04
45	79	57	1.604284e+04
45	79	58	3.480296e+05
45	79	59	7.792150e+05
45	79	63	1.184087e+04
45	79	64	7.216321e+05
45	79	65	4.272252e+05
45	79	66	6.162992e+03
45	79	67	1.012201e+05
45	79	68	2.530084e+05
45	80	41	3.848691e+00
45	80	42	2.902232e+03
45	80	43	3.352762e+03
45	80	57	3.468080e+03
45	80	58	7.523571e+04
45	80	59	1.684478e+05
45	81	41	1.069846e+02
45	81	42	8.067522e+04
45	81	43	9.319889e+04
45	81	56	2.744621e+01
45	81	57	-4.346544e+01
45	81	58	2.793131e+02
45	82	41	2.193596e+02
45	82	42	1.654153e+05
45	82	43	1.910937e+05
45	82	56	1.839848e+02
45	82	57	-2.913693e+02
45	82	58	1.872367e+03
45	83	56	3.412422e+01
45	83	57	-5.404113e+01
45	83	58	3.472735e+02
45	89	56	2.028181e+01
45	89	57	2.618077e+02
45	89	58	8.020063e+01
45	90	56	5.546116e+03
45	90	57	7.159201e+04
45	90	58	2.193108e+04
45	91	56	4.339197e+03
45	91	57	5.601250e+04
45	91	58	1.715854e+04
46	68	56	3.056765e+03
46	68	57	-5.149240e+02
46	68	58	4.145715e+04
46	69	56	4.664709e+03
46	69	57	-7.857884e+02
46	69	58	6.326477e+04
46	70	56	5.207448e+04
46	70	57	-8.772148e+03
46	70	58	7.062563e+05
46	70	64	4.287810e+00
46	70	65	2.773098e+02
46	70	66	4.484177e+02
46	70	72	-3.152633e+02
46	70	73	-4.133474e+03
46	70	74	-1.278609e+03
46	71	64	3.503559e+02
46	71	65	2.265891e+04
46	71	66	3.664010e+04
46	71	72	-6.057884e+03
46	71	73	-7.942602e+04
46	71	74	-2.456889e+04
46	72	64	5.382270e+02
46	72	65	3.480928e+04
46	72	66	5.628759e+04
46	72	72	-1.420846e+04
46	72	73	-1.862898e+05
46	72	74	-5.762509e+04
46	74	69	8.226544e+02
46	74	70	6.520734e+02
46	74	71	1.281904e+04
46	75	69	-1.322561e+03
46	75	70	-1.048322e+03
46	75	71	-2.060885e+04
46	76	61	4.265475e+03
46	76	62	-7.969195e+03
46	76	63	4.003979e+04
46	76	65	1.820942e+00
46	76	66	1.716080e+03
46	76	67	1.952785e+03
46	76	69	8.318844e+03
46	76	70	6.593895e+03
46	76	71	1.296561e+05
46	76	72	7.562879e+02
46	76	73	1.554978e+03
46	77	60	1.917901e+01
46	77	61	-2.722899e+03
46	77	62	6.248446e+03
46	77	63	-3.025436e+04
46	77	64	1.551818e+03
46	77	65	9.558882e+02
46	77	66	1.598421e+04
46	77	67	1.836256e+04
46	77	68	4.662256e+02
46	77	69	6.617841e+00
46	77	70	8.140546e+01
46	77	71	1.302476e+03
46	77	72	3.524306e+04
46	77	73	7.246209e+04
46	78	57	3.845956e+02
46	78	58	8.343325e+03
46	78	59	1.868015e+04
46	78	60	7.609737e+02
46	78	61	7.213201e+04
46	78	62	-8.868902e+04
46	78	63	4.909920e+05
46	78	64	7.257378e+04
46	78	65	4.391547e+04
46	78	66	1.468773e+04
46	78	67	1.815571e+05
46	78	68	4.427142e+05
46	78	69	-9.814786e+00
46	78	70	-1.207308e+02
46	78	71	6.616830e+02
46	78	72	1.923175e+04
46	78	73	3.954176e+04
46	79	57	3.068047e+03
46	79	58	6.655748e+04
46	79	59	1.490178e+05
46	79	60	3.940566e+02
46	79	61	1.032636e+04
46	79	62	4.566531e+03
46	79	63	1.897939e+03
46	79	64	1.272261e+05
46	79	65	7.697916e+04
46	79	66	1.226554e+04
46	79	67	2.014475e+05
46	79	68	5.035356e+05
46	79	69	6.911312e+01
46	79	70	8.501541e+02
46	79	71	2.525641e+02
46	80	57	6.632387e+02
46	80	58	1.438814e+04
46	80	59	3.221410e+04
46	80	80	9.470603e+02
46	80	81	1.198538e+04
46	80	82	3.625928e+03
46	81	56	1.073369e+04
46	81	57	-1.699851e+04
46	81	58	1.092341e+05
46	81	80	9.972308e+03
46	81	81	1.262031e+05
46	81	82	3.818012e+04
46	82	56	7.195298e+04
46	82	57	-1.139490e+05
46	82	58	7.322472e+05
46	82	80	2.667515e+03
46	82	81	3.375834e+04
46	82	82	1.021288e+04
46	83	56	1.334533e+04
46	83	57	-2.113446e+04
46	83	58	1.358121e+05
46	89	56	-2.075800e+01
46	89	57	-2.679545e+02
46	89	58	-8.208361e+01
46	90	56	-5.676330e+03
46	90	57	-7.327287e+04
46	90	58	-2.244598e+04
46	91	56	-4.441074e+03
46	91	57	-5.732758e+04
46	91	58	-1.756140e+04
47	68	56	4.197953e+03
47	68	57	-7.071614e+02
47	68	58	5.693442e+04
47	69	56	6.406193e+03
47	69	57	-1.079148e+03
47	69	58	8.688352e+04
47	70	56	7.151554e+04
47	70	57	-1.204707e+04
47	70	58	9.699242e+05
47	70	64	-1.946081e+00
47	70	65	-1.258608e+02
47	70	66	-2.035205e+02
47	70	72	1.855123e+03
47	70	73	2.432286e+04
47	70	74	7.523800e+03
47	71	64	-1.590138e+02
47	71	65	-1.028406e+04
47	71	66	-1.662961e+04
47	71	72	3.564678e+04
47	71	73	4.673715e+05
47	71	74	1.445722e+05
47	72	64	-1.974088e+02
47	72	65	-1.569840e+04
47	72	66	-2.469349e+04
47	72	72	8.360775e+04
47	72	73	1.096197e+06
47	72	74	3.390869e+05
47	73	63	1.155050e+02
47	73	64	3.628770e+03
47	73	65	7.732742e+03
47	73	66	1.364896e+04
47	74	63	7.543932e+02
47	74	64	2.069908e+04
47	74	65	4.408459e+04
47	74	66	3.449986e+04
47	74	69	9.074060e+03
47	74	70	7.192514e+03
47	74	71	1.413968e+05
47	75	63	1.365459e+02
47	75	64	3.403577e+03
47	75	65	7.245721e+03
47	75	69	-1.458814e+04
47	75	70	-1.156322e+04
47	75	71	-2.273201e+05
47	76	65	1.958789e+01
47	76	66	1.845989e+04
47	76	67	2.100612e+04
47	76	69	9.175869e+04
47	76	70	7.273212e+04
47	76	71	1.430118e+06
47	76	72	7.859928e+03
47	76	73	1.626094e+04
47	76	74	2.215732e+03
47	76	75	4.929329e+03
47	77	60	2.109793e+02
47	77	61	5.528770e+03
47	77	62	2.444937e+03
47	77	64	4.909090e+02
47	77	65	3.377288e+03
47	77	66	1.723964e+05
47	77	67	1.955198e+05
47	77	68	2.209454e+02
47	77	69	8.820802e+03
47	77	70	7.790622e+04
47	77	71	3.393459e+04
47	77	72	3.662731e+05
47	77	73	7.541588e+05
47	77	74	2.376388e+04
47	77	75	5.286741e+04
47	78	54	2.553570e+01
47	78	55	9.911289e+02
47	78	56	5.093895e+02
47	78	60	8.371115e+03
47	78	61	2.193674e+05
47	78	62	9.700881e+04
47	78	64	-2.228433e+02
47	78	65	-1.405766e+03
47	78	66	4.173074e+04
47	78	67	4.778452e+04
47	78	68	2.173882e+03
47	78	69	2.281048e+04
47	78	70	-2.046082e+04
47	78	71	-2.337552e+04
47	78	72	1.998712e+05
47	78	73	4.112403e+05
47	78	74	6.439196e+03
47	78	75	1.432525e+04
47	79	54	7.564569e+02
47	79	55	2.936071e+04
47	79	56	1.508990e+04
47	79	60	4.334832e+03
47	79	61	1.135955e+05
47	79	62	5.023427e+04
47	79	64	6.346772e+03
47	79	65	4.130651e+04
47	79	66	7.451601e+03
47	79	68	5.537730e+02
47	79	69	6.695810e+04
47	79	70	7.469562e+05
47	79	71	2.156530e+05
47	80	54	1.518616e+03
47	80	55	5.894274e+04
47	80	56	3.029355e+04
47	80	80	6.122013e+03
47	80	81	7.747623e+04
47	80	82	2.343882e+04
47	81	56	1.310521e+04
47	81	57	-2.075418e+04
47	81	58	1.333684e+05
47	81	70	1.557514e+02
47	81	71	3.069094e+03
47	81	72	7.131350e+03
47	81	73	1.101742e+00
47	81	80	6.446327e+04
47	81	81	8.158053e+05
47	81	82	2.468049e+05
47	82	56	8.785035e+04
47	82	57	-1.391250e+05
47	82	58	8.940307e+05
47	82	70	1.637631e+03
47	82	71	3.227264e+04
47	82	72	7.501623e+04
47	82	73	2.140512e+01
47	82	80	1.724342e+04
47	82	81	2.182216e+05
47	82	82	6.601841e+04
47	83	56	1.629387e+04
47	83	57	-2.580393e+04
47	83	58	1.658186e+05
47	83	70	4.376026e+02
47	83	71	8.624555e+03
47	83	72	2.005444e+04
47	83	73	8.246503e+00
47	89	56	2.352706e+02
47	89	57	3.036989e+03
47	89	58	9.303333e+02
47	90	56	6.433536e+04
47	90	57	8.304727e+05
47	90	58	2.544021e+05
47	91	56	5.033501e+04
47	91	57	6.497492e+05
47	91	58	1.990404e+05
48	59	71	4.926713e+00
48	59	72	2.187576e+02
48	59	73	3.889250e+02
48	60	71	-1.177598e+00
48	60	72	-5.228812e+01
48	60	73	-9.296207e+01
48	61	71	6.605466e+01
48	61	72	2.932982e+03
48	61	73	5.214493e+03
48	70	64	5.543617e+01
48	70	65	4.377634e+03
48	70	66	4.284585e+03
48	70	67	7.343505e+03
48	71	64	4.529675e+03
48	71	65	3.041529e+05
48	71	66	4.523254e+05
48	71	67	1.038079e+05
48	72	64	8.096309e+03
48	72	65	4.561024e+05
48	72	66	7.415180e+05
48	72	67	3.361669e+04
48	73	62	2.619683e-01
48	73	63	4.578104e+02
48	73	64	2.903959e+04
48	73	65	6.959410e+04
48	73	66	3.444607e+05
48	74	62	1.775654e+01
48	74	63	4.823511e+03
48	74	64	1.183254e+05
48	74	65	2.362860e+05
48	74	66	8.169104e+05
48	74	69	2.506995e+03
48	74	70	1.987159e+03
48	74	71	3.906533e+04
48	74	78	2.532712e+02
48	74	79	2.508908e+03
48	74	80	6.423049e+02
48	75	62	1.077439e+01
48	75	63	1.737536e+03
48	75	64	1.632961e+04
48	75	65	9.438881e+04
48	75	66	1.169177e+05
48	75	67	6.128651e+01
48	75	68	1.282866e+01
48	75	69	-4.030433e+03
48	75	70	-3.194705e+03
48	75	71	-6.280436e+04
48	75	78	4.415806e+03
48	75	79	4.374302e+04
48	75	80	1.119864e+04
48	76	63	4.356467e+00
48	76	64	5.036022e+03
48	76	65	4.527366e+04
48	76	66	1.025018e+05
48	76	67	1.395778e+05
48	76	68	1.609225e+04
48	76	69	2.546932e+04
48	76	70	2.009454e+04
48	76	71	3.950364e+05
48	76	73	1.450568e+02
48	76	74	3.201218e+03
48	76	75	7.121736e+03
48	76	78	1.076837e+04
48	76	79	1.066716e+05
48	76	80	2.730898e+04
48	77	60	6.322828e+02
48	77	61	1.656915e+04
48	77	62	7.327220e+03
48	77	63	1.606290e+01
48	77	64	3.038373e+04
48	77	65	9.453502e+04
48	77	66	5.459629e+05
48	77	67	6.775217e+05
48	77	68	1.781115e+04
48	77	69	4.690194e+03
48	77	70	7.463300e+04
48	77	71	2.365054e+04
48	77	73	1.555744e+03
48	77	74	3.433329e+04
48	77	75	7.638113e+04
48	78	54	-2.393237e-01
48	78	55	-9.288984e+00
48	78	56	-4.774062e+00
48	78	60	2.508736e+04
48	78	61	6.574213e+05
48	78	62	2.907253e+05
48	78	64	-5.410377e+03
48	78	65	-3.425477e+04
48	78	66	1.357408e+05
48	78	67	1.503503e+05
48	78	68	3.172489e+03
48	78	69	-9.776684e+03
48	78	70	-1.622223e+05
48	78	71	-2.661143e+04
48	78	72	6.748758e+03
48	78	73	4.215532e+02
48	78	74	9.303143e+03
48	78	75	2.069666e+04
48	79	38	2.110358e+02
48	79	39	6.480437e+03
48	79	40	1.285865e+04
48	79	54	-7.089608e+00
48	79	55	-2.751723e+02
48	79	56	-1.414244e+02
48	79	60	1.299104e+04
48	79	61	3.404338e+05
48	79	62	1.505469e+05
48	79	64	1.540923e+05
48	79	65	1.004291e+06
48	79	66	2.064410e+05
48	79	67	9.540930e+03
48	79	68	9.243029e+02
48	79	69	7.787841e+04
48	79	70	8.232517e+05
48	79	71	2.311412e+05
48	79	72	-1.263935e+04
48	80	38	-4.189507e+02
48	80	39	-1.286504e+04
48	80	40	-2.552713e+04
48	80	54	-1.423266e+01
48	80	55	-5.524187e+02
48	80	56	-2.839149e+02
48	80	65	3.100487e+01
48	80	66	4.308638e+01
48	80	67	5.199603e+02
48	80	70	2.476556e+02
48	80	71	7.934233e+04
48	80	72	6.326196e+04
48	80	80	1.097296e+03
48	80	81	1.388667e+04
48	80	82	4.201122e+03
48	81	38	1.908662e+03
48	81	39	5.861074e+04
48	81	40	1.162969e+05
48	81	65	6.552845e+00
48	81	66	9.106259e+00
48	81	67	1.098930e+02
48	81	70	-5.439012e+01
48	81	71	1.291966e+03
48	81	72	2.489042e+04
48	81	73	7.819457e+03
48	81	80	1.155425e+04
48	81	81	1.462231e+05
48	81	82	4.423677e+04
48	82	68	4.437598e+00
48	82	69	6.502690e+01
48	82	70	-5.503696e+02
48	82	71	3.465358e+04
48	82	72	5.057691e+05
48	82	73	1.519198e+05
48	82	80	3.090673e+03
48	82	81	3.911355e+04
48	82	82	1.183299e+04
48	83	68	2.104908e+02
48	83	69	3.084453e+03
48	83	70	8.674621e+02
48	83	71	1.468064e+04
48	83	72	1.979410e+05
48	83	73	5.852840e+04
48	84	68	1.154968e+02
48	84	69	1.692447e+03
48	84	70	5.598290e+02
48	101	92	1.695017e+01
48	101	93	1.385618e+03
48	101	94	8.801101e+02
48	102	92	2.732432e+02
48	102	93	2.233668e+04
48	102	94	1.418771e+04
48	103	92	6.883655e+02
48	103	93	5.627149e+04
48	103	94	3.574226e+04
49	59	71	6.785253e+02
49	59	72	3.012812e+04
49	59	73	5.356421e+04
49	60	71	-1.621832e+02
49	60	72	-7.201316e+03
49	60	73	-1.280308e+04
49	61	71	9.097295e+03
49	61	72	4.039413e+05
49	61	73	7.181595e+05
49	63	61	7.270874e+00
49	63	62	3.198129e+01
49	63	63	1.619853e+02
49	64	61	2.647549e+03
49	64	62	1.164537e+04
49	64	63	5.898384e+04
49	65	61	3.255704e+03
49	65	62	1.432037e+04
49	65	63	7.253271e+04
49	70	65	9.069304e+03
49	70	66	-1.731676e+04
49	70	67	8.405364e+04
49	70	69	1.199083e+02
49	70	70	1.053189e+03
49	70	71	2.461201e+02
49	71	63	6.207799e+02
49	71	64	-1.052697e+03
49	71	65	1.343323e+05
49	71	66	-2.447899e+05
49	71	67	1.188183e+06
49	71	69	1.329293e+01
49	71	70	6.513841e+01
49	71	71	8.500260e+01
49	72	63	6.391689e+03
49	72	64	-1.034698e+04
49	72	65	1.064287e+05
49	72	66	-6.933275e+04
49	72	67	3.881042e+05
49	72	68	4.565555e+03
49	72	69	3.545285e+03
49	72	70	1.431142e+04
49	72	71	1.377017e+04
49	73	59	5.106009e+00
49	73	60	1.561530e+02
49	73	61	7.353748e+01
49	73	62	3.868190e+01
49	73	63	8.535375e+03
49	73	64	7.311275e+04
49	73	65	2.360323e+05
49	73	66	2.618229e+05
49	73	67	4.812897e+04
49	73	68	6.492396e+04
49	73	69	5.202011e+03
49	73	70	-3.616178e+02
49	73	71	7.383830e+03
49	74	59	2.159283e+02
49	74	60	6.603565e+03
49	74	61	3.109831e+03
49	74	62	2.621907e+03
49	74	63	3.154789e+05
49	74	64	8.452134e+05
49	74	65	8.523396e+05
49	74	66	2.367983e+05
49	74	67	1.693925e+04
49	74	68	2.513697e+04
49	74	69	2.348935e+04
49	74	70	1.251122e+03
49	74	71	5.960423e+03
49	74	78	1.868850e+03
49	74	79	1.851284e+04
49	74	80	4.739469e+03
49	75	59	3.891183e+02
49	75	60	1.190010e+04
49	75	61	5.604138e+03
49	75	62	1.590933e+03
49	75	63	1.846801e+05
49	75	64	3.643006e+05
49	75	65	6.310007e+05
49	75	66	8.870604e+05
49	75	67	-8.726708e+01
49	75	68	5.709658e+03
49	75	69	5.640972e+03
49	75	70	2.046249e+04
49	75	71	2.538577e+03
49	75	72	-1.486250e+03
49	75	73	7.740913e+03
49	75	78	3.258355e+04
49	75	79	3.227730e+05
49	75	80	8.263305e+04
49	76	63	1.303925e+02
49	76	64	1.504603e+05
49	76	65	9.586302e+05
49	76	66	7.268654e+05
49	76	67	-1.216710e+05
49	76	68	1.283654e+04
49	76	69	2.931273e+04
49	76	70	4.274807e+04
49	76	71	7.729233e+04
49	76	72	2.829440e+03
49	76	73	-1.304216e+04
49	76	74	3.739672e+04
49	76	75	8.319631e+04
49	76	78	7.945817e+04
49	76	79	7.871135e+05
49	76	80	2.015088e+05
49	77	57	8.351654e+01
49	77	58	-1.350853e+02
49	77	59	8.423292e+02
49	77	63	4.807750e+02
49	77	64	5.577717e+05
49	77	65	5.240590e+05
49	77	66	-9.565672e+03
49	77	67	-1.339136e+05
49	77	68	9.334002e+04
49	77	69	1.369353e+05
49	77	70	1.071830e+05
49	77	71	7.558112e+03
49	77	72	-1.379886e+04
49	77	73	9.004357e+04
49	77	74	4.010824e+05
49	77	75	8.922863e+05
49	78	54	3.551505e+02
49	78	55	1.378462e+04
49	78	56	7.084589e+03
49	78	57	8.397047e+02
49	78	58	-1.358195e+03
49	78	59	8.469074e+03
49	78	61	9.539201e-03
49	78	62	-1.234253e-02
49	78	63	5.367304e+01
49	78	64	-2.009899e+03
49	78	65	-7.402647e+03
49	78	66	1.151200e+05
49	78	67	1.364933e+05
49	78	68	5.589705e+05
49	78	69	8.705697e+05
49	78	70	1.097713e+06
49	78	71	2.389527e+03
49	78	72	1.905240e+03
49	78	73	4.924596e+03
49	78	74	1.086796e+05
49	78	75	2.417789e+05
49	79	38	-1.263478e+02
49	79	39	-3.879858e+03
49	79	40	-7.698513e+03
49	79	54	1.052080e+04
49	79	55	4.083488e+05
49	79	56	2.098704e+05
49	79	57	2.173125e+02
49	79	58	-3.514959e+02
49	79	59	2.191765e+03
49	79	61	4.148193e-02
49	79	62	-5.367242e-02
49	79	63	2.747532e+03
49	79	64	8.152175e+04
49	79	65	5.127119e+05
49	79	66	2.772111e+05
49	79	67	2.349952e+05
49	79	68	9.379676e+04
49	79	69	3.270451e+05
49	79	70	3.305743e+05
49	79	71	-4.475206e+03
49	79	72	-3.568212e+03
49	80	38	2.508271e+02
49	80	39	7.702339e+03
49	80	40	1.528318e+04
49	80	54	2.112091e+04
49	80	55	8.197756e+05
49	80	56	4.213227e+05
49	80	61	2.116928e-01
49	80	62	-2.739039e-01
49	80	63	4.703065e+03
49	80	64	2.670159e+04
49	80	65	1.585540e+05
49	80	66	6.040575e+04
49	80	67	7.091178e+05
49	80	68	2.834554e+04
49	80	69	6.287969e+03
49	80	70	6.991558e+01
49	80	71	2.239911e+04
49	80	72	1.785947e+04
49	81	38	-1.142722e+03
49	81	39	-3.509044e+04
49	81	40	-6.962734e+04
49	81	65	1.175759e+04
49	81	66	9.751337e+04
49	81	67	1.886730e+05
49	81	70	2.050200e+03
49	81	71	4.264868e+04
49	81	72	1.199274e+05
49	81	73	7.455822e+03
49	82	60	1.957049e+03
49	82	61	1.852186e+04
49	82	62	4.584036e+03
49	82	65	2.611687e+03
49	82	66	7.748982e+04
49	82	67	3.606007e+04
49	82	68	7.711990e+02
49	82	69	1.130086e+04
49	82	70	2.529472e+04
49	82	71	4.685146e+05
49	82	72	1.493676e+06
49	82	73	1.448550e+05
49	83	58	1.351639e+01
49	83	59	1.456787e+02
49	83	60	-3.100117e+03
49	83	61	-2.971493e+04
49	83	62	-7.354247e+03
49	83	68	3.658067e+04
49	83	69	5.360393e+05
49	83	70	1.830718e+05
49	83	71	1.303635e+05
49	83	72	4.590062e+05
49	83	73	5.580661e+04
49	84	58	2.445719e+02
49	84	59	2.635979e+03
49	84	60	2.052448e+04
49	84	61	1.874642e+05
49	84	62	4.639615e+04
49	84	68	2.007190e+04
49	84	69	2.941261e+05
49	84	70	9.729128e+04
49	85	58	5.875028e+02
49	85	59	6.332064e+03
49	85	60	1.721663e+03
49	93	60	1.925565e+01
49	93	61	6.390255e+01
49	93	62	3.923031e+02
49	94	60	1.657467e+03
49	94	61	5.500536e+03
49	94	62	3.376825e+04
49	95	60	2.519201e+03
49	95	61	8.360318e+03
49	95	62	5.132469e+04
49	101	92	3.326204e+00
49	101	93	2.719056e+02
49	101	94	1.727077e+02
49	102	92	5.361967e+01
49	102	93	4.383221e+03
49	102	94	2.784114e+03
49	103	92	1.350809e+02
49	103	93	1.104239e+04
49	103	94	7.013854e+03
50	59	71	4.792357e+02
50	59	72	2.127919e+04
50	59	73	3.783187e+04
50	60	71	-1.145484e+02
50	60	72	-5.086219e+03
50	60	73	-9.042692e+03
50	61	71	6.425330e+03
50	61	72	2.852997e+05
50	61	73	5.072290e+05
50	63	61	6.736596e+01
50	63	62	2.963124e+02
50	63	63	1.500823e+03
50	64	61	2.453002e+04
50	64	62	1.078965e+05
50	64	63	5.464959e+05
50	65	61	3.016469e+04
50	65	62	1.326808e+05
50	65	63	6.720287e+05
50	70	60	1.866895e+01
50	70	61	1.578201e+01
50	70	62	2.929008e+02
50	70	65	2.569482e+03
50	70	66	-4.906121e+03
50	70	67	2.381378e+04
50	70	69	7.134415e+03
50	70	70	6.353956e+04
50	70	71	2.710168e+04
50	70	72	4.048885e+03
50	71	60	2.806985e+03
50	71	61	2.372917e+03
50	71	62	4.403935e+04
50	71	63	2.278482e+03
50	71	64	-3.863771e+03
50	71	65	5.881622e+04
50	71	66	-6.935298e+04
50	71	67	3.366397e+05
50	71	68	2.550381e+02
50	71	69	9.652859e+02
50	71	70	9.794470e+03
50	71	71	9.033747e+04
50	71	72	2.753555e+04
50	71	73	3.576697e+01
50	72	60	2.012906e+03
50	72	61	1.701633e+03
50	72	62	3.158088e+04
50	72	63	2.345976e+04
50	72	64	-3.963389e+04
50	72	65	2.655439e+05
50	72	66	8.075516e+03
50	72	67	1.085719e+05
50	72	68	2.183645e+04
50	72	69	1.842151e+05
50	72	70	8.478795e+05
50	72	71	9.322393e+05
50	72	72	5.152910e+03
50	72	73	-1.425243e+01
50	73	59	1.506903e+02
50	73	60	3.801200e+03
50	73	61	1.901699e+03
50	73	62	2.765376e+01
50	73	63	9.335953e+03
50	73	64	-3.300516e+03
50	73	65	2.918298e+05
50	73	66	3.224623e+05
50	73	67	-2.179192e+04
50	73	68	8.404093e+03
50	73	69	1.337119e+05
50	73	70	-2.378099e+04
50	73	71	5.088950e+05
50	73	72	3.913939e+02
50	73	73	4.668738e+02
50	74	58	2.730394e+00
50	74	59	1.091480e+04
50	74	60	2.178471e+05
50	74	61	9.754486e+04
50	74	62	1.874406e+03
50	74	63	2.141775e+05
50	74	64	3.088496e+05
50	74	65	6.297557e+04
50	74	66	8.584718e+04
50	74	67	3.551456e+04
50	74	68	7.383436e+04
50	74	69	4.215561e+05
50	74	70	2.581377e+04
50	74	71	2.034957e+04
50	74	72	1.460930e+03
50	74	73	9.478534e+02
50	74	78	3.779717e+02
50	74	79	3.744192e+03
50	74	80	9.585499e+02
50	75	58	7.759090e+01
50	75	59	5.026374e+04
50	75	60	3.870971e+05
50	75	61	1.588511e+05
50	75	62	1.137361e+03
50	75	63	1.305699e+05
50	75	64	2.136074e+05
50	75	65	2.286078e+05
50	75	66	5.097590e+05
50	75	67	2.820465e+05
50	75	68	1.968529e+05
50	75	69	1.300751e+05
50	75	70	2.010341e+05
50	75	71	3.456913e+04
50	75	72	-2.956740e+04
50	75	73	2.018665e+05
50	75	74	7.889523e+03
50	75	78	6.589970e+03
50	75	79	6.528031e+04
50	75	80	1.671240e+04
50	76	58	3.548682e+01
50	76	59	1.627225e+04
50	76	60	1.347113e+04
50	76	62	5.630676e+00
50	76	63	7.382142e+03
50	76	64	7.470659e+04
50	76	65	5.893762e+05
50	76	66	7.548841e+05
50	76	67	1.211439e+06
50	76	68	5.698993e+05
50	76	69	1.159024e+05
50	76	70	4.266693e+05
50	76	71	2.871666e+05
50	76	72	9.620954e+04
50	76	73	-3.543075e+05
50	76	74	-1.294465e+04
50	76	78	1.607028e+04
50	76	79	1.591924e+05
50	76	80	4.075482e+04
50	77	57	6.127158e+03
50	77	58	-9.910480e+03
50	77	59	6.179715e+04
50	77	62	2.769219e+02
50	77	63	1.908088e+04
50	77	64	3.033106e+05
50	77	65	3.743858e+05
50	77	66	5.618051e+05
50	77	67	1.545581e+06
50	77	68	6.753996e+05
50	77	69	1.991438e+05
50	77	70	1.346850e+05
50	77	71	2.031059e+05
50	77	72	-3.212294e+05
50	77	73	1.855384e+06
50	77	74	7.907474e+04
50	78	51	5.545930e+00
50	78	52	1.185402e+02
50	78	53	2.668834e+02
50	78	57	6.160460e+04
50	78	58	-9.964346e+04
50	78	59	6.213303e+05
50	78	61	3.484588e+03
50	78	62	-3.246294e+03
50	78	63	6.527686e+04
50	78	64	1.734697e+05
50	78	65	2.565269e+05
50	78	66	1.110071e+06
50	78	67	1.217975e+06
50	78	68	1.175864e+06
50	78	69	1.176923e+06
50	78	70	1.497276e+05
50	78	71	1.229779e+05
50	78	72	9.805384e+04
50	79	38	2.658997e+03
50	79	39	8.165184e+04
50	79	40	1.620157e+05
50	79	50	1.463387e+00
50	79	51	1.063240e+03
50	79	52	2.206386e+04
50	79	53	4.950635e+04
50	79	57	1.594304e+04
50	79	58	-2.578736e+04
50	79	59	1.607980e+05
50	79	61	1.515299e+04
50	79	62	-1.471894e+04
50	79	63	2.655814e+05
50	79	64	2.818016e+05
50	79	65	7.806815e+05
50	79	66	1.199029e+06
50	79	67	1.584223e+06
50	79	68	1.734897e+06
50	79	69	1.682388e+06
50	79	70	2.649584e+05
50	79	71	-2.303180e+05
50	79	72	-1.836393e+05
50	80	38	-5.278671e+03
50	80	39	-1.620962e+05
50	80	40	-3.216353e+05
50	80	50	1.006608e+01
50	80	51	1.609331e+03
50	80	52	2.984388e+04
50	80	53	6.603119e+04
50	80	61	7.732955e+04
50	80	62	-1.000386e+05
50	80	63	8.875960e+05
50	80	64	1.970345e+05
50	80	65	1.252032e+06
50	80	66	9.430944e+05
50	80	67	9.783367e+05
50	80	68	5.501398e+05
50	80	69	1.370204e+05
50	80	70	3.598230e+03
50	80	71	1.152778e+06
50	80	72	9.191437e+05
50	81	38	2.404866e+04
50	81	39	7.384803e+05
50	81	40	1.465311e+06
50	81	50	1.911932e+00
50	81	51	4.504946e+01
50	81	52	9.784829e+01
50	81	62	6.540421e+00
50	81	63	1.423929e+02
50	81	64	1.724103e+03
50	81	65	2.671732e+04
50	81	66	-1.427010e+05
50	81	67	5.834083e+04
50	82	60	-3.621408e+03
50	82	61	-3.427365e+04
50	82	62	-8.468493e+03
50	82	63	3.049303e+02
50	82	64	1.241354e+02
50	82	65	-4.959962e+03
50	82	66	-1.471641e+05
50	82	67	-6.848316e+04
50	82	68	5.662504e+02
50	82	69	8.297620e+03
50	82	70	2.744694e+03
50	83	58	1.331332e+03
50	83	59	1.434900e+04
50	83	60	9.711322e+03
50	83	61	5.498580e+04
50	83	62	1.360862e+04
50	83	68	2.685924e+04
50	83	69	3.935851e+05
50	83	70	1.301904e+05
50	84	58	2.408975e+04
50	84	59	2.596376e+05
50	84	60	3.394128e+04
50	84	61	-3.468919e+05
50	84	62	-8.585344e+04
50	84	68	1.473773e+04
50	84	69	2.159612e+05
50	84	70	7.143581e+04
50	85	58	5.786762e+04
50	85	59	6.236931e+05
50	85	60	1.695797e+05
50	93	60	2.729235e+02
50	93	61	9.057345e+02
50	93	62	5.560379e+03
50	94	60	2.349242e+04
50	94	61	7.796285e+04
50	94	62	4.786204e+05
50	95	60	3.570635e+04
50	95	61	1.184965e+05
50	95	62	7.274598e+05
50	101	92	2.431916e+02
50	101	93	1.988007e+04
50	101	94	1.262733e+04
50	102	92	3.920340e+03
50	102	93	3.204742e+05
50	102	94	2.035573e+05
50	103	92	9.876283e+03
50	103	93	8.073518e+05
50	103	94	5.128099e+05
51	63	61	1.640679e+01
51	63	62	7.216605e+01
51	63	63	3.655213e+02
51	64	61	5.974218e+03
51	64	62	2.627788e+04
51	64	63	1.330976e+05
51	65	61	7.346525e+03
51	65	62	3.231404e+04
51	65	63	1.636707e+05
51	69	66	6.110968e+01
51	69	67	-7.864059e+01
51	69	68	6.690641e+02
51	70	60	5.830058e+01
51	70	61	4.928506e+01
51	70	62	9.146893e+02
51	70	66	3.594736e+03
51	70	67	-4.625979e+03
51	70	68	3.935724e+04
51	70	69	4.181973e+03
51	70	70	3.620512e+04
51	70	71	1.097935e+03
51	70	72	-2.432965e+03
51	71	60	8.765833e+03
51	71	61	7.410296e+03
51	71	62	1.375289e+05
51	71	63	1.303712e+04
51	71	64	-2.210691e+04
51	71	65	1.287086e+05
51	71	66	5.946089e+03
51	71	67	-7.353232e+03
51	71	68	6.630534e+04
51	71	69	9.146086e+02
51	71	70	-1.327954e+03
51	71	71	-4.732677e+04
51	71	72	1.961053e+04
51	71	73	4.310783e+04
51	72	56	6.342533e+02
51	72	57	1.141499e+04
51	72	58	4.229395e+03
51	72	60	6.286031e+03
51	72	61	5.313968e+03
51	72	62	9.862306e+04
51	72	63	1.348022e+05
51	72	64	-2.237443e+05
51	72	65	1.371670e+06
51	72	66	6.240074e+04
51	72	67	4.915228e+04
51	72	68	1.396887e+05
51	72	69	1.706307e+05
51	72	70	4.958679e+05
51	72	71	5.440257e+05
51	72	72	-1.750405e+04
51	72	73	-1.717762e+04
51	73	56	5.035481e+03
51	73	57	9.062623e+04
51	73	58	3.357813e+04
51	73	59	2.863331e+03
51	73	60	1.945237e+03
51	73	61	2.747185e+04
51	73	62	2.565845e+00
51	73	63	3.868428e+04
51	73	64	-3.995225e+04
51	73	65	8.777995e+05
51	73	66	7.091768e+05
51	73	67	6.256481e+05
51	73	68	9.571074e+05
51	73	69	2.674779e+05
51	73	70	5.243121e+04
51	73	71	3.348351e+05
51	73	72	4.717241e+05
51	73	73	5.626956e+05
51	74	56	1.084209e+03
51	74	57	1.951309e+04
51	74	58	7.235426e+03
51	74	59	7.788895e+04
51	74	60	6.610936e+04
51	74	61	7.684863e+05
51	74	62	1.972169e+02
51	74	63	1.828259e+04
51	74	64	6.179277e+04
51	74	65	2.354105e+05
51	74	66	4.929555e+05
51	74	67	3.101181e+05
51	74	68	6.234749e+05
51	74	69	9.549472e+05
51	74	70	5.165130e+04
51	74	71	1.498263e+05
51	74	72	9.666975e+03
51	74	73	6.271946e+03
51	75	58	3.650694e+02
51	75	59	1.150256e+05
51	75	60	4.315570e+05
51	75	61	5.183550e+05
51	75	62	2.899067e+03
51	75	63	8.799105e+04
51	75	64	2.579662e+05
51	75	65	1.937200e+06
51	75	66	3.470691e+06
51	75	67	1.082587e+06
51	75	68	8.362470e+05
51	75	69	3.157996e+05
51	75	70	1.463053e+06
51	75	71	4.511577e+05
51	75	72	2.173581e+04
51	75	73	2.061504e+05
51	75	74	5.333634e+04
51	76	58	1.100903e+03
51	76	59	3.546632e+04
51	76	60	4.622982e+04
51	76	61	5.030065e+01
51	76	62	1.807403e+04
51	76	63	8.781146e+04
51	76	64	1.096601e+05
51	76	65	6.471423e+05
51	76	66	2.517759e+06
51	76	67	2.410167e+06
51	76	68	3.116245e+06
51	76	69	1.451505e+06
51	76	70	2.056993e+06
51	76	71	1.928984e+06
51	76	72	2.228132e+05
51	76	73	-1.911813e+05
51	76	74	-8.601627e+04
51	77	57	9.631072e+03
51	77	58	-1.077384e+04
51	77	59	1.072704e+05
51	77	60	8.729564e+04
51	77	61	3.602666e+02
51	77	62	2.533547e+04
51	77	63	4.400955e+05
51	77	64	7.865580e+05
51	77	65	2.437917e+06
51	77	66	7.634799e+06
51	77	67	6.574848e+06
51	77	68	3.709712e+06
51	77	69	1.557920e+06
51	77	70	3.014672e+05
51	77	71	2.407588e+05
51	77	72	-1.070417e+05
51	77	73	1.815949e+06
51	77	74	5.513946e+05
51	78	51	-4.863504e+00
51	78	52	-1.039538e+02
51	78	53	-2.340434e+02
51	78	57	9.683419e+04
51	78	58	-1.566262e+05
51	78	59	9.766481e+05
51	78	60	1.232252e+03
51	78	61	5.536752e+03
51	78	62	3.184953e+04
51	78	63	3.299456e+05
51	78	64	1.235733e+06
51	78	65	3.501726e+06
51	78	66	2.989836e+06
51	78	67	3.484107e+06
51	78	68	2.920079e+06
51	78	69	2.514854e+05
51	78	70	-1.624557e+04
51	78	72	6.259359e+01
51	78	73	6.944014e+03
51	78	74	4.709629e+03
51	79	50	1.376455e+03
51	79	51	3.153023e+04
51	79	52	5.116057e+04
51	79	53	-4.341460e+04
51	79	57	2.506033e+04
51	79	58	-4.053428e+04
51	79	59	2.527529e+05
51	79	60	3.742291e+02
51	79	61	1.707397e+04
51	79	62	1.878749e+04
51	79	63	2.673916e+05
51	79	64	4.996825e+05
51	79	65	2.143088e+06
51	79	66	7.783155e+05
51	79	67	1.443980e+06
51	79	68	2.229485e+06
51	79	69	2.188219e+06
51	79	70	4.009393e+05
51	80	50	9.468107e+03
51	80	51	2.218868e+05
51	80	52	4.588363e+05
51	80	53	-5.790606e+04
51	80	61	7.890198e+04
51	80	62	-7.828446e+04
51	80	63	8.660654e+05
51	80	64	5.112077e+04
51	80	65	8.160637e+05
51	80	66	9.358036e+05
51	80	67	3.200056e+05
51	80	68	3.811669e+05
51	80	69	1.444622e+05
51	80	71	2.578550e+01
51	80	72	1.193264e+03
51	80	73	6.497343e+02
51	81	50	1.798353e+03
51	81	51	4.237329e+04
51	81	52	9.203560e+04
51	81	62	1.067676e+04
51	81	63	2.325097e+05
51	81	64	1.104116e+05
51	81	65	2.481515e+05
51	81	66	8.692477e+05
51	81	67	3.705434e+05
51	81	71	3.060867e+02
51	81	72	1.416464e+04
51	81	73	7.712670e+03
51	82	60	1.847112e+04
51	82	61	1.748140e+05
51	82	62	6.612925e+04
51	82	63	4.982468e+05
51	82	64	2.067730e+05
51	82	65	3.090664e+04
51	82	66	8.709721e+05
51	82	67	4.022445e+05
51	82	71	8.843242e+02
51	82	72	4.092350e+04
51	82	73	2.228291e+04
51	83	58	8.850188e+02
51	83	59	1.228500e+04
51	83	60	-2.382748e+04
51	83	61	-2.804570e+05
51	83	62	-6.941124e+04
51	83	63	9.531576e+01
51	83	64	8.370077e+02
51	83	65	1.955680e+02
51	84	58	1.598788e+04
51	84	59	2.029785e+05
51	84	60	2.696700e+05
51	84	61	1.769335e+06
51	84	62	4.378986e+05
51	84	72	1.599093e+01
51	84	73	6.920566e+02
51	84	74	3.688608e+02
51	85	58	3.831641e+04
51	85	59	4.215136e+05
51	85	60	1.222774e+05
51	85	72	1.190101e+02
51	85	73	5.150527e+03
51	85	74	2.745191e+03
51	86	72	2.425025e+01
51	86	73	1.049504e+03
51	86	74	5.593772e+02
51	88	57	3.362217e+01
51	88	58	1.013483e+03
51	88	59	4.745837e+02
51	89	57	3.763497e+02
51	89	58	1.134441e+04
51	89	59	5.312251e+03
51	90	57	1.050287e+02
51	90	58	3.165911e+03
51	90	59	1.482502e+03
51	93	60	8.852257e+01
51	93	61	2.937744e+02
51	93	62	1.803506e+03
51	94	60	7.619752e+03
51	94	61	2.528720e+04
51	94	62	1.552402e+05
51	95	60	1.158133e+04
51	95	61	3.843427e+04
51	95	62	2.359512e+05
52	66	62	5.931749e-03
52	66	63	3.539892e+00
52	66	64	4.162494e+00
52	66	72	4.905272e+00
52	66	73	4.448015e+01
52	66	74	1.065579e+01
52	67	62	1.127566e+00
52	67	63	6.728977e+02
52	67	64	7.912479e+02
52	67	72	4.800400e+03
52	67	73	4.352919e+04
52	67	74	1.042798e+04
52	68	62	8.393851e-01
52	68	63	5.009201e+02
52	68	64	5.890227e+02
52	68	72	4.219992e+03
52	68	73	3.826615e+04
52	68	74	9.167152e+03
52	69	61	2.620301e+00
52	69	62	1.871056e+01
52	69	63	1.003132e+02
52	69	64	-5.938181e+01
52	69	65	1.214108e+03
52	69	66	1.026442e+02
52	69	67	-1.320904e+02
52	69	68	1.123808e+03
52	70	60	3.737641e+02
52	70	61	3.280522e+02
52	70	62	5.950364e+03
52	70	63	9.828634e+02
52	70	64	-5.017977e+02
52	70	65	1.230585e+04
52	70	66	6.037975e+03
52	70	67	-7.770125e+03
52	70	68	6.610724e+04
52	70	70	1.103227e+04
52	70	71	1.569024e+05
52	70	72	5.099456e+04
52	71	60	5.619762e+04
52	71	61	4.756664e+04
52	71	62	8.821194e+05
52	71	63	2.830265e+03
52	71	64	1.709218e+04
52	71	65	6.918051e+04
52	71	66	1.009573e+04
52	71	67	6.011171e+03
52	71	68	1.398211e+05
52	71	69	2.507830e+03
52	71	70	7.496342e+04
52	71	71	1.066300e+06
52	71	72	3.787366e+05
52	71	73	3.838519e+04
52	72	56	-6.044769e+02
52	72	57	-1.087909e+04
52	72	58	-4.030837e+03
52	72	60	4.029965e+04
52	72	61	3.406777e+04
52	72	62	6.322811e+05
52	72	63	2.367929e+04
52	72	64	2.279097e+05
52	72	65	4.113402e+05
52	72	66	2.139226e+04
52	72	67	2.598145e+05
52	72	68	7.661599e+05
52	72	69	2.124658e+05
52	72	70	2.137283e+04
52	72	71	1.998809e+05
52	72	72	5.213280e+04
52	72	73	-1.529574e+04
52	73	56	-4.799080e+03
52	73	57	-8.637159e+04
52	73	58	-3.200173e+04
52	73	59	3.769505e+03
52	73	60	-3.812222e+03
52	73	61	3.347888e+04
52	73	62	1.128529e+02
52	73	63	1.515457e+05
52	73	64	4.491549e+05
52	73	65	5.925317e+05
52	73	66	2.642039e+05
52	73	67	1.872789e+05
52	73	68	8.028437e+05
52	73	69	3.802205e+05
52	73	70	2.845852e+05
52	73	71	2.976003e+04
52	73	72	4.280516e+05
52	73	73	5.010500e+05
52	74	56	-1.033309e+03
52	74	57	-1.859701e+04
52	74	58	-6.841185e+03
52	74	59	1.629196e+05
52	74	60	5.057091e+05
52	74	61	1.118929e+06
52	74	62	6.459322e+03
52	74	63	5.645495e+05
52	74	64	8.175873e+05
52	74	65	1.219291e+06
52	74	66	2.199214e+06
52	74	67	1.005638e+06
52	74	68	1.032254e+06
52	74	69	8.599854e+05
52	74	70	5.212948e+05
52	74	71	1.105045e+05
52	74	72	1.212068e+05
52	74	73	2.466458e+04
52	75	58	1.466903e+03
52	75	59	7.418469e+05
52	75	60	1.336245e+06
52	75	61	7.051324e+05
52	75	62	2.052715e+04
52	75	63	6.292862e+05
52	75	64	4.347981e+05
52	75	65	2.218947e+06
52	75	66	5.435669e+06
52	75	67	6.858837e+06
52	75	68	5.402750e+06
52	75	69	2.182615e+06
52	75	70	1.146185e+06
52	75	71	3.077760e+05
52	75	72	1.580882e+05
52	75	73	1.055880e+05
52	75	74	9.970345e+03
52	76	58	9.778296e+02
52	76	59	2.941311e+05
52	76	60	2.490509e+05
52	76	61	8.280584e+03
52	76	62	5.050936e+05
52	76	63	1.521274e+06
52	76	64	9.543772e+05
52	76	65	5.593040e+06
52	76	66	1.413022e+07
52	76	67	2.100737e+07
52	76	68	9.509371e+06
52	76	69	3.077521e+06
52	76	70	2.369593e+06
52	76	71	3.115940e+05
52	76	72	7.923845e+05
52	76	73	4.982141e+05
52	76	74	-4.644108e+03
52	76	75	1.613526e+04
52	76	76	7.136711e+03
52	77	58	1.578827e+03
52	77	59	3.330306e+03
52	77	60	3.036282e+04
52	77	61	1.177012e+04
52	77	62	8.511288e+05
52	77	63	2.407277e+06
52	77	64	4.094877e+06
52	77	65	9.029159e+06
52	77	66	1.970944e+07
52	77	67	3.004770e+07
52	77	68	1.653513e+07
52	77	69	6.301016e+06
52	77	70	1.527315e+06
52	77	71	3.755713e+04
52	77	72	3.465986e+03
52	77	73	3.822680e+05
52	77	74	2.236964e+05
52	77	75	-2.905504e+04
52	77	76	-1.285120e+04
52	78	51	6.628122e+01
52	78	52	1.416712e+03
52	78	53	3.189610e+03
52	78	60	2.171737e+04
52	78	61	3.982949e+04
52	78	62	8.123077e+05
52	78	63	1.564834e+06
52	78	64	5.176214e+06
52	78	65	6.855974e+06
52	78	66	1.196010e+07
52	78	67	1.381600e+07
52	78	68	1.040331e+07
52	78	69	2.890167e+06
52	78	70	3.737527e+05
52	78	71	2.318004e+04
52	78	72	1.096595e+05
52	78	73	1.237010e+05
52	78	74	4.086595e+04
52	78	75	1.545718e+05
52	78	76	6.836794e+04
52	79	50	1.566508e+03
52	79	51	4.920552e+04
52	79	52	3.429676e+05
52	79	53	5.916665e+05
52	79	60	6.595460e+03
52	79	61	3.899485e+04
52	79	62	7.273110e+05
52	79	63	1.433978e+06
52	79	64	2.921534e+06
52	79	65	3.776566e+06
52	79	66	4.865664e+06
52	79	67	3.292941e+06
52	79	68	3.311443e+06
52	79	69	1.058232e+06
52	79	70	-1.034000e+04
52	79	71	4.472746e+03
52	79	72	3.527957e+03
52	79	78	6.034057e+00
52	79	79	7.532691e+02
52	79	80	1.068403e+03
52	80	50	1.077541e+04
52	80	51	2.702922e+05
52	80	52	9.019780e+05
52	80	53	7.891603e+05
52	80	61	3.097319e+04
52	80	62	4.416702e+05
52	80	63	4.291208e+05
52	80	64	2.015127e+05
52	80	65	1.068561e+06
52	80	66	9.121255e+05
52	80	67	9.289726e+05
52	80	68	7.700964e+05
52	80	69	3.506932e+05
52	80	70	-5.714177e+03
52	80	71	4.238413e+02
52	80	72	1.961392e+04
52	80	73	1.067981e+04
52	80	78	2.829295e+02
52	80	79	3.531986e+04
52	80	80	5.009611e+04
52	81	50	2.046659e+03
52	81	51	4.822395e+04
52	81	52	1.047434e+05
52	81	62	9.664551e+03
52	81	63	2.175390e+05
52	81	64	1.983749e+05
52	81	65	7.435684e+05
52	81	66	2.689818e+05
52	81	67	2.793236e+04
52	81	68	1.278094e+05
52	81	69	1.663608e+05
52	81	70	2.957134e+04
52	81	71	5.031207e+03
52	81	72	2.328270e+05
52	81	73	1.267747e+05
52	81	78	4.956469e+02
52	81	79	6.187470e+04
52	81	80	8.776030e+04
52	82	60	8.616721e+01
52	82	61	1.925400e+03
52	82	62	2.148973e+04
52	82	63	5.033053e+05
52	82	64	6.463912e+05
52	82	65	1.436518e+05
52	82	66	9.436033e+05
52	82	67	4.199502e+05
52	82	68	5.860076e+04
52	82	69	5.169471e+04
52	82	71	1.453589e+04
52	82	72	6.727216e+05
52	82	73	3.663150e+05
52	83	58	5.952458e+01
52	83	59	4.410632e+04
52	83	60	5.287286e+04
52	83	61	4.146139e+04
52	83	62	1.708454e+04
52	83	63	1.068208e+04
52	83	64	9.380386e+04
52	83	65	2.191740e+04
52	83	71	1.945491e+00
52	83	72	1.399457e+03
52	83	73	1.203925e+03
52	84	58	6.645806e+02
52	84	59	4.924387e+05
52	84	60	5.737649e+05
52	84	61	9.308654e+04
52	84	62	3.835715e+04
52	84	71	8.560374e-01
52	84	72	1.798357e+03
52	84	73	5.170953e+04
52	84	74	2.727843e+04
52	85	58	1.851419e+02
52	85	59	1.371858e+05
52	85	60	1.586815e+05
52	85	72	8.801178e+03
52	85	73	3.808979e+05
52	85	74	2.030156e+05
52	86	72	1.793383e+03
52	86	73	7.761414e+04
52	86	74	4.136773e+04
52	88	57	9.644084e+02
52	88	58	2.907043e+04
52	88	59	1.361282e+04
52	88	62	7.396362e+01
52	88	63	1.283732e+03
52	88	64	4.666438e+02
52	89	57	1.079510e+04
52	89	58	3.253998e+05
52	89	59	1.523750e+05
52	89	62	6.786021e+02
52	89	63	1.177800e+04
52	89	64	4.281368e+03
52	90	57	3.012613e+03
52	90	58	9.081003e+04
52	90	59	4.252363e+04
52	90	62	2.228655e+03
52	90	63	3.868114e+04
52	90	64	1.406081e+04
53	66	28	2.538587e+01
53	66	29	5.001984e+02
53	66	30	1.161739e+03
53	66	62	2.594914e+00
53	66	63	1.548568e+03
53	66	64	1.820932e+03
53	66	72	6.553862e+01
53	66	73	5.942927e+02
53	66	74	1.423705e+02
53	67	28	3.838445e+02
53	67	29	7.563199e+03
53	67	30	1.756596e+04
53	67	62	4.932669e+02
53	67	63	2.943671e+05
53	67	64	3.461408e+05
53	67	72	6.413744e+04
53	67	73	5.815871e+05
53	67	74	1.393267e+05
53	68	28	1.292947e+02
53	68	29	2.547597e+03
53	68	30	5.916939e+03
53	68	62	3.671989e+02
53	68	63	2.191334e+05
53	68	64	2.576750e+05
53	68	72	5.638270e+04
53	68	73	5.112684e+05
53	68	74	1.224810e+05
53	69	61	3.592578e+03
53	69	62	2.565321e+04
53	69	63	9.245456e+03
53	69	64	-2.584199e+03
53	69	65	5.283600e+04
53	69	66	1.102529e+03
53	69	67	-1.288722e+03
53	69	68	1.235074e+04
53	70	61	1.657114e+04
53	70	62	1.183281e+05
53	70	63	6.471643e+04
53	70	64	-2.560476e+04
53	70	65	5.207712e+05
53	70	66	6.263615e+04
53	70	67	-7.961511e+04
53	70	68	6.879043e+05
53	71	61	8.136824e+04
53	71	62	5.810192e+05
53	71	63	1.214219e+05
53	71	64	-2.777923e+04
53	71	65	4.983782e+04
53	71	66	1.038608e+05
53	71	67	-1.027032e+05
53	71	68	1.169529e+06
53	71	70	3.248017e+03
53	71	71	6.441511e+04
53	71	72	2.507125e+04
53	72	56	7.465041e+03
53	72	57	1.343523e+05
53	72	58	4.977918e+04
53	72	62	6.388845e+00
53	72	63	1.314438e+04
53	72	64	2.147139e+05
53	72	65	2.137172e+05
53	72	66	1.012993e+05
53	72	67	4.251936e+05
53	72	68	5.200988e+05
53	72	69	3.035264e+03
53	72	70	2.485571e+04
53	72	71	-4.583962e+04
53	72	72	-1.784141e+04
53	73	56	5.926665e+04
53	73	57	1.066653e+06
53	73	58	3.952082e+05
53	73	62	6.046453e+01
53	73	63	1.167485e+05
53	73	64	9.646612e+05
53	73	65	8.125988e+05
53	73	66	6.284528e+05
53	73	67	5.407518e+05
53	73	68	2.366880e+05
53	73	69	1.206576e+05
53	73	70	9.794753e+05
53	73	71	8.046249e+05
53	73	72	3.001220e+05
53	74	56	1.276094e+04
53	74	57	2.296653e+05
53	74	58	8.509383e+04
53	74	60	2.263480e+03
53	74	61	4.598818e+04
53	74	62	2.859584e+04
53	74	63	5.590922e+05
53	74	64	1.678527e+06
53	74	65	2.163403e+06
53	74	66	3.714663e+06
53	74	67	2.088471e+06
53	74	68	1.512947e+06
53	74	69	6.320278e+05
53	74	70	7.319951e+05
53	74	71	-4.618797e+04
53	74	72	-1.206294e+05
53	75	57	1.108024e+00
53	75	58	3.113877e+03
53	75	59	6.511073e+03
53	75	60	8.386694e+04
53	75	61	5.456355e+05
53	75	62	2.548342e+05
53	75	63	2.974160e+05
53	75	64	6.071970e+05
53	75	65	6.092344e+06
53	75	66	8.075421e+06
53	75	67	8.962857e+06
53	75	68	6.924546e+06
53	75	69	2.301611e+06
53	75	70	1.119862e+06
53	75	71	2.430422e+05
53	75	72	-3.721463e+04
53	76	57	1.316703e+02
53	76	58	2.650355e+04
53	76	59	4.910840e+04
53	76	60	2.818844e+05
53	76	61	2.073141e+05
53	76	62	3.242385e+05
53	76	63	2.131897e+06
53	76	64	2.048807e+06
53	76	65	8.115304e+06
53	76	66	1.558254e+07
53	76	67	2.154000e+07
53	76	68	1.471948e+07
53	76	69	8.742706e+06
53	76	70	1.700722e+06
53	76	71	1.879937e+05
53	76	72	6.867976e+04
53	76	73	1.054386e+05
53	76	74	4.536474e+04
53	76	75	1.178805e+05
53	76	76	5.212499e+04
53	77	57	9.050581e+01
53	77	58	7.814660e+04
53	77	59	1.602033e+05
53	77	60	1.279590e+06
53	77	61	1.761353e+04
53	77	62	1.029915e+06
53	77	63	1.652802e+06
53	77	64	3.219966e+06
53	77	65	1.203935e+07
53	77	66	2.402611e+07
53	77	67	3.834418e+07
53	77	68	2.142905e+07
53	77	69	7.954700e+06
53	77	70	9.967398e+05
53	77	71	3.461628e+05
53	77	72	-9.674503e+03
53	77	73	6.601424e+05
53	77	74	4.541039e+05
53	77	75	-1.527051e+05
53	77	76	-9.386236e+04
53	78	58	1.269087e-03
53	78	59	1.533349e+01
53	78	60	5.274353e+04
53	78	61	9.174229e+04
53	78	62	1.248446e+06
53	78	63	4.416959e+05
53	78	64	3.812627e+06
53	78	65	8.902058e+06
53	78	66	2.157337e+07
53	78	67	3.076859e+07
53	78	68	1.563369e+07
53	78	69	6.100122e+06
53	78	70	1.603888e+06
53	78	71	1.052780e+06
53	78	72	9.128414e+05
53	78	73	7.748019e+05
53	78	74	1.740097e+05
53	78	75	1.183160e+06
53	78	76	4.993445e+05
53	79	58	4.469856e-02
53	79	59	5.400615e+02
53	79	60	1.657316e+04
53	79	61	8.286073e+04
53	79	62	5.421494e+05
53	79	63	7.005625e+05
53	79	64	9.694575e+05
53	79	65	4.890132e+06
53	79	66	1.035021e+07
53	79	67	1.188410e+07
53	79	68	6.537827e+06
53	79	69	2.613855e+06
53	79	70	1.127014e+06
53	79	71	3.867438e+05
53	79	72	3.050509e+05
53	79	78	-1.111685e+01
53	79	79	-1.387786e+03
53	79	80	-1.968373e+03
53	80	61	1.341427e+05
53	80	62	1.187718e+05
53	80	63	1.557375e+06
53	80	64	6.501037e+04
53	80	65	9.642968e+05
53	80	66	2.097638e+06
53	80	67	2.013475e+06
53	80	68	1.829346e+06
53	80	69	5.474901e+05
53	80	70	4.371322e+05
53	80	71	1.496111e+02
53	80	72	6.923490e+03
53	80	73	3.769851e+03
53	80	78	-5.212554e+02
53	80	79	-6.507157e+04
53	80	80	-9.229459e+04
53	81	62	6.506615e+03
53	81	63	7.407977e+04
53	81	64	1.159564e+05
53	81	65	2.159935e+04
53	81	66	1.064439e+05
53	81	67	5.682706e+04
53	81	68	8.214398e+04
53	81	69	1.484809e+05
53	81	70	-1.410502e+04
53	81	71	1.775958e+03
53	81	72	8.218528e+04
53	81	73	4.475001e+04
53	81	78	-9.131554e+02
53	81	79	-1.139949e+05
53	81	80	-1.616852e+05
53	82	60	6.626964e+02
53	82	61	1.480790e+04
53	82	62	1.123978e+04
53	82	63	1.096547e+05
53	82	64	7.013345e+05
53	82	65	1.625190e+05
53	82	66	1.666493e+05
53	82	67	1.344457e+05
53	82	68	6.586441e+05
53	82	69	5.568822e+05
53	82	70	6.990680e+02
53	82	71	5.148346e+03
53	82	72	2.499399e+05
53	82	73	1.400386e+05
53	83	58	2.057565e+01
53	83	59	1.524608e+04
53	83	60	3.190544e+04
53	83	61	3.188720e+05
53	83	62	1.313941e+05
53	83	63	1.543914e+04
53	83	64	1.355775e+05
53	83	65	3.167788e+04
53	83	68	8.563417e+02
53	83	69	7.286611e+03
53	83	70	1.660475e+03
53	83	71	4.499035e+02
53	83	72	3.236306e+05
53	83	73	2.784130e+05
53	84	58	2.297233e+02
53	84	59	1.702196e+05
53	84	60	2.289304e+05
53	84	61	7.159116e+05
53	84	62	2.949978e+05
53	84	68	6.723456e+03
53	84	69	5.720988e+04
53	84	70	1.303700e+04
53	84	71	1.979625e+02
53	84	72	1.442566e+05
53	84	73	2.028127e+05
53	84	74	4.280348e+04
53	84	75	3.949745e-02
53	84	76	2.049768e+02
53	84	77	2.166380e+02
53	85	58	6.399736e+01
53	85	59	4.742055e+04
53	85	60	5.485088e+04
53	85	61	2.558656e+01
53	85	62	8.464511e+03
53	85	63	6.773679e+03
53	85	72	1.381022e+04
53	85	73	5.976794e+05
53	85	74	3.185584e+05
53	85	75	-6.574805e-02
53	85	76	-3.412074e+02
53	85	77	-3.606188e+02
53	86	61	-4.475410e+01
53	86	62	-1.480549e+04
53	86	63	-1.184801e+04
53	86	72	2.814056e+03
53	86	73	1.217869e+05
53	86	74	6.491147e+04
53	86	75	3.933053e-01
53	86	76	2.041105e+03
53	86	77	2.157224e+03
53	87	61	2.488184e+02
53	87	62	8.231378e+04
53	87	63	6.587115e+04
53	88	57	1.956777e+03
53	88	58	5.898369e+04
53	88	59	2.762031e+04
53	88	62	3.301886e+02
53	88	63	5.730842e+03
53	88	64	2.083193e+03
53	89	57	2.190318e+04
53	89	58	6.602337e+05
53	89	59	3.091678e+05
53	89	62	3.029418e+03
53	89	63	5.257938e+04
53	89	64	1.911290e+04
53	90	57	6.112568e+03
53	90	58	1.842529e+05
53	90	59	8.628013e+04
53	90	62	9.949170e+03
53	90	63	1.726805e+05
53	90	64	6.277030e+04
54	63	86	1.963358e+01
54	63	87	1.818641e+03
54	63	88	1.188088e+03
54	64	72	1.882988e+00
54	64	73	2.044754e+02
54	64	74	1.380914e+02
54	64	86	-4.664699e+00
54	64	87	-4.320870e+02
54	64	88	-2.822752e+02
54	65	72	3.161383e+01
54	65	73	3.432975e+03
54	65	74	2.318441e+03
54	65	86	2.632984e+02
54	65	87	2.438909e+04
54	65	88	1.593299e+04
54	66	28	9.471892e+02
54	66	29	1.866324e+04
54	66	30	4.334642e+04
54	66	62	2.138474e+00
54	66	63	1.276178e+03
54	66	64	1.500634e+03
54	66	72	9.881173e+01
54	66	73	8.688733e+03
54	66	74	5.786836e+03
54	67	28	1.432188e+04
54	67	29	2.821956e+05
54	67	30	6.554152e+05
54	67	62	4.065022e+02
54	67	63	2.425884e+05
54	67	64	2.852553e+05
54	67	72	2.007255e+04
54	67	73	1.820144e+05
54	67	74	4.360389e+04
54	68	28	4.824199e+03
54	68	29	9.505510e+04
54	68	30	2.207709e+05
54	68	62	3.026093e+02
54	68	63	1.805883e+05
54	68	64	2.123504e+05
54	68	72	1.764561e+04
54	68	73	1.600073e+05
54	68	74	3.833182e+04
54	69	61	3.999440e+03
54	69	62	2.855846e+04
54	69	63	1.312913e+04
54	69	64	-4.619911e+03
54	69	65	9.445776e+04
54	69	66	5.840838e+03
54	69	67	1.001884e+04
54	69	68	1.016377e+05
54	70	61	1.844783e+04
54	70	62	1.317289e+05
54	70	63	1.001832e+05
54	70	64	-4.466550e+04
54	70	65	9.353572e+05
54	70	66	4.444126e+04
54	70	67	7.623045e+04
54	70	68	7.733318e+05
54	71	61	9.058325e+04
54	71	62	6.468255e+05
54	71	63	1.732395e+05
54	71	64	1.750683e+05
54	71	65	9.749907e+05
54	71	66	1.666633e+04
54	71	67	1.583733e+04
54	71	68	1.631036e+05
54	71	69	2.092098e+03
54	71	70	2.416347e+03
54	71	71	4.792131e+04
54	71	72	1.865164e+04
54	72	62	1.254472e+03
54	72	63	3.286566e+04
54	72	64	2.832576e+05
54	72	65	1.230979e+06
54	72	66	1.323127e+05
54	72	67	8.702854e+04
54	72	68	1.724032e+02
54	72	69	-7.262195e+03
54	72	70	2.940013e+04
54	72	71	-3.410217e+04
54	72	72	-1.327303e+04
54	73	62	9.610316e+02
54	73	63	1.086565e+04
54	73	64	2.356182e+05
54	73	65	2.793753e+05
54	73	66	3.807681e+05
54	73	67	5.264729e+05
54	73	68	1.234770e+05
54	73	69	2.515205e+05
54	73	70	3.459751e+05
54	73	71	6.548731e+05
54	73	72	2.972489e+05
54	74	60	2.004681e+03
54	74	61	5.247925e+04
54	74	62	5.523963e+04
54	74	63	1.904601e+05
54	74	64	2.106451e+05
54	74	65	1.302358e+06
54	74	66	3.097761e+06
54	74	67	3.218714e+06
54	74	68	2.093287e+06
54	74	69	2.336652e+06
54	74	70	1.902632e+06
54	74	71	6.990614e+05
54	74	72	8.763688e+05
54	74	73	4.389684e+03
54	74	74	1.262201e+03
54	75	57	3.099430e+01
54	75	58	2.698391e+03
54	75	59	4.091899e+03
54	75	60	2.577120e+04
54	75	61	4.731292e+05
54	75	62	2.252541e+05
54	75	63	2.046514e+04
54	75	64	3.053959e+05
54	75	65	2.305789e+06
54	75	66	3.830971e+06
54	75	67	3.693449e+06
54	75	68	3.208675e+06
54	75	69	1.894187e+06
54	75	70	9.132173e+05
54	75	71	4.013921e+05
54	75	72	2.712525e+05
54	75	73	1.176202e+04
54	75	74	3.382027e+03
54	76	57	3.683159e+03
54	76	58	3.206590e+05
54	76	59	4.862544e+05
54	76	60	7.874225e+03
54	76	61	3.246239e+05
54	76	62	6.325437e+05
54	76	63	2.996834e+06
54	76	64	2.171647e+06
54	76	65	5.884357e+06
54	76	66	1.176143e+07
54	76	67	1.432735e+07
54	76	68	7.742239e+06
54	76	69	4.474773e+06
54	76	70	6.974451e+05
54	76	71	1.380300e+05
54	76	72	2.206168e+04
54	76	73	9.420990e+04
54	76	74	2.516587e+04
54	76	75	2.400167e+04
54	76	76	1.044800e+04
54	77	57	2.531681e+03
54	77	58	2.204127e+05
54	77	59	3.629980e+05
54	77	60	2.982632e+04
54	77	61	3.376348e+03
54	77	62	3.055297e+05
54	77	63	9.606705e+05
54	77	64	1.187419e+06
54	77	65	5.437845e+06
54	77	66	1.549849e+07
54	77	67	1.961694e+07
54	77	68	1.458160e+07
54	77	69	6.742642e+06
54	77	70	2.220376e+06
54	77	71	4.988858e+05
54	77	72	1.861269e+04
54	77	73	4.160085e+04
54	77	74	2.679014e+04
54	77	75	6.625132e+05
54	77	76	-1.881390e+04
54	78	58	1.001599e+00
54	78	59	1.210162e+04
54	78	60	1.254907e+04
54	78	61	-3.007157e+03
54	78	62	-1.108830e+04
54	78	63	2.462206e+04
54	78	64	3.892680e+06
54	78	65	6.809705e+06
54	78	66	1.746350e+07
54	78	67	1.686189e+07
54	78	68	1.138087e+07
54	78	69	5.353406e+06
54	78	70	1.011157e+06
54	78	71	7.569043e+05
54	78	72	2.432640e+05
54	78	73	1.689552e+05
54	78	74	3.451067e+04
54	78	75	8.684760e+05
54	78	76	1.000893e+05
54	79	58	3.527736e+01
54	79	59	4.262317e+05
54	79	60	4.419913e+05
54	79	61	1.398893e+04
54	79	62	6.742668e+04
54	79	63	7.265411e+05
54	79	64	2.774163e+06
54	79	65	3.858236e+06
54	79	66	7.852818e+06
54	79	67	9.914242e+06
54	79	68	6.383844e+06
54	79	69	2.388408e+06
54	79	70	6.113737e+05
54	79	71	5.872782e+05
54	79	72	4.632260e+05
54	79	78	5.709071e+01
54	79	79	7.126991e+03
54	79	80	1.010860e+04
54	80	61	4.902380e+04
54	80	62	2.888458e+05
54	80	63	1.217084e+06
54	80	64	5.462943e+05
54	80	65	9.099102e+05
54	80	66	1.852122e+06
54	80	67	2.883794e+06
54	80	68	1.537000e+06
54	80	69	7.165010e+05
54	80	70	3.064170e+05
54	80	78	2.676914e+03
54	80	79	3.341759e+05
54	80	80	4.739800e+05
54	81	59	3.706756e-02
54	81	60	1.659254e-01
54	81	61	8.308111e-01
54	81	62	1.280159e+04
54	81	63	-1.546392e+04
54	81	64	1.509496e+05
54	81	65	3.323457e+02
54	81	66	1.267609e+05
54	81	67	2.920377e+05
54	81	68	1.921350e+06
54	81	69	2.398102e+06
54	81	70	4.283433e+05
54	81	78	4.689521e+03
54	81	79	5.854222e+05
54	81	80	8.303365e+05
54	82	59	1.075394e+02
54	82	60	6.202875e+02
54	82	61	5.514246e+03
54	82	62	3.922054e+04
54	82	63	-3.954405e+04
54	82	64	4.428868e+05
54	82	66	7.075875e+03
54	82	67	2.020765e+05
54	82	68	5.269313e+05
54	82	69	2.741313e+05
54	82	70	1.117139e+04
54	82	71	2.249634e+01
54	82	72	1.618237e+04
54	82	73	1.392137e+04
54	83	59	1.157892e+02
54	83	60	3.509570e+03
54	83	61	6.943479e+04
54	83	62	2.754184e+04
54	83	68	1.368468e+04
54	83	69	1.164430e+05
54	83	70	2.653506e+04
54	83	71	5.826278e+02
54	83	72	4.191036e+05
54	83	73	3.605466e+05
54	84	60	6.715799e+03
54	84	61	1.500640e+05
54	84	62	6.183523e+04
54	84	68	1.074435e+05
54	84	69	9.142370e+05
54	84	70	2.083366e+05
54	84	71	2.563626e+02
54	84	72	1.844102e+05
54	84	73	1.586444e+05
54	84	75	1.152174e+01
54	84	76	5.985761e+04
54	84	77	6.322643e+04
54	84	78	9.594950e+02
54	85	61	2.800271e+02
54	85	62	9.263820e+04
54	85	63	7.413322e+04
54	85	75	-1.917926e+01
54	85	76	-9.560685e+04
54	85	77	-1.032803e+05
54	85	78	5.872927e+04
54	86	61	-4.898025e+02
54	86	62	-1.620358e+05
54	86	63	-1.296683e+05
54	86	75	1.147305e+02
54	86	76	5.977270e+05
54	86	77	6.304121e+05
54	86	78	3.469192e+04
54	87	61	2.723145e+03
54	87	62	9.008671e+05
54	87	63	7.209140e+05
54	88	62	1.656229e+03
54	88	63	2.874595e+04
54	88	64	1.044931e+04
54	89	62	1.519558e+04
54	89	63	2.637386e+05
54	89	64	9.587045e+04
54	90	62	4.990512e+04
54	90	63	8.661666e+05
54	90	64	3.148564e+05
55	63	86	2.376637e+02
55	63	87	2.201458e+04
55	63	88	1.438176e+04
55	64	72	6.388451e+01
55	64	73	6.937278e+03
55	64	74	4.685053e+03
55	64	86	-5.646600e+01
55	64	87	-5.230396e+03
55	64	88	-3.416930e+03
55	65	72	1.072569e+03
55	65	73	1.164712e+05
55	65	74	7.865821e+04
55	65	86	3.187216e+03
55	65	87	2.952290e+05
55	65	88	1.928682e+05
55	66	28	4.801758e+02
55	66	29	9.461292e+03
55	66	30	2.197439e+04
55	66	72	2.656522e+03
55	66	73	2.884742e+05
55	66	74	1.948195e+05
55	67	28	7.260448e+03
55	67	29	1.430585e+05
55	67	30	3.322615e+05
55	68	28	2.445618e+03
55	68	29	4.818800e+04
55	68	30	1.119194e+05
55	68	73	3.038958e+02
55	68	74	2.087489e+03
55	68	75	8.033529e+03
55	69	56	5.174031e+01
55	69	57	1.193761e+03
55	69	58	4.991801e+02
55	69	66	4.109521e+03
55	69	67	7.049094e+03
55	69	68	7.151064e+04
55	69	73	-4.595916e+02
55	69	74	-3.156978e+03
55	69	75	-1.214937e+04
55	70	56	3.872827e+02
55	70	57	8.935449e+03
55	70	58	3.736425e+03
55	70	62	2.061112e-01
55	70	63	1.764382e-01
55	70	64	3.238162e+00
55	70	66	3.126816e+04
55	70	67	5.363453e+04
55	70	68	5.441039e+05
55	70	73	3.150326e+03
55	70	74	2.163989e+04
55	70	75	8.327931e+04
55	71	56	7.930900e+01
55	71	57	1.829830e+03
55	71	58	7.651572e+02
55	71	62	7.909470e+02
55	71	63	4.460909e+03
55	71	64	7.011714e+04
55	71	65	1.086284e+05
55	71	66	2.731981e+04
55	71	67	1.126189e+04
55	71	68	1.803662e+05
55	71	69	5.670715e+04
55	72	61	3.646225e-02
55	72	62	8.409378e+04
55	72	63	-1.641177e+05
55	72	64	8.341102e+05
55	72	65	8.403428e+05
55	72	66	2.130975e+05
55	72	67	4.096390e+04
55	72	68	-7.489499e+04
55	72	69	-7.095767e+04
55	72	70	3.342951e+04
55	73	61	6.424276e+00
55	73	62	6.411815e+04
55	73	63	-7.348908e+04
55	73	64	1.184697e+06
55	73	65	9.032190e+05
55	73	66	1.948447e+05
55	73	67	5.846371e+04
55	73	68	8.166876e+05
55	73	69	6.706814e+05
55	73	70	3.047721e+05
55	73	71	2.592977e+03
55	74	54	1.030703e+03
55	74	55	9.442633e+03
55	74	56	2.280018e+03
55	74	61	2.948586e+02
55	74	62	2.856894e+04
55	74	63	1.027437e+05
55	74	64	1.393700e+05
55	74	65	3.870459e+05
55	74	66	9.221772e+05
55	74	67	1.611292e+06
55	74	68	1.850522e+06
55	74	69	5.785803e+05
55	74	70	1.063641e+06
55	74	71	2.221963e+04
55	74	72	-9.667360e+00
55	74	73	-1.131296e+02
55	74	74	-3.252906e+01
55	75	54	1.538374e+03
55	75	55	1.409359e+04
55	75	56	3.403038e+03
55	75	57	1.408451e+01
55	75	58	1.226210e+03
55	75	59	1.859452e+03
55	75	61	-3.194409e+01
55	75	62	-1.734850e+04
55	75	63	-9.942896e+04
55	75	64	2.284126e+05
55	75	65	3.797286e+05
55	75	66	1.405271e+06
55	75	67	1.236543e+06
55	75	68	2.119896e+06
55	75	69	8.931468e+05
55	75	70	8.864253e+05
55	75	71	5.109175e+03
55	75	72	-1.603487e+01
55	75	73	-3.031273e+02
55	75	74	-8.716060e+01
55	76	54	1.749185e+04
55	76	55	1.602490e+05
55	76	56	3.869374e+04
55	76	57	1.673711e+03
55	76	58	1.457147e+05
55	76	59	2.209650e+05
55	76	61	3.917445e+03
55	76	62	3.679462e+05
55	76	63	1.467452e+06
55	76	64	2.735765e+06
55	76	65	4.395119e+06
55	76	66	5.284827e+06
55	76	67	3.254826e+06
55	76	68	4.933568e+06
55	76	69	4.841157e+06
55	76	70	1.189040e+06
55	76	71	1.181804e+05
55	76	72	-9.330636e+01
55	76	73	-2.166221e+03
55	76	74	-6.205131e+02
55	76	75	1.101554e+02
55	77	57	1.150453e+03
55	77	58	1.001622e+05
55	77	59	1.850051e+05
55	77	60	3.434615e+04
55	77	61	4.508530e+02
55	77	62	1.546470e+04
55	77	63	3.535730e+05
55	77	64	1.360899e+06
55	77	65	5.494372e+06
55	77	66	5.918488e+06
55	77	67	6.634789e+06
55	77	68	3.330859e+06
55	77	69	2.710148e+06
55	77	70	1.278393e+06
55	77	71	5.730071e+05
55	77	72	3.003132e+02
55	77	73	1.343259e+04
55	77	74	8.236987e+03
55	77	75	2.043981e+05
55	78	58	1.153364e+00
55	78	59	1.393530e+04
55	78	60	1.533525e+04
55	78	61	5.187766e+04
55	78	62	8.625864e+05
55	78	63	3.829765e+05
55	78	64	9.271647e+05
55	78	65	1.554588e+06
55	78	66	2.717986e+06
55	78	67	4.764323e+06
55	78	68	4.857675e+06
55	78	69	2.182326e+06
55	78	70	8.379532e+05
55	78	71	8.943032e+05
55	78	73	1.223492e+04
55	78	74	7.502564e+03
55	78	75	1.861737e+05
55	79	58	4.062269e+01
55	79	59	4.908156e+05
55	79	60	5.099316e+05
55	79	61	3.708541e+04
55	79	62	5.802386e+05
55	79	63	3.503694e+05
55	79	64	1.294614e+06
55	79	65	1.271110e+06
55	79	66	4.008666e+06
55	79	67	5.046273e+06
55	79	68	4.717576e+06
55	79	69	3.577847e+06
55	79	70	6.893778e+05
55	80	56	1.125449e+00
55	80	57	3.639710e+02
55	80	58	2.905171e+02
55	80	62	5.406474e+03
55	80	63	6.364066e+04
55	80	64	4.824962e+05
55	80	65	7.401884e+05
55	80	66	4.006519e+06
55	80	67	3.272013e+06
55	80	68	7.504675e+05
55	80	69	6.261442e+05
55	80	70	1.319815e+04
55	81	56	8.425842e+01
55	81	57	2.724922e+04
55	81	58	2.174999e+04
55	81	59	6.970608e+00
55	81	60	3.120252e+01
55	81	61	1.562352e+02
55	81	62	1.111840e+05
55	81	63	8.619939e+05
55	81	64	5.980981e+05
55	81	66	-5.333053e+03
55	81	67	-9.601590e+04
55	81	68	1.210947e+06
55	81	69	1.705473e+06
55	81	70	3.377837e+05
55	82	56	5.241181e+01
55	82	57	1.695001e+04
55	82	58	1.352929e+04
55	82	59	2.022293e+04
55	82	60	9.052384e+04
55	82	61	4.532651e+05
55	82	62	1.327797e+05
55	82	63	4.014038e+05
55	82	64	1.163660e+06
55	82	66	4.739157e+04
55	82	67	1.197959e+06
55	82	68	6.618038e+05
55	82	69	5.742815e+04
55	82	70	3.882485e+03
55	83	59	2.177432e+04
55	83	60	9.746832e+04
55	83	61	4.880370e+05
55	83	68	4.755951e+03
55	83	69	4.046839e+04
55	83	70	9.221947e+03
55	84	66	5.866613e+00
55	84	67	3.217803e+02
55	84	68	3.752510e+04
55	84	69	3.177323e+05
55	84	70	7.240492e+04
55	84	75	9.086001e+00
55	84	76	4.806077e+04
55	84	77	5.027832e+04
55	84	78	1.358001e+04
55	85	61	7.695095e+01
55	85	62	2.545681e+04
55	85	63	2.037168e+04
55	85	66	1.148437e+02
55	85	67	6.299112e+03
55	85	68	3.609067e+03
55	85	75	-1.512469e+01
55	85	76	-2.292204e+04
55	85	77	-5.584906e+04
55	85	78	8.312122e+05
55	86	61	-1.345969e+02
55	86	62	-4.452716e+04
55	86	63	-3.563262e+04
55	86	66	4.441149e+01
55	86	67	2.435944e+03
55	86	68	1.395671e+03
55	86	71	4.491838e+00
55	86	72	6.275435e+01
55	86	73	2.017968e+01
55	86	75	9.047602e+01
55	86	76	5.023616e+05
55	86	77	5.122611e+05
55	86	78	4.910047e+05
55	87	61	7.483153e+02
55	87	62	2.475567e+05
55	87	63	1.981059e+05
55	87	71	1.928934e+03
55	87	72	2.694866e+04
55	87	73	8.665781e+03
55	88	71	1.586746e+03
55	88	72	2.216804e+04
55	88	73	7.128495e+03
56	60	83	2.188819e+01
56	60	84	2.415071e+02
56	60	85	6.673829e+01
56	61	83	-2.622422e+01
56	61	84	-2.893494e+02
56	61	85	-7.995907e+01
56	62	83	2.445195e+02
56	62	84	2.697948e+03
56	62	85	7.455533e+02
56	63	86	6.803232e+02
56	63	87	6.301773e+04
56	63	88	4.116844e+04
56	64	72	1.228354e+02
56	64	73	1.333881e+04
56	64	74	9.008293e+03
56	64	86	-1.616365e+02
56	64	87	-1.497225e+04
56	64	88	-9.781119e+03
56	65	72	2.062306e+03
56	65	73	2.239477e+05
56	65	74	1.512419e+05
56	65	86	9.123552e+03
56	65	87	8.451065e+05
56	65	88	5.520940e+05
56	66	72	5.107889e+03
56	66	73	5.546704e+05
56	66	74	3.745936e+05
56	68	73	4.341125e+03
56	68	74	2.981960e+04
56	68	75	1.147583e+05
56	69	56	3.720561e+03
56	69	57	8.584139e+04
56	69	58	3.589522e+04
56	69	69	5.914103e+01
56	69	70	2.554735e+03
56	69	71	1.360829e+03
56	69	73	-6.565225e+03
56	69	74	-4.509716e+04
56	69	75	-1.735527e+05
56	70	56	2.784887e+04
56	70	57	6.425336e+05
56	70	58	2.686803e+05
56	70	62	1.760347e+01
56	70	63	1.506917e+01
56	70	64	2.765637e+02
56	70	66	1.894104e+01
56	70	67	2.035226e+03
56	70	68	1.371566e+03
56	70	69	4.898618e+02
56	70	70	2.116073e+04
56	70	71	1.127167e+04
56	70	73	4.500213e+04
56	70	74	3.091239e+05
56	70	75	1.189638e+06
56	71	56	5.702981e+03
56	71	57	1.315801e+05
56	71	58	5.502121e+04
56	71	62	3.702243e+04
56	71	63	4.362278e+04
56	71	64	7.010618e+05
56	71	65	2.779838e+04
56	71	66	1.243861e+04
56	71	67	1.836802e+04
56	71	68	4.220806e+04
56	71	69	2.554505e+04
56	71	70	4.718356e+03
56	71	71	2.513323e+03
56	72	61	1.755054e+02
56	72	62	8.421986e+04
56	72	63	-8.539405e+04
56	72	64	8.261197e+05
56	72	65	-1.020803e+05
56	72	66	5.940069e+05
56	72	67	1.148418e+05
56	72	68	1.004460e+04
56	72	69	-2.951981e+04
56	72	70	-2.929903e+01
56	73	61	3.092226e+04
56	73	62	2.678555e+04
56	73	63	4.529456e+05
56	73	64	1.560152e+06
56	73	65	7.083653e+05
56	73	66	4.376767e+05
56	73	67	5.828691e+03
56	73	68	3.417184e+05
56	73	69	2.989337e+05
56	73	70	1.141338e+05
56	73	71	2.739744e+04
56	74	54	-1.995918e+03
56	74	55	-1.828531e+04
56	74	56	-4.415172e+03
56	74	61	4.154818e+04
56	74	62	-7.185775e+03
56	74	63	6.265160e+05
56	74	64	5.605282e+04
56	74	65	2.097612e+05
56	74	66	5.061545e+05
56	74	67	6.402528e+05
56	74	68	4.353945e+04
56	74	69	1.122771e+05
56	74	70	1.497289e+06
56	74	71	2.348179e+05
56	74	72	5.203828e+03
56	74	73	6.089637e+04
56	74	74	1.751001e+04
56	75	54	-2.979005e+03
56	75	55	-2.729172e+04
56	75	56	-6.589859e+03
56	75	62	-1.491137e+04
56	75	63	-1.292271e+05
56	75	64	8.088881e+04
56	75	65	1.104391e+05
56	75	66	1.269705e+06
56	75	67	3.623040e+05
56	75	68	2.470928e+05
56	75	69	1.969372e+05
56	75	70	1.704450e+06
56	75	71	8.666158e+04
56	75	72	2.460498e+04
56	75	73	1.631699e+05
56	75	74	4.691754e+04
56	76	54	-3.387234e+04
56	76	55	-3.103164e+05
56	76	56	-7.492901e+04
56	76	62	8.821306e+04
56	76	63	8.485092e+05
56	76	64	5.581826e+05
56	76	65	6.848573e+05
56	76	66	2.100683e+06
56	76	67	3.090534e+06
56	76	68	3.676446e+06
56	76	69	5.148851e+05
56	76	70	6.021076e+05
56	76	71	1.690284e+05
56	76	72	1.998272e+05
56	76	73	1.169949e+06
56	76	74	3.364046e+05
56	77	60	3.613347e+01
56	77	61	2.309914e+02
56	77	62	1.144423e+03
56	77	63	2.887599e+04
56	77	64	1.021695e+05
56	77	65	1.494847e+06
56	77	66	2.068538e+06
56	77	67	2.586121e+06
56	77	68	2.603789e+06
56	77	69	5.362830e+05
56	77	70	5.994757e+03
56	77	71	4.814207e+05
56	77	72	3.244441e+05
56	78	60	6.980462e+04
56	78	61	4.462418e+05
56	78	62	1.206513e+05
56	78	63	-1.989019e+04
56	78	64	7.393041e+05
56	78	65	1.019463e+06
56	78	66	1.565723e+06
56	78	67	2.076627e+06
56	78	68	1.890575e+06
56	78	69	9.846803e+05
56	78	70	5.395323e+05
56	79	60	7.641516e+04
56	79	61	4.885012e+05
56	79	62	1.491106e+05
56	79	63	2.095310e+04
56	79	64	1.267805e+06
56	79	65	9.522174e+05
56	79	66	1.213579e+06
56	79	67	1.214232e+06
56	79	68	1.114116e+06
56	79	69	1.099469e+06
56	79	70	8.115706e+05
56	80	56	2.014915e+01
56	80	57	6.516248e+03
56	80	58	5.201189e+03
56	80	64	8.520775e+04
56	80	65	4.156404e+05
56	80	66	1.526979e+06
56	80	67	1.671712e+06
56	80	68	1.734258e+05
56	80	69	3.523591e+05
56	80	70	8.222905e+04
56	81	56	1.508496e+03
56	81	57	4.878485e+05
56	81	58	3.893947e+05
56	81	59	5.180670e+00
56	81	60	2.319022e+01
56	81	61	1.161166e+02
56	81	65	1.532463e+03
56	81	66	1.465170e+03
56	81	67	2.438463e+04
56	81	68	1.257543e+04
56	81	69	1.938847e+05
56	81	70	6.603837e+04
56	82	56	9.383396e+02
56	82	57	3.034596e+05
56	82	58	2.422177e+05
56	82	59	1.503001e+04
56	82	60	6.727880e+04
56	82	61	3.368740e+05
56	83	59	1.618303e+04
56	83	60	7.244004e+04
56	83	61	3.627171e+05
56	84	66	5.041205e+02
56	84	67	2.765072e+04
56	84	68	1.584244e+04
56	84	76	2.942147e+02
56	84	77	1.435233e+02
56	84	78	4.400893e+03
56	85	66	9.868568e+03
56	85	67	5.412853e+05
56	85	68	3.101286e+05
56	85	76	1.800845e+04
56	85	77	8.784852e+03
56	85	78	2.693722e+05
56	86	66	3.816297e+03
56	86	67	2.093217e+05
56	86	68	1.199306e+05
56	86	71	9.289713e+01
56	86	72	1.297843e+03
56	86	73	4.173425e+02
56	86	76	1.063776e+04
56	86	77	5.189292e+03
56	86	78	1.591206e+05
56	87	71	3.989290e+04
56	87	72	5.573338e+05
56	87	73	1.792198e+05
56	88	71	3.281601e+04
56	88	72	4.584643e+05
56	88	73	1.474267e+05
57	60	83	6.880547e+03
57	60	84	7.591769e+04
57	60	85	2.097916e+04
57	61	83	-8.243576e+03
57	61	84	-9.095691e+04
57	61	85	-2.513511e+04
57	62	83	7.686464e+04
57	62	84	8.480991e+05
57	62	85	2.343645e+05
57	68	73	1.414593e+03
57	68	74	9.716974e+03
57	68	75	3.739496e+04
57	69	56	2.291502e+03
57	69	57	5.286990e+04
57	69	58	2.210795e+04
57	69	69	1.820077e+03
57	69	70	7.862251e+04
57	69	71	4.187979e+04
57	69	73	-2.139335e+03
57	69	74	-1.469530e+04
57	69	75	-5.655363e+04
57	70	56	1.715218e+04
57	70	57	3.957378e+05
57	70	58	1.654808e+05
57	70	62	1.129438e+01
57	70	63	9.668369e+00
57	70	64	1.774431e+02
57	70	66	4.895220e+00
57	70	67	5.259944e+02
57	70	68	3.544747e+02
57	70	69	1.507560e+04
57	70	70	6.512257e+05
57	70	71	3.468879e+05
57	70	73	1.466433e+04
57	70	74	1.007307e+05
57	70	75	3.876536e+05
57	71	56	3.512478e+03
57	71	57	8.104046e+04
57	71	58	3.388768e+04
57	71	62	2.361399e+04
57	71	63	2.021668e+04
57	71	64	3.975495e+05
57	71	65	2.248921e+04
57	71	66	1.802023e+04
57	71	67	4.045184e+04
57	71	68	1.870022e+04
57	71	69	3.361512e+03
57	71	70	1.452084e+05
57	71	71	7.734803e+04
57	72	61	1.858826e+02
57	72	62	2.155390e+04
57	72	63	2.096530e+04
57	72	64	6.420795e+05
57	72	65	1.502683e+05
57	72	66	7.730284e+05
57	72	67	3.389950e+05
57	72	68	1.518717e+05
57	72	69	9.008927e+01
57	72	70	3.451366e+03
57	73	61	3.275060e+04
57	73	62	-1.267170e+04
57	73	63	4.284634e+05
57	73	64	8.753202e+05
57	73	65	7.617315e+05
57	73	66	4.159202e+05
57	73	67	7.696353e+04
57	73	68	1.004269e+05
57	73	69	2.567127e+04
57	73	70	9.850077e+05
57	74	54	9.470770e+03
57	74	55	8.676507e+04
57	74	56	2.095030e+04
57	74	61	4.400481e+04
57	74	62	-1.702612e+04
57	74	63	5.754673e+05
57	74	64	-1.273830e+05
57	74	65	-1.062078e+05
57	74	66	2.464081e+04
57	74	67	1.587034e+03
57	74	68	6.264653e+04
57	74	69	2.163456e+04
57	74	70	9.194144e+05
57	74	71	2.750489e+02
57	75	54	1.413558e+04
57	75	55	1.295011e+05
57	75	56	3.126933e+04
57	75	63	4.386999e+02
57	75	64	7.491845e+05
57	75	65	7.006937e+05
57	75	66	3.640353e+05
57	75	67	6.727885e+04
57	75	68	3.958555e+04
57	75	69	8.279311e+04
57	75	70	7.522183e+05
57	75	71	1.183469e+05
57	75	72	9.431300e+03
57	76	54	1.607266e+05
57	76	55	1.472473e+06
57	76	56	3.555433e+05
57	76	64	9.324520e+04
57	76	65	-6.417249e+04
57	76	66	1.417804e+06
57	76	67	2.661408e+05
57	76	68	7.559152e+05
57	76	69	4.632148e+05
57	76	70	6.326062e+05
57	76	71	2.588579e+05
57	76	72	8.832931e+04
57	77	60	2.276122e+01
57	77	61	1.455063e+02
57	77	62	-1.851506e+03
57	77	63	-8.672591e+03
57	77	64	-3.706039e+03
57	77	65	3.097883e+05
57	77	66	1.046552e+06
57	77	67	7.860231e+05
57	77	68	1.425251e+06
57	77	69	1.644704e+06
57	77	70	4.834494e+03
57	77	71	4.258716e+05
57	77	72	2.870079e+05
57	78	60	4.397138e+04
57	78	61	2.810970e+05
57	78	62	7.694902e+04
57	78	63	4.940252e+03
57	78	64	6.190602e+05
57	78	65	4.025294e+05
57	78	66	2.493734e+05
57	78	67	3.929992e+05
57	78	68	1.933512e+05
57	78	69	7.715891e+05
57	78	70	3.102171e+05
57	79	60	4.813550e+04
57	79	61	3.077171e+05
57	79	62	6.461722e+04
57	79	63	-9.674212e+04
57	79	64	2.697613e+05
57	79	65	6.249333e+05
57	79	66	1.412320e+05
57	79	67	4.065673e+04
57	79	68	6.457066e+04
57	79	69	3.229300e+05
57	79	70	4.553699e+05
57	80	56	7.445069e+00
57	80	57	2.407740e+03
57	80	58	1.921828e+03
57	80	64	8.890040e+03
57	80	65	1.649569e+05
57	80	66	7.982681e+04
57	80	67	6.815941e+05
57	80	68	2.047965e+04
57	80	69	1.776344e+05
57	80	70	4.110229e+04
57	81	56	5.573861e+02
57	81	57	1.802590e+05
57	81	58	1.438805e+05
57	81	65	3.548324e+04
57	81	66	3.392513e+04
57	81	67	5.646113e+05
57	82	56	3.467145e+02
57	82	57	1.121277e+05
57	82	58	8.949893e+04
57	84	66	3.238913e+02
57	84	67	1.776525e+04
57	84	68	1.017857e+04
57	85	66	6.340435e+03
57	85	67	3.477692e+05
57	85	68	1.992539e+05
57	86	66	2.451924e+03
57	86	67	1.344866e+05
57	86	68	7.705393e+04
57	86	71	3.690465e+01
57	86	72	5.155858e+02
57	86	73	1.657950e+02
57	87	71	1.584800e+04
57	87	72	2.214085e+05
57	87	73	7.119751e+04
57	88	71	1.303661e+04
57	88	72	1.821312e+05
57	88	73	5.856726e+04
58	60	83	5.474072e+03
58	60	84	6.039911e+04
58	60	85	1.669074e+04
58	61	83	-6.558480e+03
58	61	84	-7.236411e+04
58	61	85	-1.999716e+04
58	62	83	6.115249e+04
58	62	84	6.747364e+05
58	62	85	1.864573e+05
58	69	69	8.592382e+02
58	69	70	3.711681e+04
58	69	71	1.977098e+04
58	70	66	2.742456e+02
58	70	67	2.946785e+04
58	70	68	1.985878e+04
58	70	69	7.117021e+03
58	70	70	3.074364e+05
58	70	71	1.637619e+05
58	71	66	5.299288e+03
58	71	67	3.210865e+05
58	71	68	1.981026e+05
58	71	69	1.586932e+03
58	71	70	6.855125e+04
58	71	71	3.651514e+04
58	72	66	3.504908e+04
58	72	67	1.537840e+06
58	72	68	8.723289e+05
58	73	63	2.443228e+01
58	73	64	4.106676e+04
58	73	65	3.734560e+04
58	73	66	6.725169e+03
58	73	67	1.643580e+05
58	73	68	7.178310e+04
58	74	63	-4.168419e+01
58	74	64	-6.786888e+04
58	74	65	-1.232058e+04
58	74	66	1.114387e+05
58	74	69	3.129886e+01
58	74	70	2.311461e+02
58	74	71	4.678374e+01
58	75	63	2.405079e+02
58	75	64	4.091437e+05
58	75	65	4.265202e+05
58	75	66	1.627330e+05
58	75	67	1.928109e+04
58	75	68	1.292934e+04
58	75	69	1.187465e+04
58	75	70	8.769587e+04
58	75	71	1.774955e+04
58	76	64	2.091123e+04
58	76	65	-1.844157e+04
58	76	66	2.554548e+05
58	76	67	6.064227e+05
58	76	68	4.065832e+05
58	76	69	1.510114e+04
58	76	70	1.073941e+05
58	76	71	2.173645e+04
58	77	62	9.082538e+03
58	77	63	4.052706e+04
58	77	64	2.083903e+05
58	77	65	-4.447451e+03
58	77	66	6.296514e+04
58	77	67	3.028808e+05
58	77	68	1.825627e+05
58	77	69	1.731898e+05
58	78	61	2.331776e+01
58	78	62	-1.576363e+04
58	78	63	-6.995551e+04
58	78	64	-3.523260e+05
58	78	67	1.128294e+04
58	78	68	-8.747470e+03
58	78	69	1.375494e+05
58	79	61	5.489006e+03
58	79	62	8.240063e+04
58	79	63	4.578740e+05
58	79	64	1.986797e+06
58	79	65	3.887358e+01
58	79	66	3.716660e+01
58	79	67	6.185585e+02
58	80	61	4.212105e+03
58	80	62	-4.865124e+03
58	80	63	4.750475e+04
58	80	65	1.794078e+04
58	80	66	1.715298e+04
58	80	67	2.854748e+05
58	81	65	1.486159e+04
58	81	66	1.420900e+04
58	81	67	2.364784e+05
59	27	93	3.780707e+02
59	27	94	-8.579423e+01
59	27	95	5.079037e+03
59	28	91	5.206515e+02
59	28	92	-9.358907e+02
59	28	93	8.274774e+03
59	28	94	-7.448598e+02
59	28	95	4.409586e+04
59	29	91	4.668043e+03
59	29	92	-8.390984e+03
59	29	93	5.585832e+04
59	29	94	-2.518358e+03
59	29	95	1.490874e+05
59	30	91	1.108541e+03
59	30	92	-1.992644e+03
59	30	93	1.062951e+04
59	65	66	2.116227e+02
59	65	67	8.257908e+01
59	65	68	3.122543e+03
59	66	66	2.012386e+03
59	66	67	7.852700e+02
59	66	68	2.969323e+04
59	67	66	6.487656e+03
59	67	67	2.531603e+03
59	67	68	9.572690e+04
59	72	63	9.076024e-01
59	72	64	1.314891e+01
59	72	65	4.320449e+00
59	73	63	1.044596e+01
59	73	64	1.746019e+02
59	73	65	5.943438e+02
59	73	66	1.185725e+03
59	74	63	3.062784e+01
59	74	64	1.011826e+04
59	74	65	2.266116e+05
59	74	66	4.930540e+05
59	75	64	1.174197e+04
59	75	65	2.748610e+05
59	75	66	5.984501e+05
59	75	67	3.308440e+03
59	75	68	2.218544e+03
59	76	66	9.923714e+02
59	76	67	1.040481e+05
59	76	68	6.977165e+04
59	77	66	4.724326e+02
59	77	67	4.953359e+04
59	77	68	3.321579e+04
59	78	61	3.176569e+02
59	78	62	-3.669044e+02
59	78	63	3.582581e+03
59	79	61	7.477651e+04
59	79	62	-8.636939e+04
59	79	63	8.433405e+05
59	80	61	5.738134e+04
59	80	62	-6.627739e+04
59	80	63	6.471552e+05
59	82	49	1.653767e+01
59	82	50	5.819874e+02
59	82	51	2.889440e+02
59	83	49	-2.692065e+01
59	83	50	-9.473812e+02
59	83	51	-4.703541e+02
59	84	49	1.663315e+02
59	84	50	5.853474e+03
59	84	51	2.906122e+03
60	27	93	2.761821e+03
60	27	94	-6.267302e+02
60	27	95	3.710256e+04
60	28	91	4.112130e+03
60	28	92	-7.391709e+03
60	28	93	6.340808e+04
60	28	94	-5.441229e+03
60	28	95	3.221219e+05
60	29	91	3.686843e+04
60	29	92	-6.627239e+04
60	29	93	4.345907e+05
60	29	94	-1.839671e+04
60	29	95	1.089089e+06
60	30	91	8.755309e+03
60	30	92	-1.573800e+04
60	30	93	8.395234e+04
60	65	66	-2.439102e+01
60	65	67	-9.517824e+00
60	65	68	-3.598952e+02
60	66	66	-2.319417e+02
60	66	67	-9.050793e+01
60	66	68	-3.422355e+03
60	67	66	-7.477483e+02
60	67	67	-2.917852e+02
60	67	68	-1.103320e+04
60	72	63	1.028734e+03
60	72	64	1.490381e+04
60	72	65	4.897073e+03
60	73	52	2.372924e+01
60	73	53	8.052616e+02
60	73	54	1.548220e+03
60	73	63	1.184011e+04
60	73	64	1.715339e+05
60	73	65	5.636235e+04
60	74	52	1.924197e+02
60	74	53	6.529842e+03
60	74	54	1.255446e+04
60	74	63	3.471555e+04
60	74	64	5.029422e+05
60	74	65	1.652560e+05
60	75	52	4.216499e+01
60	75	53	1.430886e+03
60	75	54	2.751064e+03
60	78	61	1.006034e+02
60	78	62	-1.162003e+02
60	78	63	1.134620e+03
60	79	61	2.368206e+04
60	79	62	-2.735358e+04
60	79	63	2.670898e+05
60	80	61	1.817294e+04
60	80	62	-2.099035e+04
60	80	63	2.049570e+05
60	82	49	2.356756e+03
60	82	50	8.293805e+04
60	82	51	4.117694e+04
60	83	49	-3.836417e+03
60	83	50	-1.350097e+05
60	83	51	-6.702938e+04
60	84	49	2.370363e+04
60	84	50	8.341689e+05
60	84	51	4.141467e+05
61	27	93	5.536671e+02
61	27	94	-1.256417e+02
61	27	95	7.438015e+03
61	28	91	1.463183e+04
61	28	92	-2.630127e+04
61	28	93	1.451077e+05
61	28	94	-1.090813e+03
61	28	95	6.457635e+04
61	29	91	1.311857e+05
61	29	92	-2.358112e+05
61	29	93	1.274157e+06
61	29	94	-3.688019e+03
61	29	95	2.183315e+05
61	30	91	3.115324e+04
61	30	92	-5.599912e+04
61	30	93	2.987202e+05
61	59	43	6.191942e+01
61	59	44	6.065094e+02
61	59	45	1.539950e+02
61	60	43	1.268046e+03
61	60	44	1.242069e+04
61	60	45	3.153659e+03
61	61	43	5.013571e+02
61	61	44	4.910864e+03
61	61	45	1.246886e+03
61	65	66	2.894693e+03
61	65	67	1.129562e+03
61	65	68	4.271188e+04
61	66	66	2.752653e+04
61	66	67	1.074136e+04
61	66	68	4.061605e+05
61	67	66	8.874176e+04
61	67	67	3.462867e+04
61	67	68	1.309406e+06
61	72	63	1.157474e+03
61	72	64	1.676893e+04
61	72	65	5.509911e+03
61	73	52	5.931235e+02
61	73	53	2.012789e+04
61	73	54	3.869847e+04
61	73	63	1.332183e+04
61	73	64	1.930003e+05
61	73	65	6.341574e+04
61	74	52	4.809620e+03
61	74	53	1.632164e+05
61	74	54	3.138047e+05
61	74	63	3.905998e+04
61	74	64	5.658823e+05
61	74	65	1.859368e+05
61	75	52	1.053934e+03
61	75	53	3.576567e+04
61	75	54	6.876412e+04
61	76	63	2.302614e-01
61	76	64	4.642444e+00
61	76	65	1.068695e+01
61	77	53	8.463299e+01
61	77	54	2.577206e+03
61	77	55	1.211659e+03
61	77	63	1.049092e+00
61	77	64	2.115140e+01
61	77	65	4.869070e+01
61	78	53	6.792523e+02
61	78	54	2.068429e+04
61	78	55	9.724604e+03
61	78	63	5.192723e+00
61	78	64	1.046937e+02
61	78	65	2.410059e+02
61	79	53	1.475809e+02
61	79	54	4.494068e+03
61	79	55	2.112861e+03
61	82	49	1.674565e+03
61	82	50	5.893065e+04
61	82	51	2.925778e+04
61	83	49	-2.725920e+03
61	83	50	-9.592955e+04
61	83	51	-4.762693e+04
61	84	49	1.684233e+04
61	84	50	5.927088e+05
61	84	51	2.942670e+05
62	59	43	3.286945e+03
62	59	44	3.219608e+04
62	59	45	8.174704e+03
62	60	43	6.731324e+04
62	60	44	6.593426e+05
62	60	45	1.674095e+05
62	61	43	2.661415e+04
62	61	44	2.606894e+05
62	61	45	6.618999e+04
62	73	52	1.261441e+03
62	73	53	4.280751e+04
62	73	54	8.230298e+04
62	74	52	1.022899e+04
62	74	53	3.471248e+05
62	74	54	6.673923e+05
62	75	52	2.241481e+03
62	75	53	7.606557e+04
62	75	54	1.462459e+05
62	75	73	1.782898e-04
62	75	74	3.524425e+03
62	75	75	3.521256e+03
62	76	63	5.164908e+02
62	76	64	1.041330e+04
62	76	65	2.397150e+04
62	76	73	1.312243e-03
62	76	74	2.594036e+04
62	76	75	2.591704e+04
62	77	53	2.747298e+03
62	77	54	8.365951e+04
62	77	55	3.933205e+04
62	77	63	2.353179e+03
62	77	64	4.744392e+04
62	77	65	1.092163e+05
62	77	73	2.648106e-04
62	77	74	5.234766e+03
62	77	75	5.230059e+03
62	78	53	2.204942e+04
62	78	54	6.714393e+05
62	78	55	3.156734e+05
62	78	63	1.164761e+04
62	78	64	2.348347e+05
62	78	65	5.405915e+05
62	79	53	4.790670e+03
62	79	54	1.458834e+05
62	79	55	6.858625e+04
62	97	67	1.250794e+00
62	97	68	-1.469913e+00
62	97	69	1.404422e+01
62	98	67	8.618056e+02
62	98	68	-1.012780e+03
62	98	69	9.676565e+03
62	99	67	7.389475e+02
62	99	68	-8.683994e+02
62	99	69	8.297084e+03
62	101	64	5.490808e+00
62	101	65	4.894245e+02
62	101	66	3.170414e+02
62	102	64	6.668829e+02
62	102	65	5.944277e+04
62	102	66	3.850609e+04
62	103	64	9.503385e+02
62	103	65	8.470866e+04
62	103	66	5.487293e+04
63	59	43	1.865537e+03
63	59	44	1.827320e+04
63	59	45	4.639632e+03
63	60	43	3.820428e+04
63	60	44	3.742163e+05
63	60	45	9.501489e+04
63	61	43	1.510512e+04
63	61	44	1.479568e+05
63	61	45	3.756677e+04
63	71	77	2.285058e+00
63	71	78	-1.762419e+00
63	71	79	2.787834e+01
63	72	77	1.975622e+03
63	72	78	-1.523757e+03
63	72	79	2.410314e+04
63	73	77	1.722394e+03
63	73	78	-1.328448e+03
63	73	79	2.101369e+04
63	75	73	9.056543e-04
63	75	74	1.790294e+04
63	75	75	1.788684e+04
63	76	63	5.617535e+02
63	76	64	1.132586e+04
63	76	65	2.607223e+04
63	76	73	6.665768e-03
63	76	74	1.317686e+05
63	76	75	1.316501e+05
63	77	53	1.323791e+03
63	77	54	4.031151e+04
63	77	55	1.895223e+04
63	77	63	2.559400e+03
63	77	64	5.160166e+04
63	77	65	1.187875e+05
63	77	73	1.345152e-03
63	77	74	2.659092e+04
63	77	75	2.656700e+04
63	78	53	1.062456e+04
63	78	54	3.235345e+05
63	78	55	1.521079e+05
63	78	63	1.266834e+04
63	78	64	2.554144e+05
63	78	65	5.879661e+05
63	79	53	2.308394e+03
63	79	54	7.029421e+04
63	79	55	3.304843e+04
63	97	67	8.887083e+01
63	97	68	-1.044396e+02
63	97	69	9.978635e+02
63	98	67	6.123261e+04
63	98	68	-7.195960e+04
63	98	69	6.875348e+05
63	99	67	5.250336e+04
63	99	68	-6.170111e+04
63	99	69	5.895206e+05
63	101	64	3.514171e+01
63	101	65	3.132365e+03
63	101	66	2.029097e+03
63	102	64	4.268116e+03
63	102	65	3.804396e+05
63	102	66	2.464428e+05
63	103	64	6.082260e+03
63	103	65	5.421438e+05
63	103	66	3.511922e+05
64	71	77	6.788325e+01
64	71	78	-5.235698e+01
64	71	79	8.281946e+02
64	72	77	5.869070e+04
64	72	78	-4.526695e+04
64	72	79	7.160430e+05
64	73	77	5.116795e+04
64	73	78	-3.946480e+04
64	73	79	6.242632e+05
64	75	73	4.180821e-03
64	75	74	8.264631e+04
64	75	75	8.257199e+04
64	76	73	3.077155e-02
64	76	74	6.082908e+05
64	76	75	6.077437e+05
64	76	77	8.032881e+02
64	76	78	1.104543e+04
64	76	79	3.517945e+03
64	77	73	6.209699e-03
64	77	74	1.227531e+05
64	77	75	1.226427e+05
64	77	77	-1.198934e+03
64	77	78	-1.648567e+04
64	77	79	-5.250650e+03
64	78	77	8.369157e+03
64	78	78	1.150782e+05
64	78	79	3.665215e+04
64	79	72	1.660723e+01
64	79	73	6.654599e+03
64	79	74	8.105567e+03
64	80	72	-1.400374e+01
64	80	73	-5.611368e+03
64	80	74	-6.834870e+03
64	81	72	1.998040e+02
64	81	73	8.006244e+04
64	81	74	9.751925e+04
64	97	67	5.457246e+01
64	97	68	-6.413269e+01
64	97	69	6.127530e+02
64	98	67	3.760080e+04
64	98	68	-4.418786e+04
64	98	69	4.221910e+05
64	99	67	3.224047e+04
64	99	68	-3.788849e+04
64	99	69	3.620039e+05
64	101	64	6.239021e+00
64	101	65	5.561167e+02
64	101	66	3.602436e+02
64	102	64	7.577568e+02
64	102	65	6.754284e+04
64	102	66	4.375318e+04
64	103	64	1.079838e+03
64	103	65	9.625161e+04
64	103	66	6.235027e+04
65	50	46	1.690202e+02
65	50	47	-9.276614e+01
65	50	48	2.148859e+03
65	51	46	8.437094e+03
65	51	47	-4.630668e+03
65	51	48	1.072660e+05
65	52	46	4.702117e+03
65	52	47	-2.580740e+03
65	52	48	5.978092e+04
65	66	57	1.876700e+02
65	66	58	2.877592e+03
65	66	59	9.770692e+02
65	67	57	-1.266068e+02
65	67	58	-1.941294e+03
65	67	59	-6.591548e+02
65	68	57	2.331808e+03
65	68	58	3.575422e+04
65	68	59	1.214013e+04
65	71	77	3.160528e+01
65	71	78	-2.437651e+01
65	71	79	3.855932e+02
65	72	77	2.732539e+04
65	72	78	-2.107552e+04
65	72	79	3.334359e+05
65	72	80	1.683049e+03
65	72	81	7.731096e+02
65	73	77	2.382292e+04
65	73	78	-1.837414e+04
65	73	79	2.907797e+05
65	73	80	3.831686e+03
65	73	81	1.760087e+03
65	74	79	1.081933e+03
65	74	80	3.107750e+04
65	74	81	1.427547e+04
65	76	77	-3.758409e+02
65	76	78	-5.167914e+03
65	76	79	-1.645970e+03
65	77	77	5.609550e+02
65	77	78	7.713282e+03
65	77	79	2.456664e+03
65	78	77	-3.915746e+03
65	78	78	-5.384255e+04
65	78	79	-1.714874e+04
65	79	72	-1.797850e+01
65	79	73	-7.204070e+03
65	79	74	-8.774845e+03
65	80	72	1.516004e+01
65	80	73	6.074700e+03
65	80	74	7.399226e+03
65	81	72	-2.163019e+02
65	81	73	-8.667321e+04
65	81	74	-1.055714e+05
66	50	46	-1.672945e+02
66	50	47	9.181900e+01
66	50	48	-2.126919e+03
66	51	46	-8.350952e+03
66	51	47	4.583389e+03
66	51	48	-1.061708e+05
66	52	46	-4.654109e+03
66	52	47	2.554391e+03
66	52	48	-5.917056e+04
66	54	87	2.900613e-01
66	54	88	7.141121e+01
66	54	89	5.512617e+01
66	55	87	9.186700e+00
66	55	88	2.261706e+03
66	55	89	1.745933e+03
66	56	87	4.385306e+00
66	56	88	1.079634e+03
66	56	89	8.334276e+02
66	66	57	1.680734e+03
66	66	58	2.577112e+04
66	66	59	8.750432e+03
66	67	57	-1.133864e+03
66	67	58	-1.738583e+04
66	67	59	-5.903255e+03
66	68	57	2.088320e+04
66	68	58	3.202075e+05
66	68	59	1.087245e+05
66	72	79	1.487612e+03
66	72	80	4.273026e+04
66	72	81	1.962817e+04
66	73	79	3.386748e+03
66	73	80	9.728116e+04
66	73	81	4.468616e+04
66	74	79	2.746876e+04
66	74	80	7.890145e+05
66	74	81	3.624343e+05
66	76	77	1.036015e+04
66	76	78	1.424548e+05
66	76	79	4.537157e+04
66	77	77	-1.546287e+04
66	77	78	-2.126186e+05
66	77	79	-6.771857e+04
66	78	77	1.079385e+05
66	78	78	1.484184e+06
66	78	79	4.727094e+05
66	79	72	1.902572e+02
66	79	73	7.623696e+04
66	79	74	9.285966e+04
66	80	72	-1.604308e+02
66	80	73	-6.428542e+04
66	80	74	-7.830220e+04
66	81	72	2.289011e+03
66	81	73	9.172179e+05
66	81	74	1.117208e+06
67	50	46	1.974407e+03
67	50	47	-1.083646e+03
67	50	48	2.510186e+04
67	51	46	9.855779e+04
67	51	47	-5.409308e+04
67	51	48	1.253026e+06
67	52	46	5.492771e+04
67	52	47	-3.014687e+04
67	52	48	6.983300e+05
67	54	87	4.089271e+01
67	54	88	1.006752e+04
67	54	89	7.771662e+03
67	55	87	1.295137e+03
67	55	88	3.188543e+05
67	55	89	2.461408e+05
67	56	87	6.182384e+02
67	56	88	1.522063e+05
67	56	89	1.174962e+05
67	66	57	5.590061e+03
67	66	58	8.571384e+04
67	66	59	2.910362e+04
67	67	57	-3.771192e+03
67	67	58	-5.782466e+04
67	67	59	-1.963402e+04
67	68	57	6.945678e+04
67	68	58	1.064999e+06
67	68	59	3.616139e+05
67	72	79	6.489967e+02
67	72	80	1.864182e+04
67	72	81	8.563133e+03
67	73	79	1.477528e+03
67	73	80	4.244060e+04
67	73	81	1.949512e+04
67	74	79	1.198373e+04
67	74	80	3.442213e+05
67	74	81	1.581183e+05
67	86	51	8.218988e-01
67	86	52	3.836809e-01
67	86	53	1.225828e+01
67	87	51	1.346872e+02
67	87	52	6.287502e+01
67	87	53	2.008804e+03
67	88	51	9.797152e+01
67	88	52	4.573532e+01
67	88	53	1.461205e+03
67	99	71	4.316545e+00
67	99	72	1.249685e+03
67	99	73	1.575203e+03
67	100	71	5.570304e+01
67	100	72	1.612661e+04
67	100	73	2.032728e+04
67	101	71	1.547772e+02
67	101	72	4.480964e+04
67	101	73	5.648166e+04
68	54	87	5.684510e+01
68	54	88	1.399489e+04
68	54	89	1.080341e+04
68	55	87	1.800374e+03
68	55	88	4.432404e+05
68	55	89	3.421612e+05
68	56	87	8.594153e+02
68	56	88	2.115825e+05
68	56	89	1.633319e+05
68	86	51	2.453439e+02
68	86	52	1.145321e+02
68	86	53	3.659202e+03
68	87	51	4.020529e+04
68	87	52	1.876874e+04
68	87	53	5.996452e+05
68	88	51	2.924534e+04
68	88	52	1.365239e+04
68	88	53	4.361822e+05
68	99	71	-5.159310e-01
68	99	72	-1.493674e+02
68	99	73	-1.882747e+02
68	100	71	-6.657854e+00
68	100	72	-1.927519e+03
68	100	73	-2.429599e+03
68	101	71	-1.849961e+01
68	101	72	-5.355830e+03
68	101	73	-6.750918e+03
69	82	68	2.635758e+02
69	82	69	2.364881e+03
69	82	70	3.374493e+02
69	82	71	1.517229e+03
69	83	68	2.817519e+03
69	83	69	2.502695e+04
69	83	70	3.917134e+03
69	83	71	1.341384e+04
69	84	68	8.563414e+03
69	84	69	7.267653e+04
69	84	70	1.606258e+04
69	84	71	3.150837e+03
69	86	51	1.940114e+02
69	86	52	9.056889e+01
69	86	53	2.893599e+03
69	87	51	3.179326e+04
69	87	52	1.484181e+04
69	87	53	4.741833e+05
69	88	51	2.312643e+04
69	88	52	1.079594e+04
69	88	53	3.449211e+05
69	99	71	5.900398e+01
69	99	72	1.708227e+04
69	99	73	2.153187e+04
69	100	71	7.614194e+02
69	100	72	2.204389e+05
69	100	73	2.778589e+05
69	101	71	2.115691e+03
69	101	72	6.125147e+05
69	101	73	7.720626e+05
70	82	68	2.977941e+03
70	82	69	3.488354e+04
70	82	70	-6.202267e+03
70	82	71	1.077695e+05
70	83	68	3.183299e+04
70	83	69	3.549434e+05
70	83	70	-4.428474e+04
70	83	71	9.527920e+05
70	84	68	9.675145e+04
70	84	69	8.380718e+05
70	84	70	1.606808e+05
70	84	71	2.238055e+05
71	82	68	8.363343e+02
71	82	69	1.303157e+04
71	82	70	-5.709705e+03
71	82	71	6.617257e+04
71	83	68	8.940076e+03
71	83	69	1.282820e+05
71	83	70	-4.751682e+04
71	83	71	5.850328e+05
71	84	68	2.717198e+04
71	84	69	2.420844e+05
71	84	70	3.688608e+04
71	84	71	1.374209e+05
72	29	119	1.284148e+00
72	29	120	4.468131e+01
72	29	121	2.209200e+01
72	30	119	2.570873e+01
72	30	120	8.945230e+02
72	30	121	4.422833e+02
72	31	119	9.834175e+02
72	31	120	1.589848e+04
72	31	121	5.653985e+03
72	32	119	6.765121e+03
72	32	120	1.012759e+05
72	32	121	3.391859e+04
72	33	119	1.358817e+03
72	33	120	2.034190e+04
72	33	121	6.812762e+03
73	29	119	2.464459e+02
73	29	120	8.574968e+03
73	29	121	4.239763e+03
73	30	119	4.933864e+03
73	30	120	1.716715e+05
73	30	121	8.488035e+04
73	31	119	1.881779e+04
73	31	120	5.074801e+05
73	31	121	2.331745e+05
73	32	119	5.438813e+04
73	32	120	8.142067e+05
73	32	121	2.726882e+05
73	33	119	1.092420e+04
73	33	120	1.635385e+05
73	33	121	5.477114e+04
74	15	114	6.296036e+00
74	15	115	4.807202e+01
74	15	116	1.742743e+02
74	16	114	5.606307e+01
74	16	115	4.280575e+02
74	16	116	1.551826e+03
74	17	114	1.324272e+01
74	17	115	1.011119e+02
74	17	116	3.665584e+02
74	29	119	3.271477e+02
74	29	120	1.138295e+04
74	29	121	5.628126e+03
74	30	119	6.549520e+03
74	30	120	2.278874e+05
74	30	121	1.126755e+05
74	31	119	1.673446e+04
74	31	120	5.502240e+05
74	31	121	2.681898e+05
74	32	119	1.183354e+04
74	32	120	1.771517e+05
74	32	121	5.933037e+04
74	33	119	2.376842e+03
74	33	120	3.558204e+04
74	33	121	1.191688e+04
75	2	105	3.409744e+01
75	2	106	4.053667e+02
75	2	107	1.177808e+02
75	3	105	-1.461548e+01
75	3	106	-1.737558e+02
75	3	107	-5.048538e+01
75	4	105	4.427740e+02
75	4	106	5.263908e+03
75	4	107	1.529448e+03
75	15	114	2.092896e+03
75	15	115	1.597985e+04
75	15	116	5.793135e+04
75	16	114	1.863620e+04
75	16	115	1.422927e+05
75	16	116	5.158499e+05
75	17	114	4.402076e+03
75	17	115	3.361110e+04
75	17	116	1.218494e+05
75	72	59	9.253382e+02
75	72	60	2.068507e+04
75	72	61	8.525085e+03
75	73	59	-1.804046e+03
75	73	60	-4.032778e+04
75	73	61	-1.662057e+04
75	74	59	8.466787e+03
75	74	60	1.892671e+05
75	74	61	7.800400e+04
76	2	105	3.760477e+03
76	2	106	4.470634e+04
76	2	107	1.298959e+04
76	3	105	-1.611885e+03
76	3	106	-1.916286e+04
76	3	107	-5.567840e+03
76	4	105	4.883185e+04
76	4	106	5.805363e+05
76	4	107	1.686770e+05
76	5	103	1.946082e+02
76	5	104	5.828099e+02
76	5	105	3.851002e+03
76	6	103	1.206882e+03
76	6	104	3.614352e+03
76	6	105	2.388236e+04
76	7	103	4.930448e+03
76	7	104	1.476564e+04
76	7	105	9.756610e+04
76	15	114	2.598199e+03
76	15	115	1.983798e+04
76	15	116	7.191813e+04
76	16	114	2.313567e+04
76	16	115	1.766474e+05
76	16	116	6.403953e+05
76	17	114	5.464901e+03
76	17	115	4.172607e+04
76	17	116	1.512684e+05
76	72	59	-1.783231e+03
76	72	60	-3.986246e+04
76	72	61	-1.642880e+04
76	73	59	3.476600e+03
76	73	60	7.771616e+04
76	73	61	3.202971e+04
76	74	59	-1.631645e+04
76	74	60	-3.647391e+05
76	74	61	-1.503225e+05
77	2	105	5.450837e+03
77	2	106	6.480214e+04
77	2	107	1.882850e+04
77	3	105	-2.336439e+03
77	3	106	-2.777670e+04
77	3	107	-8.070622e+03
77	4	105	7.078210e+04
77	4	106	8.414913e+05
77	4	107	2.444984e+05
77	5	103	1.949341e+03
77	5	104	5.837860e+03
77	5	105	3.857452e+04
77	6	103	1.208903e+04
77	6	104	3.620406e+04
77	6	105	2.392236e+05
77	7	103	4.938706e+04
77	7	104	1.479037e+05
77	7	105	9.772951e+05
77	72	59	8.528008e+03
77	72	60	1.906357e+05
77	72	61	7.856803e+04
77	73	59	-1.662627e+04
77	73	60	-3.716648e+05
77	73	61	-1.531768e+05
77	74	59	7.803075e+04
77	74	60	1.744305e+06
77	74	61	7.188926e+05
78	5	103	5.031120e+02
78	5	104	1.506713e+03
78	5	105	9.955826e+03
78	6	103	3.120098e+03
78	6	104	9.344026e+03
78	6	105	6.174202e+04
78	7	103	1.274647e+04
78	7	104	3.817295e+04
78	7	105	2.522333e+05
