0.0170	-3.663689e+00	2
50	60	60	2.890799e+02
50	60	61	3.421728e+03
50	60	62	9.913372e+02
50	61	60	3.421728e+03
50	61	61	4.050167e+04
50	61	62	1.173408e+04
50	62	60	9.913372e+02
50	62	61	1.173408e+04
50	62	62	3.399577e+03
51	60	60	5.408544e+03
51	60	61	6.401885e+04
51	60	62	1.854743e+04
51	61	60	6.401885e+04
51	61	61	7.577665e+05
51	61	62	2.195388e+05
51	62	60	1.854743e+04
51	62	61	2.195388e+05
51	62	62	6.360442e+04
52	60	60	2.044409e+03
52	60	61	2.419889e+04
52	60	62	7.010860e+03
52	61	60	2.419889e+04
52	61	61	2.864329e+05
52	61	62	8.298485e+04
52	62	60	7.010860e+03
52	62	61	8.298485e+04
52	62	62	2.404223e+04
74	64	64	2.890799e+02
74	64	65	1.240974e+02
74	64	66	4.288968e+03
74	65	64	1.240974e+02
74	65	65	5.327302e+01
74	65	66	1.841185e+03
74	66	64	4.288968e+03
74	66	65	1.841185e+03
74	66	66	6.363376e+04
75	64	64	1.177170e+03
75	64	65	5.053400e+02
75	64	66	1.746521e+04
75	65	64	5.053400e+02
75	65	65	2.169344e+02
75	65	66	7.497535e+03
75	66	64	1.746521e+04
75	66	65	7.497535e+03
75	66	66	2.591246e+05
76	64	64	6.275784e+03
76	64	65	2.694094e+03
76	64	66	9.311139e+04
76	65	64	2.694094e+03
76	65	65	1.156531e+03
76	65	66	3.997123e+04
76	66	64	9.311139e+04
76	66	65	3.997123e+04
76	66	66	1.381458e+06
