0.0122	-4.671901e+06	773
17	15	107	2.694030e+02
17	15	108	3.453273e+03
17	15	109	1.053199e+03
17	16	107	1.986122e+03
17	16	108	2.545859e+04
17	16	109	7.764507e+03
17	17	107	4.013784e+02
17	17	108	5.144966e+03
17	17	109	1.569141e+03
18	15	107	7.831824e+03
18	15	108	1.003902e+05
18	15	109	3.061758e+04
18	16	107	5.773861e+04
18	16	108	7.401076e+05
18	16	109	2.257222e+05
18	17	107	1.166848e+04
18	17	108	1.495695e+05
18	17	109	4.561655e+04
19	15	107	3.614988e+03
19	15	108	4.633780e+04
19	15	109	1.413237e+04
19	16	107	2.665081e+04
19	16	108	3.416165e+05
19	16	109	1.041882e+05
19	17	107	5.385902e+03
19	17	108	6.903780e+04
19	17	109	2.105554e+04
36	65	35	4.040426e-01
36	65	36	3.282884e+00
36	65	37	7.205587e-01
36	66	35	1.016496e+02
36	66	36	8.259127e+02
36	66	37	1.812792e+02
36	67	35	7.869095e+01
36	67	36	6.393712e+02
36	67	37	1.403353e+02
37	65	35	1.906583e+02
37	65	36	1.549116e+03
37	65	37	3.400148e+02
37	66	35	4.796609e+04
37	66	36	3.897289e+05
37	66	37	8.554143e+04
37	67	35	3.713242e+04
37	67	36	3.017044e+05
37	67	37	6.622096e+04
38	65	35	2.287056e+02
38	65	36	1.858254e+03
38	65	37	4.078675e+02
38	66	35	5.753810e+04
38	66	36	4.675024e+05
38	66	37	1.026119e+05
38	67	35	4.454249e+04
38	67	36	3.619118e+05
38	67	37	7.943587e+04
41	63	78	5.881714e+02
41	63	79	1.158402e+04
41	63	80	4.493205e+03
41	64	78	4.889781e+03
41	64	79	9.630411e+04
41	64	80	3.735439e+04
41	65	78	1.093583e+03
41	65	79	2.153810e+04
41	65	80	8.354186e+03
41	66	71	3.179099e+00
41	66	72	4.294673e+01
41	66	73	1.353196e+01
41	67	71	1.476401e+03
41	67	72	1.994483e+04
41	67	73	6.284357e+03
41	68	71	1.223731e+03
41	68	72	1.653149e+04
41	68	73	5.208857e+03
42	63	78	4.817792e+03
42	63	79	9.488630e+04
42	63	80	3.680445e+04
42	64	78	4.005286e+04
42	64	79	7.888400e+05
42	64	80	3.059749e+05
42	65	78	8.957689e+03
42	65	79	1.764215e+05
42	65	80	6.843027e+04
42	66	71	8.639470e+01
42	66	72	1.167114e+03
42	66	73	3.677424e+02
42	67	71	4.012245e+04
42	67	72	5.420177e+05
42	67	73	1.707827e+05
42	68	71	3.325592e+04
42	68	72	4.492572e+05
42	68	73	1.415551e+05
42	70	56	1.456748e+02
42	70	57	1.131156e+03
42	70	58	2.390455e+02
42	71	56	-8.131312e+01
42	71	57	-6.313915e+02
42	71	58	-1.334310e+02
42	72	56	1.848955e+03
42	72	57	1.435702e+04
42	72	58	3.034047e+03
43	63	78	1.064516e+03
43	63	79	2.096562e+04
43	63	80	8.132134e+03
43	64	78	8.849886e+03
43	64	79	1.742983e+05
43	64	80	6.760674e+04
43	65	78	1.979248e+03
43	65	79	3.898123e+04
43	65	80	1.512002e+04
43	66	71	3.879400e+01
43	66	72	5.240716e+02
43	66	73	1.651281e+02
43	67	71	1.801627e+04
43	67	72	2.433834e+05
43	67	73	7.668693e+04
43	68	71	1.493298e+04
43	68	72	2.017309e+05
43	68	73	6.356279e+04
43	70	56	9.292047e+03
43	70	57	7.215219e+04
43	70	58	1.524781e+04
43	71	56	-5.186658e+03
43	71	57	-4.027409e+04
43	71	58	-8.505583e+03
43	71	59	5.836213e+01
43	71	60	1.573808e+01
43	72	56	1.179379e+05
43	72	57	9.157804e+05
43	72	58	1.962225e+05
43	72	59	2.867413e+04
43	72	60	7.732341e+03
43	73	58	3.217689e+03
43	73	59	3.427297e+04
43	73	60	9.242137e+03
44	70	56	5.549787e+03
44	70	57	4.309377e+04
44	70	58	9.106939e+03
44	71	56	-3.097794e+03
44	71	57	-2.405419e+04
44	71	58	-4.991134e+03
44	71	59	9.820640e+02
44	71	60	2.648259e+02
44	72	56	7.043981e+04
44	72	57	5.469609e+05
44	72	58	1.608877e+05
44	72	59	4.825018e+05
44	72	60	1.301127e+05
44	73	58	5.414430e+04
44	73	59	5.767139e+05
44	73	60	1.555182e+05
44	79	65	8.900595e+01
44	79	66	6.074620e+02
44	79	67	1.145545e+02
44	80	65	1.199501e+04
44	80	66	8.186548e+04
44	80	67	1.543810e+04
44	81	65	8.439263e+03
44	81	66	5.759763e+04
44	81	67	1.086169e+04
45	71	58	3.296353e+01
45	71	59	3.511086e+02
45	71	60	9.468085e+01
45	72	58	1.619545e+04
45	72	59	1.725046e+05
45	72	60	4.651803e+04
45	73	58	1.935773e+04
45	73	59	2.061874e+05
45	73	60	5.560102e+04
45	75	68	4.668935e+01
45	75	69	2.099129e+02
45	75	70	1.048056e+03
45	76	68	5.150244e+02
45	76	69	2.315523e+03
45	76	70	1.156098e+04
45	77	68	1.422975e+02
45	77	69	6.397624e+02
45	77	70	3.194215e+03
45	79	65	7.260392e+02
45	79	66	4.955188e+03
45	79	67	9.344436e+02
45	80	65	9.784570e+04
45	80	66	6.677929e+05
45	80	67	1.259316e+05
45	81	65	6.884074e+04
45	81	66	4.698353e+05
45	81	67	8.860099e+04
46	75	68	1.663605e+03
46	75	69	7.479484e+03
46	75	70	3.734368e+04
46	76	68	1.835102e+04
46	76	69	8.250526e+04
46	76	70	4.119335e+05
46	77	68	5.070256e+03
46	77	69	2.279561e+04
46	77	70	1.138143e+05
46	79	65	1.598762e+02
46	79	66	1.091148e+03
46	79	67	2.057675e+02
46	80	65	2.154594e+04
46	80	66	1.470501e+05
46	80	67	2.773055e+04
46	81	65	1.515895e+04
46	81	66	1.034592e+05
46	81	67	1.951022e+04
47	75	68	3.151205e+03
47	75	69	1.416766e+04
47	75	70	7.073649e+04
47	76	68	3.476055e+04
47	76	69	1.562817e+05
47	76	70	7.802855e+05
47	77	68	9.604091e+03
47	77	69	4.317950e+04
47	77	70	2.155873e+05
47	88	43	8.859097e+00
47	88	44	1.085840e+03
47	88	45	1.544943e+03
47	89	43	6.368195e+01
47	89	44	7.805355e+03
47	89	45	1.110553e+04
47	90	43	2.388055e+02
47	90	44	2.926986e+04
47	90	45	4.164543e+04
48	60	62	3.029681e+01
48	60	63	9.455624e+02
48	60	64	1.866456e+03
48	61	62	8.199193e+02
48	61	63	2.558965e+04
48	61	64	5.051168e+04
48	62	62	3.675317e+02
48	62	63	1.147065e+04
48	62	64	2.264204e+04
48	88	43	2.121685e+01
48	88	44	2.600502e+03
48	88	45	3.700018e+03
48	89	43	1.525133e+02
48	89	44	1.869322e+04
48	89	45	2.659688e+04
48	90	43	5.719206e+02
48	90	44	7.009903e+04
48	90	45	9.973757e+04
49	60	62	2.958952e+01
49	60	63	9.234879e+02
49	60	64	1.822883e+03
49	61	62	8.007780e+02
49	61	63	2.499225e+04
49	61	64	4.933247e+04
49	62	62	3.589515e+02
49	62	63	1.120286e+04
49	62	64	2.211345e+04
49	65	71	6.369825e+00
49	65	72	1.675998e+02
49	65	73	7.424332e+01
49	66	62	1.604182e+01
49	66	63	2.971311e+03
49	66	64	2.203265e+03
49	66	70	3.267160e+00
49	66	71	1.658712e+02
49	66	72	1.387172e+03
49	66	73	5.890972e+02
49	67	62	1.405856e+02
49	67	63	2.603043e+04
49	67	64	1.930142e+04
49	67	70	4.978984e+02
49	67	71	1.758637e+04
49	67	72	9.021713e+03
49	67	73	1.267801e+02
49	68	62	9.065111e+02
49	68	63	9.997284e+04
49	68	64	7.062322e+04
49	68	70	6.836789e+02
49	68	71	2.413343e+04
49	68	72	1.199499e+04
49	69	62	4.542769e+02
49	69	63	1.299345e+04
49	69	64	6.010916e+03
49	69	65	3.603111e+02
49	70	63	3.465759e+03
49	70	64	1.290409e+04
49	70	65	7.311034e+04
49	71	54	6.255459e+01
49	71	55	1.314360e+02
49	71	56	1.134454e+03
49	71	61	1.570157e+03
49	71	62	-2.535632e+03
49	71	63	1.845213e+04
49	71	64	9.698997e+03
49	71	65	5.495134e+04
49	72	54	9.936131e+02
49	72	55	2.087722e+03
49	72	56	1.801960e+04
49	72	58	1.649379e+02
49	72	59	1.751813e+03
49	72	60	4.714528e+02
49	72	61	-3.087622e+03
49	72	62	4.986170e+03
49	72	63	-3.116256e+04
49	73	54	2.592616e+03
49	73	55	6.444598e+03
49	73	56	4.607543e+04
49	73	58	-2.599620e+02
49	73	59	-2.761069e+03
49	73	60	-7.430666e+02
49	73	61	1.428863e+04
49	73	62	-2.307456e+04
49	73	63	1.442113e+05
49	74	54	1.219807e+03
49	74	55	1.904873e+04
49	74	56	6.535230e+03
49	74	58	1.681861e+03
49	74	59	1.786312e+04
49	74	60	4.807374e+03
49	75	54	4.319479e+02
49	75	55	6.745376e+03
49	75	56	2.314200e+03
49	77	62	4.052512e-01
49	77	63	1.059203e+01
49	77	64	4.678823e+00
49	78	62	5.183813e+01
49	78	63	1.354891e+03
49	78	64	5.984965e+02
49	79	62	3.612759e+01
49	79	63	9.442649e+02
49	79	64	4.171106e+02
49	80	69	1.265153e+02
49	80	70	1.316826e+04
49	80	71	8.817070e+03
49	81	69	8.260528e+02
49	81	70	8.597915e+04
49	81	71	5.756903e+04
49	82	69	1.494733e+02
49	82	70	1.555783e+04
49	82	71	1.041705e+04
49	88	43	1.655385e+02
49	88	44	2.028969e+04
49	88	45	2.886836e+04
49	89	43	1.189942e+03
49	89	44	1.458486e+05
49	89	45	2.075148e+05
49	90	43	4.462251e+03
49	90	44	5.469281e+05
49	90	45	7.781745e+05
50	60	54	3.262388e+01
50	60	55	3.730627e+03
50	60	56	2.545344e+03
50	60	62	4.833334e+02
50	60	63	1.508482e+04
50	60	64	2.977608e+04
50	61	54	7.225420e+02
50	61	55	8.262462e+04
50	61	56	5.637338e+04
50	61	62	1.308040e+04
50	61	63	4.082387e+05
50	61	64	8.058267e+05
50	62	54	2.965078e+02
50	62	55	3.390646e+04
50	62	56	2.313380e+04
50	62	62	5.863334e+03
50	62	63	1.829944e+05
50	62	64	3.612146e+05
50	65	70	2.896669e+01
50	65	71	2.759389e+03
50	65	72	5.825800e+04
50	65	73	2.571350e+04
50	66	62	-2.336008e+01
50	66	63	-4.326819e+03
50	66	64	-3.208392e+03
50	66	70	7.890954e+02
50	66	71	3.374446e+04
50	66	72	4.670778e+05
50	66	73	2.040285e+05
50	67	62	-2.037725e+02
50	67	63	-3.787840e+04
50	67	64	-2.809430e+04
50	67	70	1.129670e+04
50	67	71	3.975218e+05
50	67	72	2.941494e+05
50	67	73	4.390915e+04
50	68	62	5.763457e+03
50	68	63	5.557109e+04
50	68	64	-1.082319e+04
50	68	70	1.508702e+04
50	68	71	5.325621e+05
50	68	72	2.646983e+05
50	69	60	1.049246e+01
50	69	61	4.122256e+01
50	69	62	8.325588e+03
50	69	63	2.149563e+05
50	69	64	9.663554e+04
50	69	65	3.466753e+03
50	69	69	3.366061e-01
50	69	70	2.428018e+02
50	69	71	2.813947e+02
50	70	60	4.795483e+03
50	70	61	1.884039e+04
50	70	62	1.067887e+05
50	70	63	9.991390e+04
50	70	64	1.481794e+05
50	70	65	7.046581e+05
50	70	66	8.936470e+03
50	70	67	1.792005e+03
50	70	69	1.863916e+01
50	70	70	1.344486e+04
50	70	71	1.558190e+04
50	71	54	1.178283e+03
50	71	55	2.475740e+03
50	71	56	2.136867e+04
50	71	60	3.968737e+03
50	71	61	3.487235e+04
50	71	62	5.402520e+04
50	71	63	2.196522e+05
50	71	64	9.331943e+04
50	71	65	5.278070e+05
50	71	66	-6.651706e+03
50	71	67	-1.333848e+03
50	71	68	5.832754e+01
50	71	69	7.456175e+03
50	71	70	1.291137e+04
50	71	71	8.966662e+03
50	71	72	9.087939e+00
50	72	54	1.871578e+04
50	72	55	3.932450e+04
50	72	56	3.394186e+05
50	72	58	9.224758e+03
50	72	59	9.797659e+04
50	72	60	2.636774e+04
50	72	61	-3.791312e+04
50	72	62	6.122552e+04
50	72	63	-3.826471e+05
50	72	65	1.499725e+04
50	72	66	1.097612e+05
50	72	67	2.232434e+04
50	72	68	3.168746e+03
50	72	69	1.066374e+04
50	72	70	7.431558e+03
50	72	71	1.828557e+02
50	72	72	1.127745e+02
50	73	54	4.852346e+04
50	73	55	1.165301e+05
50	73	56	8.662130e+05
50	73	58	-1.453933e+04
50	73	59	-1.544230e+05
50	73	60	-4.155874e+04
50	73	61	1.754510e+05
50	73	62	-2.833341e+05
50	73	63	1.770781e+06
50	73	66	4.426322e+02
50	73	67	9.007423e+02
50	73	68	8.955027e+03
50	73	69	1.254815e+05
50	73	70	8.742543e+04
50	73	71	5.173773e+02
50	73	72	3.190875e+02
50	74	54	1.783014e+04
50	74	55	2.784387e+05
50	74	56	9.552662e+04
50	74	58	9.406426e+04
50	74	59	9.990610e+05
50	74	60	2.688701e+05
50	74	66	3.260899e+03
50	74	67	6.635825e+03
50	74	68	5.873029e+04
50	75	54	6.313859e+03
50	75	55	9.859836e+04
50	75	56	3.382708e+04
50	77	62	1.346364e+02
50	77	63	3.518985e+03
50	77	64	1.554443e+03
50	78	62	1.722216e+04
50	78	63	4.501347e+05
50	78	64	1.988382e+05
50	79	62	1.200265e+04
50	79	63	3.137127e+05
50	79	64	1.385765e+05
50	80	69	-1.637720e+02
50	80	70	-1.704610e+04
50	80	71	-1.141355e+04
50	81	69	-1.069312e+03
50	81	70	-1.112986e+05
50	81	71	-7.452215e+04
50	82	69	-1.934907e+02
50	82	70	-2.013935e+04
50	82	71	-1.348470e+04
51	60	54	-4.737298e+01
51	60	55	-5.417227e+03
51	60	56	-3.696083e+03
51	61	54	-1.049200e+03
51	61	55	-1.199788e+05
51	61	56	-8.185953e+04
51	62	54	-4.305576e+02
51	62	55	-4.923542e+04
51	62	56	-3.359249e+04
51	65	70	6.234041e+02
51	65	71	1.463384e+04
51	65	72	7.629819e+04
51	65	73	3.178384e+04
51	66	62	1.686604e+02
51	66	63	3.123975e+04
51	66	64	2.317700e+04
51	66	65	1.073578e+02
51	66	66	2.491776e+01
51	66	70	1.546034e+04
51	66	71	3.174052e+05
51	66	72	6.824096e+05
51	66	73	2.521946e+05
51	67	62	1.479733e+03
51	67	63	2.737256e+05
51	67	64	2.030276e+05
51	67	65	6.523888e+02
51	67	66	1.514196e+02
51	67	70	1.115933e+04
51	67	71	2.907156e+05
51	67	72	2.500707e+05
51	67	73	5.427503e+04
51	68	61	6.875253e-06
51	68	62	2.342473e+04
51	68	63	1.417721e+06
51	68	64	9.083238e+05
51	68	65	1.101168e+02
51	68	66	2.555814e+01
51	68	70	6.180771e+03
51	68	71	2.181773e+05
51	68	72	1.084402e+05
51	69	56	2.198499e-01
51	69	57	3.004817e+01
51	69	58	2.119397e+01
51	69	60	-1.870732e+01
51	69	61	-7.349683e+01
51	69	62	3.856532e+04
51	69	63	7.847683e+05
51	69	64	3.301033e+05
51	69	65	8.686467e+02
51	69	69	9.947516e+00
51	69	70	7.175374e+03
51	69	71	8.315887e+03
51	70	56	1.028193e+02
51	70	57	1.405292e+04
51	70	58	9.911990e+03
51	70	60	-8.550004e+03
51	70	61	-3.359106e+04
51	70	62	-1.383387e+05
51	70	63	7.624453e+05
51	70	64	3.028202e+05
51	70	65	1.757824e+05
51	70	66	-3.458028e+03
51	70	67	1.046697e+03
51	70	68	2.088913e+03
51	70	69	5.508318e+02
51	70	70	3.973278e+05
51	70	71	4.604823e+05
51	71	54	4.469178e+02
51	71	55	9.390376e+02
51	71	56	8.190324e+03
51	71	57	1.165565e+04
51	71	58	8.221122e+03
51	71	60	-7.075975e+03
51	71	61	-2.207877e+04
51	71	62	-1.610740e+05
51	71	63	6.402226e+04
51	71	64	2.338802e+04
51	71	65	1.334263e+05
51	71	66	3.023520e+03
51	71	67	2.118970e+04
51	71	68	2.469487e+04
51	71	69	-1.387933e+04
51	71	70	2.185449e+05
51	71	71	2.765933e+05
51	71	72	7.427083e+03
51	72	53	2.989729e-01
51	72	54	7.106086e+03
51	72	55	1.491873e+04
51	72	56	1.287400e+05
51	72	58	5.314740e+03
51	72	59	5.644810e+04
51	72	60	1.519147e+04
51	72	61	-1.125033e+04
51	72	62	1.820876e+04
51	72	63	-1.105632e+05
51	72	64	5.067447e+03
51	72	65	2.869240e+04
51	72	66	-1.865030e+04
51	72	67	5.241337e+04
51	72	68	8.220605e+04
51	72	69	-2.033186e+04
51	72	70	-1.209764e+04
51	72	71	1.494381e+05
51	72	72	9.216452e+04
51	73	53	1.059673e+03
51	73	54	4.660110e+04
51	73	55	9.309628e+04
51	73	56	3.415408e+05
51	73	58	-8.376672e+03
51	73	59	-8.896903e+04
51	73	60	-2.394360e+04
51	73	61	5.206330e+04
51	73	62	-8.379584e+04
51	73	63	5.460278e+05
51	73	64	4.454251e+04
51	73	65	1.223775e+05
51	73	66	3.831250e+04
51	73	67	3.127003e+03
51	73	68	2.580125e+04
51	73	69	-2.392474e+05
51	73	70	-1.608269e+05
51	73	71	4.228246e+05
51	73	72	2.607730e+05
51	74	53	1.132993e+03
51	74	54	7.440326e+04
51	74	55	7.433892e+05
51	74	56	2.509940e+05
51	74	58	5.419406e+04
51	74	59	5.755976e+05
51	74	60	1.549064e+05
51	74	62	5.341540e+01
51	74	63	3.914128e+03
51	74	64	1.525376e+04
51	74	65	7.752474e+04
51	74	66	2.901006e+04
51	74	67	2.303683e+04
51	74	68	2.038872e+05
51	74	70	7.022093e+00
51	74	71	1.847873e+02
51	74	72	3.860221e+02
51	75	54	1.658952e+04
51	75	55	2.590650e+05
51	75	56	8.887989e+04
51	75	65	1.575907e+00
51	75	66	1.083981e+01
51	75	67	2.058849e+00
51	75	70	2.567978e+02
51	75	71	6.757668e+03
51	75	72	1.411682e+04
51	76	63	6.982260e-03
51	76	64	2.380813e-01
51	76	65	2.325104e+01
51	76	66	1.567875e+02
51	76	67	2.977926e+01
51	76	70	1.292635e+02
51	76	71	3.401585e+03
51	76	72	7.105938e+03
51	77	62	1.077938e+02
51	77	63	3.056000e+03
51	77	64	9.380309e+03
51	77	65	1.562652e+04
51	77	66	5.146785e+01
51	77	67	9.775492e+00
51	78	62	1.378855e+04
51	78	63	3.606241e+05
51	78	64	1.671569e+05
51	78	65	1.528426e+04
51	79	62	9.609665e+03
51	79	63	2.511673e+05
51	79	64	1.109483e+05
51	80	69	1.382728e+03
51	80	70	1.439204e+05
51	80	71	9.636470e+04
51	81	69	9.028207e+03
51	81	70	9.396948e+05
51	81	71	6.291911e+05
51	82	69	1.633643e+03
51	82	70	1.700367e+05
51	82	71	1.138514e+05
52	57	74	9.479334e+01
52	57	75	1.572031e+02
52	57	76	1.639137e+03
52	58	74	-1.514724e+02
52	58	75	-2.511983e+02
52	58	76	-2.619213e+03
52	59	74	9.610577e+02
52	59	75	1.593796e+03
52	59	76	1.661831e+04
52	60	54	3.433499e+02
52	60	55	3.926298e+04
52	60	56	2.678847e+04
52	61	54	7.604392e+03
52	61	55	8.695825e+05
52	61	56	5.933015e+05
52	62	54	3.120595e+03
52	62	55	3.568484e+05
52	62	56	2.434716e+05
52	65	70	1.399933e+03
52	65	71	2.673843e+04
52	65	72	1.021339e+04
52	66	64	1.148195e+04
52	66	65	9.997919e+04
52	66	66	2.320519e+04
52	66	70	3.465181e+04
52	66	71	6.618425e+05
52	66	72	2.528067e+05
52	66	74	3.417167e+02
52	66	75	2.413751e+03
52	66	76	4.696316e+02
52	67	64	6.977318e+04
52	67	65	6.075516e+05
52	67	66	1.415000e+05
52	67	67	4.141590e+02
52	67	70	1.495161e+04
52	67	71	2.855727e+05
52	67	72	1.090814e+05
52	67	73	9.229750e+01
52	67	74	8.405358e+03
52	67	75	4.241513e+04
52	67	76	8.026299e+03
52	68	58	1.680322e+01
52	68	59	1.099857e+03
52	68	60	1.773583e+03
52	68	61	3.808674e-04
52	68	62	3.466457e+04
52	68	63	4.114455e+04
52	68	64	2.500653e+04
52	68	65	1.025486e+05
52	68	66	2.378354e+04
52	68	67	-1.531257e+01
52	68	73	3.252410e+03
52	68	74	9.249907e+04
52	68	75	5.584087e+04
52	68	76	2.893682e+03
52	69	56	6.787767e+00
52	69	57	9.277236e+02
52	69	58	7.702742e+02
52	69	59	7.587553e+03
52	69	60	1.233641e+04
52	69	61	3.969727e+02
52	69	62	2.884651e+05
52	69	63	3.585310e+05
52	69	64	9.721129e+03
52	69	65	1.095757e+01
52	69	66	6.749168e+03
52	69	67	5.994524e+03
52	69	68	2.485501e+03
52	69	69	6.260475e+02
52	69	70	3.333793e+03
52	69	71	3.863693e+03
52	69	73	1.615527e+03
52	69	74	4.490000e+04
52	69	75	2.034964e+04
52	70	56	3.174500e+03
52	70	57	4.338774e+05
52	70	58	3.060503e+05
52	70	59	1.445003e+03
52	70	60	4.851022e+04
52	70	61	1.814312e+05
52	70	62	1.072392e+06
52	70	63	2.923331e+05
52	70	64	1.874210e+05
52	70	65	1.603897e+04
52	70	66	1.169134e+05
52	70	67	2.136652e+04
52	70	68	-3.833187e+03
52	70	69	-1.005764e+02
52	70	70	1.950734e+05
52	70	71	2.224688e+05
52	70	72	-9.818485e+01
52	70	73	7.661809e+02
52	71	56	2.632968e+03
52	71	57	3.598631e+05
52	71	58	2.538234e+05
52	71	60	3.821858e+04
52	71	61	1.501523e+05
52	71	62	8.200889e+05
52	71	63	9.081064e+01
52	71	64	8.533330e+02
52	71	65	-3.596549e+03
52	71	66	-7.962353e+04
52	71	67	-3.685813e+04
52	71	68	4.535235e+03
52	71	69	7.699182e+04
52	71	70	1.482300e+05
52	71	71	1.342091e+05
52	71	72	5.218526e+03
52	71	73	2.585506e+04
52	72	53	1.147906e+00
52	72	54	2.791765e+01
52	72	55	1.195302e+01
52	72	58	1.775944e+01
52	72	59	3.375180e+03
52	72	60	2.512480e+03
52	72	62	8.252052e+02
52	72	63	6.031449e+04
52	72	64	1.058156e+05
52	72	65	3.093377e+05
52	72	66	1.514853e+06
52	72	67	2.291274e+05
52	72	68	-1.408383e+04
52	72	69	9.928574e+04
52	72	70	2.034968e+05
52	72	71	2.830260e+05
52	72	72	9.949207e+04
52	72	73	4.979606e+04
52	73	53	4.068616e+03
52	73	54	9.895074e+04
52	73	55	4.236605e+04
52	73	57	6.428118e+01
52	73	58	-1.149876e+02
52	73	59	-5.552181e+03
52	73	60	-4.658178e+03
52	73	61	1.147259e+02
52	73	62	7.129538e+03
52	73	63	4.190823e+05
52	73	64	6.912148e+05
52	73	65	1.468210e+05
52	73	66	6.094436e+04
52	73	67	1.859790e+04
52	73	68	1.737189e+05
52	73	69	1.163957e+06
52	73	70	8.176034e+05
52	73	71	4.857168e+05
52	73	72	2.995612e+05
52	74	53	4.350128e+03
52	74	54	1.057973e+05
52	74	55	4.529740e+04
52	74	56	1.418677e+02
52	74	57	3.582008e+03
52	74	58	7.796316e+03
52	74	59	3.166522e+04
52	74	60	2.368769e+04
52	74	61	3.336277e+03
52	74	62	4.278442e+04
52	74	63	2.076802e+05
52	74	64	1.618101e+05
52	74	65	2.346297e+05
52	74	66	1.121737e+05
52	74	67	1.370119e+05
52	74	68	1.212623e+06
52	74	70	2.873287e+02
52	74	71	7.561093e+03
52	74	72	1.579518e+04
52	75	56	1.440263e+02
52	75	57	4.515321e+03
52	75	58	6.623075e+03
52	75	59	9.486143e+03
52	75	61	1.540148e+03
52	75	62	1.915536e+04
52	75	63	5.754848e+04
52	75	64	1.473583e+03
52	75	65	5.328192e+03
52	75	66	3.664194e+04
52	75	67	6.969333e+03
52	75	70	1.050761e+04
52	75	71	2.765090e+05
52	75	72	5.776295e+05
52	76	56	2.274198e+03
52	76	57	5.764896e+04
52	76	58	1.220032e+05
52	76	63	7.580363e+00
52	76	64	3.452125e+03
52	76	65	8.302576e+04
52	76	66	5.257349e+05
52	76	67	1.322041e+05
52	76	68	6.739445e+03
52	76	70	5.289180e+03
52	76	71	1.391854e+05
52	76	72	2.907595e+05
52	77	63	2.607464e+03
52	77	64	1.542352e+05
52	77	65	2.472575e+05
52	77	66	1.826547e+05
52	77	67	5.329368e+04
52	77	68	1.621199e+05
52	78	63	2.461970e+03
52	78	64	1.097620e+05
52	78	65	1.802784e+05
52	78	66	5.611966e+03
52	78	67	-4.067696e+03
52	78	68	6.907571e+04
52	84	63	2.838895e+00
52	84	64	8.596000e+00
52	84	65	5.634833e+01
52	85	63	4.525147e+03
52	85	64	1.370186e+04
52	85	65	8.981820e+04
52	86	63	5.011061e+03
52	86	64	2.343097e+04
52	86	65	1.063227e+05
52	87	63	-1.547820e+01
52	87	64	-1.048290e+04
52	87	65	-8.976440e+03
52	88	63	1.348068e+02
52	88	64	9.130039e+04
52	88	65	7.817994e+04
53	2	119	8.777561e-01
53	2	120	8.255159e+00
53	2	121	2.676546e+01
53	3	119	6.481547e+00
53	3	120	6.095794e+01
53	3	121	1.976421e+02
53	4	119	1.311718e+00
53	4	120	1.233650e+01
53	4	121	3.999827e+01
53	57	74	3.763027e+03
53	57	75	6.240516e+03
53	57	76	6.506908e+04
53	58	74	-6.013024e+03
53	58	75	-9.971859e+03
53	58	76	-1.039753e+05
53	59	74	3.815127e+04
53	59	75	6.326917e+04
53	59	76	6.596997e+05
53	64	72	1.756340e+01
53	64	73	1.501356e+02
53	64	74	5.118197e+02
53	65	59	3.941972e-01
53	65	60	6.590801e+01
53	65	61	8.923801e+01
53	65	72	1.876410e+02
53	65	73	1.603995e+03
53	65	74	5.468098e+03
53	66	59	6.690937e+01
53	66	60	1.118695e+04
53	66	61	1.514689e+04
53	66	63	3.036639e+03
53	66	64	4.265108e+03
53	66	65	1.152585e+05
53	66	66	2.033309e+04
53	66	71	1.719314e+01
53	66	72	1.548555e+02
53	66	73	4.509774e+02
53	66	74	7.741901e+03
53	66	75	4.424809e+04
53	66	76	8.609131e+03
53	67	59	4.894518e+01
53	67	60	8.183415e+03
53	67	61	1.108017e+04
53	67	63	2.026435e+04
53	67	64	4.255042e+04
53	67	65	7.368466e+05
53	67	66	1.685492e+05
53	67	67	3.816203e+04
53	67	71	4.138768e+02
53	67	72	2.507087e+03
53	67	73	1.110003e+03
53	67	74	1.261856e+05
53	67	75	7.648958e+05
53	67	76	1.471354e+05
53	68	58	4.043072e+02
53	68	59	2.663359e+04
53	68	60	4.307605e+04
53	68	61	3.160039e+03
53	68	62	6.337352e+04
53	68	63	8.109324e+04
53	68	64	1.506619e+05
53	68	65	1.401562e+05
53	68	66	2.523763e+04
53	68	67	-8.881713e+02
53	68	68	2.126805e+02
53	68	69	6.158316e+02
53	68	70	5.284754e+02
53	68	71	1.763986e+02
53	68	72	1.068546e+03
53	68	73	2.442936e+04
53	68	74	7.125609e+05
53	68	75	5.780936e+05
53	68	76	5.304601e+04
53	69	56	3.208448e+00
53	69	57	4.385173e+02
53	69	58	3.098483e+03
53	69	59	1.858516e+05
53	69	60	3.021732e+05
53	69	61	6.140088e+04
53	69	62	4.627830e+05
53	69	63	4.451885e+05
53	69	64	-2.173667e+05
53	69	65	5.591525e+04
53	69	66	6.844589e+05
53	69	67	5.852631e+05
53	69	68	9.734595e+04
53	69	69	8.657899e+04
53	69	70	5.763908e+04
53	69	73	1.204517e+04
53	69	74	3.347688e+05
53	69	75	1.517244e+05
53	70	56	1.500526e+03
53	70	57	2.050856e+05
53	70	58	1.451849e+05
53	70	59	4.244967e+04
53	70	60	7.424347e+04
53	70	61	1.479123e+05
53	70	62	1.659755e+05
53	70	63	4.254142e+05
53	70	64	1.424233e+06
53	70	65	7.190635e+04
53	70	66	6.458948e+04
53	70	67	6.183714e+04
53	70	68	-7.007900e+03
53	70	69	3.329306e+04
53	70	70	1.878382e+04
53	70	71	-1.490426e+04
53	70	72	-1.898957e+03
53	70	73	1.481842e+04
53	71	56	1.244554e+03
53	71	57	1.701004e+05
53	71	58	1.199775e+05
53	71	61	4.442054e+03
53	71	62	1.720828e+04
53	71	63	1.049759e+05
53	71	64	1.509623e+05
53	71	65	3.313721e+05
53	71	66	3.306837e+05
53	71	67	3.785183e+05
53	71	68	1.271073e+06
53	71	69	2.436439e+05
53	71	70	1.181899e+04
53	71	71	5.616303e+04
53	71	72	-6.408100e+04
53	71	73	5.000531e+05
53	72	53	6.368265e+00
53	72	54	1.548794e+02
53	72	55	6.631205e+01
53	72	58	1.639673e+02
53	72	59	3.116197e+04
53	72	60	2.319694e+04
53	72	61	1.561048e+04
53	72	62	1.406148e+05
53	72	63	2.816669e+05
53	72	64	3.247868e+05
53	72	65	1.484283e+06
53	72	66	1.247765e+06
53	72	67	6.821799e+05
53	72	68	8.214153e+05
53	72	69	8.944603e+02
53	72	70	-2.548155e+05
53	72	71	-1.158705e+05
53	72	72	-1.232328e+05
53	72	73	9.631435e+05
53	73	53	2.257155e+04
53	73	54	5.489512e+05
53	73	55	2.350350e+05
53	73	57	5.285875e+03
53	73	58	-7.051941e+03
53	73	59	2.352324e+02
53	73	60	-4.300749e+04
53	73	61	6.641888e+03
53	73	62	8.650143e+04
53	73	63	8.318035e+05
53	73	64	9.289618e+05
53	73	65	2.119395e+06
53	73	66	8.662371e+05
53	73	67	6.477272e+02
53	73	68	2.358666e+03
53	73	69	1.290449e+03
53	73	71	5.951038e+03
53	73	72	7.628193e+04
53	73	73	2.326491e+04
53	74	53	2.413330e+04
53	74	54	5.869337e+05
53	74	55	2.512974e+05
53	74	56	1.060263e+03
53	74	57	2.570782e+04
53	74	58	5.991775e+04
53	74	59	2.809669e+05
53	74	60	2.187146e+05
53	74	61	-2.825721e+03
53	74	62	-4.485842e+04
53	74	63	1.487560e+05
53	74	64	5.424608e+05
53	74	65	1.225775e+06
53	74	66	2.736485e+05
53	74	67	3.473074e+02
53	74	68	3.778715e-01
53	74	70	1.503403e+02
53	74	71	1.118565e+04
53	74	72	1.009332e+05
53	74	73	2.826264e+04
53	75	56	1.076396e+03
53	75	57	9.836393e+04
53	75	58	-3.299329e+04
53	75	59	7.800504e+05
53	75	60	-2.653440e+01
53	75	61	-9.536066e+03
53	75	62	-2.686720e+04
53	75	63	7.784866e+03
53	75	64	1.088515e+05
53	75	65	2.264383e+05
53	75	66	3.920738e+04
53	75	67	9.283872e+03
53	75	68	1.702900e+03
53	75	70	5.497941e+03
53	75	71	1.446790e+05
53	75	72	3.022356e+05
53	76	56	1.699646e+04
53	76	57	4.308456e+05
53	76	58	9.118039e+05
53	76	60	1.255237e+02
53	76	61	3.145650e+04
53	76	62	2.841681e+04
53	76	63	3.885072e+03
53	76	64	-4.114809e+03
53	76	65	1.534790e+05
53	76	66	4.557490e+05
53	76	67	9.031407e+05
53	76	68	7.922720e+04
53	76	70	2.767481e+03
53	76	71	7.282662e+04
53	76	72	1.521354e+05
53	77	61	1.508749e+00
53	77	62	1.137668e+04
53	77	63	1.828220e+04
53	77	64	1.749123e+05
53	77	65	5.243270e+05
53	77	66	1.619214e+05
53	77	67	7.646948e+05
53	77	68	1.105872e+06
53	78	63	7.367174e+03
53	78	64	2.203585e+05
53	78	65	4.594224e+05
53	78	66	3.543513e+04
53	78	67	-2.568429e+04
53	78	68	4.361586e+05
53	79	59	4.212071e-01
53	79	60	5.518449e+00
53	79	61	1.706240e+00
53	80	59	2.293467e+03
53	80	60	3.004788e+04
53	80	61	9.290456e+03
53	81	59	2.172057e+03
53	81	60	2.845723e+04
53	81	61	8.798646e+03
53	82	52	4.366102e+00
53	82	53	1.951703e+01
53	82	54	9.781265e+01
53	83	52	1.485401e+03
53	83	53	6.639933e+03
53	83	54	3.327706e+04
53	84	52	1.839509e+03
53	84	53	8.222841e+03
53	84	54	4.121005e+04
53	84	63	1.915242e+01
53	84	64	5.799235e+01
53	84	65	3.801503e+02
53	85	63	3.052861e+04
53	85	64	9.243874e+04
53	85	65	6.059526e+05
53	86	63	3.383637e+04
53	86	64	1.781054e+05
53	86	65	7.344506e+05
53	87	63	-1.417983e+02
53	87	64	-9.603552e+04
53	87	65	-8.223460e+04
53	88	63	1.234986e+03
53	88	64	8.364174e+05
53	88	65	7.162189e+05
53	89	62	1.994502e+01
53	89	63	2.806527e+02
53	89	64	7.498987e+02
53	90	62	1.317586e+02
53	90	63	1.854018e+03
53	90	64	4.953901e+03
53	91	62	5.186417e+02
53	91	63	7.297973e+03
53	91	64	1.950005e+04
54	2	119	2.627622e+03
54	2	120	2.471237e+04
54	2	121	8.012420e+04
54	3	119	1.940295e+04
54	3	120	1.824817e+05
54	3	121	5.916550e+05
54	4	119	3.926715e+03
54	4	120	3.693014e+04
54	4	121	1.197375e+05
54	57	74	6.904215e+03
54	57	75	1.144979e+04
54	57	76	1.193855e+05
54	58	74	-1.103240e+04
54	58	75	-1.829587e+04
54	58	76	-1.907688e+05
54	59	74	6.999806e+04
54	59	75	1.160831e+05
54	59	76	1.210384e+06
54	61	56	5.759854e-04
54	61	57	7.800399e-01
54	61	58	6.991919e-01
54	62	56	1.251939e-01
54	62	57	1.695463e+02
54	62	58	1.519735e+02
54	63	56	1.634264e-01
54	63	57	2.213235e+02
54	63	58	1.983842e+02
54	63	71	4.408447e+02
54	63	72	7.375998e+03
54	63	73	2.628953e+03
54	64	71	-6.611150e+02
54	64	72	-8.922517e+03
54	64	73	1.434155e+04
54	64	74	6.233133e+04
54	65	59	4.288100e+00
54	65	60	7.169512e+02
54	65	61	9.707364e+02
54	65	62	2.013394e+02
54	65	63	4.373664e+02
54	65	64	3.678339e+03
54	65	71	4.584735e+03
54	65	72	9.956118e+04
54	65	73	2.226813e+05
54	65	74	6.659256e+05
54	66	59	7.278441e+02
54	66	60	1.216923e+05
54	66	61	1.647687e+05
54	66	62	-3.326781e+02
54	66	63	-5.666076e+03
54	66	64	8.789447e+03
54	66	65	-3.965204e+04
54	66	71	3.057790e+03
54	66	72	2.469805e+04
54	66	73	5.590423e+04
54	66	74	1.822987e+05
54	66	75	1.655153e+04
54	66	76	3.220349e+03
54	67	59	5.337930e+02
54	67	60	8.914450e+04
54	67	61	1.222382e+05
54	67	62	2.695480e+03
54	67	63	-2.799569e+04
54	67	64	5.422072e+05
54	67	65	1.361562e+05
54	67	66	3.389984e+04
54	67	67	2.490207e+04
54	67	71	7.360775e+04
54	67	72	4.458840e+05
54	67	73	7.516518e+04
54	67	74	4.395035e+04
54	67	75	2.846451e+05
54	67	76	5.503778e+04
54	68	58	1.105101e+03
54	68	59	5.694020e+04
54	68	60	9.945982e+04
54	68	61	1.025425e+04
54	68	62	5.984529e+03
54	68	63	1.278292e+04
54	68	64	4.179624e+05
54	68	65	4.207206e+05
54	68	66	3.335560e+05
54	68	67	1.433195e+04
54	68	68	2.773746e+03
54	68	69	4.482020e+03
54	68	70	3.846243e+03
54	68	71	3.137238e+04
54	68	72	1.900403e+05
54	68	73	3.692537e+04
54	68	74	1.519859e+05
54	68	75	1.643236e+05
54	68	76	1.984250e+04
54	69	58	6.691083e+03
54	69	59	3.890106e+05
54	69	60	6.372601e+05
54	69	61	-7.286426e+04
54	69	62	1.081696e+04
54	69	63	1.559000e+04
54	69	64	-7.528992e+03
54	69	65	2.102020e+04
54	69	66	5.620886e+05
54	69	67	9.891395e+05
54	69	68	2.984494e+05
54	69	69	4.980568e+05
54	69	70	4.194970e+05
54	69	73	2.458278e+03
54	69	74	6.832241e+04
54	69	75	3.096518e+04
54	70	58	2.930080e+03
54	70	59	5.863707e+04
54	70	60	1.071419e+05
54	70	61	-2.406372e+05
54	70	62	-1.914643e+04
54	70	63	4.759915e+05
54	70	64	6.859962e+05
54	70	65	5.697470e+05
54	70	66	3.789664e+05
54	70	67	1.460988e+06
54	70	68	4.415700e+05
54	70	69	3.249907e+05
54	70	70	3.800443e+05
54	70	71	7.840122e+04
54	70	72	-7.299335e+02
54	70	73	5.696002e+03
54	71	60	4.763548e+01
54	71	61	2.641058e+04
54	71	62	1.101124e+05
54	71	63	7.845639e+05
54	71	64	1.036459e+06
54	71	65	1.358786e+06
54	71	66	9.656300e+05
54	71	67	9.425266e+05
54	71	68	7.078386e+05
54	71	69	1.459954e+05
54	71	70	-2.808133e+04
54	71	71	-2.769348e+04
54	71	72	-2.463188e+04
54	71	73	1.922137e+05
54	72	58	5.367398e+02
54	72	59	1.020073e+05
54	72	60	7.731260e+04
54	72	61	3.612478e+04
54	72	62	3.125640e+05
54	72	63	1.770420e+06
54	72	64	1.981969e+06
54	72	65	2.799101e+06
54	72	66	2.366269e+06
54	72	67	2.165026e+05
54	72	68	4.300453e+05
54	72	69	2.605979e+05
54	72	70	1.244334e+06
54	72	71	1.018147e+06
54	72	72	-4.777485e+04
54	72	73	3.700957e+05
54	73	57	8.109629e+03
54	73	58	-1.134787e+04
54	73	59	-9.989130e+04
54	73	60	-1.365106e+05
54	73	61	4.873157e+04
54	73	62	5.401957e+05
54	73	63	2.563740e+06
54	73	64	3.715407e+06
54	73	65	3.541798e+06
54	73	66	1.948046e+06
54	73	67	4.775125e+05
54	73	68	3.420333e+05
54	73	69	1.884528e+05
54	73	70	5.243010e+04
54	73	71	2.925985e+04
54	73	72	-1.378020e+05
54	73	73	-4.202767e+04
54	74	56	2.168341e+02
54	74	57	3.703179e+03
54	74	58	1.898225e+04
54	74	59	9.439558e+05
54	74	60	7.283785e+05
54	74	61	6.698884e+04
54	74	62	4.752206e+05
54	74	63	2.007374e+06
54	74	64	1.267104e+06
54	74	65	2.372339e+05
54	74	66	8.062314e+05
54	74	67	1.458863e+05
54	74	68	2.779597e+04
54	74	69	3.360007e+03
54	74	70	6.968812e+04
54	74	71	4.012035e+04
54	74	72	-1.674044e+05
54	74	73	-5.105597e+04
54	75	56	2.201335e+02
54	75	57	1.146289e+05
54	75	58	-1.274021e+05
54	75	59	1.203413e+06
54	75	60	5.267796e+04
54	75	61	2.652537e+04
54	75	62	2.633927e+05
54	75	63	8.729717e+05
54	75	64	1.250975e+06
54	75	65	1.786519e+06
54	75	66	2.718472e+04
54	75	67	3.502014e+05
54	75	68	4.032346e+05
54	75	69	3.077067e+04
54	76	56	3.475942e+03
54	76	57	8.811213e+04
54	76	58	1.864728e+05
54	76	60	7.608858e+03
54	76	61	3.367316e+05
54	76	62	4.340669e+05
54	76	63	1.684503e+05
54	76	64	2.143304e+05
54	76	65	1.164342e+05
54	76	66	-3.177389e+04
54	76	67	4.040447e+05
54	76	68	2.428224e+05
54	76	69	1.003282e+05
54	77	53	6.555759e+02
54	77	54	4.747953e+03
54	77	55	9.446233e+02
54	77	61	1.104101e+04
54	77	62	5.973983e+05
54	77	63	4.949201e+05
54	77	64	7.888217e+05
54	77	65	6.827366e+05
54	77	66	-1.453812e+04
54	77	67	1.640969e+05
54	77	68	3.071243e+04
54	78	53	4.213264e+03
54	78	54	3.051421e+04
54	78	55	6.070919e+03
54	78	61	3.441951e+03
54	78	62	3.485829e+04
54	78	63	9.747080e+03
54	78	64	3.117047e+05
54	78	65	2.580952e+05
54	78	66	6.209830e+03
54	78	67	-4.501043e+03
54	78	68	7.643461e+04
54	79	53	1.685358e+04
54	79	54	1.220607e+05
54	79	55	2.428443e+04
54	79	59	7.473329e+00
54	79	60	9.791190e+01
54	79	61	3.027323e+01
54	80	59	4.069218e+04
54	80	60	5.331290e+05
54	80	61	1.648373e+05
54	81	59	3.853805e+04
54	81	60	5.049067e+05
54	81	61	1.561113e+05
54	82	52	1.044624e+01
54	82	53	4.669603e+01
54	82	54	2.340245e+02
54	83	52	3.553939e+03
54	83	53	1.588656e+04
54	83	54	7.961798e+04
54	84	52	4.401171e+03
54	84	53	1.967379e+04
54	84	54	9.859828e+04
54	84	63	3.573381e+00
54	84	64	1.081998e+01
54	84	65	7.092691e+01
54	85	63	5.695904e+03
54	85	64	1.724685e+04
54	85	65	1.130562e+05
54	86	63	6.319211e+03
54	86	64	3.740056e+04
54	86	65	1.406019e+05
54	87	63	-3.423806e+01
54	87	64	-2.318836e+04
54	87	65	-1.985605e+04
54	88	63	2.981950e+02
54	88	64	2.019581e+05
54	88	65	1.729354e+05
54	89	62	7.535263e+02
54	89	63	1.060311e+04
54	89	64	2.833131e+04
54	90	62	4.977865e+03
54	90	63	7.004513e+04
54	90	64	1.871593e+05
54	91	62	1.959438e+04
54	91	63	2.757187e+05
54	91	64	7.367152e+05
55	2	119	2.441569e+03
55	2	120	2.296258e+04
55	2	121	7.445090e+04
55	3	119	1.802909e+04
55	3	120	1.695608e+05
55	3	121	5.497620e+05
55	4	119	3.648678e+03
55	4	120	3.431525e+04
55	4	121	1.112593e+05
55	61	56	7.500520e-01
55	61	57	1.015773e+03
55	61	58	9.104922e+02
55	62	56	1.630283e+02
55	62	57	2.207843e+05
55	62	58	1.979009e+05
55	62	66	5.076738e-06
55	62	67	2.603514e+00
55	62	68	2.589007e+00
55	63	56	2.128149e+02
55	63	57	2.882089e+05
55	63	58	2.583372e+05
55	63	66	2.730677e-02
55	63	67	1.400378e+04
55	63	68	1.392575e+04
55	63	71	7.095931e+02
55	63	72	1.187256e+04
55	63	73	4.231619e+03
55	64	66	2.883204e-02
55	64	67	1.478599e+04
55	64	68	1.470360e+04
55	64	71	-1.064145e+03
55	64	72	-1.632765e+04
55	64	73	6.280599e+03
55	64	74	4.304460e+04
55	65	59	1.292153e+01
55	65	60	2.160423e+03
55	65	61	2.925166e+03
55	65	62	6.741681e+03
55	65	63	1.464485e+04
55	65	64	1.231661e+05
55	65	71	7.379688e+03
55	65	72	1.392541e+05
55	65	73	1.789061e+05
55	65	74	4.598731e+05
55	66	59	2.193247e+03
55	66	60	3.667011e+05
55	66	61	4.965053e+05
55	66	62	-1.113945e+04
55	66	63	6.992792e+03
55	66	64	-2.628780e+05
55	66	65	2.855009e+05
55	66	71	4.102997e+03
55	66	72	2.911869e+04
55	66	73	4.063588e+04
55	66	74	1.242732e+05
55	67	59	1.646587e+03
55	67	60	2.713418e+05
55	67	61	4.000732e+05
55	67	62	8.252718e+04
55	67	63	3.820593e+05
55	67	64	1.003820e+06
55	67	65	2.106908e+06
55	67	66	7.704134e+03
55	67	67	8.880860e+00
55	67	68	9.054382e+02
55	67	69	1.331531e+03
55	67	71	9.876820e+04
55	67	72	5.982950e+05
55	67	73	1.006695e+05
55	68	58	1.126760e+04
55	68	59	1.441028e+04
55	68	60	3.230668e+05
55	68	61	4.569724e+05
55	68	62	1.033318e+05
55	68	63	5.610154e+05
55	68	64	3.773645e+05
55	68	65	9.933123e+05
55	68	66	6.267800e+05
55	68	67	9.480400e+04
55	68	68	1.931242e+04
55	68	69	2.803826e+04
55	68	70	7.685464e+02
55	68	71	4.209603e+04
55	68	72	2.549995e+05
55	68	73	4.290639e+04
55	69	58	4.276360e+04
55	69	59	1.318990e+05
55	69	60	9.944174e+05
55	69	61	1.527844e+06
55	69	62	3.278556e+05
55	69	63	7.006149e+05
55	69	64	8.865960e+05
55	69	65	1.469180e+06
55	69	66	1.086023e+06
55	69	67	8.959501e+04
55	69	68	1.307036e+05
55	69	69	1.136802e+05
55	69	70	8.382283e+04
55	70	58	6.945566e+04
55	70	59	1.702736e+04
55	70	60	1.005962e+06
55	70	61	1.454303e+06
55	70	62	-2.019230e+05
55	70	63	2.324775e+06
55	70	64	1.551054e+06
55	70	65	1.516799e+06
55	70	66	2.676977e+06
55	70	67	2.256941e+06
55	70	68	6.568872e+05
55	70	69	1.171939e+05
55	70	70	5.668007e+04
55	71	60	4.256852e+02
55	71	61	1.106055e+05
55	71	62	3.680030e+05
55	71	63	2.467981e+06
55	71	64	5.526734e+06
55	71	65	5.862192e+06
55	71	66	3.737040e+06
55	71	67	2.176159e+06
55	71	68	8.143021e+05
55	71	69	4.884910e+04
55	71	70	3.295848e+04
55	72	60	1.231820e+04
55	72	61	3.442866e+05
55	72	62	2.501815e+06
55	72	63	3.994465e+06
55	72	64	7.089856e+06
55	72	65	1.046703e+07
55	72	66	5.225259e+06
55	72	67	1.687626e+06
55	72	68	5.660067e+05
55	72	69	2.085192e+05
55	72	70	3.171204e+04
55	72	71	1.629123e+03
55	72	72	1.771371e+03
55	72	73	5.402431e+02
55	73	59	4.435250e+03
55	73	60	5.350799e+04
55	73	61	3.159416e+05
55	73	62	1.438086e+06
55	73	63	4.472883e+06
55	73	64	8.012354e+06
55	73	65	8.286402e+06
55	73	66	8.723110e+06
55	73	67	2.611811e+06
55	73	68	4.304228e+05
55	73	69	2.078764e+05
55	73	70	3.715154e+05
55	73	71	3.404222e+05
55	73	72	7.295181e+05
55	73	73	2.224927e+05
55	74	59	3.645405e+04
55	74	60	2.358587e+05
55	74	61	1.886576e+05
55	74	62	3.754375e+05
55	74	63	1.590957e+06
55	74	64	4.764773e+06
55	74	65	3.666279e+06
55	74	66	1.599435e+06
55	74	67	3.603094e+05
55	74	68	4.210469e+04
55	74	69	-1.008600e+04
55	74	70	4.943466e+05
55	74	71	4.487868e+05
55	74	72	8.862318e+05
55	74	73	2.702882e+05
55	75	57	1.008567e+00
55	75	58	2.133515e+01
55	75	59	1.269725e+05
55	75	60	8.071542e+05
55	75	61	-6.333603e+04
55	75	62	-6.041850e+04
55	75	63	-1.051549e+05
55	75	64	8.777515e+05
55	75	65	6.362169e+05
55	75	66	5.497123e+04
55	75	67	3.854259e+05
55	75	68	1.281797e+06
55	75	69	6.727068e+05
55	75	70	1.222822e+04
55	75	71	6.355351e+04
55	76	57	9.067452e+00
55	76	58	1.918122e+02
55	76	59	4.335383e+02
55	76	60	2.178937e+03
55	76	61	9.493582e+05
55	76	62	9.330810e+05
55	76	63	-1.511955e+05
55	76	64	1.043996e+06
55	76	65	9.176474e+03
55	76	66	1.280839e+05
55	76	67	5.967795e+05
55	76	68	2.214319e+06
55	76	69	9.943461e+05
55	76	70	2.698714e+04
55	76	71	1.402598e+05
55	77	53	-1.012281e+03
55	77	54	-7.331357e+03
55	77	55	-1.458601e+03
55	77	57	3.009696e+01
55	77	58	6.366688e+02
55	77	59	1.439013e+03
55	77	60	2.932336e+02
55	77	61	-1.068502e+04
55	77	62	1.012958e+05
55	77	63	2.020330e+05
55	77	65	7.726448e+02
55	77	66	1.231313e+05
55	77	67	8.900806e+05
55	77	68	8.297361e+05
55	77	71	6.929118e+00
55	77	72	1.556633e+00
55	77	73	9.983180e+01
55	78	53	-6.505739e+03
55	78	54	-4.711727e+04
55	78	55	-9.374159e+03
55	78	60	6.093728e+01
55	78	61	-4.010635e+03
55	78	62	-5.064438e+04
55	78	63	-1.392866e+04
55	78	71	5.278924e+03
55	78	72	1.185915e+03
55	78	73	7.605649e+04
55	79	53	-2.602377e+04
55	79	54	-1.884750e+05
55	79	55	-3.749781e+04
55	79	59	2.748380e+00
55	79	60	3.600793e+01
55	79	61	1.113324e+01
55	79	71	6.093950e+03
55	79	72	1.369012e+03
55	79	73	8.779905e+04
55	80	59	1.496489e+04
55	80	60	1.960627e+05
55	80	61	6.062032e+04
55	81	59	1.417270e+04
55	81	60	1.856837e+05
55	81	61	5.741125e+04
55	82	52	8.156468e+01
55	82	53	3.646045e+02
55	82	54	1.827272e+03
55	83	50	1.386326e+00
55	83	51	1.942805e+01
55	83	52	2.780130e+04
55	83	53	1.240429e+05
55	83	54	6.216603e+05
55	83	60	8.347963e-05
55	83	61	6.639196e-01
55	83	62	6.347195e-01
55	84	50	1.482817e+03
55	84	51	2.078027e+04
55	84	52	8.998986e+04
55	84	53	1.536138e+05
55	84	54	7.698594e+05
55	84	60	-9.827705e-05
55	84	61	-7.816045e-01
55	84	62	-7.472285e-01
55	85	50	1.310909e+03
55	85	51	1.837115e+04
55	85	52	4.917651e+04
55	85	60	9.369003e-04
55	85	61	7.451237e+00
55	85	62	7.123521e+00
55	89	62	3.836710e+02
55	89	63	5.398757e+03
55	89	64	1.442538e+04
55	90	62	2.534567e+03
55	90	63	3.566469e+04
55	90	64	9.529540e+04
55	91	62	9.976817e+03
55	91	63	1.403870e+05
55	91	64	3.751114e+05
56	61	56	8.373199e-01
56	61	57	1.133957e+03
56	61	58	1.016427e+03
56	62	56	1.819965e+02
56	62	57	2.464724e+05
56	62	58	2.209265e+05
56	62	66	1.232728e-04
56	62	67	6.321825e+01
56	62	68	6.286600e+01
56	63	56	2.375757e+02
56	63	57	3.217417e+05
56	63	58	2.883945e+05
56	63	65	7.777314e-02
56	63	66	6.281080e+00
56	63	67	3.400419e+05
56	63	68	3.381437e+05
56	63	71	7.581485e+03
56	63	72	1.268497e+05
56	63	73	4.521177e+04
56	64	65	6.862107e+01
56	64	66	7.286935e+03
56	64	67	3.680215e+05
56	64	68	3.570314e+05
56	64	71	-1.136961e+04
56	64	72	-1.902308e+05
56	64	73	-6.780206e+04
56	65	62	3.286526e+03
56	65	63	7.139269e+03
56	65	64	6.004269e+04
56	65	65	5.441749e+01
56	65	66	-8.311412e+03
56	65	67	-9.201882e+03
56	65	71	7.884659e+04
56	65	72	1.319223e+06
56	65	73	4.701973e+05
56	66	62	-5.303488e+03
56	66	63	-1.130484e+04
56	66	64	-9.650486e+04
56	66	65	8.584617e+02
56	66	66	6.455144e+04
56	66	67	9.200743e+04
56	66	68	3.058438e+01
56	66	69	1.235887e+03
56	66	70	2.256006e+03
56	67	59	8.353544e+01
56	67	60	3.539477e+03
56	67	61	1.917872e+04
56	67	62	4.133437e+04
56	67	63	1.093057e+05
56	67	64	7.361573e+05
56	67	65	7.219581e+04
56	67	66	2.333069e+03
56	67	67	1.897942e+02
56	67	68	1.954067e+04
56	67	69	3.615079e+04
56	67	70	1.404552e+04
56	68	58	1.263871e+04
56	68	59	6.104100e+03
56	68	60	4.468094e+05
56	68	61	5.902867e+05
56	68	62	1.002436e+05
56	68	63	8.096450e+05
56	68	64	1.537555e+06
56	68	65	1.246418e+06
56	68	66	1.247907e+05
56	68	67	2.939158e+04
56	68	68	3.944794e+05
56	68	69	5.814004e+05
56	68	70	2.427940e+03
56	69	58	2.301434e+04
56	69	59	6.629380e+04
56	69	60	6.391594e+05
56	69	61	6.609570e+05
56	69	62	5.075118e+05
56	69	63	1.009324e+06
56	69	64	1.076852e+06
56	69	65	1.105825e+06
56	69	66	3.818619e+05
56	69	67	8.250943e+04
56	69	68	2.013880e+05
56	69	69	2.424837e+05
56	70	58	1.193706e+05
56	70	59	-1.245280e+05
56	70	60	1.373202e+06
56	70	61	3.559706e+04
56	70	62	4.492511e+05
56	70	63	1.451823e+06
56	70	64	3.489346e+06
56	70	65	7.211958e+06
56	70	66	4.657346e+06
56	70	67	1.567270e+06
56	70	68	9.965557e+05
56	70	69	1.921780e+05
56	70	70	2.987443e+02
56	71	60	1.008311e+02
56	71	61	2.346187e+04
56	71	62	3.641739e+05
56	71	63	3.154191e+06
56	71	64	9.425381e+06
56	71	65	1.367314e+07
56	71	66	9.645780e+06
56	71	67	4.261486e+06
56	71	68	4.480749e+06
56	71	69	5.675464e+05
56	71	70	4.640265e+05
56	71	71	2.652673e+02
56	72	60	2.917784e+03
56	72	61	8.343531e+04
56	72	62	1.080060e+06
56	72	63	1.801554e+06
56	72	64	1.836624e+07
56	72	65	1.839296e+07
56	72	66	1.561394e+07
56	72	67	5.415595e+06
56	72	68	2.869586e+06
56	72	69	9.217655e+05
56	72	70	4.208286e+05
56	72	71	3.655371e+03
56	73	58	1.252095e+01
56	73	59	2.105963e+03
56	73	60	2.155727e+04
56	73	61	2.204897e+05
56	73	62	2.461021e+06
56	73	63	7.603555e+06
56	73	64	2.031048e+07
56	73	65	2.211020e+07
56	73	66	1.929918e+07
56	73	67	7.536909e+06
56	73	68	1.391438e+06
56	73	69	5.714699e+05
56	73	70	8.612076e+04
56	73	71	6.887637e+04
56	73	72	2.170350e+01
56	73	73	3.955078e+01
56	74	58	-2.317755e+01
56	74	59	1.315076e+04
56	74	60	1.273157e+05
56	74	61	4.446736e+05
56	74	62	9.404399e+05
56	74	63	5.845210e+06
56	74	64	6.715302e+06
56	74	65	9.099653e+06
56	74	66	6.744735e+06
56	74	67	1.473657e+06
56	74	68	8.534180e+05
56	74	69	4.377242e+05
56	74	70	1.036115e+05
56	74	71	9.225910e+04
56	74	72	1.340058e+02
56	74	73	2.442019e+02
56	75	57	3.269819e+02
56	75	58	7.035102e+03
56	75	59	6.797987e+04
56	75	60	4.731386e+05
56	75	61	1.112144e+06
56	75	62	5.022603e+05
56	75	63	2.564198e+06
56	75	64	6.168986e+06
56	75	65	4.292929e+06
56	75	66	1.436543e+06
56	75	67	6.173983e+04
56	75	68	6.274753e+05
56	75	69	4.276177e+05
56	75	70	2.115022e+05
56	75	71	4.431304e+05
56	75	72	5.488834e+02
56	75	73	1.000243e+03
56	76	57	2.939708e+03
56	76	58	6.218636e+04
56	76	59	1.405550e+05
56	76	60	8.832813e+04
56	76	61	6.662075e+05
56	76	62	4.182724e+05
56	76	63	8.154669e+05
56	76	64	9.183896e+05
56	76	65	1.155295e+06
56	76	66	5.973338e+05
56	76	67	4.783309e+05
56	76	68	5.476785e+05
56	76	69	2.994782e+05
56	76	70	2.502970e+05
56	76	71	8.424162e+05
56	77	53	6.740830e+03
56	77	54	4.881990e+04
56	77	55	9.712904e+03
56	77	57	9.757568e+03
56	77	58	2.064109e+05
56	77	59	4.665345e+05
56	77	60	1.415912e+04
56	77	61	4.156306e+05
56	77	62	1.826039e+06
56	77	63	2.986364e+05
56	77	64	1.089476e+04
56	77	65	2.970304e+04
56	77	66	4.579985e+05
56	77	67	1.034356e+06
56	77	68	5.061933e+05
56	77	69	4.374779e+03
56	77	70	4.938053e+04
56	77	71	5.928762e+01
56	77	72	1.331902e+01
56	77	73	8.541909e+02
56	78	53	4.332206e+04
56	78	54	3.137564e+05
56	78	55	6.242303e+04
56	78	60	2.913590e+03
56	78	61	9.647137e+04
56	78	62	4.976030e+05
56	78	63	9.581591e+04
56	78	64	4.032601e+04
56	78	65	9.936845e+04
56	78	66	9.610557e+02
56	78	67	8.702073e+02
56	78	71	4.516806e+04
56	78	72	1.014705e+04
56	78	73	6.507622e+05
56	79	53	1.732937e+05
56	79	54	1.255065e+06
56	79	55	2.496999e+05
56	79	65	5.484912e+00
56	79	66	9.008215e+03
56	79	67	8.156670e+03
56	79	71	5.214167e+04
56	79	72	1.171368e+04
56	79	73	7.512351e+05
56	80	65	1.347637e+00
56	80	66	2.213309e+03
56	80	67	2.004085e+03
56	83	50	1.422122e+01
56	83	51	1.992968e+02
56	83	52	5.334846e+02
56	83	60	6.004446e+00
56	83	61	4.775380e+04
56	83	62	4.565352e+04
56	84	50	1.521104e+04
56	84	51	2.131682e+05
56	84	52	5.706160e+05
56	84	60	-7.068781e+00
56	84	61	-5.621853e+04
56	84	62	-5.374596e+04
56	85	50	1.344757e+04
56	85	51	1.884550e+05
56	85	52	5.044626e+05
56	85	60	6.738851e+01
56	85	61	5.359457e+05
56	85	62	5.123741e+05
57	59	66	1.408736e-01
57	59	67	4.380590e+02
57	59	68	4.704828e+02
57	60	66	2.143965e+01
57	60	67	6.666848e+04
57	60	68	7.160308e+04
57	61	66	1.540600e+01
57	61	67	4.790632e+04
57	61	68	5.145220e+04
57	62	66	5.274257e-05
57	62	67	2.704808e+01
57	62	68	2.689737e+01
57	63	65	2.894085e+01
57	63	66	2.090855e+03
57	63	67	1.467753e+05
57	63	68	1.446756e+05
57	63	72	4.691258e+00
57	63	73	3.045787e+03
57	63	74	2.675563e+03
57	64	65	7.093024e+03
57	64	66	4.867020e+05
57	64	67	5.361052e+05
57	64	68	1.527567e+05
57	64	69	6.211901e+01
57	64	70	8.044070e+02
57	64	71	2.231573e+03
57	64	72	3.663226e+02
57	64	73	1.178125e+04
57	64	74	8.466359e+03
57	65	65	6.141398e+03
57	65	66	1.955828e+05
57	65	67	1.087189e+05
57	65	69	-1.036875e+02
57	65	70	-1.342696e+03
57	65	71	-3.724884e+03
57	65	72	3.281385e+02
57	65	73	6.182677e+04
57	65	74	5.305203e+04
57	66	62	5.835902e+02
57	66	63	1.130703e+04
57	66	64	5.602237e+03
57	66	65	1.373364e+05
57	66	66	1.014683e+06
57	66	67	1.721495e+06
57	66	68	6.479781e+02
57	66	69	2.680200e+04
57	66	70	5.579708e+04
57	66	71	2.219362e+04
57	67	61	3.611591e-03
57	67	62	1.352697e+03
57	67	63	1.331664e+05
57	67	64	6.931779e+04
57	67	65	1.399795e+06
57	67	66	7.062493e+03
57	67	67	6.109523e+02
57	67	68	1.184297e+04
57	67	69	1.747387e+05
57	67	70	2.995479e+05
57	67	71	4.418289e+02
57	68	61	9.287426e+01
57	68	62	1.632844e+04
57	68	63	1.964617e+05
57	68	64	1.110757e+06
57	68	65	6.961050e+05
57	68	66	1.265693e+05
57	68	67	4.682591e+04
57	68	68	1.598983e+05
57	68	69	2.685859e+05
57	68	70	1.041161e+05
57	68	71	1.180586e+04
57	69	58	5.719282e+02
57	69	59	-7.855240e+02
57	69	60	6.135622e+03
57	69	61	4.152600e+03
57	69	62	3.285738e+05
57	69	63	5.012900e+05
57	69	64	6.424127e+05
57	69	65	1.300844e+06
57	69	66	6.094200e+05
57	69	67	3.888082e+05
57	69	68	2.928273e+05
57	69	69	1.376940e+05
57	69	70	1.094661e+05
57	69	71	2.453344e+04
57	70	58	6.020136e+03
57	70	59	-8.268454e+03
57	70	60	6.458378e+04
57	70	61	7.792722e+04
57	70	62	9.696201e+05
57	70	63	2.727523e+06
57	70	64	5.210133e+06
57	70	65	6.332657e+06
57	70	66	4.099040e+06
57	70	67	2.638247e+06
57	70	68	1.607377e+06
57	70	69	2.583925e+05
57	70	70	1.379601e+03
57	71	58	1.609939e+03
57	71	59	-2.107593e+03
57	71	60	1.818602e+04
57	71	61	1.812874e+05
57	71	62	1.624747e+06
57	71	63	7.398390e+06
57	71	64	1.289284e+07
57	71	65	2.262337e+07
57	71	66	1.199939e+07
57	71	67	7.088111e+06
57	71	68	3.512201e+06
57	71	69	1.570644e+05
57	71	70	3.802261e+04
57	71	71	1.705400e+04
57	71	72	1.064798e+03
57	71	80	4.406952e-04
57	71	81	5.595998e-02
57	71	82	3.894751e-02
57	72	59	2.265342e+03
57	72	60	1.999950e+04
57	72	61	1.748739e+05
57	72	62	1.678937e+06
57	72	63	6.372183e+06
57	72	64	1.881381e+07
57	72	65	2.904334e+07
57	72	66	2.500140e+07
57	72	67	9.872318e+06
57	72	68	3.005868e+06
57	72	69	4.644343e+05
57	72	70	1.302630e+05
57	72	71	2.163051e+05
57	72	72	1.348524e+04
57	72	73	5.125624e+00
57	72	74	6.686705e+02
57	72	75	9.414016e+02
57	72	80	1.764831e-01
57	72	81	2.241002e+01
57	72	82	1.559712e+01
57	73	58	1.439804e+03
57	73	59	4.843009e+04
57	73	60	1.172962e+05
57	73	61	1.849542e+05
57	73	62	2.629048e+06
57	73	63	9.077759e+06
57	73	64	2.567278e+07
57	73	65	3.268603e+07
57	73	66	2.554217e+07
57	73	67	7.973865e+06
57	73	68	3.052260e+06
57	73	69	6.951468e+05
57	73	70	2.749700e+05
57	73	71	6.061357e+05
57	73	72	1.413879e+04
57	73	73	1.854050e+04
57	73	74	2.778598e+04
57	73	75	3.911906e+04
57	73	80	2.149759e-01
57	73	81	2.729789e+01
57	73	82	1.899902e+01
57	74	58	-2.665223e+03
57	74	59	-8.756598e+04
57	74	60	4.736186e+03
57	74	61	9.809939e+05
57	74	62	1.305183e+06
57	74	63	4.726547e+06
57	74	64	1.048108e+07
57	74	65	1.025184e+07
57	74	66	6.173369e+06
57	74	67	2.977064e+06
57	74	68	1.009950e+06
57	74	69	2.436148e+05
57	74	70	-6.208355e+03
57	74	71	1.309947e+03
57	74	72	6.209721e+04
57	74	73	1.132732e+05
57	74	74	1.461348e+04
57	74	75	2.057389e+04
57	75	57	4.070169e+02
57	75	58	2.219653e+04
57	75	59	4.676701e+05
57	75	60	9.740876e+05
57	75	61	6.217882e+05
57	75	62	1.657540e+06
57	75	63	3.349048e+06
57	75	64	2.861583e+06
57	75	65	2.228135e+06
57	75	66	1.172529e+06
57	75	67	4.426662e+05
57	75	68	2.981960e+05
57	75	69	6.415529e+04
57	75	70	-2.010561e+05
57	75	71	-3.357583e+04
57	75	72	2.543481e+05
57	75	73	4.635043e+05
57	76	57	3.659258e+03
57	76	58	7.740765e+04
57	76	59	1.749713e+05
57	76	60	1.180921e+03
57	76	61	2.549209e+05
57	76	62	6.393421e+05
57	76	63	1.974044e+06
57	76	64	4.645871e+05
57	76	65	4.077681e+05
57	76	66	1.148266e+06
57	76	67	2.013833e+05
57	76	68	7.534394e+04
57	76	69	8.038603e+04
57	76	70	8.622476e+05
57	76	71	1.405457e+05
57	77	57	1.214592e+04
57	77	58	2.569338e+05
57	77	59	5.840076e+05
57	77	60	3.812646e+03
57	77	61	2.032628e+05
57	77	62	3.707801e+05
57	77	63	2.847901e+04
57	77	64	1.304777e+05
57	77	65	2.237274e+05
57	77	66	1.714702e+04
57	77	67	2.033066e+05
57	77	68	1.701254e+05
57	77	69	4.142244e+04
57	77	70	4.675578e+05
57	77	71	1.357052e+01
57	77	72	3.048630e+00
57	77	73	1.955183e+02
57	78	59	4.191686e+03
57	78	60	-3.438881e+03
57	78	61	8.033428e+04
57	78	62	7.613910e+04
57	78	63	2.058758e+04
57	78	64	3.403161e+05
57	78	65	8.477857e+05
57	78	66	2.770130e+04
57	78	67	2.518890e+04
57	78	68	7.182750e+03
57	78	69	4.388155e+03
57	78	71	1.033865e+04
57	78	72	2.322588e+03
57	78	73	1.489549e+05
57	79	63	2.179661e+03
57	79	64	1.797712e+04
57	79	65	6.263303e+04
57	79	66	2.596511e+05
57	79	67	2.385480e+05
57	79	68	3.030730e+04
57	79	69	5.868279e+03
57	79	71	1.193486e+04
57	79	72	2.681178e+03
57	79	73	1.719524e+05
57	80	60	5.614165e+02
57	80	61	-7.389211e+02
57	80	62	6.105024e+03
57	80	65	3.884404e+01
57	80	66	6.379601e+04
57	80	67	6.196533e+04
57	80	68	1.164682e+05
57	80	69	6.068516e+04
57	81	60	2.317941e+03
57	81	61	-3.050811e+03
57	81	62	2.520604e+04
57	82	60	1.224372e+04
57	82	61	-1.611484e+04
57	82	62	1.331421e+05
57	83	50	3.734038e+00
57	83	51	5.232899e+01
57	83	52	1.400760e+02
57	83	60	5.915475e+00
57	83	61	4.704620e+04
57	83	62	4.497704e+04
57	84	50	3.993933e+03
57	84	51	5.597118e+04
57	84	52	1.498256e+05
57	84	60	-6.964038e+00
57	84	61	-5.538551e+04
57	84	62	-5.294957e+04
57	85	50	3.530903e+03
57	85	51	4.948226e+04
57	85	52	1.324558e+05
57	85	60	6.638997e+01
57	85	61	5.280043e+05
57	85	62	5.047819e+05
57	85	70	1.153758e+00
57	85	71	1.835411e+01
57	85	72	4.649817e+01
57	86	70	1.147640e+03
57	86	71	1.825678e+04
57	86	72	4.625160e+04
57	87	70	1.009944e+03
57	87	71	1.606630e+04
57	87	72	4.070226e+04
58	59	66	-2.607487e-01
58	59	67	-8.108212e+02
58	59	68	-8.708358e+02
58	60	66	-3.968352e+01
58	60	67	-1.233994e+05
58	60	68	-1.325331e+05
58	61	66	-2.851559e+01
58	61	67	-8.867177e+04
58	61	68	-9.523498e+04
58	63	65	2.346003e+01
58	63	66	1.694658e+03
58	63	67	1.044922e+03
58	63	72	2.453020e+02
58	63	73	3.542559e+04
58	63	74	3.008805e+04
58	64	61	5.167808e+01
58	64	62	7.566548e+01
58	64	63	8.741658e+02
58	64	65	5.214449e+03
58	64	66	3.521726e+05
58	64	67	2.498901e+05
58	64	69	2.831271e+03
58	64	70	3.666339e+04
58	64	71	1.017110e+05
58	64	72	4.420217e+04
58	64	73	4.558780e+05
58	64	74	1.652285e+05
58	65	61	7.310852e+03
58	65	62	1.070433e+04
58	65	63	1.236675e+05
58	65	65	4.445496e+03
58	65	66	2.237105e+05
58	65	67	1.535931e+05
58	65	69	-4.725885e+03
58	65	70	-6.119756e+04
58	65	71	-1.697721e+05
58	65	72	3.391587e+04
58	65	73	9.324004e+05
58	65	74	6.434362e+05
58	66	59	1.541222e+02
58	66	60	1.338704e+03
58	66	61	9.718760e+03
58	66	62	1.046951e+04
58	66	63	9.882719e+04
58	66	64	6.124081e+04
58	66	65	1.290495e+04
58	66	66	3.714066e+05
58	66	67	6.960421e+05
58	66	68	1.463723e+03
58	66	69	8.730550e+04
58	66	70	4.726336e+05
58	66	71	1.012788e+06
58	66	72	2.392617e+03
58	67	59	2.263729e+03
58	67	60	1.966530e+04
58	67	61	6.660146e+04
58	67	62	3.175297e+04
58	67	63	5.394754e+04
58	67	64	1.504003e+05
58	67	65	1.367067e+05
58	67	66	6.403962e+04
58	67	67	4.487544e+03
58	67	68	9.773528e+03
58	67	69	3.778130e+05
58	67	70	6.882527e+05
58	67	71	4.164635e+03
58	67	72	2.102434e+03
58	68	59	7.498193e+02
58	68	60	6.514341e+03
58	68	61	2.499146e+04
58	68	62	9.672549e+04
58	68	63	2.994118e+05
58	68	64	1.153800e+06
58	68	65	-1.256456e+05
58	68	66	3.457604e+05
58	68	67	2.467094e+05
58	68	68	2.978840e+04
58	68	69	1.099952e+05
58	68	70	4.831411e+05
58	68	71	8.208242e+04
58	69	58	1.781100e+03
58	69	59	-2.446281e+03
58	69	60	1.926958e+04
58	69	61	1.974136e+04
58	69	62	6.345802e+05
58	69	63	1.184522e+06
58	69	64	1.086157e+06
58	69	65	2.016014e+06
58	69	66	2.185939e+06
58	69	67	5.663131e+05
58	69	68	9.067715e+04
58	69	69	2.133360e+05
58	69	70	8.127264e+05
58	69	71	1.706257e+05
58	69	72	7.110745e+01
58	70	58	1.874792e+04
58	70	59	-2.574964e+04
58	70	60	2.012090e+05
58	70	61	8.104981e+04
58	70	62	9.180760e+05
58	70	63	2.486961e+06
58	70	64	3.070977e+06
58	70	65	5.238335e+06
58	70	66	3.403670e+06
58	70	67	2.038404e+06
58	70	68	8.885440e+05
58	70	69	2.234500e+05
58	70	70	5.200637e+05
58	70	71	3.403885e+04
58	70	72	4.613555e+04
58	71	58	5.013676e+03
58	71	59	-3.326197e+03
58	71	60	8.864809e+04
58	71	61	2.375803e+05
58	71	62	3.540191e+06
58	71	63	4.627505e+06
58	71	64	8.961547e+06
58	71	65	1.042031e+07
58	71	66	5.664093e+06
58	71	67	1.796300e+06
58	71	68	3.818404e+05
58	71	69	8.047746e+05
58	71	70	4.954362e+05
58	71	71	4.050148e+04
58	71	72	1.001562e+05
58	71	80	5.225420e+00
58	71	81	6.635299e+02
58	71	82	4.618093e+02
58	72	54	2.031717e+00
58	72	55	9.705474e+01
58	72	56	5.337044e+01
58	72	59	7.783921e+04
58	72	60	6.853428e+05
58	72	61	3.321772e+05
58	72	62	1.742766e+06
58	72	63	3.795570e+06
58	72	64	1.012037e+07
58	72	65	1.548643e+07
58	72	66	1.698610e+07
58	72	67	5.991536e+06
58	72	68	3.346538e+05
58	72	69	7.895791e+05
58	72	70	4.486630e+05
58	72	71	9.536916e+03
58	72	72	5.858798e+05
58	72	73	7.237497e+01
58	72	74	9.441779e+03
58	72	75	1.329280e+04
58	72	80	2.092599e+03
58	72	81	2.657206e+05
58	72	82	1.849385e+05
58	73	54	2.595882e+01
58	73	55	1.240048e+03
58	73	56	6.819029e+02
58	73	58	9.834209e+02
58	73	59	6.437900e+04
58	73	60	3.906173e+05
58	73	61	2.266134e+05
58	73	62	2.864796e+06
58	73	63	6.632120e+06
58	73	64	1.279805e+07
58	73	65	2.205280e+07
58	73	66	1.809151e+07
58	73	67	2.911778e+06
58	73	68	4.529807e+05
58	73	69	3.560623e+05
58	73	70	3.333185e+05
58	73	71	3.728463e+05
58	73	72	1.894149e+05
58	73	73	2.528807e+04
58	73	74	3.925111e+05
58	73	75	5.523700e+05
58	73	80	2.549017e+03
58	73	81	3.236771e+05
58	73	82	2.252756e+05
58	74	54	7.246076e+01
58	74	55	3.461437e+03
58	74	56	1.903446e+03
58	74	58	-1.820412e+03
58	74	59	-5.685463e+04
58	74	60	4.971858e+05
58	74	61	5.209757e+05
58	74	62	8.248470e+05
58	74	63	4.758766e+06
58	74	64	8.488387e+06
58	74	65	1.075470e+07
58	74	66	5.323687e+06
58	74	67	1.373441e+06
58	74	68	1.687802e+05
58	74	69	1.447845e+03
58	74	70	3.965133e+04
58	74	71	1.969737e+04
58	74	72	7.461663e+04
58	74	73	1.380080e+05
58	74	74	2.066414e+05
58	74	75	2.905080e+05
58	75	58	9.279921e+03
58	75	59	3.087805e+05
58	75	60	8.639264e+05
58	75	61	3.100505e+05
58	75	62	6.482676e+05
58	75	63	1.752526e+06
58	75	64	1.768411e+06
58	75	65	3.653554e+06
58	75	66	1.921114e+06
58	75	67	3.853176e+05
58	75	68	6.579448e+04
58	75	69	4.963899e+04
58	75	70	1.353615e+06
58	75	71	6.154480e+05
58	75	72	3.056582e+05
58	75	73	5.614587e+05
58	75	74	2.920531e+03
58	76	59	1.111753e+03
58	76	60	3.643454e+04
58	76	61	7.227411e+05
58	76	62	1.118759e+06
58	76	63	2.659822e+06
58	76	64	-2.840088e+05
58	76	65	4.632451e+05
58	76	66	1.657754e+06
58	76	67	2.940161e+05
58	76	68	1.216593e+04
58	76	69	1.831913e+04
58	76	70	2.067781e+05
58	77	59	1.122127e+04
58	77	60	-1.146653e+04
58	77	61	2.975951e+05
58	77	62	1.451708e+05
58	77	63	4.346194e+05
58	77	64	-6.418595e+04
58	77	65	1.479016e+05
58	77	66	4.251590e+05
58	77	67	1.088478e+05
58	77	68	6.810628e+03
58	77	69	1.025527e+04
58	77	70	1.157568e+05
58	78	59	1.434044e+04
58	78	60	-1.724783e+04
58	78	61	1.600356e+05
58	78	63	5.320973e+03
58	78	64	7.647146e+04
58	78	65	1.998654e+05
58	78	66	5.611495e+04
58	78	67	5.088958e+04
58	78	68	1.528203e+01
58	78	69	-3.242078e+02
58	79	63	9.512867e+02
58	79	64	7.845896e+03
58	79	65	2.758669e+04
58	79	66	5.259794e+05
58	79	67	5.322949e+05
58	79	68	5.781575e+05
58	79	69	1.525840e+05
58	80	60	5.322047e+03
58	80	61	-7.004732e+03
58	80	62	5.787365e+04
58	80	65	7.868699e+01
58	80	66	1.292326e+05
58	80	67	1.644070e+05
58	80	68	4.787591e+05
58	80	69	1.221754e+05
58	81	60	2.197333e+04
58	81	61	-2.892070e+04
58	81	62	2.389451e+05
58	82	60	1.160665e+05
58	82	61	-1.527635e+05
58	82	62	1.262144e+06
58	83	66	5.146061e+02
58	83	67	6.099635e+03
58	83	68	1.763497e+04
58	84	66	3.970772e+03
58	84	67	4.706564e+04
58	84	68	1.360739e+05
58	85	66	8.346569e+02
58	85	67	9.893204e+03
58	85	68	2.860274e+04
58	85	70	6.155237e-01
58	85	71	9.791820e+00
58	85	72	2.480653e+01
58	86	70	6.122596e+02
58	86	71	9.739895e+03
58	86	72	2.467498e+04
58	87	70	5.387997e+02
58	87	71	8.571287e+03
58	87	72	2.171444e+04
59	44	56	9.341303e-02
59	44	57	-5.405320e-02
59	44	58	1.181267e+00
59	45	56	4.433977e+00
59	45	57	-2.565709e+00
59	45	58	5.607044e+01
59	46	56	2.433455e+00
59	46	57	-1.408112e+00
59	46	58	3.077258e+01
59	59	66	1.329400e+00
59	59	67	4.133886e+03
59	59	68	4.439864e+03
59	60	66	2.023222e+02
59	60	67	6.291389e+05
59	60	68	6.757059e+05
59	61	66	1.453837e+02
59	61	67	4.520837e+05
59	61	68	4.855455e+05
59	63	62	1.193123e-02
59	63	63	3.811408e+01
59	63	64	3.549893e+01
59	63	72	3.108885e+02
59	63	73	1.180586e+04
59	63	74	8.787954e+03
59	64	61	-9.783798e+01
59	64	62	-1.360089e+02
59	64	63	2.148114e+04
59	64	64	2.154868e+04
59	64	65	1.705709e+01
59	64	66	3.016324e+03
59	64	67	4.050689e+03
59	64	69	1.534274e+03
59	64	70	1.986801e+04
59	64	71	5.511751e+04
59	64	72	6.271370e+04
59	64	73	5.349699e+05
59	64	74	1.352601e+05
59	65	61	-1.384105e+04
59	65	62	-2.025715e+04
59	65	63	-2.069614e+05
59	65	64	2.530427e+04
59	65	65	8.649222e+02
59	65	66	1.529502e+05
59	65	67	2.054003e+05
59	65	69	-2.560972e+03
59	65	70	-3.315672e+04
59	65	71	-9.178239e+04
59	65	72	4.787829e+04
59	65	73	5.669648e+05
59	65	74	2.461300e+05
59	66	59	8.118332e+01
59	66	60	2.916553e+03
59	66	61	1.866137e+04
59	66	62	-5.202889e+03
59	66	63	-1.643958e+05
59	66	65	4.843076e+02
59	66	66	8.564349e+04
59	66	67	1.150125e+05
59	66	69	1.525879e+04
59	66	70	2.038629e+05
59	66	71	7.604400e+05
59	66	72	4.084294e+05
59	67	59	1.192411e+03
59	67	60	5.295745e+04
59	67	61	5.378191e+05
59	67	62	2.416871e+05
59	67	63	1.048413e+05
59	67	64	6.750218e+02
59	67	65	5.527371e+04
59	67	66	8.601087e+04
59	67	67	1.011874e+03
59	67	68	-6.258610e+02
59	67	69	-7.192102e+03
59	67	70	5.944223e+03
59	67	71	1.871241e+05
59	67	72	3.588940e+05
59	68	59	3.949646e+02
59	68	60	1.977298e+04
59	68	61	2.045069e+05
59	68	62	1.253589e+05
59	68	63	7.727877e+04
59	68	64	8.413101e+03
59	68	65	1.488498e+05
59	68	66	3.339273e+05
59	68	67	9.174257e+04
59	68	68	3.139286e+04
59	68	69	6.122372e+03
59	68	70	7.256425e+04
59	68	71	1.574352e+04
59	69	58	1.144141e+04
59	69	59	-1.571438e+04
59	69	60	1.225856e+05
59	69	61	-2.294964e+03
59	69	62	4.533106e+05
59	69	63	5.868904e+05
59	69	64	5.084984e+05
59	69	65	1.789117e+06
59	69	66	2.129055e+06
59	69	67	1.559773e+05
59	69	68	-6.279812e+03
59	69	69	-8.573640e+04
59	69	70	1.518055e+05
59	69	71	3.317362e+04
59	69	72	6.200070e+02
59	70	58	1.204326e+05
59	70	59	-1.654102e+05
59	70	60	1.291917e+06
59	70	61	2.764210e+03
59	70	62	4.239737e+05
59	70	63	3.304630e+05
59	70	64	1.098941e+06
59	70	65	1.747706e+06
59	70	66	1.668188e+06
59	70	67	8.623309e+05
59	70	68	4.798332e+05
59	70	69	2.439321e+05
59	70	70	5.992884e+05
59	70	71	2.967949e+05
59	70	72	4.022696e+05
59	71	58	3.220678e+04
59	71	59	-4.248283e+04
59	71	60	3.681521e+05
59	71	61	-2.216252e+04
59	71	62	7.383193e+05
59	71	63	1.648244e+06
59	71	64	3.101222e+06
59	71	65	4.952466e+06
59	71	66	5.337737e+06
59	71	67	1.367788e+06
59	71	68	5.930981e+04
59	71	69	4.008066e+05
59	71	70	3.487027e+05
59	71	71	3.294755e+05
59	71	72	5.526682e+05
59	71	80	5.420480e+00
59	71	81	6.882988e+02
59	71	82	4.790481e+02
59	72	54	2.246318e+02
59	72	55	1.073062e+04
59	72	56	5.900771e+03
59	72	59	3.831029e+04
59	72	60	3.205702e+05
59	72	61	8.165285e+04
59	72	62	4.287996e+04
59	72	63	1.736955e+06
59	72	64	7.061099e+06
59	72	65	6.203793e+06
59	72	66	6.569546e+06
59	72	67	2.301117e+06
59	72	68	3.746245e+05
59	72	69	8.278239e+05
59	72	70	6.198991e+05
59	72	71	-2.182949e+05
59	72	72	1.047891e+06
59	72	73	2.342199e+01
59	72	74	3.055549e+03
59	72	75	4.301817e+03
59	72	80	2.170714e+03
59	72	81	2.756397e+05
59	72	82	1.918421e+05
59	73	54	2.870073e+03
59	73	55	1.371029e+05
59	73	56	7.539291e+04
59	73	59	1.567527e+04
59	73	60	2.370984e+05
59	73	61	1.649288e+05
59	73	62	1.741598e+06
59	73	63	2.711892e+06
59	73	64	4.956714e+06
59	73	65	5.555165e+06
59	73	66	5.185662e+06
59	73	67	4.485438e+05
59	73	68	9.999949e+04
59	73	69	1.199657e+06
59	73	70	5.117667e+05
59	73	71	-6.607121e+04
59	73	72	3.174488e+05
59	73	73	2.534987e+04
59	73	74	1.426266e+05
59	73	75	1.787580e+05
59	73	80	2.644170e+03
59	73	81	3.357597e+05
59	73	82	2.336849e+05
59	74	54	8.011445e+03
59	74	55	3.827053e+05
59	74	56	2.104498e+05
59	74	59	2.677027e+03
59	74	60	1.797058e+05
59	74	61	1.418966e+05
59	74	62	5.609570e+05
59	74	63	2.198405e+06
59	74	64	2.038629e+06
59	74	65	2.947960e+06
59	74	66	3.501148e+06
59	74	67	5.359387e+05
59	74	68	2.072413e+04
59	74	69	9.308376e+03
59	74	72	5.038191e+02
59	74	73	4.373733e+04
59	74	74	9.453955e+04
59	74	75	9.401421e+04
59	75	57	4.180464e+01
59	75	58	3.382879e+02
59	75	59	6.247965e+04
59	75	60	1.196653e+06
59	75	61	4.956664e+05
59	75	62	1.611676e+05
59	75	63	6.679576e+05
59	75	64	3.720069e+05
59	75	65	1.194054e+06
59	75	66	1.758939e+06
59	75	67	3.595601e+05
59	75	72	4.975675e+03
59	75	73	4.268910e+05
59	75	74	2.741747e+05
59	76	57	8.895934e+03
59	76	58	7.198691e+04
59	76	59	4.799822e+04
59	76	60	6.388998e+05
59	76	61	3.727654e+05
59	76	62	-3.237493e+04
59	76	63	1.298457e+06
59	76	64	1.579205e+06
59	76	65	8.468433e+05
59	76	66	7.001336e+05
59	76	67	-6.222624e+04
59	76	72	1.241489e+02
59	76	73	9.129607e+01
59	76	74	1.920115e+03
59	77	57	1.164502e+04
59	77	58	9.423280e+04
59	77	59	8.804045e+04
59	77	60	-8.108898e+04
59	77	61	7.766054e+05
59	77	62	1.170800e+04
59	77	63	2.667903e+05
59	77	64	2.064704e+05
59	77	65	1.237291e+06
59	77	66	2.696210e+05
59	77	67	1.085059e+04
59	77	72	4.168395e+03
59	77	73	3.065335e+03
59	77	74	6.446932e+04
59	78	59	8.616920e+04
59	78	60	-1.036305e+05
59	78	61	9.713656e+05
59	78	62	8.635618e+03
59	78	63	3.464902e+04
59	78	64	1.054948e+05
59	78	65	6.537041e+05
59	78	67	1.401592e+03
59	78	68	9.750749e+04
59	78	69	5.973974e+04
59	78	72	2.034131e+03
59	78	73	1.495850e+03
59	78	74	3.146383e+04
59	78	75	3.813155e+01
59	78	76	1.041877e+01
59	79	63	3.237122e+04
59	79	64	2.669870e+05
59	79	65	9.278459e+05
59	79	67	1.824554e+04
59	79	68	1.176217e+05
59	79	69	2.121082e+03
59	79	74	4.302940e+03
59	79	75	4.670522e+04
59	79	76	1.276138e+04
59	80	60	1.318791e+03
59	80	61	-1.735757e+03
59	80	62	1.434096e+04
59	80	67	3.293416e+04
59	80	68	1.337887e+06
59	80	69	7.617870e+05
59	80	74	4.819929e+03
59	80	75	5.231675e+04
59	80	76	1.429463e+04
59	81	60	5.444941e+03
59	81	61	-7.166483e+03
59	81	62	5.921005e+04
59	82	60	2.876100e+04
59	82	61	-3.785445e+04
59	82	62	3.127564e+05
59	83	66	-1.007099e+03
59	83	67	-1.193717e+04
59	83	68	-3.451215e+04
59	84	66	-7.770919e+03
59	84	67	-9.210885e+04
59	84	68	-2.663006e+05
59	85	66	-1.633448e+03
59	85	67	-1.936129e+04
59	85	68	-5.597642e+04
59	85	70	1.736698e+01
59	85	71	2.762758e+02
59	85	72	6.999152e+02
59	86	70	1.727488e+04
59	86	71	2.748108e+05
59	86	72	6.962036e+05
59	87	70	1.520221e+04
59	87	71	2.418385e+05
59	87	72	6.126720e+05
60	44	56	1.071482e+03
60	44	57	-6.200101e+02
60	44	58	1.354956e+04
60	45	56	5.085935e+04
60	45	57	-2.942963e+04
60	45	58	6.431486e+05
60	46	56	2.791263e+04
60	46	57	-1.615157e+04
60	46	58	3.529728e+05
60	61	80	3.377508e+00
60	61	81	7.511585e+01
60	61	82	1.666321e+02
60	62	80	5.117720e+01
60	62	81	1.138182e+03
60	62	82	2.524868e+03
60	63	62	1.792362e-01
60	63	63	5.725666e+02
60	63	64	5.332807e+02
60	63	80	1.323800e+02
60	63	81	2.944135e+03
60	63	82	6.531075e+03
60	64	61	4.813773e+02
60	64	62	8.136187e+02
60	64	63	3.557040e+05
60	64	64	3.237138e+05
60	64	65	4.343167e+01
60	64	66	7.680326e+03
60	64	67	1.031408e+04
60	65	60	1.215830e-01
60	65	61	6.810011e+04
60	65	62	9.983963e+04
60	65	63	1.560089e+06
60	65	64	3.801320e+05
60	65	65	2.202311e+03
60	65	66	3.894500e+05
60	65	67	5.230011e+05
60	65	70	4.721816e+00
60	65	71	1.598662e+02
60	65	72	3.075833e+02
60	66	59	2.317782e+03
60	66	60	2.259377e+04
60	66	61	1.442462e+05
60	66	62	9.162651e+04
60	66	63	8.293688e+05
60	66	65	1.233170e+03
60	66	66	2.180700e+05
60	66	67	2.928511e+05
60	66	70	4.590695e+03
60	66	71	1.554269e+05
60	66	72	2.990420e+05
60	67	59	3.404331e+04
60	67	60	3.411008e+05
60	67	61	1.535248e+06
60	67	62	6.329600e+05
60	67	63	5.106399e+05
60	67	64	7.210511e+01
60	67	65	8.873555e+03
60	67	66	1.261663e+04
60	67	68	7.784462e+03
60	67	69	9.337830e+04
60	67	70	3.132529e+04
60	67	71	1.365763e+05
60	67	72	2.627734e+05
60	68	59	1.127623e+04
60	68	60	1.153187e+05
60	68	61	5.365884e+05
60	68	62	3.124311e+05
60	68	63	2.714827e+05
60	68	64	1.940280e+03
60	68	65	1.062424e+04
60	68	66	1.953906e+04
60	68	67	3.153465e+03
60	68	68	5.331936e+03
60	68	69	2.787119e+04
60	68	70	4.877899e+04
60	69	60	1.899832e+03
60	69	61	3.641893e+04
60	69	62	1.070529e+05
60	69	63	-2.652244e+04
60	69	64	2.896552e+05
60	69	65	3.756638e+05
60	69	66	2.623088e+05
60	69	67	1.746287e+04
60	69	68	1.337759e+05
60	69	69	1.357903e+06
60	69	70	6.747577e+05
60	69	71	1.062858e+02
60	69	72	1.440576e+02
60	70	60	9.620956e+02
60	70	61	1.845171e+04
60	70	62	1.953785e+05
60	70	63	1.095673e+04
60	70	64	1.457145e+06
60	70	65	2.266297e+05
60	70	66	3.646145e+05
60	70	67	8.528583e+04
60	70	68	7.532987e+04
60	70	69	-2.556515e+04
60	70	70	1.069329e+06
60	70	71	6.895978e+04
60	70	72	9.346665e+04
60	71	60	3.085613e+04
60	71	61	5.489252e+05
60	71	62	1.354642e+06
60	71	63	1.357425e+05
60	71	64	5.185061e+05
60	71	65	1.065732e+06
60	71	66	1.099218e+06
60	71	67	3.193298e+05
60	71	68	-4.458858e+03
60	71	69	6.762025e+02
60	71	70	7.203754e+03
60	71	71	8.055796e+04
60	71	72	1.091866e+05
60	72	54	3.254583e+02
60	72	55	1.554708e+04
60	72	56	8.549348e+03
60	72	60	-4.380478e+03
60	72	61	-5.121053e+03
60	72	62	-6.808628e+04
60	72	63	8.536068e+04
60	72	64	2.043745e+06
60	72	65	1.508136e+06
60	72	66	9.752964e+05
60	72	67	1.457538e+05
60	72	68	-6.028123e+04
60	72	69	-3.333874e+05
60	72	70	-1.478091e+05
60	73	54	4.158313e+03
60	73	55	1.986418e+05
60	73	56	1.092332e+05
60	73	60	2.231191e+04
60	73	61	2.608402e+04
60	73	62	3.919367e+05
60	73	63	6.306292e+05
60	73	64	9.364253e+05
60	73	65	2.362232e+06
60	73	66	3.170683e+05
60	73	67	7.480420e+04
60	73	68	5.771407e+05
60	73	69	5.154469e+05
60	73	70	3.673688e+04
60	73	72	4.244656e+02
60	73	73	3.641728e+04
60	73	74	2.338934e+04
60	74	54	1.160740e+04
60	74	55	5.544836e+05
60	74	56	3.049107e+05
60	74	59	1.396732e+03
60	74	60	2.000523e+04
60	74	61	1.066777e+04
60	74	62	-5.503151e+03
60	74	63	1.278488e+05
60	74	64	1.376644e+05
60	74	65	4.641847e+05
60	74	66	9.806516e+05
60	74	67	7.599753e+05
60	74	68	3.930348e+05
60	74	69	1.765341e+05
60	74	72	7.526778e+02
60	74	73	6.457644e+04
60	74	74	4.147483e+04
60	75	57	-7.105445e+01
60	75	58	-5.749807e+02
60	75	59	3.874771e+04
60	75	60	6.301158e+05
60	75	61	2.406400e+05
60	75	62	-1.996850e+04
60	75	63	1.578478e+05
60	75	64	1.399711e+03
60	75	65	1.167856e+05
60	75	66	1.799757e+06
60	75	67	2.493326e+06
60	75	72	7.433383e+03
60	75	73	6.377515e+05
60	75	74	4.096019e+05
60	76	57	-1.512023e+04
60	76	58	-1.223546e+05
60	76	59	-8.418190e+03
60	76	60	3.181613e+05
60	76	61	2.040763e+05
60	76	62	-1.161851e+05
60	76	63	9.240674e+05
60	76	64	-1.149329e+04
60	76	65	4.245906e+05
60	76	66	2.322817e+05
60	76	67	1.626738e+06
60	76	72	1.681784e+03
60	76	73	1.236742e+03
60	76	74	2.601084e+04
60	77	57	-1.979278e+04
60	77	58	-1.601655e+05
60	77	59	-3.503687e+04
60	77	60	1.285198e+02
60	77	61	1.440551e+05
60	77	62	1.277206e+05
60	77	63	5.261008e+04
60	77	64	-8.448644e+04
60	77	65	5.970933e+05
60	77	66	3.510751e+04
60	77	67	3.069979e+05
60	77	72	5.646717e+04
60	77	73	4.152457e+04
60	77	74	8.733338e+05
60	78	60	1.441412e+02
60	78	61	1.615648e+05
60	78	62	1.432449e+05
60	78	63	9.042095e+03
60	78	64	-1.459448e+04
60	78	65	9.127977e+04
60	78	72	2.755536e+04
60	78	73	2.026353e+04
60	78	74	4.261775e+05
60	78	75	2.623920e+00
60	78	76	7.169398e-01
60	79	74	2.960953e+02
60	79	75	3.213894e+03
60	79	76	8.781398e+02
60	80	74	3.316705e+02
60	80	75	3.600037e+03
60	80	76	9.836465e+02
60	83	66	4.697328e+03
60	83	67	5.567751e+04
60	83	68	1.609721e+05
60	84	66	3.624524e+04
60	84	67	4.296155e+05
60	84	68	1.242083e+06
60	85	66	7.618754e+03
60	85	67	9.030523e+04
60	85	68	2.610860e+05
61	44	56	1.032112e+03
61	44	57	-5.972291e+02
61	44	58	1.305171e+04
61	45	56	4.899063e+04
61	45	57	-2.834830e+04
61	45	58	6.195174e+05
61	46	56	2.688704e+04
61	46	57	-1.555811e+04
61	46	58	3.400036e+05
61	61	80	1.895272e+02
61	61	81	4.215088e+03
61	61	82	9.350475e+03
61	62	80	2.871783e+03
61	62	81	6.386852e+04
61	62	82	1.416817e+05
61	63	62	6.014895e-02
61	63	63	1.921447e+02
61	63	64	1.789609e+02
61	63	70	3.532634e+00
61	63	71	-3.524505e+00
61	63	72	4.119901e+01
61	63	80	7.428440e+03
61	63	81	1.652087e+05
61	63	82	3.664880e+05
61	64	62	3.651181e+01
61	64	63	1.166363e+05
61	64	64	1.086334e+05
61	64	70	2.037983e+02
61	64	71	-2.033294e+02
61	64	72	2.376779e+03
61	65	60	2.635736e+01
61	65	61	1.640114e+01
61	65	62	4.444337e+02
61	65	63	1.369641e+05
61	65	64	1.275665e+05
61	65	70	3.386091e+02
61	65	71	-3.378300e+02
61	65	72	3.948998e+03
61	66	60	2.457849e+04
61	66	61	1.529486e+04
61	66	62	3.765442e+05
61	66	63	2.238638e+03
61	67	60	2.798766e+04
61	67	61	1.744330e+04
61	67	62	5.159134e+05
61	67	63	9.601163e+04
61	68	61	1.471640e+01
61	68	62	4.761437e+04
61	68	63	6.892488e+04
61	68	64	2.171050e+04
61	68	68	9.399182e+02
61	68	69	-1.320857e+02
61	68	70	1.280494e+04
61	69	61	1.365430e+01
61	69	62	1.316007e+04
61	69	63	1.029365e+05
61	69	64	9.481142e+04
61	69	68	6.428028e+03
61	69	69	-9.033235e+02
61	69	70	8.757197e+04
61	70	61	5.018546e+02
61	70	62	4.717421e+05
61	70	63	1.415562e+06
61	70	64	7.526974e+05
61	70	67	3.626910e+03
61	70	68	4.305702e+04
61	70	69	8.127977e+04
61	70	70	3.378678e+05
61	71	61	2.530676e+02
61	71	62	2.370748e+05
61	71	63	5.028501e+05
61	71	64	1.610009e+05
61	71	65	7.669567e+04
61	71	67	6.896508e+03
61	71	68	3.628131e+04
61	71	69	1.672777e+05
61	71	70	3.351866e+04
61	72	62	1.728765e+03
61	72	63	5.623649e+04
61	72	64	1.097072e+05
61	72	65	6.666885e+05
61	72	67	6.446572e+04
61	72	68	3.784408e+05
61	72	69	1.710578e+06
61	72	70	1.124695e+06
61	73	62	1.421217e+04
61	73	63	1.895582e+05
61	73	64	5.694837e+05
61	73	65	9.410508e+05
61	73	66	8.268656e+03
61	73	67	1.639355e+04
61	73	68	2.404238e+05
61	73	69	1.963033e+05
61	73	70	5.487082e+05
61	74	62	1.080911e+04
61	74	63	1.887734e+05
61	74	64	4.931557e+05
61	74	65	4.912432e+05
61	74	66	1.507058e+05
61	74	67	3.506861e+05
61	74	68	1.495933e+05
61	74	69	6.719079e+04
61	75	57	4.122601e+02
61	75	58	3.336056e+03
61	75	59	7.297762e+02
61	75	62	4.136046e+03
61	75	63	6.279826e+04
61	75	64	1.622978e+05
61	75	65	7.966245e+04
61	75	66	5.167715e+05
61	75	67	1.772797e+06
61	76	57	8.772802e+04
61	76	58	7.099052e+05
61	76	59	1.552947e+05
61	76	60	2.670221e-01
61	76	61	2.992994e+02
61	76	62	2.653616e+02
61	76	65	1.467498e+04
61	76	66	4.435001e+04
61	76	67	2.791293e+05
61	76	72	5.308044e+02
61	76	73	3.903405e+02
61	76	74	8.209539e+03
61	77	57	1.148383e+05
61	77	58	9.292850e+05
61	77	59	2.032850e+05
61	77	60	3.199178e+02
61	77	61	3.585889e+05
61	77	62	3.179283e+05
61	77	72	1.782216e+04
61	77	73	1.310598e+04
61	77	74	2.756415e+05
61	78	60	3.588035e+02
61	78	61	4.021751e+05
61	78	62	3.565722e+05
61	78	72	8.697019e+03
61	78	73	6.395574e+03
61	78	74	1.345595e+05
61	78	75	5.367405e+02
61	78	76	1.466549e+02
61	79	74	6.056828e+04
61	79	75	6.574237e+05
61	79	76	1.796294e+05
61	80	74	6.784543e+04
61	80	75	7.364118e+05
61	80	76	2.012115e+05
61	81	65	6.926217e+01
61	81	66	7.860418e+02
61	81	67	2.214223e+02
61	82	65	1.539771e+03
61	82	66	1.747454e+04
61	82	67	4.922450e+03
61	83	65	6.329763e+02
61	83	66	7.183515e+03
61	83	67	2.023544e+03
62	61	80	3.170429e+02
62	61	81	7.051041e+03
62	61	82	1.564157e+04
62	62	80	4.803947e+03
62	62	81	1.068399e+05
62	62	82	2.370066e+05
62	63	70	6.506823e+02
62	63	71	-6.491851e+02
62	63	72	7.588522e+03
62	63	80	1.242637e+04
62	63	81	2.763627e+05
62	63	82	6.130647e+05
62	64	70	3.753799e+04
62	64	71	-3.745161e+04
62	64	72	4.377833e+05
62	65	60	3.441839e+01
62	65	61	2.141720e+01
62	65	62	5.243695e+02
62	65	70	6.236904e+04
62	65	71	-6.222553e+04
62	65	72	7.273732e+05
62	66	60	3.209547e+04
62	66	61	1.997173e+04
62	66	62	4.889794e+05
62	67	60	3.654729e+04
62	67	61	2.274193e+04
62	67	62	5.568036e+05
62	68	62	4.110793e+01
62	68	63	1.723357e+04
62	68	64	2.090010e+04
62	68	70	1.397793e+03
62	68	71	-6.485076e+02
62	68	72	1.803997e+04
62	68	73	8.303558e-01
62	68	74	6.506522e+01
62	68	75	4.091887e+01
62	69	61	7.889257e+00
62	69	62	7.189969e+03
62	69	63	7.341705e+04
62	69	64	8.158917e+04
62	69	68	1.004656e+01
62	69	69	4.500140e+02
62	69	70	1.289816e+04
62	69	71	-5.613809e+03
62	69	72	1.561631e+05
62	69	73	-7.778754e-01
62	69	74	-6.095295e+01
62	69	75	-3.833270e+01
62	70	61	2.899642e+02
62	70	62	2.592445e+05
62	70	63	5.947499e+05
62	70	64	4.475501e+05
62	70	68	7.784546e+01
62	70	69	3.486920e+03
62	70	70	8.979878e+03
62	70	71	-1.296921e+03
62	70	72	3.607733e+04
62	70	73	9.805459e+00
62	70	74	7.683385e+02
62	70	75	4.832005e+02
62	71	61	1.462187e+02
62	71	62	1.302840e+05
62	71	63	1.185383e+05
62	71	64	6.619786e+03
62	71	65	7.925585e+04
62	71	68	1.642136e+01
62	71	69	7.355596e+02
62	71	70	1.981591e+03
62	71	71	6.976139e+03
62	71	72	1.837656e+03
62	72	63	4.041165e+04
62	72	64	5.685787e+04
62	72	65	6.790698e+05
62	72	70	2.234973e+03
62	72	71	2.303085e+04
62	72	72	6.066793e+03
62	73	62	7.762318e+02
62	73	63	2.894111e+04
62	73	64	6.561959e+04
62	73	65	3.090847e+05
62	73	70	1.377144e+04
62	73	71	1.419113e+05
62	73	72	3.738233e+04
62	74	62	1.487756e+04
62	74	63	2.307000e+05
62	74	64	5.972594e+05
62	74	65	9.349141e+04
62	75	62	5.692817e+03
62	75	63	8.643499e+04
62	75	64	2.233853e+05
62	81	65	2.647705e+03
62	81	66	3.004825e+04
62	81	67	8.464373e+03
62	82	65	5.886128e+04
62	82	66	6.680043e+05
62	82	67	1.881719e+05
62	83	65	2.419697e+04
62	83	66	2.746063e+05
62	83	67	7.735460e+04
63	37	80	5.590759e+02
63	37	81	-8.964908e+02
63	37	82	5.659740e+03
63	38	80	4.631978e+03
63	38	81	-7.427481e+03
63	38	82	4.689129e+04
63	39	80	1.033040e+03
63	39	81	-1.656503e+03
63	39	82	1.045786e+04
63	63	70	4.820795e+02
63	63	71	-4.809703e+02
63	63	72	5.622208e+03
63	64	70	2.781126e+04
63	64	71	-2.774727e+04
63	64	72	3.243462e+05
63	65	70	4.620816e+04
63	65	71	-4.610184e+04
63	65	72	5.388985e+05
63	68	68	2.291447e+00
63	68	69	3.428262e+02
63	68	70	-2.058786e+03
63	68	71	1.069139e+03
63	68	72	-2.974096e+04
63	68	73	7.161819e+02
63	68	74	5.611876e+04
63	68	75	3.529253e+04
63	69	68	1.022106e+03
63	69	69	5.381877e+04
63	69	70	6.338127e+04
63	69	71	9.255007e+03
63	69	72	-2.574527e+05
63	69	73	-6.709176e+02
63	69	74	-5.257192e+04
63	69	75	-3.306196e+04
63	70	68	7.473778e+03
63	70	69	3.502897e+05
63	70	70	5.932601e+05
63	70	71	2.138123e+03
63	70	72	-5.947761e+04
63	70	73	8.457209e+03
63	70	74	6.626920e+05
63	70	75	4.167604e+05
63	71	56	7.919267e+02
63	71	57	-1.442480e+02
63	71	58	1.071670e+04
63	71	68	1.545350e+03
63	71	69	6.922064e+04
63	71	70	1.215488e+05
63	71	71	-1.260048e+04
63	71	72	-3.319223e+03
63	72	56	2.513397e+02
63	72	57	-4.578106e+01
63	72	58	3.401239e+03
63	72	70	-4.036867e+03
63	72	71	-4.159892e+04
63	72	72	-1.095800e+04
63	73	56	1.156438e+04
63	73	57	-2.106431e+03
63	73	58	1.564943e+05
63	73	70	-2.487434e+04
63	73	71	-2.563240e+05
63	73	72	-6.752093e+04
63	77	66	5.894034e+02
63	77	67	5.248643e+03
63	77	68	1.239843e+03
63	78	66	5.324555e+03
63	78	67	4.741521e+04
63	78	68	1.120049e+04
63	79	66	1.271870e+03
63	79	67	1.132602e+04
63	79	68	2.675449e+03
63	81	59	1.391648e+02
63	81	60	1.071152e+03
63	81	61	2.246808e+02
63	81	65	1.353653e+03
63	81	66	1.536232e+04
63	81	67	4.327454e+03
63	82	59	3.336973e+03
63	82	60	2.568470e+04
63	82	61	5.387524e+03
63	82	62	5.968982e+02
63	82	63	1.230709e+04
63	82	64	4.881968e+03
63	82	65	3.009313e+04
63	82	66	3.415206e+05
63	82	67	9.620387e+04
63	83	59	7.202466e+03
63	83	60	5.543741e+04
63	83	61	1.162834e+04
63	83	62	4.414523e+03
63	83	63	9.102041e+04
63	83	64	3.610592e+04
63	83	65	1.237082e+04
63	83	66	1.403939e+05
63	83	67	3.954794e+04
63	84	62	8.946203e+02
63	84	63	1.844564e+04
63	84	64	7.317005e+03
64	37	80	3.896819e+03
64	37	81	-6.248637e+03
64	37	82	3.944899e+04
64	38	80	3.228538e+04
64	38	81	-5.177033e+04
64	38	82	3.268373e+05
64	39	80	7.200398e+03
64	39	81	-1.154600e+04
64	39	82	7.289238e+04
64	68	68	1.634717e+01
64	68	69	2.445720e+03
64	68	70	1.573218e+04
64	68	71	-6.485951e+03
64	68	72	1.804241e+05
64	68	73	6.242802e+02
64	68	74	4.891750e+04
64	68	75	3.076373e+04
64	69	66	5.988293e+02
64	69	67	1.591053e+03
64	69	68	1.264664e+04
64	69	69	1.095858e+05
64	69	70	2.288817e+05
64	69	71	-5.614567e+04
64	69	72	1.561842e+06
64	69	73	-5.848242e+02
64	69	74	-4.582580e+04
64	69	75	-2.881939e+04
64	70	66	5.150562e+03
64	70	67	1.368473e+04
64	70	68	1.045981e+05
64	70	69	3.731181e+05
64	70	70	5.226904e+05
64	70	71	-1.297096e+04
64	70	72	3.608220e+05
64	70	73	7.371965e+03
64	70	74	5.776542e+05
64	70	75	3.632810e+05
64	71	56	6.667585e+03
64	71	57	-1.214488e+03
64	71	58	9.022866e+04
64	71	66	1.183841e+03
64	71	67	3.145392e+03
64	71	68	2.370804e+04
64	71	69	4.537602e+04
64	71	70	8.695491e+04
64	71	71	6.672099e+04
64	71	72	1.757566e+04
64	72	56	2.116142e+03
64	72	57	-3.854512e+02
64	72	58	2.863655e+04
64	72	70	2.137567e+04
64	72	71	2.202710e+05
64	72	72	5.802386e+04
64	73	56	9.736571e+04
64	73	57	-1.773498e+04
64	73	58	1.317595e+06
64	73	70	1.317125e+05
64	73	71	1.357265e+06
64	73	72	3.575310e+05
64	77	66	9.877959e+03
64	77	67	8.796333e+04
64	77	68	2.077883e+04
64	78	66	8.923554e+04
64	78	67	7.946434e+05
64	78	68	1.877119e+05
64	79	66	2.131559e+04
64	79	67	1.898156e+05
64	79	68	4.483852e+04
64	81	59	1.864940e+03
64	81	60	1.435445e+04
64	81	61	3.010935e+03
64	82	59	4.471859e+04
64	82	60	3.441991e+05
64	82	61	7.219790e+04
64	82	62	-5.999152e+02
64	82	63	-1.236929e+04
64	82	64	-4.906643e+03
64	83	59	9.651983e+04
64	83	60	7.429135e+05
64	83	61	1.558307e+05
64	83	62	-4.436836e+03
64	83	63	-9.148047e+04
64	83	64	-3.628841e+04
64	84	62	-8.991421e+02
64	84	63	-1.853887e+04
64	84	64	-7.353988e+03
65	37	80	1.487158e+04
65	37	81	-2.384692e+04
65	37	82	1.505508e+05
65	38	80	1.232120e+05
65	38	81	-1.975732e+05
65	38	82	1.247322e+06
65	39	80	2.747916e+04
65	39	81	-4.406346e+04
65	39	82	2.781821e+05
65	68	68	6.156560e+01
65	68	69	9.210905e+03
65	68	70	6.599639e+03
65	69	66	5.724159e+03
65	69	67	1.520874e+04
65	69	68	1.117957e+05
65	69	69	3.081633e+05
65	69	70	2.207999e+05
65	70	63	1.518691e-01
65	70	64	2.008608e+02
65	70	65	1.798065e+02
65	70	66	4.923379e+04
65	70	67	1.308112e+05
65	70	68	9.478222e+05
65	70	69	5.950982e+05
65	70	70	4.263895e+05
65	71	56	1.506544e+03
65	71	57	-2.744141e+02
65	71	58	2.038721e+04
65	71	63	1.504176e+01
65	71	64	1.989411e+04
65	71	65	1.780880e+04
65	71	66	1.131623e+04
65	71	67	3.006654e+04
65	71	68	2.169398e+05
65	72	56	4.781432e+02
65	72	57	-8.709289e+01
65	72	58	6.470442e+03
65	72	63	9.968302e+00
65	72	64	1.318400e+04
65	72	65	1.180204e+04
65	73	56	2.199983e+04
65	73	57	-4.007227e+03
65	73	58	2.977113e+05
65	77	66	3.523866e+03
65	77	67	3.138006e+04
65	77	68	7.412646e+03
65	78	66	3.183391e+04
65	78	67	2.834813e+05
65	78	68	6.696438e+04
65	79	66	7.604129e+03
65	79	67	6.771485e+04
65	79	68	1.599571e+04
65	81	59	5.847306e+02
65	81	60	4.500674e+03
65	81	61	9.440441e+02
65	82	59	1.402100e+04
65	82	60	1.079197e+05
65	82	61	2.263682e+04
65	82	62	6.950669e+03
65	82	63	1.433117e+05
65	82	64	5.684879e+04
65	83	59	3.026269e+04
65	83	60	2.329320e+05
65	83	61	4.885893e+04
65	83	62	5.140557e+04
65	83	63	1.059901e+06
65	83	64	4.204407e+05
65	84	62	1.041754e+04
65	84	63	2.147930e+05
65	84	64	8.520394e+04
66	64	67	5.659287e+00
66	64	68	-1.267161e-01
66	64	69	7.855039e+01
66	65	67	3.866609e+02
66	65	68	-8.657656e+00
66	65	69	5.366818e+03
66	66	67	6.174536e+02
66	66	68	-1.382529e+01
66	66	69	8.570200e+03
66	69	66	1.427305e+03
66	69	67	3.792261e+03
66	69	68	2.736238e+04
66	70	63	9.377385e-01
66	70	64	1.240245e+03
66	70	65	1.110242e+03
66	70	66	1.227632e+04
66	70	67	3.261743e+04
66	70	68	2.353453e+05
66	71	63	9.287761e+01
66	71	64	1.228392e+05
66	71	65	1.099631e+05
66	71	66	2.821674e+03
66	71	67	7.497016e+03
66	71	68	5.409338e+04
66	72	63	6.155078e+01
66	72	64	8.140657e+04
66	72	65	7.287349e+04
66	78	69	1.864871e+02
66	78	70	1.633913e+03
66	78	71	3.810860e+02
66	79	69	2.232208e+03
66	79	70	1.955758e+04
66	79	71	4.561514e+03
66	80	69	6.514847e+02
66	80	70	5.708008e+03
66	80	71	1.331308e+03
67	64	67	2.815055e+02
67	64	68	-6.303140e+00
67	64	69	3.907271e+03
67	65	67	1.923337e+04
67	65	68	-4.306511e+02
67	65	69	2.669575e+05
67	66	67	3.071352e+04
67	66	68	-6.877009e+02
67	66	69	4.263008e+05
67	70	63	3.840849e+00
67	70	64	5.079875e+03
67	70	65	4.547400e+03
67	71	63	3.804140e+02
67	71	64	5.031325e+05
67	71	65	4.503939e+05
67	72	53	2.212426e+00
67	72	54	1.054872e+02
67	72	55	1.839748e+02
67	72	63	2.521036e+02
67	72	64	3.334302e+05
67	72	65	2.984799e+05
67	73	53	2.496750e+00
67	73	54	1.190436e+02
67	73	55	2.076178e+02
67	74	53	3.596522e+01
67	74	54	1.714801e+03
67	74	55	2.990695e+03
67	78	69	2.914196e+03
67	78	70	2.553284e+04
67	78	71	5.955156e+03
67	79	69	3.488228e+04
67	79	70	3.056224e+05
67	79	71	7.128188e+04
67	80	69	1.018062e+04
67	80	70	8.919791e+04
67	80	71	2.080409e+04
68	63	64	1.400618e+02
68	63	65	1.360193e+03
68	63	66	3.431752e+02
68	64	64	6.527439e+03
68	64	65	6.339041e+04
68	64	66	1.599333e+04
68	64	67	4.855202e+02
68	64	68	-1.087120e+01
68	64	69	6.738976e+03
68	65	64	1.145370e+04
68	65	65	1.112312e+05
68	65	66	2.806350e+04
68	65	67	3.317232e+04
68	65	68	-7.427555e+02
68	65	69	4.604288e+05
68	66	67	5.297244e+04
68	66	68	-1.186096e+03
68	66	69	7.352526e+05
68	72	53	4.792983e+02
68	72	54	2.285267e+04
68	72	55	3.985615e+04
68	73	53	5.408939e+02
68	73	54	2.578951e+04
68	73	55	4.497815e+04
68	74	53	7.791477e+03
68	74	54	3.714931e+05
68	74	55	6.479019e+05
68	78	69	7.439027e+03
68	78	70	6.517732e+04
68	78	71	1.520164e+04
68	79	69	8.904349e+04
68	79	70	7.801579e+05
68	79	71	1.819602e+05
68	80	69	2.598793e+04
68	80	70	2.276942e+05
68	80	71	5.310629e+04
69	63	64	-2.591514e+02
69	63	65	-2.516717e+03
69	63	66	-6.349648e+02
69	64	64	-1.207749e+04
69	64	65	-1.172890e+05
69	64	66	-2.959189e+04
69	65	64	-2.119237e+04
69	65	65	-2.058071e+05
69	65	66	-5.192489e+04
69	72	53	3.636306e+02
69	72	54	1.733770e+04
69	72	55	3.023778e+04
69	73	53	4.103615e+02
69	73	54	1.956580e+04
69	73	55	3.412370e+04
69	74	53	5.911182e+03
69	74	54	2.818417e+05
69	74	55	4.915456e+05
70	63	64	1.322011e+03
70	63	65	1.283854e+04
70	63	66	3.239150e+03
70	64	64	6.161096e+04
70	64	65	5.983272e+05
70	64	66	1.509573e+05
70	65	64	1.081088e+05
70	65	65	1.049885e+06
70	65	66	2.648848e+05
70	69	72	4.580251e+02
70	69	73	-9.127843e+02
70	69	74	4.132012e+03
70	70	72	3.682338e+03
70	70	73	-7.338420e+03
70	70	74	3.321972e+04
70	71	72	8.011968e+02
70	71	73	-1.596681e+03
70	71	74	7.227889e+03
71	69	72	1.556253e+04
71	69	73	-3.101409e+04
71	69	74	1.403953e+05
71	70	72	1.251165e+05
71	70	73	-2.493409e+05
71	70	74	1.128722e+06
71	71	72	2.722263e+04
71	71	73	-5.425116e+04
71	71	74	2.455853e+05
71	79	39	1.976909e+01
71	79	40	1.590084e+03
71	79	41	2.450763e+03
71	80	39	1.449464e+02
71	80	40	1.165844e+04
71	80	41	1.796892e+04
71	81	39	5.375082e+02
71	81	40	4.323330e+04
71	81	41	6.663459e+04
72	69	72	7.627869e+03
72	69	73	-1.520135e+04
72	69	74	6.881379e+04
72	70	55	4.581677e+02
72	70	56	4.644714e+03
72	70	57	1.209225e+03
72	70	72	6.132500e+04
72	70	73	-1.222127e+05
72	70	74	5.532353e+05
72	71	55	-8.808757e+02
72	71	56	-8.929952e+03
72	71	57	-2.324862e+03
72	71	72	1.334299e+04
72	71	73	-2.659084e+04
72	71	74	1.203720e+05
72	72	55	4.228567e+03
72	72	56	4.286746e+04
72	72	57	1.116030e+04
72	79	39	2.061939e+02
72	79	40	1.658475e+04
72	79	41	2.556174e+04
72	80	39	1.511807e+03
72	80	40	1.215989e+05
72	80	41	1.874179e+05
72	81	39	5.606271e+03
72	81	40	4.509282e+05
72	81	41	6.950063e+05
73	14	97	1.125794e+02
73	14	98	6.888002e+02
73	14	99	2.836662e+03
73	15	97	2.239448e+03
73	15	98	1.370172e+04
73	15	99	5.642735e+04
73	16	96	1.500777e+00
73	16	97	9.183642e+02
73	16	98	5.362175e+03
73	16	99	2.199508e+04
73	17	96	3.468671e+02
73	17	97	1.050216e+04
73	17	98	4.926427e+03
73	18	96	4.492270e+02
73	18	97	1.360133e+04
73	18	98	6.380207e+03
73	41	88	1.048142e+03
73	41	89	1.912732e+03
73	41	90	1.845896e+04
73	42	87	1.180757e+02
73	42	88	-7.516812e+02
73	42	89	-2.725704e+03
73	42	90	-2.785653e+04
73	43	87	1.541553e+03
73	43	88	2.171163e+04
73	43	89	2.194406e+04
73	43	90	1.915113e+05
73	44	87	4.260576e+03
73	44	88	2.995201e+04
73	44	89	5.802664e+03
73	70	55	3.983359e+03
73	70	56	4.038164e+04
73	70	57	1.051313e+04
73	71	55	-7.658427e+03
73	71	56	-7.763796e+04
73	71	57	-2.021260e+04
73	72	55	3.676361e+04
73	72	56	3.726942e+05
73	72	57	9.702882e+04
73	79	39	5.478541e+01
73	79	40	4.406544e+03
73	79	41	6.791716e+03
73	80	39	4.016849e+02
73	80	40	3.230865e+04
73	80	41	4.979665e+04
73	81	39	1.489578e+03
73	81	40	1.198109e+05
73	81	41	1.846621e+05
74	14	97	1.587083e+03
74	14	98	9.710327e+03
74	14	99	3.998971e+04
74	15	97	3.157050e+04
74	15	98	1.931594e+05
74	15	99	7.954817e+05
74	16	96	5.532125e+01
74	16	97	1.398099e+04
74	16	98	7.607822e+04
74	16	99	3.100746e+05
74	17	96	1.278612e+04
74	17	97	3.871278e+05
74	17	98	1.815966e+05
74	18	96	1.655928e+04
74	18	97	5.013685e+05
74	18	98	2.351854e+05
74	41	88	7.598481e+03
74	41	89	1.386630e+04
74	41	90	1.338178e+05
74	42	87	2.952316e+03
74	42	88	9.287979e+03
74	42	89	-1.690484e+04
74	42	90	-2.019452e+05
74	43	82	4.602344e+01
74	43	83	1.157614e+03
74	43	84	5.029926e+02
74	43	87	3.854434e+04
74	43	88	3.498022e+05
74	43	89	1.963578e+05
74	43	90	1.388357e+06
74	44	82	2.585989e+03
74	44	83	6.504460e+04
74	44	84	2.826240e+04
74	44	87	1.065297e+05
74	44	88	7.489075e+05
74	44	89	1.450874e+05
74	45	82	1.491845e+03
74	45	83	3.752392e+04
74	45	84	1.630445e+04
74	70	55	1.345765e+04
74	70	56	1.364281e+05
74	70	57	3.551828e+04
74	71	55	-2.587375e+04
74	71	56	-2.622974e+05
74	71	57	-6.828763e+04
74	71	66	4.097705e+01
74	71	67	4.631057e+03
74	71	68	6.683363e+03
74	72	55	1.242047e+05
74	72	56	1.259136e+06
74	72	57	3.278088e+05
74	72	66	-1.724816e+01
74	72	67	-1.949316e+03
74	72	68	-2.813177e+03
74	73	66	5.328197e+02
74	73	67	6.021708e+04
74	73	68	8.690297e+04
75	14	97	5.131172e+02
75	14	98	3.139431e+03
75	14	99	1.292901e+04
75	15	97	1.020701e+04
75	15	98	6.245007e+04
75	15	99	2.571860e+05
75	16	96	2.792537e+01
75	16	97	4.824141e+03
75	16	98	2.473932e+04
75	16	99	1.002497e+05
75	17	96	6.454250e+03
75	17	97	1.954165e+05
75	17	98	9.166734e+04
75	18	96	8.358888e+03
75	18	97	2.530836e+05
75	18	98	1.187182e+05
75	41	88	1.513050e+03
75	41	89	2.761133e+03
75	41	90	2.664651e+04
75	42	87	1.279494e+03
75	42	88	6.711540e+03
75	42	89	-2.424244e+03
75	42	90	-4.021242e+04
75	43	82	1.343070e+01
75	43	83	1.199171e+02
75	43	84	1.607108e+01
75	43	87	1.670460e+04
75	43	88	1.331318e+05
75	43	89	5.139742e+04
75	43	90	2.764570e+05
75	44	82	-4.432164e+02
75	44	83	-1.602796e+04
75	44	84	-7.771255e+03
75	44	87	4.616853e+04
75	44	88	3.245665e+05
75	44	89	6.287893e+04
75	45	82	-3.862020e+02
75	45	83	-1.172690e+04
75	45	84	-5.428296e+03
75	71	66	-2.102889e+01
75	71	67	-2.376598e+03
75	71	68	-3.429814e+03
75	72	66	8.851528e+00
75	72	67	1.000363e+03
75	72	68	1.443685e+03
75	73	66	-2.734361e+02
75	73	67	-3.090262e+04
75	73	68	-4.459746e+04
76	30	104	1.485402e+00
76	30	105	-2.247638e+00
76	30	106	1.539517e+01
76	31	104	1.750764e+03
76	31	105	-2.649170e+03
76	31	106	1.814546e+04
76	32	104	1.965405e+03
76	32	105	-2.973955e+03
76	32	106	2.037006e+04
76	43	82	2.077627e+03
76	43	83	4.312827e+04
76	43	84	1.722983e+04
76	44	82	6.655037e+04
76	44	83	1.469464e+06
76	44	84	6.046833e+05
76	45	82	3.292436e+04
76	45	83	7.438009e+05
76	45	84	3.092411e+05
76	71	66	5.242877e+02
76	71	67	5.925283e+04
76	71	68	8.551140e+04
76	72	66	-2.206844e+02
76	72	67	-2.494084e+04
76	72	68	-3.599366e+04
76	73	66	6.817250e+03
76	73	67	7.704575e+05
76	73	68	1.111894e+06
77	29	104	8.823803e-01
77	29	105	-8.936755e-01
77	29	106	1.025848e+01
77	30	104	1.215592e+02
77	30	105	-1.345528e+02
77	30	106	1.384399e+03
77	31	104	2.708546e+04
77	31	105	-4.091298e+04
77	31	106	2.809020e+05
77	32	104	3.024590e+04
77	32	105	-4.576660e+04
77	32	106	3.134777e+05
77	40	94	1.484711e+02
77	40	95	7.174506e+01
77	40	96	2.219433e+03
77	41	94	3.888849e+02
77	41	95	1.879192e+02
77	41	96	5.813280e+03
77	42	94	2.835985e+03
77	42	95	1.370421e+03
77	42	96	4.239397e+04
77	43	82	7.832164e+02
77	43	83	1.488532e+04
77	43	84	5.671601e+03
77	44	82	1.754004e+04
77	44	83	3.333552e+05
77	44	84	1.270149e+05
77	45	82	7.235002e+03
77	45	83	1.375039e+05
77	45	84	5.239170e+04
78	29	104	3.530936e+02
78	29	105	-3.576135e+02
78	29	106	4.105039e+03
78	30	104	3.955462e+04
78	30	105	-4.009034e+04
78	30	106	4.597848e+05
78	31	104	1.263331e+05
78	31	105	-1.625890e+05
78	31	106	1.381399e+06
78	32	104	7.771638e+04
78	32	105	-1.175966e+05
78	32	106	8.054763e+05
78	40	94	3.722792e+03
78	40	95	1.798949e+03
78	40	96	5.565048e+04
78	41	94	9.750973e+03
78	41	95	4.711921e+03
78	41	96	1.457633e+05
78	42	94	7.111002e+04
78	42	95	3.436219e+04
78	42	96	1.062994e+06
79	21	101	1.137796e+01
79	21	102	2.655492e+03
79	21	103	2.035396e+03
79	22	101	1.011937e+02
79	22	102	2.361752e+04
79	22	103	1.810248e+04
79	23	101	2.388075e+01
79	23	102	5.573506e+03
79	23	103	4.272010e+03
79	29	104	2.884015e+02
79	29	105	-2.920933e+02
79	29	106	3.352934e+03
79	30	104	3.225964e+04
79	30	105	-3.267259e+04
79	30	106	3.750481e+05
79	31	104	4.664179e+04
79	31	105	-4.723884e+04
79	31	106	5.422538e+05
79	40	94	1.615389e+03
79	40	95	7.805973e+02
79	40	96	2.414778e+04
79	41	94	4.231128e+03
79	41	95	2.044590e+03
79	41	96	6.324938e+04
79	42	94	3.085595e+04
79	42	95	1.491039e+04
79	42	96	4.612529e+05
80	8	84	1.178461e+03
80	8	85	-2.316018e+03
80	8	86	1.072816e+04
80	9	84	-1.472507e+03
80	9	85	2.893903e+03
80	9	86	-1.340502e+04
80	10	84	1.301341e+04
80	10	85	-2.557513e+04
80	10	86	1.184681e+05
80	21	101	8.690955e+01
80	21	102	2.028374e+04
80	21	103	1.554719e+04
80	22	101	7.729593e+02
80	22	102	1.804003e+05
80	22	103	1.382742e+05
80	23	101	1.824110e+02
80	23	102	4.257273e+04
80	23	103	3.263137e+04
81	4	85	7.230097e-06
81	4	86	8.078919e-02
81	4	87	7.778230e-02
81	5	85	-7.639268e-06
81	5	86	-8.536127e-02
81	5	87	-8.218421e-02
81	6	85	8.328821e-05
81	6	86	9.306635e-01
81	6	87	8.960251e-01
81	8	84	1.671686e+04
81	8	85	-3.285349e+04
81	8	86	1.521826e+05
81	9	84	-2.088800e+04
81	9	85	4.105098e+04
81	9	86	-1.901547e+05
81	10	84	1.845996e+05
81	10	85	-3.627918e+05
81	10	86	1.680509e+06
81	21	101	3.149993e+02
81	21	102	7.351742e+04
81	21	103	5.635001e+04
81	22	101	2.801553e+03
81	22	102	6.538519e+05
81	22	103	5.011678e+05
81	23	101	6.611395e+02
81	23	102	1.543028e+05
81	23	103	1.182708e+05
82	1	85	3.812733e+01
82	1	86	2.999071e+02
82	1	87	6.407405e+01
82	2	85	3.394906e+03
82	2	86	2.670411e+04
82	2	87	5.705236e+03
82	3	85	5.124943e+03
82	3	86	4.031248e+04
82	3	87	8.612613e+03
82	4	85	4.084453e+00
82	4	86	4.563973e+04
82	4	87	4.394106e+04
82	5	85	-4.315603e+00
82	5	86	-4.822260e+04
82	5	87	-4.642781e+04
82	6	85	4.705148e+01
82	6	86	5.257538e+05
82	6	87	5.061858e+05
82	8	84	5.424757e+03
82	8	85	-1.066122e+04
82	8	86	4.938447e+04
82	9	84	-6.778323e+03
82	9	85	1.332137e+04
82	9	86	-6.170672e+04
82	10	84	5.990405e+04
82	10	85	-1.177288e+05
82	10	86	5.453388e+05
83	1	85	6.132708e+02
83	1	86	4.823949e+03
83	1	87	1.030619e+03
83	2	85	5.460642e+04
83	2	86	4.295306e+05
83	2	87	9.176764e+04
83	3	85	8.243375e+04
83	3	86	6.484186e+05
83	3	87	1.385322e+05
83	4	85	4.062766e+00
83	4	86	4.539740e+04
83	4	87	4.370776e+04
83	5	85	-4.292689e+00
83	5	86	-4.796657e+04
83	5	87	-4.618130e+04
83	6	85	4.680166e+01
83	6	86	5.229623e+05
83	6	87	5.034982e+05
84	1	85	2.139074e+02
84	1	86	1.682582e+03
84	1	87	3.594775e+02
84	2	85	1.904659e+04
84	2	86	1.498193e+05
84	2	87	3.200834e+04
84	3	85	2.875270e+04
84	3	86	2.261669e+05
84	3	87	4.831973e+04
86	91	37	1.225710e+03
86	91	38	2.455605e+02
86	91	39	1.759647e+04
86	92	37	-1.749031e+03
86	92	38	-3.504034e+02
86	92	39	-2.510934e+04
86	93	37	1.298014e+04
86	93	38	2.600460e+03
86	93	39	1.863447e+05
87	91	37	-1.608995e+03
87	91	38	-3.223483e+02
87	91	39	-2.309895e+04
87	92	37	2.295960e+03
87	92	38	4.599760e+02
87	92	39	3.296113e+04
87	93	37	-1.703908e+04
87	93	38	-3.413634e+03
87	93	39	-2.446154e+05
88	91	37	1.333957e+04
88	91	38	2.672468e+03
88	91	39	1.915047e+05
88	92	37	-1.903494e+04
88	92	38	-3.813488e+03
88	92	39	-2.732683e+05
88	93	37	1.412646e+05
88	93	38	2.830115e+04
88	93	39	2.028014e+06
89	6	87	1.122205e+01
89	6	88	3.243249e+01
89	6	89	2.199280e+02
89	7	87	2.382379e+02
89	7	88	6.885238e+02
89	7	89	4.668951e+03
89	8	87	5.377472e+02
89	8	88	1.554126e+03
89	8	89	1.053869e+04
90	6	87	7.662103e+02
90	6	88	2.214401e+03
90	6	89	1.501608e+04
90	7	87	1.626622e+04
90	7	88	4.701050e+04
90	7	89	3.187830e+05
90	8	87	3.671589e+04
90	8	88	1.061115e+05
90	8	89	7.195527e+05
91	6	87	4.657923e+02
91	6	88	1.346172e+03
91	6	89	9.128530e+03
91	7	87	9.888514e+03
91	7	88	2.857849e+04
91	7	89	1.937937e+05
91	8	87	2.232022e+04
91	8	88	6.450696e+04
91	8	89	4.374283e+05
92	12	93	1.339511e+02
92	12	94	2.389300e+03
92	12	95	8.811348e+02
92	13	93	1.831273e+03
92	13	94	3.266460e+04
92	13	95	1.204617e+04
92	14	93	4.956640e+03
92	14	94	8.841210e+04
92	14	95	3.260494e+04
93	12	93	1.158361e+03
93	12	94	2.066181e+04
93	12	95	7.619737e+03
93	13	93	1.583619e+04
93	13	94	2.824717e+05
93	13	95	1.041709e+05
93	14	93	4.286325e+04
93	14	94	7.645561e+05
93	14	95	2.819558e+05
94	12	93	2.673912e+02
94	12	94	4.769484e+03
94	12	95	1.758908e+03
94	13	93	3.655558e+03
94	13	94	6.520456e+04
94	13	95	2.404638e+04
94	14	93	9.894370e+03
94	14	94	1.764869e+05
94	14	95	6.508548e+04
106	4	104	1.536839e+00
106	4	105	8.552948e+01
106	4	106	4.920773e+01
106	5	104	7.758771e+02
106	5	105	4.317977e+04
106	5	106	2.484264e+04
106	6	104	6.481007e+02
106	6	105	3.606865e+04
106	6	106	2.075140e+04
107	4	104	6.294763e-01
107	4	105	3.503215e+01
107	4	106	2.015507e+01
107	5	104	3.177927e+02
107	5	105	1.768607e+04
107	5	106	1.017534e+04
107	6	104	2.654565e+02
107	6	105	1.477341e+04
107	6	106	8.499596e+03
108	4	104	2.273850e+01
108	4	105	1.265462e+03
108	4	106	7.280590e+02
108	5	104	1.147959e+04
108	5	105	6.388716e+05
108	5	106	3.675624e+05
108	6	104	9.589054e+03
108	6	105	5.336581e+05
108	6	106	3.070299e+05
110	9	101	1.328515e+01
110	9	102	1.054832e+01
110	9	103	2.070526e+02
110	10	101	1.313543e+03
110	10	102	1.042945e+03
110	10	103	2.047192e+04
110	11	101	1.942899e+03
110	11	102	1.542649e+03
110	11	103	3.028060e+04
111	9	101	1.000725e+02
111	9	102	7.945689e+01
111	9	103	1.559656e+03
111	10	101	9.894472e+03
111	10	102	7.856146e+03
111	10	103	1.542080e+05
111	11	101	1.463519e+04
111	11	102	1.162025e+04
111	11	103	2.280933e+05
112	9	101	3.655313e+02
112	9	102	2.902295e+02
112	9	103	5.696902e+03
112	10	101	3.614120e+04
112	10	102	2.869588e+04
112	10	103	5.632702e+05
112	11	101	5.345747e+04
112	11	102	4.244488e+04
112	11	103	8.331488e+05
114	17	94	6.311170e+02
114	17	95	2.224256e+03
114	17	96	1.309026e+04
114	18	94	3.841164e+03
114	18	95	1.353748e+04
114	18	96	7.967117e+04
114	19	94	6.493575e+02
114	19	95	2.288541e+03
114	19	96	1.346859e+04
115	17	94	7.284014e+03
115	17	95	2.567117e+04
115	17	96	1.510807e+05
115	18	94	4.433265e+04
115	18	95	1.562423e+05
115	18	96	9.195218e+05
115	19	94	7.494536e+03
115	19	95	2.641311e+04
115	19	96	1.554473e+05
116	17	94	2.075210e+03
116	17	95	7.313698e+03
116	17	96	4.304280e+04
116	18	94	1.263034e+04
116	18	95	4.451332e+04
116	18	96	2.619711e+05
116	19	94	2.135188e+03
116	19	95	7.525078e+03
116	19	96	4.428682e+04
