0.0175	-4.567592e+06	765
3	1	122	2.799554e+02
3	1	123	-5.359607e+02
3	1	124	2.590467e+03
3	2	122	5.364123e+03
3	2	123	-1.026934e+04
3	2	124	4.963498e+04
3	3	122	2.052241e+03
3	3	123	-3.928913e+03
3	3	124	1.898967e+04
4	1	122	6.144601e+03
4	1	123	-1.176353e+04
4	1	124	5.685685e+04
4	2	122	1.177344e+05
4	2	123	-2.253967e+05
4	2	124	1.089413e+06
4	3	122	4.504360e+04
4	3	123	-8.623373e+04
4	3	124	4.167948e+05
5	1	122	2.510951e+03
5	1	123	-4.807089e+03
5	1	124	2.323418e+04
5	2	122	4.811140e+04
5	2	123	-9.210686e+04
5	2	124	4.451815e+05
5	3	122	1.840677e+04
5	3	123	-3.523884e+04
5	3	124	1.703204e+05
30	65	68	2.674531e-04
30	65	69	1.921597e+02
30	65	70	1.912548e+02
30	66	68	1.642229e-02
30	66	69	1.179909e+04
30	66	70	1.174352e+04
30	67	68	9.709093e-03
30	67	69	6.975790e+03
30	67	70	6.942939e+03
31	65	68	9.485855e-03
31	65	69	6.815398e+03
31	65	70	6.783302e+03
31	66	68	5.824554e-01
31	66	69	4.184826e+05
31	66	70	4.165118e+05
31	67	68	3.443559e-01
31	67	69	2.474129e+05
31	67	70	2.462477e+05
32	65	68	4.722830e-03
32	65	69	3.393260e+03
32	65	70	3.377280e+03
32	66	68	2.899937e-01
32	66	69	2.083547e+05
32	66	70	2.073735e+05
32	67	68	1.714484e-01
32	67	69	1.231823e+05
32	67	70	1.226022e+05
38	74	39	1.382542e+01
38	74	40	1.914374e+02
38	74	41	6.123061e+01
38	75	39	1.029529e+03
38	75	40	1.425566e+04
38	75	41	4.559624e+03
38	76	39	6.395695e+02
38	76	40	8.855973e+03
38	76	41	2.832554e+03
38	76	65	7.374121e+01
38	76	66	8.402541e+03
38	76	67	5.728929e+03
38	77	65	-6.431166e+01
38	77	66	-7.328079e+03
38	77	67	-4.996351e+03
38	78	65	8.821489e+02
38	78	66	1.005176e+05
38	78	67	6.853384e+04
39	74	39	5.642198e+02
39	74	40	7.812622e+03
39	74	41	2.498841e+03
39	75	39	4.201543e+04
39	75	40	5.817780e+05
39	75	41	1.860798e+05
39	76	39	2.610104e+04
39	76	40	3.614152e+05
39	76	41	1.155974e+05
39	76	65	6.524051e+02
39	76	66	7.433918e+04
39	76	67	5.068513e+04
39	77	65	-5.689798e+02
39	77	66	-6.483317e+04
39	77	67	-4.420384e+04
39	78	65	7.804570e+03
39	78	66	8.893022e+05
39	78	67	6.063343e+05
40	74	39	2.949595e+02
40	74	40	4.084236e+03
40	74	41	1.306329e+03
40	75	39	2.196458e+04
40	75	40	3.041385e+05
40	75	41	9.727768e+04
40	76	39	1.364495e+04
40	76	40	1.889385e+05
40	76	41	6.043134e+04
40	76	65	1.533305e+02
40	76	66	1.747145e+04
40	76	67	1.191220e+04
40	77	65	-1.337236e+02
40	77	66	-1.523732e+04
40	77	67	-1.038894e+04
40	78	65	1.834257e+03
40	78	66	2.090069e+05
40	78	67	1.425028e+05
42	75	64	1.294704e+00
42	75	65	2.002901e+02
42	75	66	1.443182e+02
42	75	68	2.602812e-03
42	75	69	5.490162e+01
42	75	70	5.643202e+01
42	76	64	8.093013e+00
42	76	65	1.251985e+03
42	76	66	9.021131e+02
42	76	68	1.286080e+00
42	76	69	2.712754e+04
42	76	70	2.788373e+04
42	77	64	1.404455e+00
42	77	65	2.172686e+02
42	77	66	1.565520e+02
42	77	68	1.536429e+00
42	77	69	3.240820e+04
42	77	70	3.331159e+04
43	65	55	5.834198e+01
43	65	56	7.125303e+03
43	65	57	1.014419e+04
43	66	55	4.612254e+02
43	66	56	5.632943e+04
43	66	57	8.019535e+04
43	67	55	9.895550e+01
43	67	56	1.208543e+04
43	67	57	1.720584e+04
43	75	64	4.085029e+02
43	75	65	6.319521e+04
43	75	66	4.553506e+04
43	75	68	3.200856e-02
43	75	69	6.751628e+02
43	75	70	6.939832e+02
43	76	64	2.553495e+03
43	76	65	3.950245e+05
43	76	66	2.846333e+05
43	76	68	1.581581e+01
43	76	69	3.336059e+05
43	76	70	3.429053e+05
43	77	64	4.431316e+02
43	77	65	6.855225e+04
43	77	66	4.939506e+04
43	77	68	1.889452e+01
43	77	69	3.985458e+05
43	77	70	4.096554e+05
43	78	72	2.923276e+02
43	78	73	6.617825e+00
43	78	74	4.085844e+03
43	79	72	2.909394e+03
43	79	73	6.586397e+01
43	79	74	4.066440e+04
43	80	72	7.473858e+02
43	80	73	1.691961e+01
43	80	74	1.044616e+04
43	92	38	1.292775e+00
43	92	39	1.785544e+01
43	92	40	5.702272e+00
43	93	38	9.311502e+02
43	93	39	1.286078e+04
43	93	40	4.107189e+03
43	94	38	8.011295e+02
43	94	39	1.106497e+04
43	94	40	3.533684e+03
44	65	55	4.840989e+02
44	65	56	5.912297e+04
44	65	57	8.417247e+04
44	66	55	3.827067e+03
44	66	56	4.673995e+05
44	66	57	6.654296e+05
44	67	55	8.210940e+02
44	67	56	1.002802e+05
44	67	57	1.427673e+05
44	68	67	2.370154e+02
44	68	68	7.397418e+02
44	68	69	4.744430e+03
44	69	67	2.203978e+03
44	69	68	6.878769e+03
44	69	69	4.411788e+04
44	70	67	7.187914e+03
44	70	68	2.243399e+04
44	70	69	1.438833e+05
44	71	59	2.218241e+00
44	71	60	1.682607e+01
44	71	61	3.485491e+00
44	72	59	3.708725e+01
44	72	60	2.813188e+02
44	72	61	5.827468e+01
44	73	59	9.201651e+01
44	73	60	6.979750e+02
44	73	61	1.445842e+02
44	75	58	1.023493e-01
44	75	59	3.941741e+00
44	75	60	2.020428e+00
44	75	64	5.099926e+02
44	75	65	7.889562e+04
44	75	66	5.684793e+04
44	75	68	9.507508e-03
44	75	69	2.005437e+02
44	75	70	2.061339e+02
44	76	58	2.847155e+02
44	76	59	1.096515e+04
44	76	60	5.620432e+03
44	76	64	3.187893e+03
44	76	65	4.931655e+05
44	76	66	3.553485e+05
44	76	68	4.697772e+00
44	76	69	9.909102e+04
44	76	70	1.018532e+05
44	77	58	3.070363e+02
44	77	59	1.182478e+04
44	77	60	6.061057e+03
44	77	64	5.532245e+02
44	77	65	8.558357e+04
44	77	66	6.166691e+04
44	77	68	5.612243e+00
44	77	69	1.183801e+05
44	77	70	1.216800e+05
44	78	72	2.038694e+03
44	78	73	4.615274e+01
44	78	74	2.849469e+04
44	79	72	2.029013e+04
44	79	73	4.593357e+02
44	79	74	2.835937e+05
44	80	72	5.212272e+03
44	80	73	1.179974e+02
44	80	74	7.285158e+04
44	81	65	6.406018e+00
44	81	66	3.658991e+01
44	81	67	1.570634e+02
44	82	65	4.397354e+02
44	82	66	2.511682e+03
44	82	67	1.078148e+04
44	83	65	2.676881e+02
44	83	66	1.528981e+03
44	83	67	6.563206e+03
44	87	65	1.702415e+01
44	87	66	6.796058e+01
44	87	67	3.671934e+02
44	88	65	1.571682e+02
44	88	66	6.274170e+02
44	88	67	3.389956e+03
44	89	65	5.145008e+02
44	89	66	2.053893e+03
44	89	67	1.109725e+04
44	92	38	5.148133e+01
44	92	39	7.110453e+02
44	92	40	2.270778e+02
44	93	38	3.708058e+04
44	93	39	5.121462e+05
44	93	40	1.635579e+05
44	94	38	3.190285e+04
44	94	39	4.406329e+05
44	94	40	1.407195e+05
45	65	55	1.080985e+02
45	65	56	1.320206e+04
45	65	57	1.879557e+04
45	66	55	8.545778e+02
45	66	56	1.043695e+05
45	66	57	1.485893e+05
45	67	55	1.833489e+02
45	67	56	2.239239e+04
45	67	57	3.187971e+04
45	68	67	1.565450e+03
45	68	68	4.885880e+03
45	68	69	3.133622e+04
45	69	67	1.455693e+04
45	69	68	4.543321e+04
45	69	69	2.913918e+05
45	70	67	4.747506e+04
45	70	68	1.481730e+05
45	70	69	9.503268e+05
45	71	59	1.821850e+03
45	71	60	1.381933e+04
45	71	61	2.862648e+03
45	72	59	3.045991e+04
45	72	60	2.310483e+05
45	72	61	4.786123e+04
45	73	59	7.557354e+04
45	73	60	5.732498e+05
45	73	61	1.187476e+05
45	75	58	1.678174e+00
45	75	59	6.463094e+01
45	75	60	3.312804e+01
45	76	58	4.668350e+03
45	76	59	1.797905e+05
45	76	60	9.215609e+04
45	76	61	6.538619e+00
45	76	62	2.232343e+00
45	77	58	5.034334e+03
45	77	59	1.938855e+05
45	77	60	1.049860e+05
45	77	61	8.678570e+04
45	77	62	2.962941e+04
45	78	60	5.803245e+03
45	78	61	8.984500e+04
45	78	62	3.067389e+04
45	78	72	7.777863e+03
45	78	73	1.760782e+02
45	78	74	1.087107e+05
45	79	38	2.910906e+01
45	79	39	1.367374e+04
45	79	40	1.134587e+04
45	79	72	7.740926e+04
45	79	73	1.752420e+03
45	79	74	1.081944e+06
45	80	38	2.143442e+02
45	80	39	1.006864e+05
45	80	40	8.354518e+04
45	80	72	1.988544e+04
45	80	73	4.501743e+02
45	80	74	2.779375e+05
45	81	38	4.327176e+01
45	81	39	2.032654e+04
45	81	40	1.686608e+04
45	81	64	4.912057e+01
45	81	65	3.624747e+02
45	81	66	2.121204e+03
45	81	67	4.772598e+03
45	82	64	-2.041078e+01
45	82	65	1.329226e+04
45	82	66	7.590164e+04
45	82	67	3.276108e+05
45	83	64	6.393041e+02
45	83	65	1.031825e+04
45	83	66	5.959721e+04
45	83	67	1.994324e+05
45	87	65	6.643638e+02
45	87	66	2.652148e+03
45	87	67	1.432965e+04
45	88	65	6.133455e+03
45	88	66	2.448482e+04
45	88	67	1.322923e+05
45	89	65	2.010666e+04
45	89	66	8.016790e+04
45	89	67	4.334952e+05
45	90	65	3.094722e+03
45	90	66	1.653134e+03
45	90	67	4.658777e+04
45	91	65	2.091882e+03
45	91	66	1.117438e+03
45	91	67	3.149107e+04
45	92	38	2.669170e+01
45	92	39	3.686581e+02
45	92	40	1.177338e+02
45	93	38	1.922530e+04
45	93	39	2.655342e+05
45	93	40	8.480041e+04
45	93	52	2.419797e+00
45	93	53	2.395781e+01
45	93	54	6.131052e+00
45	94	38	1.654078e+04
45	94	39	2.284565e+05
45	94	40	7.295934e+04
45	94	52	2.579909e+01
45	94	53	2.554304e+02
45	94	54	6.536729e+01
45	95	52	6.961741e+00
45	95	53	6.892647e+01
45	95	54	1.763900e+01
46	68	67	2.863552e+02
46	68	68	8.937348e+02
46	68	69	5.732084e+03
46	69	67	2.662783e+03
46	69	68	8.310732e+03
46	69	69	5.330196e+04
46	70	67	8.684233e+03
46	70	68	2.710410e+04
46	70	69	1.738357e+05
46	71	59	1.582629e+03
46	71	60	1.200475e+04
46	71	61	2.486763e+03
46	72	59	2.646032e+04
46	72	60	2.007101e+05
46	72	61	4.157673e+04
46	72	63	4.194649e+01
46	72	64	6.835132e+03
46	72	65	9.290195e+03
46	73	59	6.565022e+04
46	73	60	4.979782e+05
46	73	61	1.031553e+05
46	73	63	1.192328e+00
46	73	64	1.942884e+02
46	73	65	2.640735e+02
46	73	66	1.373671e+01
46	73	67	4.053654e+02
46	73	68	8.148142e+02
46	74	63	5.868051e+02
46	74	64	9.561921e+04
46	74	65	1.299640e+05
46	74	66	3.679613e+02
46	74	67	1.085840e+04
46	74	68	2.182618e+04
46	75	58	4.197666e+00
46	75	59	1.616632e+02
46	75	60	8.286412e+01
46	75	66	7.640028e+02
46	75	67	2.254544e+04
46	75	68	4.531799e+04
46	76	58	1.167708e+04
46	76	59	4.497151e+05
46	76	60	2.305142e+05
46	76	61	4.044431e+01
46	76	62	1.380805e+01
46	77	58	1.259252e+04
46	77	59	4.849715e+05
46	77	60	2.832564e+05
46	77	61	5.368088e+05
46	77	62	1.832713e+05
46	77	68	5.548195e-04
46	77	69	8.020459e-02
46	77	70	1.110468e-01
46	78	60	3.589569e+04
46	78	61	5.557319e+05
46	78	62	1.897319e+05
46	78	68	1.257311e-01
46	78	69	1.817566e+01
46	78	70	2.516502e+01
46	79	38	1.812295e+02
46	79	39	8.513104e+04
46	79	40	7.063803e+04
46	79	68	1.632438e-01
46	79	69	2.359849e+01
46	79	70	3.267316e+01
46	80	38	1.334481e+03
46	80	39	6.268613e+05
46	80	40	5.201422e+05
46	81	38	2.694047e+02
46	81	39	1.265506e+05
46	81	40	1.050062e+05
46	81	64	2.148519e+03
46	81	65	7.727893e+03
46	81	66	4.636305e+04
46	81	67	9.502155e+03
46	82	64	-8.927615e+02
46	82	65	2.355340e+04
46	82	66	1.336087e+05
46	82	67	6.522670e+05
46	83	64	2.796297e+04
46	83	65	1.117293e+05
46	83	66	6.671059e+05
46	83	67	3.970663e+05
46	87	65	1.224979e+03
46	87	66	4.890131e+03
46	87	67	2.642155e+04
46	88	65	1.130910e+04
46	88	66	4.514605e+04
46	88	67	2.439257e+05
46	89	65	3.749551e+04
46	89	66	1.480421e+05
46	89	67	8.056491e+05
46	90	65	5.174733e+04
46	90	66	2.764231e+04
46	90	67	7.790013e+05
46	91	65	3.497869e+04
46	91	66	1.868486e+04
46	91	67	5.265672e+05
46	93	52	5.464130e+03
46	93	53	5.409900e+04
46	93	54	1.384450e+04
46	94	52	5.825679e+04
46	94	53	5.767860e+05
46	94	54	1.476055e+05
46	95	52	1.572027e+04
46	95	53	1.556425e+05
46	95	54	3.983053e+04
47	56	68	1.886351e+00
47	56	69	5.788668e+01
47	56	70	2.729715e+01
47	57	68	1.571935e+01
47	57	69	4.823813e+02
47	57	70	2.274727e+02
47	58	68	5.432528e+01
47	58	69	1.667086e+03
47	58	70	7.861342e+02
47	72	63	-7.925356e+01
47	72	64	-1.291427e+04
47	72	65	-1.755286e+04
47	73	63	-2.252780e+00
47	73	64	-3.670879e+02
47	73	65	-4.989396e+02
47	73	66	2.256380e+01
47	73	67	6.658496e+02
47	73	68	1.338406e+03
47	74	63	-1.108708e+03
47	74	64	-1.806626e+05
47	74	65	-2.455536e+05
47	74	66	6.044099e+02
47	74	67	1.783592e+04
47	74	68	3.585149e+04
47	75	66	1.254944e+03
47	75	67	3.703294e+04
47	75	68	7.443892e+04
47	76	60	4.487150e-01
47	76	61	6.946940e+00
47	76	62	2.371748e+00
47	76	66	2.089951e-01
47	76	67	1.403994e-01
47	76	68	3.205262e+00
47	77	60	5.955699e+03
47	77	61	9.220526e+04
47	77	62	3.147970e+04
47	77	63	1.502359e+02
47	77	64	4.152459e+03
47	77	65	8.530516e+03
47	77	66	1.523026e+01
47	77	67	1.023143e+01
47	77	68	2.391432e+02
47	77	69	8.042979e+02
47	77	70	1.113586e+03
47	78	60	6.165645e+03
47	78	61	9.545562e+04
47	78	62	3.258940e+04
47	78	63	1.551117e+03
47	78	64	4.287223e+04
47	78	65	8.807366e+04
47	78	66	9.411369e+00
47	78	67	6.322403e+00
47	78	68	1.405179e+03
47	78	69	1.822670e+05
47	78	70	2.523568e+05
47	78	71	5.221679e-01
47	78	72	2.125313e-01
47	79	38	3.132794e+01
47	79	39	1.471604e+04
47	79	40	1.221073e+04
47	79	63	4.091558e+02
47	79	64	1.130890e+04
47	79	65	2.323220e+04
47	79	68	1.637021e+03
47	79	69	2.366475e+05
47	79	70	3.276490e+05
47	79	71	3.093842e-01
47	79	72	1.259247e-01
47	80	38	2.306829e+02
47	80	39	1.083613e+05
47	80	40	8.991353e+04
47	80	70	3.640866e-01
47	80	71	7.923405e+00
47	80	72	3.224962e+00
47	81	38	4.657020e+01
47	81	39	2.187596e+04
47	81	40	1.815172e+04
47	81	64	3.835643e+03
47	81	65	1.310433e+04
47	81	66	7.881769e+04
47	82	64	-1.593802e+03
47	82	65	-5.445166e+03
47	82	66	-3.275065e+04
47	83	64	4.992088e+04
47	83	65	1.705528e+05
47	83	66	1.025812e+06
47	89	65	1.690289e+02
47	89	66	9.029157e+01
47	89	67	2.544551e+03
47	90	65	1.843759e+04
47	90	66	9.848962e+03
47	90	67	2.775584e+05
47	91	65	1.246292e+04
47	91	66	6.657422e+03
47	91	67	1.876161e+05
47	93	52	5.020814e+03
47	93	53	4.970984e+04
47	93	54	1.272126e+04
47	94	52	5.353029e+04
47	94	53	5.299902e+05
47	94	54	1.356300e+05
47	95	52	1.444485e+04
47	95	53	1.430149e+05
47	95	54	3.659900e+04
47	96	66	5.608092e+02
47	96	67	5.886392e+03
47	96	68	1.571024e+03
47	97	66	8.324744e+03
47	97	67	8.737857e+04
47	97	68	2.332053e+04
47	98	66	2.774448e+03
47	98	67	2.912129e+04
47	98	68	7.772205e+03
48	56	68	5.118558e+02
48	56	69	1.570738e+04
48	56	70	7.407001e+03
48	57	68	4.265397e+03
48	57	69	1.308927e+05
48	57	70	6.172402e+04
48	58	68	1.474100e+04
48	58	69	4.523588e+05
48	58	70	2.133152e+05
48	70	62	4.843025e+00
48	70	63	2.926131e+03
48	70	64	2.482678e+03
48	71	62	-1.879379e+00
48	71	63	-1.135511e+03
48	71	64	-9.634254e+02
48	72	62	1.218816e+02
48	72	63	3.943022e+04
48	72	64	9.645067e+04
48	72	65	8.664045e+04
48	73	62	9.224305e+02
48	73	63	1.222607e+04
48	73	64	5.613752e+03
48	73	65	2.462752e+03
48	73	66	2.371130e+02
48	73	67	6.997118e+03
48	73	68	1.406472e+04
48	74	62	3.180361e+02
48	74	63	9.684027e+03
48	74	64	8.934238e+05
48	74	65	1.214386e+06
48	74	66	6.765175e+03
48	74	67	1.874297e+05
48	74	68	3.767474e+05
48	75	64	3.438912e+03
48	75	65	2.191009e+04
48	75	66	1.706070e+04
48	75	67	3.891628e+05
48	75	68	7.822456e+05
48	76	64	1.117664e+04
48	76	65	7.182026e+04
48	76	66	1.379376e+04
48	76	67	3.537522e+02
48	76	68	8.076019e+03
48	77	63	-1.631429e+02
48	77	64	-4.497138e+03
48	77	65	8.953784e+03
48	77	66	5.855311e+04
48	77	67	2.577925e+04
48	77	68	5.885356e+05
48	77	69	8.369909e+02
48	77	70	1.158851e+03
48	77	73	1.498263e+00
48	77	74	2.199916e+03
48	77	75	2.043291e+03
48	77	76	5.779032e+02
48	77	77	1.400729e+02
48	78	63	-1.684375e+03
48	78	64	-4.653124e+04
48	78	65	-5.908898e+04
48	78	66	6.419999e+04
48	78	67	1.593001e+04
48	78	68	3.649876e+05
48	78	69	1.896758e+05
48	78	70	2.645599e+05
48	78	71	4.233709e+04
48	78	72	1.723192e+04
48	78	73	5.571649e+01
48	78	74	8.180912e+04
48	78	75	7.746177e+04
48	78	76	3.509046e+04
48	78	77	8.505267e+03
48	79	63	-4.443070e+02
48	79	64	-1.228046e+04
48	79	65	-2.522811e+04
48	79	68	1.703563e+03
48	79	69	2.462667e+05
48	79	70	3.421199e+05
48	79	71	2.508470e+04
48	79	72	1.020990e+04
48	79	73	2.821226e+01
48	79	74	4.142437e+04
48	79	75	3.953969e+04
48	79	76	2.068333e+04
48	79	77	5.013250e+03
48	80	70	2.951994e+04
48	80	71	6.424253e+05
48	80	72	2.614781e+05
48	96	66	-4.563229e+02
48	96	67	-4.789678e+03
48	96	68	-1.278321e+03
48	97	66	-6.773733e+03
48	97	67	-7.109877e+04
48	97	68	-1.897561e+04
48	98	66	-2.257532e+03
48	98	67	-2.369561e+04
48	98	68	-6.324139e+03
49	56	68	6.500380e+02
49	56	69	1.994779e+04
49	56	70	9.406618e+03
49	57	68	5.416897e+03
49	57	69	1.662289e+05
49	57	70	7.838724e+04
49	58	68	1.872053e+04
49	58	69	5.744790e+05
49	58	70	2.709024e+05
49	70	62	2.123950e+01
49	70	63	1.283280e+04
49	70	64	1.088800e+04
49	71	62	-8.242176e+00
49	71	63	-4.979882e+03
49	71	64	-4.144438e+03
49	71	65	1.605711e+03
49	71	66	6.257980e+02
49	72	62	1.907209e+03
49	72	63	1.893863e+05
49	72	64	1.503033e+05
49	72	65	2.406348e+04
49	72	66	9.622060e+03
49	72	67	5.600672e+02
49	72	69	9.958259e+00
49	72	70	4.588514e+01
49	72	71	2.254610e+02
49	73	62	2.567307e+04
49	73	63	3.399367e+05
49	73	64	1.062402e+05
49	73	65	8.132088e+03
49	73	66	4.547508e+03
49	73	67	3.169018e+03
49	73	69	8.559965e-01
49	73	70	3.944215e+00
49	73	71	1.938028e+01
49	74	62	1.050903e+04
49	74	63	1.162839e+05
49	74	64	6.184292e+04
49	74	65	2.770924e+04
49	74	66	1.092660e+04
49	74	67	1.369759e+04
49	74	69	1.405381e+02
49	74	70	6.475640e+02
49	74	71	3.181867e+03
49	75	62	1.433814e+03
49	75	63	-7.955453e+02
49	75	64	5.850408e+04
49	75	65	2.588266e+05
49	75	66	5.671415e+04
49	75	67	5.408933e+03
49	75	68	7.960803e+03
49	75	69	1.320208e+04
49	76	62	6.129320e+01
49	76	63	3.977936e+03
49	76	64	1.333471e+05
49	76	65	8.633370e+05
49	76	66	2.809687e+05
49	76	67	4.815961e+04
49	76	68	5.550581e+03
49	76	69	7.182227e+04
49	76	70	3.143442e+01
49	76	71	6.860959e+03
49	76	72	5.210665e+03
49	77	62	-1.102236e+02
49	77	63	-5.433608e+03
49	77	64	4.339937e+04
49	77	65	3.358623e+05
49	77	66	3.341972e+05
49	77	67	3.811277e+04
49	77	68	6.186221e+05
49	77	69	1.410205e+05
49	77	70	2.297026e+02
49	77	71	5.013551e+04
49	77	72	3.807621e+04
49	77	73	9.649358e+00
49	77	74	1.416826e+04
49	77	75	1.301373e+04
49	77	76	2.379444e+03
49	77	77	5.767324e+02
49	78	62	5.875923e+02
49	78	63	5.589217e+04
49	78	64	5.140045e+05
49	78	65	1.472359e+06
49	78	66	5.358797e+05
49	78	67	1.474719e+04
49	78	68	3.356964e+05
49	78	70	1.964323e+03
49	78	71	5.179956e+04
49	78	72	2.462668e+04
49	78	73	3.588344e+02
49	78	74	5.268805e+05
49	78	75	4.900285e+05
49	78	76	1.444805e+05
49	78	77	3.501936e+04
49	79	63	4.684062e+03
49	79	64	1.294802e+05
49	79	65	2.667485e+05
49	79	66	4.733777e+02
49	79	67	6.803104e+00
49	79	68	3.576221e+01
49	79	70	1.136569e+03
49	79	71	2.473448e+04
49	79	72	1.006736e+04
49	79	73	1.816972e+02
49	79	74	2.667880e+05
49	79	75	2.494315e+05
49	79	76	8.516101e+04
49	79	77	2.064143e+04
49	80	58	7.382621e+02
49	80	59	-5.469298e+02
49	80	60	9.059490e+03
49	80	64	1.114012e+02
49	80	65	8.167318e+03
49	80	66	5.078986e+03
49	80	67	1.022225e+02
49	80	68	5.373580e+02
49	80	70	2.910780e+04
49	80	71	6.337532e+05
49	80	72	2.596827e+05
49	80	73	3.215617e+02
49	81	58	-4.623352e+02
49	81	59	3.425138e+02
49	81	60	-5.673489e+03
49	81	64	3.043756e+01
49	81	65	2.231513e+03
49	81	66	1.444803e+03
49	81	67	2.653796e+02
49	81	68	1.395034e+03
49	81	71	1.626729e+04
49	81	72	1.024833e+05
49	81	73	1.596538e+04
49	81	74	8.970111e+03
49	82	58	9.255256e+03
49	82	59	-6.856611e+03
49	82	60	1.135747e+05
49	82	71	9.315006e+03
49	82	72	5.666014e+04
49	82	73	1.271670e+04
49	82	74	-1.445067e+04
49	83	72	9.365009e+03
49	83	73	-1.653915e+04
49	83	74	9.062762e+04
49	90	68	2.342189e+00
49	90	69	4.422581e+01
49	90	70	1.679552e+01
49	91	68	3.404391e+02
49	91	69	6.428257e+03
49	91	70	2.441243e+03
49	92	68	2.427236e+02
49	92	69	4.583168e+03
49	92	70	1.740538e+03
49	96	66	6.786233e+03
49	96	67	7.122998e+04
49	96	68	1.901062e+04
49	97	66	1.007360e+05
49	97	67	1.057350e+06
49	97	68	2.821968e+05
49	98	66	3.357301e+04
49	98	67	3.523906e+05
49	98	68	9.404981e+04
50	66	74	9.493526e+02
50	66	75	6.422131e+03
50	66	76	1.201225e+03
50	67	60	1.893861e+00
50	67	61	2.481873e+01
50	67	62	7.674876e+00
50	67	74	7.369226e+03
50	67	75	4.985095e+04
50	67	76	9.324350e+03
50	68	60	6.826923e+03
50	68	61	8.946570e+04
50	68	62	2.766612e+04
50	68	63	4.957696e+02
50	68	64	1.137284e+03
50	68	65	9.170466e+03
50	68	74	1.556890e+03
50	68	75	1.053197e+04
50	68	76	1.969948e+03
50	69	60	6.385164e+03
50	69	61	8.367651e+04
50	69	62	2.587589e+04
50	69	63	-9.866423e+02
50	69	64	-2.263335e+03
50	69	65	-1.824999e+04
50	69	66	1.042905e+01
50	69	67	2.118514e+01
50	69	68	3.392137e+02
50	69	69	-5.051035e+02
50	69	70	3.537253e+03
50	70	62	1.077871e+02
50	70	63	6.960964e+04
50	70	64	6.552386e+04
50	70	65	8.293211e+04
50	70	66	2.111727e+02
50	70	67	4.289675e+02
50	70	68	1.814701e+03
50	70	69	-2.702166e+03
50	70	70	1.892334e+04
50	71	55	4.934402e+01
50	71	56	2.273989e+01
50	71	57	7.353335e+02
50	71	60	1.011098e+02
50	71	61	4.305051e+02
50	71	62	2.186017e+03
50	71	63	-2.463107e+04
50	71	64	-1.906969e+04
50	71	65	5.630471e+04
50	71	66	1.953688e+04
50	71	67	9.858545e+02
50	71	68	8.109951e+03
50	71	69	-1.207606e+04
50	71	70	8.456894e+04
50	72	55	5.272526e+02
50	72	56	2.429812e+02
50	72	57	7.857214e+03
50	72	60	5.677687e+03
50	72	61	2.417444e+04
50	72	62	1.298509e+05
50	72	63	8.979099e+05
50	72	64	8.050068e+05
50	72	65	7.668846e+05
50	72	66	3.022246e+05
50	72	67	1.449556e+04
50	72	69	2.057342e+03
50	72	70	9.479713e+03
50	72	71	4.657948e+04
50	73	55	1.602825e+03
50	73	56	7.386523e+02
50	73	57	2.388559e+04
50	73	60	3.274856e+03
50	73	61	1.394367e+04
50	73	62	1.248011e+05
50	73	63	7.051220e+05
50	73	64	4.889253e+05
50	73	65	7.676808e+05
50	73	66	2.115836e+05
50	73	67	9.692485e+04
50	73	69	1.768460e+02
50	73	70	8.148614e+02
50	73	71	4.003899e+03
50	74	60	5.077427e+00
50	74	61	-9.231868e+00
50	74	62	3.998583e+04
50	74	63	2.300872e+05
50	74	64	4.135798e+05
50	74	65	1.962446e+05
50	74	66	3.114085e+05
50	74	67	4.189155e+05
50	74	68	2.174076e+02
50	74	69	2.903723e+04
50	74	70	1.339308e+05
50	74	71	6.582535e+05
50	74	72	1.505752e+02
50	75	60	-1.015233e+01
50	75	61	4.078444e+01
50	75	62	1.895563e+04
50	75	63	-9.795807e+03
50	75	64	2.777191e+05
50	75	65	8.565458e+04
50	75	66	3.850341e+05
50	75	67	2.455896e+05
50	75	68	1.583184e+04
50	75	69	5.649561e+04
50	75	70	7.717776e+03
50	75	71	4.645442e+04
50	75	72	7.854729e+03
50	76	46	3.598956e+01
50	76	47	3.680969e+03
50	76	48	2.455806e+03
50	76	60	4.570440e+01
50	76	61	1.700158e+02
50	76	62	3.364320e+03
50	76	63	4.153602e+04
50	76	64	6.953818e+04
50	76	65	5.895693e+05
50	76	66	1.247485e+06
50	76	67	2.244876e+06
50	76	68	7.890604e+04
50	76	69	-1.212503e+05
50	76	70	9.142759e+04
50	76	71	1.652114e+05
50	76	72	7.874666e+04
50	76	73	1.418226e+02
50	76	74	1.534993e+02
50	77	46	5.598296e+02
50	77	47	5.725871e+04
50	77	48	3.820089e+04
50	77	61	7.125373e+01
50	77	62	-6.103703e+01
50	77	63	-2.976559e+04
50	77	64	-1.195056e+04
50	77	65	2.675695e+05
50	77	66	9.317320e+05
50	77	67	1.234484e+06
50	77	68	3.932164e+05
50	77	69	6.979928e+05
50	77	70	7.112015e+04
50	77	71	6.289232e+05
50	77	72	4.776415e+05
50	77	73	8.714788e+02
50	77	74	3.471915e+03
50	77	75	3.645807e+03
50	77	76	1.259178e+04
50	77	77	3.052011e+03
50	78	46	1.916434e+02
50	78	47	1.960106e+04
50	78	48	1.307710e+04
50	78	60	4.870883e+01
50	78	61	7.649126e+02
50	78	62	7.857754e+03
50	78	63	3.161196e+05
50	78	64	2.596789e+05
50	78	65	7.453196e+05
50	78	66	4.112369e+05
50	78	67	2.999232e+05
50	78	68	9.220245e+04
50	78	69	6.086664e+02
50	78	70	6.135907e+03
50	78	71	1.280629e+05
50	78	72	9.578042e+04
50	78	73	2.122321e+02
50	78	74	9.426486e+04
50	78	75	1.677622e+05
50	78	76	7.645768e+05
50	78	77	1.853190e+05
50	79	60	1.268358e+01
50	79	61	1.991800e+02
50	79	62	5.073801e+02
50	79	64	3.105531e+04
50	79	65	2.668922e+05
50	79	66	1.291552e+05
50	79	67	8.993649e+04
50	79	68	3.117290e+04
50	79	69	3.113393e+04
50	79	70	6.918240e+03
50	79	71	2.423999e+03
50	79	73	3.245239e+01
50	79	74	4.765019e+04
50	79	75	9.184580e+04
50	79	76	4.506637e+05
50	79	77	1.092324e+05
50	80	58	5.306446e+02
50	80	59	-3.931197e+02
50	80	60	7.217190e+03
50	80	61	1.107825e+04
50	80	62	2.822011e+04
50	80	64	4.373498e+03
50	80	65	3.206703e+05
50	80	66	2.711427e+05
50	80	67	1.695126e+05
50	80	68	2.889405e+05
50	80	69	3.261526e+04
50	80	71	-4.775123e+02
50	80	72	-2.981100e+03
50	80	73	-5.167029e+02
50	81	58	-3.323152e+02
50	81	59	2.461905e+02
50	81	60	-4.077964e+03
50	81	64	1.194948e+03
50	81	65	8.760696e+04
50	81	66	8.378545e+04
50	81	67	1.326113e+05
50	81	68	6.505184e+05
50	81	69	-1.853398e+04
50	81	71	-2.613918e+04
50	81	72	-1.596325e+05
50	81	73	-3.456096e+04
50	81	74	3.439242e+04
50	82	58	6.652451e+03
50	82	59	-4.928363e+03
50	82	60	8.163472e+04
50	82	67	9.473566e+03
50	82	68	-9.848933e+03
50	82	69	1.095231e+05
50	82	71	-1.496786e+04
50	82	72	-9.916941e+04
50	82	73	-6.085045e+03
50	82	74	-5.540550e+04
50	83	72	3.590651e+04
50	83	73	-6.341299e+04
50	83	74	3.474766e+05
50	90	68	1.844284e+02
50	90	69	3.482424e+03
50	90	70	1.322511e+03
50	91	68	2.680682e+04
50	91	69	5.061731e+05
50	91	70	1.922281e+05
50	92	68	1.911252e+04
50	92	69	3.608873e+05
50	92	70	1.370532e+05
50	95	89	1.729432e+02
50	95	90	8.741777e+02
50	95	91	4.048088e+03
50	96	89	1.336516e+03
50	96	90	6.755700e+03
50	96	91	3.128388e+04
50	97	89	4.812932e+03
50	97	90	2.432797e+04
50	97	91	1.126565e+05
51	66	74	1.543929e+04
51	66	75	1.044429e+05
51	66	76	1.953548e+04
51	67	60	1.212234e+01
51	67	61	1.588613e+02
51	67	62	4.912583e+01
51	67	74	1.198455e+05
51	67	75	8.107247e+05
51	67	76	1.516416e+05
51	68	60	4.369820e+04
51	68	61	5.726576e+05
51	68	62	1.771801e+05
51	68	63	1.290323e+03
51	68	64	4.239489e+03
51	68	65	2.681565e+04
51	68	74	2.531966e+04
51	68	75	1.712811e+05
51	68	76	3.203720e+04
51	69	60	4.087056e+04
51	69	61	5.356018e+05
51	69	62	1.719410e+05
51	69	63	-1.370046e+04
51	69	64	5.540238e+04
51	69	65	-5.317133e+04
51	69	66	5.570267e+03
51	69	67	1.098347e+04
51	69	68	5.776396e+02
51	69	69	-8.601296e+02
51	69	70	6.023510e+03
51	70	58	5.649489e+00
51	70	59	5.117598e+02
51	70	60	3.326949e+02
51	70	62	3.831795e+03
51	70	63	6.755937e+03
51	70	64	6.766706e+04
51	70	65	2.507461e+05
51	70	66	1.534076e+05
51	70	67	2.408861e+05
51	70	68	3.774038e+03
51	70	69	-4.470779e+03
51	70	70	3.222413e+04
51	71	55	7.895710e+02
51	71	56	3.638690e+02
51	71	57	1.176633e+04
51	71	58	7.819806e+01
51	71	59	7.083583e+03
51	71	60	4.410213e+03
51	71	61	-8.295166e+02
51	71	62	-4.292712e+03
51	71	63	1.718258e+04
51	71	64	1.762927e+03
51	71	65	2.884448e+05
51	71	66	3.339834e+05
51	71	67	5.353275e+05
51	71	68	3.065432e+04
51	71	69	-1.349042e+04
51	71	70	1.440106e+05
51	72	55	8.436754e+03
51	72	56	3.888027e+03
51	72	57	1.257260e+05
51	72	58	2.500578e+01
51	72	59	2.265152e+03
51	72	60	-9.467450e+03
51	72	61	-4.649711e+04
51	72	62	-2.374083e+05
51	72	63	3.027167e+04
51	72	64	7.925183e+04
51	72	65	8.395436e+05
51	72	66	6.212475e+05
51	72	67	4.133758e+04
51	72	68	-1.584847e+04
51	72	69	-6.296088e+03
51	72	70	1.245811e+04
51	72	71	6.121411e+04
51	73	55	2.564737e+04
51	73	56	1.181944e+04
51	73	57	3.822018e+05
51	73	60	-6.310141e+03
51	73	61	-2.530956e+04
51	73	62	-7.082545e+04
51	73	63	4.532445e+04
51	73	64	3.146630e+05
51	73	65	9.757080e+05
51	73	66	1.287512e+06
51	73	67	7.791575e+05
51	73	68	1.244850e+05
51	73	69	6.387341e+04
51	73	70	1.070880e+03
51	73	71	5.261870e+03
51	73	75	4.425959e-03
51	73	76	1.754618e-03
51	73	77	6.536349e-02
51	74	60	1.413516e+04
51	74	61	-2.511210e+04
51	74	62	2.206918e+05
51	74	63	3.230738e+04
51	74	64	1.283857e+06
51	74	65	9.456111e+05
51	74	66	9.703927e+05
51	74	67	1.468513e+06
51	74	68	1.052917e+05
51	74	69	4.305085e+04
51	74	70	1.761681e+05
51	74	71	8.632256e+05
51	74	72	-1.288770e+02
51	74	75	2.990197e+02
51	74	76	1.185428e+02
51	74	77	4.415986e+03
51	75	60	-2.826329e+04
51	75	61	5.259743e+04
51	75	62	-2.061666e+05
51	75	63	5.103202e+04
51	75	64	1.093316e+06
51	75	65	1.203552e+06
51	75	66	5.397729e+05
51	75	67	1.403867e+06
51	75	68	9.261864e+05
51	75	69	3.212138e+05
51	75	70	-6.620107e+03
51	75	71	-3.980424e+04
51	75	72	-6.722848e+03
51	75	75	2.944490e+02
51	75	76	1.167307e+02
51	75	77	4.348484e+03
51	76	46	3.991463e+02
51	76	47	4.082421e+04
51	76	48	2.723640e+04
51	76	60	1.272374e+05
51	76	61	-2.176427e+05
51	76	62	1.349284e+06
51	76	63	6.860937e+05
51	76	64	3.244800e+05
51	76	65	1.875781e+06
51	76	66	3.289970e+06
51	76	67	2.990978e+06
51	76	68	2.485000e+06
51	76	69	1.001001e+06
51	76	70	1.414596e+04
51	76	71	-4.068588e+04
51	76	72	8.236244e+03
51	76	73	6.569403e+04
51	76	74	7.110285e+04
51	77	46	6.208854e+03
51	77	47	6.350343e+05
51	77	48	4.236713e+05
51	77	61	3.857398e+03
51	77	62	2.583844e+04
51	77	63	3.509650e+05
51	77	64	2.811092e+05
51	77	65	1.080072e+06
51	77	66	2.571646e+06
51	77	67	3.829191e+06
51	77	68	3.357162e+06
51	77	69	2.754542e+06
51	77	70	2.174082e+04
51	77	71	1.896304e+05
51	77	72	1.438519e+05
51	77	73	4.028818e+05
51	77	74	4.360525e+05
51	78	46	2.125443e+03
51	78	47	2.173878e+05
51	78	48	1.450331e+05
51	78	60	5.770266e+02
51	78	61	9.061497e+03
51	78	62	1.328244e+05
51	78	63	2.309674e+06
51	78	64	1.238497e+06
51	78	65	1.066173e+06
51	78	66	1.455343e+06
51	78	67	1.047793e+06
51	78	68	9.263050e+05
51	78	69	4.201747e+04
51	78	70	3.999433e+05
51	78	71	1.768439e+05
51	78	72	2.884151e+04
51	78	73	6.862117e+04
51	78	74	7.427100e+04
51	78	75	1.230890e+02
51	78	76	1.288453e+03
51	78	77	3.432131e+02
51	79	60	1.502553e+02
51	79	61	2.359576e+03
51	79	62	6.010652e+03
51	79	64	4.399671e+04
51	79	65	3.079596e+05
51	79	66	6.965940e+05
51	79	67	4.377376e+05
51	79	68	5.241446e+05
51	79	69	3.428423e+05
51	79	70	5.071688e+05
51	79	71	1.745324e+05
51	79	75	1.029803e+04
51	79	76	1.077962e+05
51	79	77	2.871434e+04
51	80	58	1.139317e+04
51	80	59	-8.440454e+03
51	80	60	1.485858e+05
51	80	61	1.312127e+05
51	80	62	3.400869e+05
51	80	64	8.050045e+03
51	80	65	5.901768e+05
51	80	66	3.705945e+05
51	80	67	7.640871e+05
51	80	68	7.740988e+05
51	80	69	3.426988e+05
51	80	70	6.292835e+03
51	80	71	3.787568e+03
51	80	72	1.876465e+04
51	80	73	3.252406e+03
51	80	75	6.576158e+03
51	80	76	6.883696e+04
51	80	77	1.833652e+04
51	81	58	-7.134954e+03
51	81	59	5.285818e+03
51	81	60	-8.053979e+04
51	81	61	-4.221153e+02
51	81	62	9.680691e+04
51	81	64	2.199471e+03
51	81	65	1.612531e+05
51	81	66	1.263774e+05
51	81	67	2.088841e+05
51	81	68	6.315733e+05
51	81	69	-2.672620e+05
51	81	71	1.645340e+05
51	81	72	1.046918e+06
51	81	73	1.431843e+05
51	81	74	1.909824e+05
51	82	58	1.428311e+05
51	82	59	-1.058141e+05
51	82	60	1.755236e+06
51	82	61	-1.505492e+02
51	82	62	3.452659e+04
51	82	67	1.366098e+05
51	82	68	-1.420227e+05
51	82	69	1.579335e+06
51	82	71	9.421577e+04
51	82	72	5.563943e+05
51	82	73	1.580965e+05
51	82	74	-3.076687e+05
51	83	72	1.993901e+05
51	83	73	-3.521346e+05
51	83	74	1.929550e+06
51	90	68	1.161197e+02
51	90	69	2.192601e+03
51	90	70	8.326783e+02
51	91	68	1.687809e+04
51	91	69	3.186963e+05
51	91	70	1.210305e+05
51	92	68	1.203361e+04
51	92	69	2.272216e+05
51	92	70	8.629135e+04
51	95	89	1.416098e+03
51	95	90	7.157963e+03
51	95	91	3.314665e+04
51	96	89	1.094369e+04
51	96	90	5.531718e+04
51	96	91	2.561594e+05
51	97	89	3.940936e+04
51	97	90	1.992029e+05
51	97	91	9.224564e+05
52	62	56	1.363834e+01
52	62	57	7.437310e+02
52	62	58	4.254117e+02
52	63	56	1.463880e+03
52	63	57	7.982884e+04
52	63	58	4.566183e+04
52	64	56	9.863155e+02
52	64	57	5.378613e+04
52	64	58	3.076548e+04
52	66	60	1.463410e+00
52	66	61	2.974934e+01
52	66	62	6.826622e+01
52	66	74	5.418080e+03
52	66	75	3.665194e+04
52	66	76	6.855547e+03
52	67	60	2.132112e+02
52	67	61	4.318774e+03
52	67	62	9.854345e+03
52	67	74	4.205714e+04
52	67	75	2.845059e+05
52	67	76	5.321529e+04
52	68	60	8.051346e+03
52	68	61	1.076233e+05
52	68	62	4.529905e+04
52	68	63	9.371833e+03
52	68	64	2.450922e+04
52	68	65	1.802909e+05
52	68	74	8.885377e+03
52	68	75	6.010733e+04
52	68	76	1.124275e+04
52	69	60	7.256944e+03
52	69	61	9.510104e+04
52	69	62	4.426197e+04
52	69	63	-4.484376e+04
52	69	64	1.014251e+05
52	69	65	-3.586480e+05
52	69	66	4.375119e+03
52	69	67	9.060322e+03
52	69	68	5.894628e+03
52	69	69	-8.777348e+03
52	69	70	6.146799e+04
52	70	57	5.713098e+01
52	70	58	4.963152e+03
52	70	59	4.607462e+04
52	70	60	2.539901e+04
52	70	62	9.015443e+03
52	70	63	7.304265e+04
52	70	64	2.904497e+05
52	70	65	1.636919e+06
52	70	66	6.742151e+04
52	70	67	1.869164e+05
52	70	68	1.218897e+05
52	70	69	-2.967739e+04
52	70	70	3.288409e+05
52	70	71	2.450879e+02
52	70	72	3.976946e+02
52	71	55	1.995352e+03
52	71	56	9.195460e+02
52	71	57	2.963576e+04
52	71	58	-1.909945e+03
52	71	59	5.286032e+05
52	71	60	3.524953e+05
52	71	61	3.967915e+03
52	71	62	2.053379e+04
52	71	63	3.566871e+04
52	71	64	1.516065e+03
52	71	65	5.603960e+05
52	71	66	2.489701e+05
52	71	67	5.373065e+05
52	71	68	9.133485e+05
52	71	69	-2.927220e+04
52	71	70	1.469677e+06
52	71	71	6.023228e+03
52	71	72	9.773658e+03
52	72	55	2.132081e+04
52	72	56	9.825567e+03
52	72	57	3.182838e+05
52	72	58	4.611005e+04
52	72	59	2.412539e+05
52	72	60	1.647517e+05
52	72	61	2.227754e+05
52	72	62	1.151404e+06
52	72	63	5.613676e+04
52	72	64	2.496640e+04
52	72	65	9.842127e+05
52	72	66	1.717761e+05
52	72	67	7.001999e+05
52	72	68	5.011260e+04
52	72	69	-5.123612e+04
52	72	70	2.022686e+02
52	72	71	1.288693e+04
52	72	72	2.091112e+04
52	73	55	6.481435e+04
52	73	56	2.986930e+04
52	73	57	9.658752e+05
52	73	60	3.018396e+04
52	73	61	1.278145e+05
52	73	62	6.343357e+05
52	73	63	-1.016419e+04
52	73	64	8.575398e+04
52	73	65	1.198297e+06
52	73	66	2.053236e+06
52	73	67	1.734265e+06
52	73	68	1.000960e+06
52	73	69	5.612744e+05
52	73	70	1.522408e+04
52	73	71	7.412204e+03
52	73	75	5.551321e-01
52	73	76	2.200754e-01
52	73	77	8.198306e+00
52	74	59	1.360680e+01
52	74	60	1.528453e+04
52	74	61	-2.768487e+04
52	74	62	1.349771e+05
52	74	63	2.242920e+05
52	74	64	6.814734e+05
52	74	65	3.571741e+06
52	74	66	4.362243e+06
52	74	67	3.155775e+06
52	74	68	8.797483e+05
52	74	69	1.068681e+05
52	74	70	9.929358e+04
52	74	71	2.241790e+04
52	74	72	1.807084e+03
52	74	75	3.750496e+04
52	74	76	1.486839e+04
52	74	77	5.538811e+05
52	75	59	9.193609e+01
52	75	60	-3.019674e+04
52	75	61	6.564450e+04
52	75	62	-2.660440e+05
52	75	63	3.400679e+05
52	75	64	9.237858e+05
52	75	65	4.339057e+06
52	75	66	8.864773e+06
52	75	67	5.020435e+06
52	75	68	3.233553e+06
52	75	69	2.107476e+05
52	75	70	3.306877e+05
52	75	71	6.524297e+05
52	75	72	9.426619e+04
52	75	75	3.693167e+04
52	75	76	1.464111e+04
52	75	77	5.454146e+05
52	76	46	1.106905e+02
52	76	47	1.132129e+04
52	76	48	7.553145e+03
52	76	59	3.571903e+02
52	76	60	1.388934e+05
52	76	61	-2.073258e+05
52	76	62	1.531139e+06
52	76	63	1.032221e+06
52	76	64	9.366450e+05
52	76	65	6.548494e+06
52	76	66	1.116824e+07
52	76	67	1.111478e+07
52	76	68	7.068479e+06
52	76	69	7.327085e+05
52	76	70	2.106471e+06
52	76	71	1.113275e+06
52	76	72	1.606243e+05
52	76	73	5.443787e+04
52	76	74	5.891994e+04
52	77	46	1.721827e+03
52	77	47	1.761065e+05
52	77	48	1.174917e+05
52	77	60	6.312181e+03
52	77	61	8.085192e+04
52	77	62	1.048727e+05
52	77	63	4.445665e+05
52	77	64	8.933495e+05
52	77	65	4.736280e+06
52	77	66	7.302632e+06
52	77	67	8.238319e+06
52	77	68	7.129524e+06
52	77	69	1.181513e+06
52	77	70	1.278275e+06
52	77	71	2.630970e+02
52	77	72	1.319427e+02
52	77	73	3.338512e+05
52	77	74	3.613383e+05
52	78	46	5.894238e+02
52	78	47	6.028557e+04
52	78	48	4.022030e+04
52	78	60	3.373382e+03
52	78	61	4.635847e+04
52	78	62	1.596769e+05
52	78	63	7.034141e+05
52	78	64	1.054962e+06
52	78	65	3.512806e+06
52	78	66	5.656501e+06
52	78	67	3.233119e+06
52	78	68	3.336879e+06
52	78	69	5.207301e+05
52	78	70	4.626362e+05
52	78	71	9.086319e+04
52	78	72	2.247325e+01
52	78	73	5.686347e+04
52	78	74	6.154525e+04
52	78	75	7.802034e+02
52	78	76	8.166900e+03
52	78	77	2.175467e+03
52	79	60	4.345251e+02
52	79	61	6.823686e+03
52	79	62	1.908413e+04
52	79	63	2.150317e+04
52	79	64	2.153709e+05
52	79	65	5.003885e+04
52	79	66	3.046910e+06
52	79	67	1.602455e+06
52	79	68	8.756133e+05
52	79	69	1.273905e+06
52	79	70	1.105801e+06
52	79	71	2.627493e+05
52	79	72	3.185633e-02
52	79	73	1.085881e-01
52	79	75	6.527440e+04
52	79	76	6.832698e+05
52	79	77	1.820068e+05
52	80	60	2.404416e+04
52	80	61	3.795358e+05
52	80	62	9.650809e+05
52	80	63	6.774093e+02
52	80	64	1.244281e+03
52	80	65	1.956273e+04
52	80	66	8.446030e+05
52	80	67	9.872228e+05
52	80	68	4.225738e+05
52	80	69	7.998658e+05
52	80	70	3.649656e+05
52	80	71	7.263077e+04
52	80	72	1.142438e+01
52	80	73	3.894206e+01
52	80	75	4.168319e+04
52	80	76	4.363252e+05
52	80	77	1.162266e+05
52	81	60	-2.074027e+03
52	81	61	1.247849e+02
52	81	62	-2.861787e+04
52	81	63	5.247426e+01
52	81	64	9.841792e+01
52	81	65	5.688409e+03
52	81	66	4.621417e+04
52	81	67	3.941449e+04
52	81	68	2.857827e+04
52	81	69	-8.759275e+04
52	81	70	-1.077421e+02
52	81	71	-4.326490e+02
52	81	72	1.407054e+01
52	81	73	4.796198e+01
52	82	60	-7.397104e+02
52	82	61	4.450505e+01
52	82	62	-1.020668e+04
52	82	63	2.764165e+01
52	82	64	9.639639e+02
52	82	65	1.837899e+03
52	82	67	4.476398e+04
52	82	68	-4.653764e+04
52	82	69	5.181064e+05
52	82	70	3.766772e+03
52	82	71	1.518338e+04
52	83	63	4.295314e+01
52	83	64	3.737919e+02
52	83	65	1.147141e+03
52	84	63	3.294128e+03
52	84	64	-2.106239e+03
52	84	65	4.119740e+04
52	85	63	4.825848e+03
52	85	64	-3.085610e+03
52	85	65	6.035358e+04
52	95	89	3.128029e+02
52	95	90	1.581128e+03
52	95	91	7.321789e+03
52	96	89	2.417360e+03
52	96	90	1.221905e+04
52	96	91	5.658324e+04
52	97	89	8.705163e+03
52	97	90	4.400207e+04
52	97	91	2.037621e+05
53	62	56	-2.162314e+01
53	62	57	-1.179161e+03
53	62	58	-6.744763e+02
53	63	56	-2.320934e+03
53	63	57	-1.265660e+05
53	63	58	-7.239534e+04
53	63	86	2.548940e+01
53	63	87	1.384945e+03
53	63	88	2.335386e+03
53	64	56	-1.563771e+03
53	64	57	-8.527615e+04
53	64	58	-4.877767e+04
53	64	86	9.107393e+02
53	64	87	4.948424e+04
53	64	88	8.344364e+04
53	65	86	4.546470e+02
53	65	87	2.470286e+04
53	65	88	4.165561e+04
53	66	60	2.475776e+01
53	66	61	5.032949e+02
53	66	62	1.154918e+03
53	67	31	7.501459e+01
53	67	32	-1.002724e+02
53	67	33	8.118114e+02
53	67	60	3.570661e+03
53	67	61	7.258717e+04
53	67	62	1.665668e+05
53	67	69	2.152673e+00
53	67	70	1.030168e+02
53	67	71	1.794908e+02
53	68	31	2.526002e+03
53	68	32	-3.376519e+03
53	68	33	2.733651e+04
53	68	60	4.945567e+03
53	68	61	1.005373e+05
53	68	62	2.324354e+05
53	68	63	-2.965484e+03
53	68	64	1.700553e+04
53	68	69	8.255633e+00
53	68	70	3.950756e+02
53	68	71	6.883583e+02
53	69	31	1.233992e+03
53	69	32	-1.649483e+03
53	69	33	1.335432e+04
53	69	60	2.381633e+00
53	69	61	3.819646e+02
53	69	62	1.179877e+05
53	69	63	-2.012445e+05
53	69	64	1.154034e+06
53	69	65	1.161038e+03
53	69	66	1.891063e+04
53	69	67	6.707208e+03
53	69	69	4.583610e+01
53	69	70	2.193499e+03
53	69	71	3.821834e+03
53	70	57	8.032592e+02
53	70	58	6.398720e+04
53	70	59	1.229109e+05
53	70	60	1.589401e+04
53	70	61	3.212879e+03
53	70	62	7.567651e+04
53	70	63	-1.221494e+05
53	70	64	7.004642e+05
53	70	65	2.719698e+04
53	70	66	6.726207e+05
53	70	67	3.043101e+05
53	70	68	9.296238e+04
53	70	69	2.566786e+04
53	70	70	3.237340e+03
53	70	71	6.683325e+03
53	70	72	1.084477e+04
53	71	57	-1.396681e+03
53	71	58	-1.070591e+05
53	71	59	1.667245e+05
53	71	60	2.197260e+05
53	71	61	7.253959e+02
53	71	62	9.883088e+02
53	71	63	1.933300e+01
53	71	64	8.139750e+02
53	71	65	3.383358e+04
53	71	66	8.804753e+05
53	71	67	5.212333e+05
53	71	68	1.057555e+06
53	71	69	3.029983e+05
53	71	70	1.426287e+04
53	71	71	1.642480e+05
53	71	72	2.665188e+05
53	72	57	7.834521e+03
53	72	58	6.229138e+05
53	72	59	1.070863e+06
53	72	60	7.074244e+04
53	72	61	1.077435e+03
53	72	62	4.712546e+04
53	72	63	3.233612e+04
53	72	64	6.998600e+04
53	72	65	7.367910e+04
53	72	66	2.241296e+04
53	72	67	7.644801e+05
53	72	68	3.469252e+05
53	72	69	1.618298e+05
53	72	70	7.170779e+04
53	72	71	3.513969e+05
53	72	72	5.707689e+05
53	73	54	1.611108e+01
53	73	55	4.697232e+02
53	73	56	9.479364e+02
53	73	58	-4.170941e+02
53	73	59	-3.487396e+03
53	73	60	-7.835686e+02
53	73	61	2.014941e+04
53	73	62	8.813906e+05
53	73	63	5.078423e+05
53	73	64	1.244821e+05
53	73	65	9.193137e+05
53	73	66	2.171533e+06
53	73	67	1.897728e+06
53	73	68	9.918051e+05
53	73	69	4.850976e+05
53	73	70	-1.592857e+04
53	73	71	-8.866273e+03
53	73	72	-2.444193e+02
53	73	73	5.875500e+03
53	73	75	3.854844e-01
53	73	76	1.528206e-01
53	73	77	5.692914e+00
53	74	54	8.077798e+01
53	74	55	2.355106e+03
53	74	56	4.752778e+03
53	74	58	2.574523e+03
53	74	59	2.249373e+04
53	74	60	7.798950e+03
53	74	61	2.695174e+04
53	74	62	3.435281e+05
53	74	63	1.013657e+06
53	74	64	1.263667e+06
53	74	65	3.450753e+06
53	74	66	4.544256e+06
53	74	67	6.398308e+06
53	74	68	2.256843e+06
53	74	69	1.008559e+06
53	74	70	1.705094e+05
53	74	71	2.338348e+04
53	74	72	6.969838e+03
53	74	73	9.444397e+04
53	74	75	2.604349e+04
53	74	76	1.032463e+04
53	74	77	3.846158e+05
53	75	54	3.759889e+02
53	75	55	1.096207e+04
53	75	56	2.214519e+04
53	75	57	1.791296e+02
53	75	58	6.410758e+02
53	75	59	6.538386e+03
53	75	60	2.001704e+04
53	75	61	1.454070e+05
53	75	62	1.888607e+05
53	75	63	1.251775e+06
53	75	64	2.301436e+06
53	75	65	1.018553e+07
53	75	66	1.350018e+07
53	75	67	1.486546e+07
53	75	68	7.415533e+06
53	75	69	7.832704e+05
53	75	70	-2.966985e+05
53	75	71	-1.950340e+05
53	75	72	-1.440545e+01
53	75	73	3.292979e+04
53	75	75	2.564540e+04
53	75	76	1.016681e+04
53	75	77	3.787366e+05
53	76	56	2.749915e+01
53	76	57	2.149176e+02
53	76	58	7.691555e+02
53	76	59	2.540295e+04
53	76	60	8.420018e+04
53	76	61	5.954638e+05
53	76	62	2.072288e+05
53	76	63	9.546904e+05
53	76	64	3.159093e+06
53	76	65	1.361394e+07
53	76	66	2.368743e+07
53	76	67	2.345614e+07
53	76	68	1.148288e+07
53	76	69	2.917701e+06
53	76	70	9.591573e+05
53	76	71	1.543586e+05
53	76	72	-5.832943e+01
53	76	73	1.481573e+03
53	77	56	3.758224e+02
53	77	57	2.937213e+03
53	77	58	1.051181e+04
53	77	60	6.816681e+04
53	77	61	8.335794e+05
53	77	62	2.321775e+05
53	77	63	6.802494e+05
53	77	64	1.782819e+06
53	77	65	1.027262e+07
53	77	66	1.558644e+07
53	77	67	1.526551e+07
53	77	68	1.150958e+07
53	77	69	3.757610e+06
53	77	70	1.088142e+06
53	77	71	2.666039e+04
53	77	72	-3.817386e+03
53	77	73	1.059476e+05
53	78	60	1.837962e+04
53	78	61	3.157940e+05
53	78	62	-9.651317e+04
53	78	63	8.038651e+05
53	78	64	1.555056e+06
53	78	65	5.514345e+06
53	78	66	9.058684e+06
53	78	67	6.212806e+06
53	78	68	2.856706e+06
53	78	69	1.313827e+06
53	78	70	2.204659e+05
53	78	71	1.724289e+04
53	78	72	3.528263e+04
53	78	73	1.245823e+05
53	78	75	1.372353e+02
53	78	76	1.436531e+03
53	78	77	3.826576e+02
53	79	62	3.372388e+04
53	79	63	4.498984e+05
53	79	64	1.294384e+06
53	79	65	1.704349e+06
53	79	66	3.615032e+06
53	79	67	2.719005e+06
53	79	68	1.158827e+06
53	79	69	9.283361e+05
53	79	70	8.382643e+05
53	79	71	1.489646e+05
53	79	72	5.482424e+04
53	79	73	8.719773e+04
53	79	75	1.148156e+04
53	79	76	1.201850e+05
53	79	77	3.201440e+04
53	80	60	5.562862e+03
53	80	61	-3.346924e+02
53	80	62	7.675756e+04
53	80	63	4.163012e+04
53	80	64	5.172720e+04
53	80	65	8.052413e+05
53	80	66	5.309726e+05
53	80	67	1.787213e+05
53	80	68	3.006467e+05
53	80	69	2.513423e+05
53	80	70	3.712964e+05
53	80	71	9.739113e+04
53	80	72	9.910906e+04
53	80	73	3.378312e+05
53	80	75	7.331938e+03
53	80	76	7.674820e+04
53	80	77	2.044389e+04
53	81	60	9.318791e+04
53	81	61	-5.606697e+03
53	81	62	1.285827e+06
53	81	63	4.119693e+04
53	81	64	5.570814e+04
53	81	65	6.976755e+05
53	81	66	1.575899e+05
53	81	67	4.628810e+04
53	81	68	7.150256e+04
53	81	69	5.748589e+04
53	81	70	-3.649658e+03
53	81	71	-4.345907e+02
53	81	72	1.220651e+05
53	81	73	4.160810e+05
53	82	60	3.323586e+04
53	82	61	-1.999652e+03
53	82	62	4.585954e+05
53	82	63	7.696792e+03
53	82	64	2.684149e+05
53	82	65	5.117614e+05
53	82	66	1.242709e+02
53	82	67	3.086528e+02
53	82	68	3.444467e+04
53	82	69	5.085653e+04
53	82	70	1.275957e+05
53	82	71	5.143220e+05
53	83	63	3.194111e+03
53	83	64	1.096871e+05
53	83	65	2.097882e+05
53	84	63	4.990744e+03
53	84	64	-3.191043e+03
53	84	65	6.241583e+04
53	85	63	7.311367e+03
53	85	64	-4.674831e+03
53	85	65	9.143826e+04
54	62	56	1.387278e+02
54	62	57	7.565156e+03
54	62	58	4.327244e+03
54	63	56	1.489044e+04
54	63	57	8.120108e+05
54	63	58	4.644675e+05
54	63	86	1.908579e+02
54	63	87	1.037010e+04
54	63	88	1.748676e+04
54	64	56	1.003270e+04
54	64	57	5.471070e+05
54	64	58	3.129434e+05
54	64	86	6.819376e+03
54	64	87	3.705250e+05
54	64	88	6.248040e+05
54	65	86	3.404277e+03
54	65	87	1.849685e+05
54	65	88	3.119062e+05
54	66	60	6.112609e+01
54	66	61	1.242619e+03
54	66	62	2.851454e+03
54	67	31	2.517774e+03
54	67	32	-3.365521e+03
54	67	33	2.724747e+04
54	67	60	8.815845e+03
54	67	61	1.792153e+05
54	67	62	4.112479e+05
54	67	66	1.408306e-05
54	67	67	8.797052e+02
54	67	68	8.792601e+02
54	67	69	2.416084e+02
54	67	70	1.156224e+04
54	67	71	2.014541e+04
54	68	31	8.478221e+04
54	68	32	-1.133288e+05
54	68	33	9.175171e+05
54	68	60	1.221044e+04
54	68	61	2.482233e+05
54	68	62	5.696016e+05
54	68	66	4.690465e-04
54	68	67	2.929922e+04
54	68	68	2.928440e+04
54	68	69	9.265827e+02
54	68	70	4.434187e+04
54	68	71	7.725887e+04
54	69	31	4.141745e+04
54	69	32	-5.536291e+04
54	69	33	4.482216e+05
54	69	60	2.812546e+02
54	69	61	4.510741e+04
54	69	62	6.145617e+04
54	69	65	-1.260974e+03
54	69	66	-1.922643e+04
54	69	67	5.015223e+04
54	69	68	5.663087e+04
54	69	69	5.144480e+03
54	69	70	2.461905e+05
54	69	71	4.289490e+05
54	70	57	2.592877e+02
54	70	58	2.056771e+04
54	70	59	3.179305e+04
54	70	60	2.365761e+03
54	70	61	3.794191e+05
54	70	62	5.169360e+05
54	70	63	3.422329e-01
54	70	64	6.335026e+00
54	70	65	-7.686530e+03
54	70	66	-1.155852e+05
54	70	67	-3.673922e+04
54	70	68	2.388696e+04
54	70	69	4.106847e+03
54	70	70	-3.175734e+03
54	70	71	3.005305e+03
54	70	72	4.876592e+03
54	71	57	-4.508411e+02
54	71	58	-3.576247e+04
54	71	59	-5.528073e+04
54	71	60	5.341356e+02
54	71	61	8.566430e+04
54	71	62	1.167125e+05
54	71	63	8.084844e+03
54	71	64	1.444906e+05
54	71	65	3.563256e+05
54	71	66	3.777638e+04
54	71	67	3.741754e+04
54	71	68	4.544319e+05
54	71	69	1.366311e+05
54	71	70	-1.086310e+04
54	71	71	7.385773e+04
54	71	72	1.198461e+05
54	72	57	2.528940e+03
54	72	58	2.129072e+05
54	72	59	4.129485e+05
54	72	60	2.311067e+04
54	72	63	1.203588e+04
54	72	64	1.865187e+05
54	72	65	5.790244e+05
54	72	66	6.477537e+05
54	72	67	5.286320e+05
54	72	68	3.051006e+05
54	72	69	-1.886655e+04
54	72	70	-6.019244e+04
54	72	71	1.547244e+05
54	72	72	3.168126e+05
54	73	54	2.009202e+02
54	73	55	5.857889e+03
54	73	56	1.182165e+04
54	73	58	-2.003905e+04
54	73	59	-1.675500e+05
54	73	60	-3.764587e+04
54	73	61	5.390462e+03
54	73	62	6.474804e+03
54	73	63	1.857128e+04
54	73	64	2.965089e+05
54	73	65	2.931067e+06
54	73	66	3.609578e+06
54	73	67	2.262410e+06
54	73	68	5.895259e+05
54	73	69	3.963904e+05
54	73	70	3.135607e+05
54	73	71	1.488137e+05
54	73	72	-2.699721e+04
54	73	73	6.187308e+04
54	74	54	1.007377e+03
54	74	55	2.937037e+04
54	74	56	5.927160e+04
54	74	58	1.236915e+05
54	74	59	1.035737e+06
54	74	60	2.370604e+05
54	74	61	4.583958e+04
54	74	62	5.698317e+04
54	74	63	4.400289e+04
54	74	64	1.821697e+06
54	74	65	2.917525e+06
54	74	66	7.385632e+06
54	74	67	7.433344e+06
54	74	68	3.948291e+06
54	74	69	3.253416e+06
54	74	70	7.072411e+05
54	74	71	1.085059e+05
54	74	72	7.814240e+05
54	74	73	9.945604e+05
54	75	54	4.688934e+03
54	75	55	1.367072e+05
54	75	56	2.777071e+05
54	75	57	1.423801e+04
54	75	58	5.095554e+04
54	75	59	1.034793e+04
54	75	60	3.249548e+04
54	75	61	4.295661e+05
54	75	62	5.264143e+05
54	75	63	2.699262e+06
54	75	64	4.672248e+06
54	75	65	1.361780e+07
54	75	66	2.529337e+07
54	75	67	3.019772e+07
54	75	68	8.515251e+06
54	75	69	1.681471e+06
54	75	70	2.770958e+06
54	75	71	9.767257e+05
54	75	72	-9.595659e+01
54	75	73	3.467700e+05
54	75	74	7.643662e+02
54	75	78	5.404771e+00
54	75	79	5.677897e+01
54	75	80	1.516307e+01
54	76	56	2.185754e+03
54	76	57	1.708260e+04
54	76	58	6.113587e+04
54	76	59	4.020381e+04
54	76	60	1.572025e+05
54	76	61	8.840655e+05
54	76	62	7.484826e+05
54	76	63	3.292954e+06
54	76	64	8.869417e+06
54	76	65	2.037989e+07
54	76	66	3.923748e+07
54	76	67	3.635111e+07
54	76	68	1.624439e+07
54	76	69	2.428641e+06
54	76	70	6.237302e+05
54	76	71	4.594835e+05
54	76	72	5.710328e+02
54	76	73	1.349865e+04
54	76	74	1.365280e+04
54	76	78	1.484551e+03
54	76	79	1.559572e+04
54	76	80	4.164904e+03
54	77	56	2.987202e+04
54	77	57	2.334627e+05
54	77	58	8.355252e+05
54	77	60	7.789028e+04
54	77	61	2.119601e+05
54	77	62	9.526251e+05
54	77	63	9.072807e+05
54	77	64	4.789109e+06
54	77	65	1.837345e+07
54	77	66	2.445650e+07
54	77	67	2.353900e+07
54	77	68	1.061206e+07
54	77	69	3.823346e+06
54	77	70	6.440955e+05
54	77	71	2.677114e+05
54	77	72	-2.863530e+04
54	77	73	9.458828e+05
54	77	74	4.870350e+04
54	77	78	1.162134e+03
54	77	79	1.220861e+04
54	77	80	3.260363e+03
54	78	60	4.998630e+03
54	78	61	1.472631e+05
54	78	62	-1.363947e+05
54	78	63	7.458108e+05
54	78	64	1.701534e+06
54	78	65	6.137470e+06
54	78	66	7.863137e+06
54	78	67	6.591958e+06
54	78	68	2.782968e+06
54	78	69	2.006164e+06
54	78	70	7.997599e+05
54	78	71	5.959709e+04
54	78	72	2.236396e+05
54	78	73	1.009420e+06
54	78	74	2.845050e+04
54	79	62	1.312050e+04
54	79	63	1.810798e+05
54	79	64	6.991699e+05
54	79	65	2.880563e+06
54	79	66	3.447093e+06
54	79	67	2.376442e+06
54	79	68	1.423716e+06
54	79	69	2.222028e+05
54	79	70	8.172701e+04
54	79	71	7.985871e+04
54	79	72	3.484554e+05
54	79	73	5.515343e+05
54	80	62	9.654002e-03
54	80	63	2.756177e+04
54	80	64	6.082792e+04
54	80	65	9.264266e+05
54	80	66	1.173546e+06
54	80	67	7.079918e+05
54	80	68	2.833603e+05
54	80	69	3.205317e+04
54	80	70	5.125508e+04
54	80	71	8.759135e+04
54	80	72	1.034461e+05
54	80	73	3.526147e+05
54	81	62	1.170715e+02
54	81	63	3.990132e+04
54	81	64	4.949545e+04
54	81	65	6.862428e+05
54	81	66	1.066981e+06
54	81	67	3.997532e+05
54	81	68	3.874817e+05
54	81	69	8.840933e+03
54	81	70	2.445362e+04
54	81	71	-1.339875e+04
54	81	72	1.274067e+05
54	81	73	4.342887e+05
54	82	62	5.149594e+02
54	82	63	4.516207e+04
54	82	64	2.352386e+05
54	82	65	4.012931e+05
54	82	66	5.217263e+03
54	82	67	1.279534e+04
54	82	68	6.132345e+04
54	82	69	1.547080e+04
54	82	70	2.509434e+05
54	82	71	9.894036e+05
54	83	62	1.617925e+02
54	83	63	1.730210e+04
54	83	64	9.493290e+04
54	83	65	1.707689e+05
54	84	63	5.604792e+04
54	84	64	-3.583660e+04
54	84	65	7.009530e+05
54	84	68	3.678616e-01
54	84	69	2.713250e+00
54	84	70	5.485481e-01
54	85	63	8.210937e+04
54	85	64	-5.250009e+04
54	85	65	1.026886e+06
54	85	68	2.605140e+00
54	85	69	1.921483e+01
54	85	70	3.884735e+00
54	86	68	5.080456e-01
54	86	69	3.747211e+00
54	86	70	7.575878e-01
55	61	75	1.704862e+01
55	61	76	1.208863e+02
55	61	77	2.360121e+01
55	62	75	6.681181e+01
55	62	76	4.737411e+02
55	62	77	9.249076e+01
55	63	75	3.655295e+02
55	63	76	2.591853e+03
55	63	77	5.060199e+02
55	63	86	3.909632e+01
55	63	87	2.124265e+03
55	63	88	3.582078e+03
55	64	86	1.396916e+03
55	64	87	7.590025e+04
55	64	88	1.279881e+05
55	65	86	6.973497e+02
55	65	87	3.788990e+04
55	65	88	6.389248e+04
55	66	66	5.808501e+00
55	66	67	7.071221e+02
55	66	68	5.013658e+02
55	66	69	3.462874e+03
55	66	70	2.698401e+03
55	67	31	1.228483e+03
55	67	32	-1.642120e+03
55	67	33	1.329471e+04
55	67	66	4.888068e+01
55	67	67	5.107228e+03
55	67	68	3.367882e+03
55	67	69	2.730422e+04
55	67	70	3.771125e+04
55	67	71	2.910905e+04
55	68	31	4.136731e+04
55	68	32	-5.529588e+04
55	68	33	4.476789e+05
55	68	66	1.680396e+02
55	68	67	-7.635238e+03
55	68	68	-1.393032e+04
55	68	69	7.047101e+03
55	68	70	6.851974e+04
55	68	71	1.116350e+05
55	69	31	2.020858e+04
55	69	32	-2.701291e+04
55	69	33	2.186982e+05
55	69	60	1.930938e+02
55	69	61	3.096825e+04
55	69	62	4.219241e+04
55	69	65	1.192301e+04
55	69	66	1.817935e+05
55	69	67	7.203666e+03
55	69	68	-5.429808e+04
55	69	69	7.433502e+03
55	69	70	3.557323e+05
55	69	71	6.198086e+05
55	70	60	1.624201e+03
55	70	61	2.604881e+05
55	70	62	3.548996e+05
55	70	63	4.191219e-01
55	70	64	7.758308e+00
55	70	65	7.327025e+04
55	70	66	1.151811e+06
55	70	67	4.042679e+05
55	70	68	2.927996e+02
55	70	69	4.341567e+04
55	70	70	3.629555e+04
55	70	72	5.021572e-02
55	70	73	3.114335e-01
55	70	74	5.363295e-02
55	71	60	3.667080e+02
55	71	61	5.881237e+04
55	71	62	8.012835e+04
55	71	63	1.399524e+04
55	71	64	2.019945e+05
55	71	65	4.531575e+05
55	71	66	4.163483e+05
55	71	67	1.527860e+05
55	71	68	1.404619e+04
55	71	69	1.807807e+05
55	71	70	1.353926e+05
55	71	72	4.281507e+00
55	71	73	2.655353e+01
55	71	74	4.572868e+00
55	72	58	6.776717e+03
55	72	59	5.701535e+04
55	72	60	1.726568e+04
55	72	61	1.382343e+03
55	72	63	4.179958e+04
55	72	64	4.123311e+05
55	72	65	6.232579e+05
55	72	66	1.965322e+06
55	72	67	1.040277e+06
55	72	68	8.569565e+04
55	72	69	9.218010e+05
55	72	70	7.743773e+05
55	72	71	-4.538294e+03
55	72	72	8.737438e+04
55	72	73	1.703014e+01
55	72	74	2.932815e+00
55	73	54	5.671773e+02
55	73	55	1.653622e+04
55	73	56	3.337132e+04
55	73	58	-1.103893e+04
55	73	59	-8.764075e+04
55	73	60	3.891997e+04
55	73	61	5.097285e+04
55	73	62	3.641535e+04
55	73	63	1.161511e+04
55	73	64	7.025183e+04
55	73	65	1.201339e+06
55	73	66	3.015102e+06
55	73	67	2.722150e+06
55	73	68	6.833047e+05
55	73	69	1.244823e+05
55	73	70	4.374616e+05
55	73	71	1.970326e+05
55	73	72	-3.685986e+04
55	73	73	1.741225e+04
55	74	54	2.843723e+03
55	74	55	8.290957e+04
55	74	56	1.673177e+05
55	74	58	6.813803e+04
55	74	59	5.711576e+05
55	74	60	1.465031e+05
55	74	61	9.608363e+04
55	74	62	1.981374e+05
55	74	63	-1.490296e+05
55	74	64	1.744052e+06
55	74	65	1.550016e+06
55	74	66	6.205630e+06
55	74	67	5.374871e+06
55	74	68	2.427077e+06
55	74	69	1.029780e+06
55	74	70	6.325554e+05
55	74	71	1.915793e+05
55	74	72	1.140832e+06
55	74	73	2.699934e+05
55	75	54	1.323638e+04
55	75	55	3.859106e+05
55	75	56	7.799458e+05
55	75	57	8.984431e+03
55	75	58	3.215383e+04
55	75	60	7.119337e+02
55	75	61	6.483902e+05
55	75	62	8.310848e+05
55	75	63	4.763622e+05
55	75	64	3.584956e+06
55	75	65	6.689964e+06
55	75	66	1.416423e+07
55	75	67	1.364030e+07
55	75	68	3.544089e+06
55	75	69	4.955816e+05
55	75	70	6.869036e+03
55	75	71	1.580286e+04
55	75	72	5.163280e+04
55	75	73	1.121086e+05
55	75	74	2.116216e+04
55	75	78	1.911928e+02
55	75	79	2.008546e+03
55	75	80	5.363907e+02
55	76	56	1.379248e+03
55	76	57	1.077942e+04
55	76	58	3.857780e+04
55	76	60	2.723494e+04
55	76	61	-4.213517e+04
55	76	62	2.222808e+05
55	76	63	4.118254e+05
55	76	64	4.584154e+06
55	76	65	9.250253e+06
55	76	66	1.678272e+07
55	76	67	1.922180e+07
55	76	68	6.563861e+06
55	76	69	3.047218e+05
55	76	70	1.625694e+05
55	76	71	3.310223e+05
55	76	72	2.509899e+05
55	76	73	4.148897e+02
55	76	74	3.680886e+05
55	76	78	5.251573e+04
55	76	79	5.516958e+05
55	76	80	1.473327e+05
55	77	56	1.884977e+04
55	77	57	1.473190e+05
55	77	58	5.272309e+05
55	77	60	4.992236e+04
55	77	61	1.139216e+05
55	77	62	1.846118e+06
55	77	63	3.209568e+05
55	77	64	3.889725e+06
55	77	65	6.808855e+06
55	77	66	1.539688e+07
55	77	67	1.696266e+07
55	77	68	2.731634e+06
55	77	69	4.723936e+05
55	77	70	1.007847e+05
55	77	71	3.761391e+05
55	77	72	3.574631e+05
55	77	73	1.649252e+05
55	77	74	8.847495e+05
55	77	78	4.111027e+04
55	77	79	4.318775e+05
55	77	80	1.153347e+05
55	78	61	3.172340e+02
55	78	62	4.902577e+04
55	78	63	2.899327e+04
55	78	64	1.844526e+06
55	78	65	4.265182e+06
55	78	66	6.649035e+06
55	78	67	5.496066e+06
55	78	68	3.547123e+06
55	78	69	3.799135e+04
55	78	70	1.153431e+05
55	78	71	1.502889e+05
55	78	72	3.519761e+04
55	78	73	1.287115e+05
55	78	74	-2.484872e+04
55	79	59	6.651037e+02
55	79	60	-5.577020e+02
55	79	61	8.210577e+03
55	79	62	1.777621e+03
55	79	63	-4.078924e+03
55	79	64	1.603149e+05
55	79	65	2.132051e+06
55	79	66	1.132561e+06
55	79	67	2.278364e+06
55	79	68	1.658235e+06
55	79	69	1.119725e+06
55	79	70	7.277612e+05
55	79	71	8.188905e+05
55	79	72	8.152500e+04
55	79	73	9.749049e+04
55	80	53	7.290034e+01
55	80	54	7.825934e+02
55	80	55	2.121945e+02
55	80	59	2.635676e+03
55	80	60	-2.048952e+03
55	80	61	5.558442e+04
55	80	62	8.581847e+04
55	80	63	3.834662e+04
55	80	64	5.479404e+04
55	80	65	6.919942e+05
55	80	66	5.618245e+05
55	80	67	5.065130e+05
55	80	68	3.194606e+05
55	80	69	1.986030e+05
55	80	70	9.428115e+04
55	80	71	2.701081e+04
55	80	72	8.377468e+03
55	80	73	2.278836e+02
55	80	74	2.257923e+03
55	80	75	5.781450e+02
55	81	53	-1.091304e+02
55	81	54	-1.171528e+03
55	81	55	-3.176512e+02
55	81	59	1.431147e+04
55	81	60	-1.183639e+04
55	81	61	1.917006e+05
55	81	62	4.370221e+04
55	81	63	3.984782e+05
55	81	64	1.729280e+05
55	81	65	8.537526e+02
55	81	66	1.133032e+05
55	81	67	2.729867e+05
55	81	68	1.331181e+06
55	81	69	1.784740e+06
55	81	70	-7.587279e+03
55	81	71	2.583139e+04
55	81	73	9.460604e+02
55	81	74	9.373782e+03
55	81	75	2.400173e+03
55	82	53	7.586684e+02
55	82	54	8.144391e+03
55	82	55	2.208292e+03
55	82	62	1.775141e+04
55	82	63	5.141093e+05
55	82	64	2.442340e+05
55	82	66	9.421067e+03
55	82	67	2.315561e+04
55	82	68	5.388541e+05
55	82	69	3.451070e+05
55	82	70	-5.925578e+02
55	82	73	4.978899e+03
55	82	74	4.933206e+04
55	82	75	1.263156e+04
55	83	62	4.629048e+02
55	83	63	4.090370e+04
55	83	64	2.644551e+04
55	84	68	1.084140e+04
55	84	69	7.996330e+04
55	84	70	1.616648e+04
55	85	68	7.677715e+04
55	85	69	5.662881e+05
55	85	70	1.144886e+05
55	86	68	1.497282e+04
55	86	69	1.104356e+05
55	86	70	2.232718e+04
56	61	75	3.537864e+03
56	61	76	2.508586e+04
56	61	77	4.897633e+03
56	62	75	1.386453e+04
56	62	76	9.830893e+04
56	62	77	1.919333e+04
56	63	75	7.585328e+04
56	63	76	5.378513e+05
56	63	77	1.050073e+05
56	66	66	6.275819e+01
56	66	67	7.640130e+03
56	66	68	5.561800e+03
56	66	69	7.619506e+04
56	66	70	5.947994e+04
56	66	71	7.115853e+03
56	67	66	5.281336e+02
56	67	67	7.471326e+04
56	67	68	5.693020e+04
56	67	69	5.999186e+05
56	67	70	4.689071e+05
56	67	71	1.485513e+05
56	68	66	1.815602e+03
56	68	67	5.687388e+05
56	68	68	4.960750e+05
56	68	69	1.712454e+05
56	68	70	1.010657e+05
56	68	71	5.928101e+04
56	69	66	1.066333e-02
56	69	67	6.678212e+05
56	69	68	6.650688e+05
56	69	69	2.261117e+04
56	70	65	1.091166e+02
56	70	66	1.494751e+04
56	70	67	1.059745e+04
56	70	68	5.455362e+03
56	70	69	7.929127e+03
56	70	72	8.919445e+02
56	70	73	5.583069e+03
56	70	74	1.013578e+03
56	71	63	1.964809e+04
56	71	64	1.365011e+05
56	71	65	2.639185e+04
56	71	66	3.139550e+04
56	71	67	2.536870e+04
56	71	68	3.493342e+05
56	71	69	5.079522e+05
56	71	70	3.321673e+03
56	71	71	1.146780e+03
56	71	72	7.604743e+04
56	71	73	4.749691e+05
56	71	74	8.517696e+04
56	72	59	4.582279e+03
56	72	60	5.869139e+04
56	72	61	1.789132e+04
56	72	63	1.305446e+05
56	72	64	9.638121e+05
56	72	65	2.141645e+05
56	72	66	3.207190e+05
56	72	67	2.450802e+05
56	72	68	2.579388e+05
56	72	69	3.044910e+05
56	72	70	1.459027e+04
56	72	71	5.037169e+03
56	72	72	4.877288e+04
56	72	73	3.044829e+05
56	72	74	5.446450e+04
56	73	59	6.028271e+04
56	73	60	7.721217e+05
56	73	61	2.409107e+05
56	73	62	5.688471e+03
56	73	63	4.121474e+04
56	73	64	7.730351e+05
56	73	65	3.505974e+05
56	73	66	3.321423e+05
56	73	67	1.825164e+06
56	73	68	1.320330e+06
56	73	69	7.766309e+04
56	73	70	7.396723e+04
56	73	71	2.582911e+04
56	73	72	6.070919e+03
56	73	73	2.415780e+03
56	74	59	1.868652e+04
56	74	60	2.393440e+05
56	74	61	8.824139e+04
56	74	62	1.569212e+04
56	74	63	5.328913e+04
56	74	64	8.240552e+05
56	74	65	8.753357e+05
56	74	66	2.431940e+06
56	74	67	2.281982e+06
56	74	68	1.448184e+06
56	74	69	6.372077e+05
56	74	70	5.153518e+00
56	74	71	1.339002e+03
56	74	72	2.778823e+04
56	74	73	1.105768e+04
56	75	60	4.752783e+00
56	75	61	1.105514e+05
56	75	62	1.342572e+05
56	75	63	3.789322e+04
56	75	64	5.123559e+05
56	75	65	3.335887e+05
56	75	66	5.687647e+06
56	75	67	5.644121e+06
56	75	68	1.393345e+06
56	75	69	4.910341e+05
56	75	70	2.301721e+03
56	75	71	7.810875e+03
56	75	72	1.391938e+05
56	75	73	5.452397e+04
56	75	74	9.575944e+03
56	75	78	9.510155e+01
56	75	79	9.990745e+02
56	75	80	2.668071e+02
56	76	56	3.391351e+01
56	76	57	7.803716e+01
56	76	58	6.277621e+02
56	76	60	3.791507e+00
56	76	61	2.186788e+04
56	76	62	-2.578189e+03
56	76	63	-5.754280e+02
56	76	64	1.066202e+06
56	76	65	2.395939e+06
56	76	66	6.429903e+06
56	76	67	9.288386e+06
56	76	68	1.356449e+06
56	76	69	4.936147e+05
56	76	70	2.898425e+04
56	76	71	2.294037e+05
56	76	72	2.517210e+05
56	76	73	1.012511e+04
56	76	74	1.708446e+05
56	76	78	2.612194e+04
56	76	79	2.744200e+05
56	76	80	7.328503e+04
56	77	56	1.819410e+03
56	77	57	4.186580e+03
56	77	58	3.367852e+04
56	77	60	4.375170e+00
56	77	61	6.638102e+04
56	77	62	2.984440e+05
56	77	63	6.848683e+04
56	77	64	4.036794e+05
56	77	65	1.994457e+06
56	77	66	7.091590e+06
56	77	67	8.110874e+06
56	77	68	1.188216e+06
56	77	69	2.240778e+05
56	77	70	4.414187e+05
56	77	71	6.117086e+05
56	77	72	3.779745e+05
56	77	73	5.078834e+05
56	77	74	6.009305e+05
56	77	78	2.044873e+04
56	77	79	2.148210e+05
56	77	80	5.736886e+04
56	78	56	3.077808e+03
56	78	57	7.082233e+03
56	78	58	5.697232e+04
56	78	61	9.831543e+02
56	78	62	1.803731e+04
56	78	63	8.427917e+04
56	78	64	2.792062e+05
56	78	65	1.782518e+06
56	78	66	2.753551e+06
56	78	67	1.711800e+06
56	78	68	5.785758e+05
56	78	69	7.666058e+04
56	78	70	1.613885e+05
56	78	71	1.397496e+05
56	78	72	6.630131e+04
56	78	73	8.932938e+05
56	78	74	3.402606e+05
56	79	51	6.669469e+01
56	79	52	4.742994e+02
56	79	53	1.789481e+03
56	79	59	-1.064640e+03
56	79	60	8.927343e+02
56	79	61	-1.219736e+04
56	79	62	-5.754454e+03
56	79	63	-1.102335e+05
56	79	64	1.901125e+04
56	79	65	9.170627e+05
56	79	66	7.154797e+05
56	79	67	1.976175e+06
56	79	68	1.371883e+06
56	79	69	8.481104e+05
56	79	70	4.109197e+05
56	79	71	5.109959e+05
56	79	72	4.526780e+05
56	80	51	1.996148e+03
56	80	52	1.419561e+04
56	80	53	6.190378e+04
56	80	54	8.958736e+04
56	80	55	2.429096e+04
56	80	59	-4.218961e+03
56	80	60	3.912064e+03
56	80	61	8.350485e+03
56	80	62	2.978461e+05
56	80	63	5.779981e+05
56	80	64	1.331207e+05
56	80	65	3.211176e+05
56	80	66	1.514686e+06
56	80	67	1.181808e+06
56	80	68	1.356480e+06
56	80	69	1.439809e+06
56	80	70	5.461782e+05
56	80	71	7.963535e+05
56	80	72	1.908335e+05
56	80	73	3.969192e+03
56	80	74	3.932766e+04
56	80	75	1.006991e+04
56	81	51	9.321180e+02
56	81	52	6.628759e+03
56	81	53	1.251689e+04
56	81	54	-1.341106e+05
56	81	55	-3.636311e+04
56	81	59	-2.290856e+04
56	81	60	1.959070e+04
56	81	61	-2.308938e+05
56	81	62	7.642205e+04
56	81	63	3.224040e+05
56	81	64	1.467430e+05
56	81	65	2.110293e+04
56	81	66	3.835943e+05
56	81	67	2.576385e+05
56	81	68	-9.297553e+04
56	81	69	1.901531e+06
56	81	70	2.926707e+05
56	81	71	8.533108e+05
56	81	73	1.647813e+04
56	81	74	1.632691e+05
56	81	75	4.180532e+04
56	82	53	8.684855e+04
56	82	54	9.323290e+05
56	82	55	2.527942e+05
56	82	62	2.017376e+04
56	82	63	1.014480e+06
56	82	64	5.916757e+05
56	82	68	6.468075e+03
56	82	69	1.697903e+05
56	82	70	7.513974e+04
56	82	73	8.672061e+04
56	82	74	8.592475e+05
56	82	75	2.200118e+05
56	83	62	3.162233e+03
56	83	63	2.794246e+05
56	83	64	1.806567e+05
56	84	68	1.109659e+04
56	84	69	8.184555e+04
56	84	70	1.654703e+04
56	85	68	7.858440e+04
56	85	69	5.796179e+05
56	85	70	1.171835e+05
56	86	68	1.532526e+04
56	86	69	1.130351e+05
56	86	70	2.285274e+04
57	59	78	6.002059e+01
57	59	79	3.151434e+03
57	59	80	1.782910e+03
57	60	78	4.303724e+02
57	60	79	2.259708e+04
57	60	80	1.278420e+04
57	61	75	4.646650e+03
57	61	76	3.294790e+04
57	61	77	6.432578e+03
57	61	78	1.616165e+03
57	61	79	8.485819e+04
57	61	80	4.800815e+04
57	62	75	1.820975e+04
57	62	76	1.291195e+05
57	62	77	2.520862e+04
57	63	75	9.962611e+04
57	63	76	7.064168e+05
57	63	77	1.379172e+05
57	66	66	1.897424e+02
57	66	67	2.309908e+04
57	66	68	1.606731e+04
57	66	69	3.007169e+04
57	66	70	2.323366e+04
57	66	71	-1.339370e+04
57	67	66	1.596753e+03
57	67	67	1.947781e+05
57	67	68	1.349843e+05
57	67	69	2.282470e+05
57	67	70	1.697209e+05
57	67	71	-2.796083e+05
57	68	66	5.489253e+03
57	68	67	6.848577e+05
57	68	68	4.550837e+05
57	68	69	2.608046e+05
57	68	70	3.261736e+04
57	68	71	-1.115807e+05
57	69	67	8.794909e+03
57	69	68	-3.475387e+03
57	69	69	1.148672e+05
57	70	67	2.190971e+01
57	70	68	2.380313e+03
57	70	69	3.459679e+03
57	70	72	8.712295e+02
57	70	73	8.783580e+03
57	70	74	4.963428e+03
57	70	75	5.528730e+03
57	70	76	4.380306e+03
57	71	67	1.402989e+03
57	71	68	1.524234e+05
57	71	69	2.216011e+05
57	71	70	9.550697e+02
57	71	71	3.297299e+02
57	71	72	7.416504e+04
57	71	73	6.793290e+05
57	71	74	3.397092e+05
57	71	75	-1.082526e+04
57	71	76	-8.576643e+03
57	72	59	1.406043e+03
57	72	60	1.800908e+04
57	72	61	5.489839e+03
57	72	63	7.838326e+03
57	72	64	1.426190e+05
57	72	65	5.692138e+04
57	72	66	1.707301e+03
57	72	67	8.388146e+02
57	72	68	9.113041e+04
57	72	69	1.327197e+05
57	72	70	4.195092e+03
57	72	71	1.448321e+03
57	72	72	4.755029e+04
57	72	73	4.265165e+05
57	72	74	2.072667e+05
57	72	75	5.045040e+04
57	72	76	3.997088e+04
57	73	59	1.849737e+04
57	73	60	2.369206e+05
57	73	61	7.222222e+04
57	73	63	3.337151e+03
57	73	64	2.355292e+05
57	73	65	1.694913e+05
57	73	66	3.942652e+04
57	73	67	4.662184e+03
57	73	68	9.036100e+02
57	73	69	1.354293e+03
57	73	70	2.134776e+04
57	73	71	9.369044e+03
57	73	72	4.205784e+04
57	73	73	1.673593e+04
57	74	57	1.921643e-01
57	74	58	1.220475e+00
57	74	59	5.734056e+03
57	74	60	7.344099e+04
57	74	61	2.238755e+04
57	74	63	1.273834e+05
57	74	64	1.842388e+06
57	74	65	8.827323e+05
57	74	66	4.762355e+05
57	74	67	7.193713e+05
57	74	68	1.294990e+05
57	74	69	1.632229e+03
57	74	70	5.733696e+03
57	74	71	9.276277e+03
57	74	72	1.925101e+05
57	74	73	7.660487e+04
57	75	56	8.745056e-01
57	75	57	3.942461e+01
57	75	58	1.549541e+02
57	75	59	2.625820e+01
57	75	60	6.394487e-02
57	75	61	4.374036e+02
57	75	62	4.590104e+02
57	75	63	3.242201e+04
57	75	64	3.449905e+05
57	75	65	1.982061e+04
57	75	66	1.194209e+06
57	75	67	1.511101e+06
57	75	68	2.005998e+05
57	75	69	7.706903e+05
57	75	70	7.876270e+04
57	75	71	4.577677e+04
57	75	72	9.500028e+05
57	75	73	3.780313e+05
57	76	56	1.134321e+02
57	76	57	1.373405e+03
57	76	58	1.520885e+03
57	76	59	3.738607e+01
57	76	60	4.898628e+01
57	76	61	3.350820e+05
57	76	62	3.516416e+05
57	76	63	5.582927e+03
57	76	64	1.895107e+05
57	76	65	9.115721e+05
57	76	66	7.492234e+05
57	76	67	1.639729e+06
57	76	68	1.563623e+05
57	76	69	8.966309e+05
57	76	70	1.152663e+05
57	76	71	1.684016e+04
57	77	56	2.562557e+03
57	77	57	7.573496e+03
57	77	58	4.620542e+04
57	77	60	5.652720e+01
57	77	61	3.866643e+05
57	77	62	4.080021e+05
57	77	63	3.327352e+04
57	77	64	2.460444e+05
57	77	65	9.455337e+05
57	77	66	1.311272e+06
57	77	67	8.607524e+05
57	77	68	2.990377e+05
57	77	69	1.503767e+04
57	77	70	3.899054e+05
57	77	71	2.858570e+05
57	78	56	4.157163e+03
57	78	57	9.565898e+03
57	78	58	7.695191e+04
57	78	61	6.337614e+03
57	78	62	9.059051e+04
57	78	63	1.678418e+05
57	78	64	1.378916e+05
57	78	65	4.968475e+05
57	78	66	2.308759e+05
57	78	67	1.032875e+05
57	78	68	8.897392e+04
57	78	69	1.785096e+04
57	78	70	1.389876e+05
57	78	71	1.116279e+05
57	78	72	8.011619e+03
57	79	51	1.020408e+02
57	79	52	7.256632e+02
57	79	53	2.737850e+03
57	79	59	6.738129e+03
57	79	60	-5.650020e+03
57	79	61	8.516192e+04
57	79	62	1.834761e+04
57	79	63	-2.302095e+05
57	79	64	-2.724184e+03
57	79	65	4.857144e+05
57	79	66	1.545528e+05
57	79	67	4.403353e+04
57	79	68	5.312167e+04
57	79	69	1.284418e+02
57	79	70	-2.800261e+02
57	79	71	2.128207e+05
57	79	72	1.881908e+05
57	80	51	3.054044e+03
57	80	52	2.171884e+04
57	80	53	8.763787e+04
57	80	54	6.113669e+04
57	80	55	1.657677e+04
57	80	59	2.670189e+04
57	80	60	-1.940090e+04
57	80	61	7.710150e+05
57	80	62	1.756053e+06
57	80	63	1.466875e+06
57	80	64	2.648837e+05
57	80	65	3.045866e+04
57	80	66	4.586638e+05
57	80	67	2.556213e+05
57	80	68	2.945696e+05
57	80	69	2.279581e+05
57	80	70	-4.580374e+04
57	80	71	3.714918e+05
57	80	72	7.933475e+04
57	80	73	1.445530e+03
57	80	74	1.432264e+04
57	80	75	3.667336e+03
57	81	51	1.426111e+03
57	81	52	1.014179e+04
57	81	53	2.973857e+04
57	81	54	-9.152048e+04
57	81	55	-2.481511e+04
57	81	59	1.449887e+05
57	81	60	-1.185317e+05
57	81	61	2.105296e+06
57	81	62	5.140915e+05
57	81	63	1.537406e+03
57	81	65	9.535651e+03
57	81	66	1.344253e+05
57	81	67	5.008296e+04
57	81	69	4.117318e+04
57	81	70	-6.710575e+04
57	81	71	4.138856e+05
57	81	73	6.001127e+03
57	81	74	5.946053e+04
57	81	75	1.522497e+04
57	82	53	5.926765e+04
57	82	54	6.362450e+05
57	82	55	1.725132e+05
57	82	73	3.158255e+04
57	82	74	3.129271e+05
57	82	75	8.012553e+04
58	31	91	4.784105e+02
58	31	92	-8.069365e+02
58	31	93	4.734955e+03
58	32	91	7.282798e+03
58	32	92	-1.228392e+04
58	32	93	7.207977e+04
58	33	91	1.880068e+04
58	33	92	-3.171117e+04
58	33	93	1.860753e+05
58	59	78	-5.951188e+01
58	59	79	-3.124724e+03
58	59	80	-1.767799e+03
58	60	78	-4.267247e+02
58	60	79	-2.240556e+04
58	60	80	-1.267585e+04
58	61	78	-1.602467e+03
58	61	79	-8.413896e+04
58	61	80	-4.760125e+04
58	66	69	4.147612e+03
58	66	70	4.221794e+03
58	66	71	6.651007e+04
58	67	59	1.331125e+03
58	67	60	-1.741511e+03
58	67	61	1.450169e+04
58	67	67	1.803644e+03
58	67	68	-7.127261e+02
58	67	69	1.101428e+05
58	67	70	8.813465e+04
58	67	71	1.388472e+06
58	68	59	-2.092377e+03
58	68	60	3.775109e+03
58	68	61	-2.168357e+04
58	68	67	7.663046e+04
58	68	68	-3.028122e+04
58	68	69	1.035474e+06
58	68	70	3.593171e+04
58	68	71	5.542774e+05
58	69	59	1.358912e+04
58	69	60	-1.304716e+04
58	69	61	1.531121e+05
58	69	67	4.059823e+04
58	69	68	-1.604276e+04
58	69	69	5.308332e+05
58	69	70	5.808976e+03
58	69	71	1.473277e+03
58	70	59	7.756405e+00
58	70	60	2.339703e+04
58	70	61	2.515618e+04
58	70	69	2.152942e+03
58	70	70	2.105648e+04
58	70	71	5.340363e+03
58	70	72	9.326594e+00
58	70	73	5.500590e+03
58	70	74	6.538398e+03
58	70	75	1.948271e+04
58	70	76	1.543578e+04
58	71	69	3.058404e+03
58	71	70	4.829759e+04
58	71	71	1.667434e+04
58	71	72	6.052491e+02
58	71	73	3.569606e+05
58	71	74	4.200155e+05
58	71	75	-3.814716e+04
58	71	76	-3.022326e+04
58	72	64	8.221266e+02
58	72	65	6.388194e+04
58	72	66	4.009453e+04
58	72	69	1.343388e+04
58	72	70	2.121445e+05
58	72	71	7.324115e+04
58	72	72	3.631367e+02
58	72	73	2.141688e+05
58	72	74	2.526619e+05
58	72	75	1.777823e+05
58	72	76	1.408535e+05
58	73	62	1.737401e-02
58	73	63	2.889911e-01
58	73	64	8.091693e+03
58	73	65	6.287432e+05
58	73	66	3.947355e+05
58	73	67	8.001961e+02
58	73	68	6.953490e+02
58	73	69	6.898086e+04
58	73	70	1.084809e+06
58	73	71	3.718419e+05
58	73	72	6.186402e+03
58	73	73	1.761537e+03
58	74	57	4.245667e+02
58	74	58	2.696512e+03
58	74	59	4.752219e+02
58	74	62	1.689100e+00
58	74	63	2.809571e+01
58	74	64	2.071731e+03
58	74	65	1.612078e+05
58	74	66	1.175255e+05
58	74	67	1.306717e+05
58	74	68	5.999446e+04
58	74	69	6.175688e+04
58	74	70	6.466578e+05
58	74	71	-8.152575e+02
58	74	72	-9.401569e+03
58	74	73	-2.677034e+03
58	75	56	1.698377e+02
58	75	57	5.493141e+04
58	75	58	3.303455e+05
58	75	59	5.801473e+04
58	75	60	1.959945e-02
58	75	61	1.340666e+02
58	75	62	1.431956e+02
58	75	63	5.309738e+02
58	75	64	1.276392e+04
58	75	65	1.338279e+04
58	75	66	1.397518e+05
58	75	67	2.028528e+05
58	75	68	6.973027e+04
58	75	69	4.694241e+05
58	75	70	5.415412e+05
58	75	71	5.550671e+03
58	75	72	6.401047e+04
58	75	73	1.822656e+04
58	76	56	1.369969e+04
58	76	57	3.148703e+05
58	76	58	5.686726e+05
58	76	59	8.260059e+04
58	76	60	1.501456e+01
58	76	61	1.027044e+05
58	76	62	1.078378e+05
58	76	63	6.366029e+03
58	76	64	9.970559e+04
58	76	65	1.642133e+05
58	76	66	2.748325e+05
58	76	67	3.859307e+05
58	76	68	4.565963e+04
58	76	69	9.439347e+05
58	76	70	4.864380e+05
58	77	56	5.078448e+04
58	77	57	4.425268e+05
58	77	58	7.013229e+05
58	77	60	1.825432e+02
58	77	61	1.187335e+05
58	77	62	1.455331e+05
58	77	63	1.603286e+05
58	77	64	8.664179e+05
58	77	65	3.323635e+05
58	77	66	2.202435e+06
58	77	67	2.087783e+05
58	77	68	1.929071e+04
58	77	69	9.252282e+05
58	77	70	5.462616e+05
58	77	71	1.117476e+03
58	78	56	5.141135e+04
58	78	57	1.182091e+05
58	78	58	9.514711e+05
58	78	60	5.851606e+01
58	78	61	1.793580e+02
58	78	62	2.460821e+04
58	78	63	1.820701e+05
58	78	64	6.735537e+05
58	78	65	2.671776e+05
58	78	66	6.377322e+04
58	78	68	4.273361e+03
58	78	69	1.588571e+05
58	78	70	1.539184e+05
58	78	71	1.632265e+04
58	79	51	1.136708e+03
58	79	52	8.083702e+03
58	79	53	3.049894e+04
58	79	56	1.868482e+02
58	79	57	-1.339658e+02
58	79	58	2.303257e+03
58	79	60	2.425380e+03
58	79	61	3.112314e+03
58	79	62	3.946293e+04
58	79	63	-3.101814e+03
58	79	64	5.435924e+04
58	79	65	4.906010e+05
58	79	66	1.171026e+05
58	79	69	3.636721e+03
58	79	70	2.673399e+04
58	79	71	5.389108e+03
58	80	51	3.402126e+04
58	80	52	2.419422e+05
58	80	53	9.128223e+05
58	80	55	6.490541e+02
58	80	56	5.225948e+03
58	80	57	2.958007e+02
58	80	58	9.457250e+03
58	80	61	5.765490e+04
58	80	62	-1.001562e+05
58	80	63	5.558169e+05
58	81	51	1.588651e+04
58	81	52	1.129770e+05
58	81	53	4.262501e+05
58	81	55	-8.945185e+02
58	81	56	-6.144987e+03
58	81	57	-1.165766e+03
58	81	61	5.048731e+04
58	81	62	-9.482953e+04
58	81	63	4.724682e+05
58	81	66	3.973337e+01
58	81	67	1.046927e+02
58	81	68	7.601010e+02
58	82	55	6.955152e+03
58	82	56	4.777913e+04
58	82	57	9.064183e+03
58	82	66	2.918904e+02
58	82	67	7.690962e+02
58	82	68	5.583875e+03
58	83	66	5.880564e+01
58	83	67	1.549458e+02
58	83	68	1.124954e+03
59	31	91	-9.117364e+02
59	31	92	1.537829e+03
59	31	93	-9.023695e+03
59	32	89	1.553497e+00
59	32	90	1.175419e+03
59	32	91	-1.286425e+04
59	32	92	2.341022e+04
59	32	93	-1.373669e+05
59	33	89	-2.103764e+00
59	33	90	-1.591766e+03
59	33	91	-3.720418e+04
59	33	92	6.043393e+04
59	33	93	-3.546152e+05
59	34	89	1.674253e+01
59	34	90	1.266786e+04
59	34	91	1.093927e+04
59	58	86	2.487933e+02
59	58	87	6.073320e+03
59	58	88	2.604582e+03
59	59	78	7.008786e+02
59	59	79	3.680025e+04
59	59	80	2.081958e+04
59	59	86	3.962046e+03
59	59	87	9.671794e+04
59	59	88	4.147811e+04
59	60	78	5.025589e+03
59	60	79	2.638730e+05
59	60	80	1.492850e+05
59	60	86	1.374304e+03
59	60	87	3.354828e+04
59	60	88	1.438740e+04
59	61	78	1.887245e+04
59	61	79	9.909148e+05
59	61	80	5.606057e+05
59	67	59	1.469064e+04
59	67	60	-1.921977e+04
59	67	61	1.600444e+05
59	68	59	-2.308784e+04
59	68	60	5.422473e+04
59	68	61	-2.257993e+05
59	68	69	2.784310e+03
59	68	70	2.723147e+04
59	68	71	6.906468e+03
59	69	59	1.499920e+05
59	69	60	-8.671308e+04
59	69	61	1.751370e+06
59	69	69	2.126381e+04
59	69	70	2.079671e+05
59	69	71	5.274479e+04
59	70	59	1.795404e+02
59	70	60	5.415940e+05
59	70	61	5.864832e+05
59	70	62	5.265548e+03
59	70	69	7.707745e+04
59	70	70	7.538430e+05
59	70	71	1.911903e+05
59	70	74	3.780136e+02
59	70	75	1.146696e+05
59	70	76	9.085051e+04
59	71	60	-5.724929e+00
59	71	61	-1.680166e+03
59	71	62	-2.114543e+03
59	71	74	-7.401509e+02
59	71	75	-2.245232e+05
59	71	76	-1.778854e+05
59	72	60	1.859873e+02
59	72	61	5.458401e+04
59	72	62	6.869573e+04
59	72	64	3.465432e+02
59	72	65	2.692755e+04
59	72	66	1.690067e+04
59	72	74	3.449425e+03
59	72	75	1.046375e+06
59	72	76	8.290231e+05
59	73	62	1.829007e+02
59	73	63	3.042285e+03
59	73	64	4.491648e+03
59	73	65	2.650282e+05
59	73	66	1.663409e+05
59	73	68	3.702710e+02
59	73	69	5.995636e+02
59	73	70	6.374674e+03
59	73	71	1.756385e+03
59	73	72	2.025467e+04
59	73	73	5.767384e+03
59	74	57	3.897573e+02
59	74	58	2.475430e+03
59	74	59	4.362593e+02
59	74	62	1.778160e+04
59	74	63	2.957709e+05
59	74	64	1.059519e+05
59	74	65	6.752955e+04
59	74	66	4.410555e+04
59	74	67	2.124381e+04
59	74	68	3.201544e+04
59	74	69	4.160141e+04
59	74	70	4.423140e+05
59	74	71	-2.669205e+03
59	74	72	-3.078133e+04
59	74	73	-8.764781e+03
59	75	56	2.250825e+02
59	75	57	5.169047e+04
59	75	58	3.037324e+05
59	75	59	5.325820e+04
59	75	62	2.638598e+04
59	75	63	4.388921e+05
59	75	64	1.559315e+05
59	75	66	2.049727e+04
59	75	67	2.529194e+05
59	75	68	9.098330e+04
59	75	69	2.592211e+04
59	75	70	2.703928e+05
59	75	71	1.817325e+04
59	75	72	2.095743e+05
59	75	73	5.967491e+04
59	76	56	1.740562e+04
59	76	57	3.855099e+05
59	76	58	5.488777e+05
59	76	59	7.582831e+04
59	76	62	1.330796e+01
59	76	63	1.036414e+02
59	76	64	3.716370e+02
59	76	66	5.913656e+04
59	76	67	7.297179e+05
59	76	68	2.216399e+05
59	76	69	3.138009e+05
59	76	70	2.304904e+05
59	77	56	2.705058e+04
59	77	57	4.938469e+05
59	77	58	1.843375e+05
59	77	60	1.545566e+03
59	77	61	2.046547e+03
59	77	62	2.980602e+04
59	77	63	3.181183e+04
59	77	64	1.140707e+05
59	77	67	2.907965e+01
59	77	68	1.413865e+04
59	77	69	5.958531e+05
59	77	70	4.081836e+05
59	77	71	1.113162e+04
59	78	56	2.998317e+03
59	78	57	-2.149724e+03
59	78	58	3.695993e+04
59	78	60	5.474031e+02
59	78	61	2.607529e+03
59	78	62	2.485426e+04
59	78	63	8.578724e+04
59	78	64	1.428431e+05
59	78	68	2.429066e+03
59	78	69	1.937611e+05
59	78	70	8.480630e+05
59	78	71	1.625964e+05
59	79	56	1.843656e+04
59	79	57	-1.321859e+04
59	79	58	2.272655e+05
59	79	60	2.268882e+04
59	79	61	2.743103e+04
59	79	62	3.624132e+05
59	79	63	-6.460689e+04
59	79	69	3.622681e+04
59	79	70	2.663078e+05
59	79	71	5.368303e+04
59	80	55	4.207301e+03
59	80	56	1.046036e+05
59	80	57	-4.879287e+04
59	80	58	9.331597e+05
59	80	61	9.081733e+04
59	80	62	-2.022201e+04
59	80	63	1.150620e+06
59	81	55	-5.798452e+03
59	81	56	-3.983306e+04
59	81	57	-7.556734e+03
59	81	61	6.321334e+04
59	81	62	-1.187326e+05
59	81	63	5.915604e+05
59	81	66	5.352127e+03
59	81	67	1.410222e+04
59	81	68	1.023864e+05
59	82	55	4.508471e+04
59	82	56	3.097141e+05
59	82	57	5.875589e+04
59	82	66	3.931794e+04
59	82	67	1.035981e+05
59	82	68	7.521539e+05
59	83	66	7.921183e+03
59	83	67	2.087137e+04
59	83	68	1.515326e+05
60	31	91	4.438919e+03
60	31	92	-7.487138e+03
60	31	93	4.393315e+04
60	32	89	4.572988e+01
60	32	90	3.460050e+04
60	32	91	9.745234e+04
60	32	92	-1.139760e+05
60	32	93	6.687902e+05
60	33	89	-6.192796e+01
60	33	90	-4.685642e+04
60	33	91	1.339790e+05
60	33	92	-2.942312e+05
60	33	93	1.726495e+06
60	34	89	4.928455e+02
60	34	90	3.729006e+05
60	34	91	3.220166e+05
60	58	86	1.898869e+03
60	58	87	4.635350e+04
60	58	88	1.987899e+04
60	59	86	3.023959e+04
60	59	87	7.381818e+05
60	59	88	3.165740e+05
60	60	86	1.048912e+04
60	60	87	2.560511e+05
60	60	88	1.098092e+05
60	67	59	4.060276e+03
60	67	60	-5.312062e+03
60	67	61	4.423392e+04
60	68	59	-6.380008e+03
60	68	60	1.840551e+04
60	68	61	-5.873200e+04
60	68	69	1.390935e+03
60	68	70	1.360381e+04
60	68	71	3.450209e+03
60	69	59	4.146076e+04
60	69	60	-8.378106e+03
60	69	61	5.008130e+05
60	69	69	1.062259e+04
60	69	70	1.038925e+05
60	69	71	2.634929e+04
60	70	59	7.518725e+01
60	70	60	2.269656e+05
60	70	61	2.922361e+05
60	70	62	6.089152e+04
60	70	69	3.850496e+04
60	70	70	3.765913e+05
60	70	71	9.551140e+04
60	71	60	-6.620387e+01
60	71	61	-1.942967e+04
60	71	62	-2.445286e+04
60	72	60	2.150783e+03
60	72	61	6.312169e+05
60	72	62	7.944068e+05
60	73	62	1.758909e+02
60	73	63	2.925687e+03
60	73	64	1.039451e+03
60	73	71	1.088642e+04
60	73	72	1.255425e+05
60	73	73	3.574739e+04
60	74	50	4.590155e-02
60	74	51	4.052181e+01
60	74	52	3.537857e+01
60	74	62	1.710010e+04
60	74	63	2.844352e+05
60	74	64	1.010554e+05
60	74	66	7.605381e+02
60	74	67	9.384406e+03
60	74	68	2.793507e+03
60	74	70	2.621366e-01
60	74	71	-1.654460e+04
60	74	72	-1.907859e+05
60	74	73	-5.432585e+04
60	75	50	3.383652e+01
60	75	51	2.987082e+04
60	75	52	2.607946e+04
60	75	62	2.537471e+04
60	75	63	4.220711e+05
60	75	64	1.499553e+05
60	75	66	9.054624e+03
60	75	67	1.117368e+05
60	75	68	3.430479e+04
60	75	69	1.540183e+03
60	75	70	5.265960e+01
60	75	71	1.125742e+05
60	75	72	1.299561e+06
60	75	73	3.698769e+05
60	76	50	2.916268e+01
60	76	51	2.574477e+04
60	76	52	2.247710e+04
60	76	66	2.612344e+04
60	76	67	3.244412e+05
60	76	68	3.091858e+05
60	76	69	3.138094e+05
60	76	70	6.946662e+01
60	76	71	-8.870059e+01
60	76	72	7.623144e+02
60	77	60	5.024997e+03
60	77	61	6.653802e+03
60	77	62	8.362583e+04
60	77	67	2.764538e+03
60	77	68	2.807587e+05
60	77	69	4.152274e+05
60	77	70	1.423637e+04
60	77	71	2.861432e+03
60	78	56	1.985433e+03
60	78	57	-1.423510e+03
60	78	58	2.447423e+04
60	78	60	1.779735e+03
60	78	61	6.841064e+03
60	78	62	5.493666e+04
60	78	63	1.094533e+05
60	78	68	3.543751e+02
60	78	69	3.365001e+04
60	78	70	2.091907e+05
60	78	71	4.179611e+04
60	79	56	1.220837e+04
60	79	57	-8.753122e+03
60	79	58	1.504913e+05
60	79	60	7.376665e+04
60	79	61	9.132071e+04
60	79	62	1.191733e+06
60	79	63	-1.551503e+05
60	79	68	1.906582e+02
60	79	69	1.224164e+04
60	79	70	6.945138e+04
60	79	71	1.379946e+04
60	80	55	1.674526e+04
60	80	56	1.651612e+05
60	80	57	-1.411763e+04
60	80	58	6.179223e+05
60	80	61	4.759966e+04
60	80	62	2.687390e+05
60	80	63	1.161780e+06
60	81	55	-2.307811e+04
60	81	56	-1.585375e+05
60	81	57	-3.007616e+04
60	81	66	3.765239e+03
60	81	67	9.920954e+03
60	81	68	7.202917e+04
60	82	55	1.794393e+05
60	82	56	1.232677e+06
60	82	57	2.338512e+05
60	82	66	2.766030e+04
60	82	67	7.288158e+04
60	82	68	5.291426e+05
60	83	66	5.572577e+03
60	83	67	1.468307e+04
60	83	68	1.066036e+05
60	102	62	7.344409e+01
60	102	63	5.534618e+02
60	102	64	1.140036e+02
60	103	62	6.777151e+03
60	103	63	5.107142e+04
60	103	64	1.051984e+04
60	104	62	4.423720e+03
60	104	63	3.333638e+04
60	104	64	6.866723e+03
61	32	89	9.199504e+01
61	32	90	6.960601e+04
61	32	91	6.010794e+04
61	33	89	-1.245808e+02
61	33	90	-9.426130e+04
61	33	91	-8.139890e+04
61	34	89	9.914598e+02
61	34	90	7.501661e+05
61	34	91	6.478024e+05
61	58	86	3.954378e+02
61	58	87	9.653074e+03
61	58	88	4.139783e+03
61	59	86	6.297367e+03
61	59	87	1.537257e+05
61	59	88	6.592626e+04
61	60	86	2.184350e+03
61	60	87	5.332241e+04
61	60	88	2.286766e+04
61	70	60	4.702965e+01
61	70	61	1.380238e+04
61	70	62	1.737073e+04
61	71	60	-1.888621e+01
61	71	61	-5.542769e+03
61	71	62	-6.975754e+03
61	72	60	6.135613e+02
61	72	61	1.800694e+05
61	72	62	2.266232e+05
61	72	75	3.195821e+02
61	72	76	2.957822e+03
61	72	77	7.197830e+02
61	73	75	3.058944e+03
61	73	76	2.831138e+04
61	73	77	6.889546e+03
61	74	50	7.122488e-02
61	74	51	6.287721e+01
61	74	52	5.489650e+01
61	74	70	2.192129e+02
61	74	71	-2.799087e+02
61	74	72	2.405603e+03
61	74	75	7.635015e+02
61	74	76	7.066420e+03
61	74	77	1.719606e+03
61	75	50	5.250372e+01
61	75	51	4.635019e+04
61	75	52	4.046718e+04
61	75	67	6.770228e+00
61	75	68	6.875458e+02
61	75	69	1.011845e+03
61	75	70	4.403682e+04
61	75	71	-5.622977e+04
61	75	72	4.832523e+05
61	76	50	4.525138e+01
61	76	51	3.994784e+04
61	76	52	3.487745e+04
61	76	67	1.379421e+03
61	76	68	1.400862e+05
61	76	69	2.061615e+05
61	76	70	5.809175e+04
61	76	71	-7.417625e+04
61	76	72	6.374887e+05
61	77	67	1.816202e+03
61	77	68	1.852570e+05
61	77	69	2.839442e+05
61	77	70	4.250481e+03
61	78	68	3.625969e+04
61	78	69	5.571153e+05
61	78	70	1.893851e+05
61	79	68	1.950816e+04
61	79	69	2.997350e+05
61	79	70	1.018915e+05
61	102	62	7.368786e+01
61	102	63	5.552988e+02
61	102	64	1.143820e+02
61	103	62	6.799644e+03
61	103	63	5.124093e+04
61	103	64	1.055475e+04
61	104	62	4.438403e+03
61	104	63	3.344703e+04
61	104	64	6.889514e+03
62	56	45	5.074910e+01
62	56	46	5.144535e+02
62	56	47	1.339313e+02
62	57	45	1.336093e+03
62	57	46	1.354423e+04
62	57	47	3.526065e+03
62	58	45	2.790660e+03
62	58	46	2.828946e+04
62	58	47	7.364793e+03
62	72	75	2.836910e+03
62	72	76	2.625640e+04
62	72	77	6.389469e+03
62	73	75	2.715405e+04
62	73	76	2.513183e+05
62	73	77	6.115807e+04
62	74	50	7.842538e-01
62	74	51	6.923380e+02
62	74	52	6.044628e+02
62	74	70	1.906715e+02
62	74	71	-2.434649e+02
62	74	72	2.092396e+03
62	74	75	6.777555e+03
62	74	76	6.272817e+04
62	74	77	1.526484e+04
62	75	50	5.781159e+02
62	75	51	5.103598e+05
62	75	52	4.455822e+05
62	75	70	3.830326e+04
62	75	71	-4.890870e+04
62	75	72	4.203333e+05
62	76	50	4.982608e+02
62	76	51	4.398638e+05
62	76	52	3.840339e+05
62	76	70	5.052826e+04
62	76	71	-6.451857e+04
62	76	72	5.544882e+05
62	77	68	5.429807e+02
62	77	69	8.342678e+03
62	77	70	2.836000e+03
62	78	68	2.419314e+04
62	78	69	3.717177e+05
62	78	70	1.263612e+05
62	79	68	1.301621e+04
62	79	69	1.999887e+05
62	79	70	6.798393e+04
62	82	54	7.713802e-08
62	82	55	2.357473e+01
62	82	56	2.356933e+01
62	83	54	1.596563e-04
62	83	55	4.879375e+04
62	83	56	4.878259e+04
62	84	54	1.742438e-04
62	84	55	5.325197e+04
62	84	56	5.323978e+04
62	91	73	2.032347e+00
62	91	74	2.040407e+01
62	91	75	5.274900e+00
62	92	73	1.077301e+02
62	92	74	1.081574e+03
62	92	75	2.796106e+02
62	93	73	1.827956e+02
62	93	74	1.835205e+03
62	93	75	4.744408e+02
62	102	62	1.175593e+03
62	102	63	8.859063e+03
62	102	64	1.824815e+03
62	103	62	1.084794e+05
62	103	63	8.174817e+05
62	103	64	1.683872e+05
62	104	62	7.080889e+04
62	104	63	5.336034e+05
62	104	64	1.099131e+05
63	56	45	1.229832e+03
63	56	46	1.246705e+04
63	56	47	3.245634e+03
63	57	45	3.237831e+04
63	57	46	3.282252e+05
63	57	47	8.544917e+04
63	58	45	6.762766e+04
63	58	46	6.855547e+05
63	58	47	1.784753e+05
63	67	75	3.581421e+02
63	67	76	5.220761e+03
63	67	77	1.721663e+03
63	68	75	2.162340e+03
63	68	76	3.152118e+04
63	68	77	1.039482e+04
63	69	75	3.626473e+02
63	69	76	5.286435e+03
63	69	77	1.743321e+03
63	72	75	9.479479e+03
63	72	76	8.773524e+04
63	72	77	2.135028e+04
63	73	75	9.073472e+04
63	73	76	8.397753e+05
63	73	77	2.043585e+05
63	74	75	2.264707e+04
63	74	76	2.096049e+05
63	74	77	5.100715e+04
63	80	55	3.852486e+00
63	80	56	-4.087087e+00
63	80	57	4.433893e+01
63	81	55	6.893403e+03
63	81	56	-7.313183e+03
63	81	57	7.933737e+04
63	82	54	-1.128019e-07
63	82	55	7.538292e+03
63	82	56	-8.068383e+03
63	82	57	8.715628e+04
63	83	54	-2.334715e-04
63	83	55	-7.135296e+04
63	83	56	-7.133663e+04
63	84	54	-2.548034e-04
63	84	55	-7.787237e+04
63	84	56	-7.785455e+04
63	91	73	4.526094e+02
63	91	74	4.544044e+03
63	91	75	1.174735e+03
63	92	73	2.399180e+04
63	92	74	2.408695e+05
63	92	75	6.227006e+04
63	93	73	4.070908e+04
63	93	74	4.087053e+05
63	93	75	1.056593e+05
63	98	66	3.379096e+01
63	98	67	4.063804e+03
63	98	68	2.799699e+03
63	99	66	3.196537e+02
63	99	67	3.844252e+04
63	99	68	2.648442e+04
63	100	66	7.908426e+01
63	100	67	9.510915e+03
63	100	68	6.552407e+03
64	56	45	5.257230e+02
64	56	46	5.329356e+03
64	56	47	1.387429e+03
64	57	45	1.384093e+04
64	57	46	1.403082e+05
64	57	47	3.652742e+04
64	58	45	2.890916e+04
64	58	46	2.930577e+05
64	58	47	7.629378e+04
64	67	75	8.515113e+03
64	67	76	1.241277e+05
64	67	77	4.093391e+04
64	68	75	5.141135e+04
64	68	76	7.494410e+05
64	68	77	2.471450e+05
64	69	75	8.622228e+03
64	69	76	1.256892e+05
64	69	77	4.144884e+04
64	80	55	-3.044855e+00
64	80	56	3.230275e+00
64	80	57	-3.504377e+01
64	81	55	-5.448278e+03
64	81	56	5.780056e+03
64	81	57	-6.270517e+04
64	82	54	8.097766e-07
64	82	55	-5.737738e+03
64	82	56	6.597121e+03
64	82	57	-6.888493e+04
64	83	54	1.676034e-03
64	83	55	5.122252e+05
64	83	56	5.121080e+05
64	84	54	1.829170e-03
64	84	55	5.590265e+05
64	84	56	5.588986e+05
64	85	75	9.629967e+01
64	85	76	3.458066e+03
64	85	77	1.729394e+03
64	86	75	-9.875700e+01
64	86	76	-3.546307e+03
64	86	77	-1.773524e+03
64	87	75	1.116608e+03
64	87	76	4.009674e+04
64	87	77	2.005255e+04
64	91	73	5.889669e+02
64	91	74	5.913027e+03
64	91	75	1.528647e+03
64	92	73	3.121981e+04
64	92	74	3.134363e+05
64	92	75	8.103014e+04
64	93	73	5.297350e+04
64	93	74	5.318359e+05
64	93	75	1.374912e+05
64	98	66	9.423652e+01
64	98	67	1.133317e+04
64	98	68	7.807825e+03
64	99	66	8.914530e+02
64	99	67	1.072089e+05
64	99	68	7.385999e+04
64	100	66	2.205509e+02
64	100	67	2.652412e+04
64	100	68	1.827341e+04
65	50	48	1.380437e-01
65	50	49	1.841187e+01
65	50	50	2.582651e+01
65	51	48	2.618361e+00
65	51	49	3.492294e+02
65	51	50	4.898675e+02
65	52	48	9.966438e-01
65	52	49	1.329295e+02
65	52	50	1.864615e+02
65	67	75	3.609235e+03
65	67	76	5.261306e+04
65	67	77	1.735034e+04
65	68	75	2.179133e+04
65	68	76	3.176597e+05
65	68	77	1.047554e+05
65	69	75	3.654637e+03
65	69	76	5.327490e+04
65	69	77	1.756860e+04
65	80	55	4.682921e+01
65	80	56	-4.968092e+01
65	80	57	5.389655e+02
65	81	55	8.379332e+04
65	81	56	-8.889599e+04
65	81	57	9.643918e+05
65	82	55	9.205137e+04
65	82	56	-9.765692e+04
65	82	57	1.059435e+06
65	85	75	2.209149e+03
65	85	76	7.932929e+04
65	85	77	3.967292e+04
65	86	75	-2.265521e+03
65	86	76	-8.135357e+04
65	86	77	-4.068527e+04
65	87	75	2.561538e+04
65	87	76	9.198337e+05
65	87	77	4.600128e+05
65	98	66	6.559766e+02
65	98	67	7.888975e+04
65	98	68	5.434995e+04
65	99	66	6.205368e+03
65	99	67	7.462765e+05
65	99	68	5.141364e+05
65	100	66	1.535246e+03
65	100	67	1.846334e+05
65	100	68	1.272005e+05
66	50	48	1.088664e+02
66	50	49	1.452029e+04
66	50	50	2.036775e+04
66	51	48	2.064937e+03
66	51	49	2.754153e+05
66	51	50	3.863277e+05
66	52	48	7.859904e+02
66	52	49	1.048331e+05
66	52	50	1.470504e+05
66	85	75	9.213653e+02
66	85	76	3.308570e+04
66	85	77	1.654630e+04
66	86	75	-9.448763e+02
66	86	76	-3.392997e+04
66	86	77	-1.696852e+04
66	87	75	1.068335e+04
66	87	76	3.836331e+05
66	87	77	1.918566e+05
67	50	48	1.253687e+02
67	50	49	1.672132e+04
67	50	50	2.345516e+04
67	51	48	2.377947e+03
67	51	49	3.171637e+05
67	51	50	4.448885e+05
67	52	48	9.051334e+02
67	52	49	1.207241e+05
67	52	50	1.693408e+05
67	77	64	4.787556e+00
67	77	65	3.681684e+02
67	77	66	2.305023e+02
67	78	64	4.162732e+01
67	78	65	3.201187e+03
67	78	66	2.004195e+03
67	79	64	1.406298e+02
67	79	65	1.081459e+04
67	79	66	6.770781e+03
68	77	64	2.615120e+02
68	77	65	2.011056e+04
68	77	66	1.259079e+04
68	78	64	2.273820e+03
68	78	65	1.748593e+05
68	78	66	1.094757e+05
68	79	64	7.681658e+03
68	79	65	5.907280e+05
68	79	66	3.698422e+05
69	50	90	1.798908e+00
69	50	91	4.533576e+03
69	50	92	4.907614e+03
69	51	90	1.712650e+01
69	51	91	4.316190e+04
69	51	92	4.672293e+04
69	52	90	4.257605e+00
69	52	91	1.072994e+04
69	52	92	1.161520e+04
69	77	64	1.496555e+02
69	77	65	1.150867e+04
69	77	66	7.205335e+03
69	78	64	1.301240e+03
69	78	65	1.000668e+05
69	78	66	6.264967e+04
69	79	64	4.395984e+03
69	79	65	3.380561e+05
69	79	66	2.116497e+05
70	50	90	1.104522e+00
70	50	91	2.783596e+03
70	50	92	3.013254e+03
70	51	90	1.051560e+01
70	51	91	2.650122e+04
70	51	92	2.868768e+04
70	52	90	2.614151e+00
70	52	91	6.588136e+03
70	52	92	7.131683e+03
71	50	90	2.737615e+01
71	50	91	6.899287e+04
71	50	92	7.468505e+04
71	51	90	2.606345e+02
71	51	91	6.568464e+05
71	51	92	7.110389e+05
71	52	90	6.479308e+01
71	52	91	1.632904e+05
71	52	92	1.767625e+05
71	81	67	1.409355e+02
71	81	68	-1.937506e+02
71	81	69	1.511487e+03
71	82	67	-2.002166e+02
71	82	68	2.752471e+02
71	82	69	-2.147258e+03
71	83	67	1.494804e+03
71	83	68	-2.054977e+03
71	83	69	1.603129e+04
72	81	67	1.177366e+04
72	81	68	-1.618580e+04
72	81	69	1.262686e+05
72	82	67	-1.672597e+04
72	82	68	2.299396e+04
72	82	69	-1.793805e+05
72	83	67	1.248750e+05
72	83	68	-1.716714e+05
72	83	69	1.339243e+06
73	29	116	2.237345e+00
73	29	117	-2.083224e+00
73	29	118	2.645064e+01
73	30	116	1.378323e+03
73	30	117	-1.283731e+03
73	30	118	1.629414e+04
73	31	116	2.128619e+03
73	31	117	-2.068900e+03
73	31	118	2.495613e+04
73	32	116	7.413532e+02
73	32	117	-7.573392e+02
73	32	118	8.603192e+03
73	81	67	7.515913e+03
73	81	68	-1.033247e+04
73	81	69	8.060569e+04
73	82	67	-1.067730e+04
73	82	68	1.467858e+04
73	82	69	-1.145105e+05
73	83	67	7.971603e+04
73	83	68	-1.095893e+05
73	83	69	8.549282e+05
73	89	46	2.218436e+02
73	89	47	-1.109089e+02
73	89	48	2.845075e+03
73	90	46	4.652037e+03
73	90	47	-2.325748e+03
73	90	48	5.966092e+04
73	91	46	1.860441e+03
73	91	47	-9.301120e+02
73	91	48	2.385957e+04
74	29	116	4.522807e+01
74	29	117	-4.211251e+01
74	29	118	5.347014e+02
74	30	116	2.803539e+04
74	30	117	-2.612693e+04
74	30	118	3.313890e+05
74	31	116	8.531634e+04
74	31	117	-8.502095e+04
74	31	118	9.952087e+05
74	32	116	4.761090e+04
74	32	117	-4.863754e+04
74	32	118	5.525109e+05
74	89	46	5.894167e+02
74	89	47	-2.946740e+02
74	89	48	7.559085e+03
74	90	46	1.236001e+04
74	90	47	-6.179284e+03
74	90	48	1.585132e+05
74	91	46	4.943009e+03
74	91	47	-2.471217e+03
74	91	48	6.339255e+04
75	5	104	1.692749e-05
75	5	105	1.146332e+01
75	5	106	1.140772e+01
75	6	104	1.035112e-02
75	6	105	7.009792e+03
75	6	106	6.975792e+03
75	7	102	4.520187e-01
75	7	103	1.475676e+01
75	7	104	7.134648e+00
75	7	105	5.953376e+03
75	7	106	5.924500e+03
75	8	102	4.511523e+01
75	8	103	1.472847e+03
75	8	104	7.112198e+02
75	9	102	2.994649e+01
75	9	103	9.776432e+02
75	9	104	4.720919e+02
75	16	112	1.667362e+01
75	16	113	5.086070e+03
75	16	114	6.373339e+03
75	17	112	1.308866e+02
75	17	113	3.992526e+04
75	17	114	5.003022e+04
75	18	112	2.791555e+01
75	18	113	8.515273e+03
75	18	114	1.067046e+04
75	29	116	1.040094e+02
75	29	117	-9.684465e+01
75	29	118	1.229634e+03
75	30	116	6.404370e+04
75	30	117	-5.964564e+04
75	30	118	7.571132e+05
75	31	116	9.120834e+04
75	31	117	-8.826512e+04
75	31	118	1.070260e+06
75	32	116	2.848731e+04
75	32	117	-2.910159e+04
75	32	118	3.305871e+05
75	89	46	4.252874e+03
75	89	47	-2.126189e+03
75	89	48	5.454178e+04
75	90	46	8.918234e+04
75	90	47	-4.458598e+04
75	90	48	1.143736e+06
75	91	46	3.566577e+04
75	91	47	-1.783080e+04
75	91	48	4.574023e+05
76	5	104	4.229298e-04
76	5	105	2.864086e+02
76	5	106	2.850194e+02
76	6	104	2.586206e-01
76	6	105	1.751382e+05
76	6	106	1.742887e+05
76	7	102	1.081944e+02
76	7	103	3.532152e+03
76	7	104	1.705852e+03
76	7	105	1.487439e+05
76	7	106	1.480224e+05
76	8	102	1.079870e+04
76	8	103	3.525381e+05
76	8	104	1.702363e+05
76	9	102	7.167939e+03
76	9	103	2.340070e+05
76	9	104	1.129991e+05
76	16	112	1.093735e+01
76	16	113	3.336296e+03
76	16	114	4.180703e+03
76	17	112	8.585738e+01
76	17	113	2.618967e+04
76	17	114	3.281820e+04
76	18	112	1.831169e+01
76	18	113	5.585742e+03
76	18	114	6.999477e+03
77	5	104	8.996123e-04
77	5	105	6.092186e+02
77	5	106	6.062637e+02
77	6	104	5.501109e-01
77	6	105	3.725358e+05
77	6	106	3.707289e+05
77	7	102	1.395064e+02
77	7	103	4.554373e+03
77	7	104	2.199718e+03
77	7	105	3.163925e+05
77	7	106	3.148579e+05
77	8	102	1.392390e+04
77	8	103	4.545644e+05
77	8	104	2.195036e+05
77	9	102	9.242376e+03
77	9	103	3.017297e+05
77	9	104	1.457016e+05
77	16	112	2.551765e+02
77	16	113	7.783824e+04
77	16	114	9.753886e+04
77	17	112	2.003116e+03
77	17	113	6.110242e+05
77	17	114	7.656725e+05
77	18	112	4.272252e+02
77	18	113	1.303195e+05
77	18	114	1.633029e+05
77	72	58	4.294777e+00
77	72	59	2.197979e+02
77	72	60	1.234133e+02
77	73	58	1.558571e+03
77	73	59	7.976448e+04
77	73	60	4.478661e+04
77	74	58	1.260024e+03
77	74	59	6.448546e+04
77	74	60	3.620766e+04
78	72	58	-7.520550e+00
78	72	59	-3.848863e+02
78	72	60	-2.161081e+02
78	73	58	-2.729202e+03
78	73	59	-1.396750e+05
78	73	60	-7.842548e+04
78	74	58	-2.206419e+03
78	74	59	-1.129200e+05
78	74	60	-6.340295e+04
79	72	58	4.174132e+01
79	72	59	2.136235e+03
79	72	60	1.199465e+03
79	73	58	1.514789e+04
79	73	59	7.752381e+05
79	73	60	4.352850e+05
79	74	58	1.224629e+04
79	74	59	6.267400e+05
79	74	60	3.519054e+05
98	1	102	4.104072e+00
98	1	103	2.269762e+01
98	1	104	9.937325e+01
98	2	102	5.944429e+01
98	2	103	3.287573e+02
98	2	104	1.439344e+03
98	3	102	1.568161e+02
98	3	103	8.672732e+02
98	3	104	3.797039e+03
99	1	102	5.113052e+02
99	1	103	2.827780e+03
99	1	104	1.238040e+04
99	2	102	7.405858e+03
99	2	103	4.095818e+04
99	2	104	1.793205e+05
99	3	102	1.953691e+04
99	3	103	1.080491e+05
99	3	104	4.730536e+05
100	1	102	7.254614e+02
100	1	103	4.012173e+03
100	1	104	1.756583e+04
100	2	102	1.050774e+04
100	2	103	5.811319e+04
100	2	104	2.544274e+05
100	3	102	2.771979e+04
100	3	103	1.533046e+05
100	3	104	6.711883e+05
