0.2327	1.018871e+00	2
49	59	59	1.405764e+02
49	59	60	-1.229941e+02
49	59	61	1.680749e+03
49	60	59	-1.229941e+02
49	60	60	1.076109e+02
49	60	61	-1.470533e+03
49	61	59	1.680749e+03
49	61	60	-1.470533e+03
49	61	61	2.009524e+04
50	59	59	8.722406e+03
50	59	60	-7.631472e+03
50	59	61	1.042862e+05
50	60	59	-7.631472e+03
50	60	60	6.676984e+03
50	60	61	-9.124282e+04
50	61	59	1.042862e+05
50	61	60	-9.124282e+04
50	61	61	1.246858e+06
51	59	59	5.171334e+03
51	59	60	-4.524542e+03
51	59	61	6.182911e+04
51	60	59	-4.524542e+03
51	60	60	3.958646e+03
51	60	61	-5.409598e+04
51	61	59	6.182911e+04
51	61	60	-5.409598e+04
51	61	61	7.392365e+05
75	65	65	1.405764e+02
75	65	66	1.259019e+03
75	65	67	2.987350e+02
75	66	65	1.259019e+03
75	66	66	1.127593e+04
75	66	67	2.675508e+03
75	67	65	2.987350e+02
75	67	66	2.675508e+03
75	67	67	6.348336e+02
76	65	65	4.749605e+03
76	65	66	4.253805e+04
76	65	67	1.009326e+04
76	66	65	4.253805e+04
76	66	66	3.809761e+05
76	66	67	9.039645e+04
76	67	65	1.009326e+04
76	67	66	9.039645e+04
76	67	67	2.144890e+04
77	65	65	9.144135e+03
77	65	66	8.189601e+04
77	65	67	1.943195e+04
77	66	65	8.189601e+04
77	66	66	7.334708e+05
77	66	67	1.740350e+05
77	67	65	1.943195e+04
77	67	66	1.740350e+05
77	67	67	4.129431e+04
