0.3752	-3.794756e+00	2
55	68	62	6.916065e-20
55	68	63	3.289884e+03
55	68	64	3.289884e+03
55	69	62	4.817835e-19
55	69	63	2.291783e+04
55	69	64	2.291783e+04
55	70	62	1.839247e-18
55	70	63	8.749063e+04
55	70	64	8.749063e+04
56	68	62	-1.203764e-19
56	68	63	-5.726152e+03
56	68	64	-5.726152e+03
56	69	62	-8.385601e-19
56	69	63	-3.988923e+04
56	69	64	-3.988923e+04
56	70	62	-3.201270e-18
56	70	63	-1.522803e+05
56	70	64	-1.522803e+05
57	68	62	6.742130e-19
57	68	63	3.207145e+04
57	68	64	3.207145e+04
57	69	62	4.696669e-18
57	69	63	2.234146e+05
57	69	64	2.234146e+05
57	70	62	1.792991e-17
57	70	63	8.529029e+05
57	70	64	8.529029e+05
69	56	62	6.895315e-20
69	56	63	3.289884e+03
69	56	64	3.289884e+03
69	57	62	1.626869e-18
69	57	63	7.762098e+04
69	57	64	7.762098e+04
69	58	62	6.871974e-19
69	58	63	3.278748e+04
69	58	64	3.278748e+04
70	56	62	4.653307e-19
70	56	63	2.220180e+04
70	56	64	2.220180e+04
70	57	62	1.097894e-17
70	57	63	5.238256e+05
70	57	64	5.238256e+05
70	58	62	4.637556e-18
70	58	63	2.212665e+05
70	58	64	2.212665e+05
71	56	62	8.684420e-20
71	56	63	4.143500e+03
71	56	64	4.143500e+03
71	57	62	2.048988e-18
71	57	63	9.776105e+04
71	57	64	9.776105e+04
71	58	62	8.655024e-19
71	58	63	4.129474e+04
71	58	64	4.129474e+04
