0.0114	-4.865275e+06	773
19	17	104	1.285222e+01
19	17	105	6.795226e+01
19	17	106	3.059111e+02
19	18	104	9.896356e+01
19	18	105	5.232401e+02
19	18	106	2.355550e+03
19	19	104	2.076536e+01
19	19	105	1.097906e+02
19	19	106	4.942613e+02
20	17	104	3.685778e+03
20	17	105	1.948744e+04
20	17	106	8.772962e+04
20	18	104	2.838091e+04
20	18	105	1.500555e+05
20	18	106	6.755281e+05
20	19	104	5.955121e+03
20	19	105	3.148591e+04
20	19	106	1.417450e+05
21	17	104	2.900612e+03
21	17	105	1.533611e+04
21	17	106	6.904094e+04
21	18	104	2.233504e+04
21	18	105	1.180898e+05
21	18	106	5.316231e+05
21	19	104	4.686526e+03
21	19	105	2.477860e+04
21	19	106	1.115496e+05
37	64	36	2.341093e-05
37	64	37	3.866435e-03
37	64	38	5.244633e-03
37	65	36	3.752959e+01
37	65	37	6.198203e+03
37	65	38	8.407564e+03
37	66	36	3.764832e+01
37	66	37	6.217811e+03
37	66	38	8.434162e+03
38	64	36	4.939270e-04
38	64	37	8.157455e-02
38	64	38	1.106520e-01
38	65	36	7.918043e+02
38	65	37	1.307705e+05
38	65	38	1.773839e+05
38	66	36	7.943092e+02
38	66	37	1.311842e+05
38	66	38	1.779451e+05
39	64	36	1.117499e-03
39	64	37	1.845607e-01
39	64	38	2.503477e-01
39	65	36	1.791440e+03
39	65	37	2.958655e+05
39	65	38	4.013273e+05
39	66	36	1.797108e+03
39	66	37	2.968015e+05
39	66	38	4.025969e+05
40	64	71	3.661908e+01
40	64	72	-4.756297e+01
40	64	73	3.998164e+02
40	65	71	1.106277e+03
40	65	72	-1.436896e+03
40	65	73	1.207861e+04
40	66	71	2.206730e+03
40	66	72	-2.866229e+03
40	66	73	2.409365e+04
41	64	71	5.881416e+02
41	64	72	-7.639123e+02
41	64	73	6.421480e+03
41	65	71	1.776799e+04
41	65	72	-2.307809e+04
41	65	73	1.939954e+05
41	66	71	3.544246e+04
41	66	72	-4.603471e+04
41	66	73	3.869698e+05
41	71	52	3.857703e+02
41	71	53	3.352076e+03
41	71	54	1.132820e+04
41	72	52	4.273406e+03
41	72	53	3.713293e+04
41	72	54	1.254892e+05
41	73	52	1.184139e+03
41	73	53	1.028935e+04
41	73	54	3.477243e+04
42	62	78	8.346086e-01
42	62	79	1.361503e+03
42	62	80	1.502306e+03
42	63	78	-3.680177e-01
42	63	79	-6.003497e+02
42	63	80	-6.624366e+02
42	64	71	1.483976e+03
42	64	72	-1.927474e+03
42	64	73	1.620243e+04
42	64	78	1.081475e+01
42	64	79	1.764217e+04
42	64	80	1.946669e+04
42	65	71	4.483149e+04
42	65	72	-5.822973e+04
42	65	73	4.894817e+05
42	66	71	8.942701e+04
42	66	72	-1.161530e+05
42	66	73	9.763870e+05
42	71	52	2.594288e+03
42	71	53	2.254256e+04
42	71	54	7.618166e+04
42	72	52	2.873846e+04
42	72	53	2.497173e+05
42	72	54	8.439094e+05
42	73	52	7.963283e+03
42	73	53	6.919540e+04
42	73	54	2.338431e+05
42	77	69	1.344141e-02
42	77	70	2.302417e+00
42	77	71	1.686693e+00
42	78	69	8.116072e-01
42	78	70	1.390224e+02
42	78	71	1.018444e+02
42	79	69	4.776567e-01
42	79	70	8.181914e+01
42	79	71	5.993864e+01
42	82	63	2.692713e-01
42	82	64	4.712849e+00
42	82	65	1.147472e+01
42	83	63	2.577127e+00
42	83	64	4.510548e+01
42	83	65	1.098217e+02
42	84	63	6.431941e-01
42	84	64	1.125733e+01
42	84	65	2.740907e+01
43	62	78	1.182176e+01
43	62	79	1.928491e+04
43	62	80	2.127932e+04
43	63	78	-5.212763e+00
43	63	79	-8.503614e+03
43	63	80	-9.383040e+03
43	64	78	1.531848e+02
43	64	79	2.498914e+05
43	64	80	2.757346e+05
43	69	64	7.851415e+00
43	69	65	5.887647e+02
43	69	66	9.210712e+02
43	70	64	4.531877e+02
43	70	65	3.398380e+04
43	70	66	5.316470e+04
43	71	52	4.826028e+02
43	71	53	4.193483e+03
43	71	54	1.417171e+04
43	71	64	7.528711e+02
43	71	65	5.645657e+04
43	71	66	8.832139e+04
43	72	52	5.346077e+03
43	72	53	4.645370e+04
43	72	54	1.569884e+05
43	73	52	1.481371e+03
43	73	53	1.287209e+04
43	73	54	4.350069e+04
43	77	69	3.408032e+01
43	77	70	5.837712e+03
43	77	71	4.276561e+03
43	78	69	2.057807e+03
43	78	70	3.524874e+05
43	78	71	2.582234e+05
43	79	69	1.211085e+03
43	79	70	2.074501e+05
43	79	71	1.519727e+05
43	82	63	1.255264e+03
43	82	64	2.196993e+04
43	82	65	5.349183e+04
43	83	63	1.201382e+04
43	83	64	2.102687e+05
43	83	65	5.119568e+05
43	84	63	2.998384e+03
43	84	64	5.247842e+04
43	84	65	1.277731e+05
44	62	78	3.149515e+01
44	62	79	5.137824e+04
44	62	80	5.669167e+04
44	63	78	-1.388767e+01
44	63	79	-2.265505e+04
44	63	80	-2.499799e+04
44	64	78	4.081100e+02
44	64	79	6.657526e+05
44	64	80	7.346033e+05
44	69	64	-1.423966e+01
44	69	65	-1.067809e+03
44	69	66	-1.670494e+03
44	70	64	-8.219204e+02
44	70	65	-6.163446e+04
44	70	66	-9.642176e+04
44	71	64	-1.365439e+03
44	71	65	-1.023920e+05
44	71	66	-1.601834e+05
44	77	69	3.688330e+01
44	77	70	6.317842e+03
44	77	71	4.628292e+03
44	78	69	2.227054e+03
44	78	70	3.814782e+05
44	78	71	2.794613e+05
44	79	69	1.310692e+03
44	79	70	2.245121e+05
44	79	71	1.644719e+05
44	82	63	1.330713e+03
44	82	64	2.329045e+04
44	82	65	5.670698e+04
44	83	63	1.273592e+04
44	83	64	2.229070e+05
44	83	65	5.427282e+05
44	84	63	3.178604e+03
44	84	64	5.563267e+04
44	84	65	1.354530e+05
45	69	64	7.492731e+01
45	69	65	5.618676e+03
45	69	66	8.789929e+03
45	70	64	4.324843e+03
45	70	65	3.243128e+05
45	70	66	5.073592e+05
45	71	64	7.184769e+03
45	71	65	5.387740e+05
45	71	66	8.428651e+05
46	71	52	1.022331e+01
46	71	53	-1.212561e+00
46	71	54	1.397655e+02
46	72	52	3.039417e+03
46	72	53	-3.604978e+02
46	72	54	4.155266e+04
46	73	52	2.402332e+03
46	73	53	-2.849346e+02
46	73	54	3.284290e+04
46	77	73	2.355570e+01
46	77	74	1.181284e+02
46	77	75	5.497679e+02
46	78	73	3.511469e+03
46	78	74	1.760950e+04
46	78	75	8.195438e+04
46	79	73	4.838287e+03
46	79	74	2.426329e+04
46	79	75	1.129211e+05
47	71	52	1.849861e+02
47	71	53	-2.194075e+01
47	71	54	2.528993e+03
47	71	58	1.020222e+01
47	71	59	8.192870e+02
47	71	60	1.263171e+03
47	71	62	1.296992e+02
47	71	63	-1.955981e+02
47	71	64	1.345974e+03
47	72	52	5.499688e+04
47	72	53	-6.523044e+03
47	72	54	7.518765e+05
47	72	58	3.343049e+02
47	72	59	2.684627e+04
47	72	60	4.139140e+04
47	72	62	-1.506901e+02
47	72	63	2.272543e+02
47	72	64	-1.563811e+03
47	73	52	4.346910e+04
47	73	53	-5.155763e+03
47	73	54	5.942773e+05
47	73	58	1.616579e+02
47	73	59	1.298189e+04
47	73	60	2.001540e+04
47	73	62	1.460582e+03
47	73	63	-2.202689e+03
47	73	64	1.515742e+04
47	77	73	1.472129e+02
47	77	74	7.382512e+02
47	77	75	3.435811e+03
47	78	73	2.194516e+04
47	78	74	1.100517e+05
47	78	75	5.121794e+05
47	79	73	3.023720e+04
47	79	74	1.516351e+05
47	79	75	7.057077e+05
48	71	52	6.873158e+01
48	71	53	-8.152083e+00
48	71	54	9.396472e+02
48	71	58	1.443243e+02
48	71	59	1.158993e+04
48	71	60	1.786928e+04
48	71	62	6.887582e+03
48	71	63	-1.038710e+04
48	71	64	7.147698e+04
48	72	52	2.043408e+04
48	72	53	-2.423636e+03
48	72	54	2.793596e+05
48	72	58	4.729198e+03
48	72	59	3.797771e+05
48	72	60	5.855377e+05
48	72	62	-8.002290e+03
48	72	63	1.206818e+04
48	72	64	-8.304504e+04
48	73	52	1.615094e+04
48	73	53	-1.915623e+03
48	73	54	2.208037e+05
48	73	58	2.286870e+03
48	73	59	1.836466e+05
48	73	60	2.831451e+05
48	73	62	7.756314e+04
48	73	63	-1.169722e+05
48	73	64	8.049238e+05
48	77	73	2.554208e+01
48	77	74	1.280897e+02
48	77	75	5.961280e+02
48	78	73	3.807580e+03
48	78	74	1.909445e+04
48	78	75	8.886532e+04
48	79	73	5.246283e+03
48	79	74	2.630934e+04
48	79	75	1.224433e+05
48	87	43	1.990262e+03
48	87	44	-6.385182e+02
48	87	45	2.632411e+04
48	88	43	-3.509242e+03
48	88	44	1.125840e+03
48	88	45	-4.641485e+04
48	89	43	1.927617e+04
48	89	44	-6.184204e+03
48	89	45	2.549554e+05
49	61	61	6.497012e-01
49	61	62	3.380722e+00
49	61	63	1.537207e+01
49	62	61	5.797630e+01
49	62	62	3.016799e+02
49	62	63	1.371731e+03
49	63	61	3.756549e+01
49	63	62	1.954721e+02
49	63	63	8.888073e+02
49	71	58	4.675776e+01
49	71	59	3.754870e+03
49	71	60	5.789234e+03
49	71	62	1.168141e+04
49	71	63	-1.761662e+04
49	71	64	1.212257e+05
49	72	58	1.532151e+03
49	72	59	1.230390e+05
49	72	60	1.897007e+05
49	72	62	-1.357196e+04
49	72	63	2.046775e+04
49	72	64	-1.408452e+05
49	73	56	1.064384e+03
49	73	57	8.163702e+03
49	73	58	2.448132e+03
49	73	59	5.949726e+04
49	73	60	9.173248e+04
49	73	62	1.315479e+05
49	73	63	-1.983861e+05
49	73	64	1.365159e+06
49	74	56	7.969671e+03
49	74	57	6.112646e+04
49	74	58	1.278310e+04
49	74	64	1.116029e-01
49	74	65	3.060708e+00
49	74	66	1.379573e+00
49	75	56	1.632521e+03
49	75	57	1.252125e+04
49	75	58	2.618512e+03
49	75	64	1.969116e-01
49	75	65	5.400297e+00
49	75	66	2.434111e+00
49	76	64	1.952537e+00
49	76	65	5.354828e+01
49	76	66	2.413617e+01
49	80	65	1.207392e+02
49	80	66	-2.282812e+02
49	80	67	1.125561e+03
49	81	65	-9.249127e+01
49	81	66	1.748729e+02
49	81	67	-8.622261e+02
49	82	65	1.474532e+03
49	82	66	-2.787892e+03
49	82	67	1.374594e+04
49	87	43	-3.832125e+03
49	87	44	1.229427e+03
49	87	45	-5.068544e+04
49	88	43	6.756828e+03
49	88	44	-2.167734e+03
49	88	45	8.936889e+04
49	89	43	-3.711506e+04
49	89	44	1.190730e+04
49	89	45	-4.909007e+05
50	57	53	1.224519e+00
50	57	54	6.992577e+02
50	57	55	8.251836e+02
50	58	53	-7.739743e-01
50	58	54	-4.419755e+02
50	58	55	-5.215688e+02
50	59	53	1.533487e+01
50	59	54	8.756927e+03
50	59	55	1.033392e+04
50	61	61	2.548765e+02
50	61	62	1.326251e+03
50	61	63	6.030431e+03
50	62	61	2.274399e+04
50	62	62	1.183484e+05
50	62	63	5.381275e+05
50	63	61	1.473687e+04
50	63	62	7.668334e+04
50	63	63	3.486773e+05
50	66	56	8.926481e+02
50	66	57	-1.976660e+02
50	66	58	1.200270e+04
50	67	56	9.495474e+03
50	67	57	-2.102656e+03
50	67	58	1.276778e+05
50	68	56	2.558213e+03
50	68	57	-5.664849e+02
50	68	58	3.439817e+04
50	71	61	3.308864e+02
50	71	62	-2.991029e+02
50	71	63	3.933300e+03
50	72	61	1.631992e+03
50	72	62	-1.460654e+03
50	72	63	1.942947e+04
50	72	64	2.626168e+02
50	73	56	1.311013e+03
50	73	57	1.005532e+04
50	73	58	2.102825e+03
50	73	61	7.675848e+03
50	73	62	-5.786757e+03
50	73	63	9.359202e+04
50	73	64	2.075196e+04
50	74	56	9.816331e+03
50	74	57	7.529013e+04
50	74	58	1.574509e+04
50	74	62	7.257897e+02
50	74	63	1.479567e+03
50	74	64	1.433950e+04
50	74	65	3.463100e+04
50	74	66	1.560946e+04
50	74	70	5.114191e-01
50	74	71	5.484488e+01
50	74	72	3.694613e+01
50	75	56	2.010795e+03
50	75	57	1.549289e+04
50	75	58	3.294212e+03
50	75	64	2.227997e+03
50	75	65	6.110276e+04
50	75	66	2.754125e+04
50	75	70	-5.810468e-01
50	75	71	-6.231180e+01
50	75	72	-4.197620e+01
50	76	56	1.198006e-01
50	76	57	4.979635e+03
50	76	58	4.882771e+03
50	76	64	2.209238e+04
50	76	65	6.058830e+05
50	76	66	2.730936e+05
50	76	70	5.791706e+00
50	76	71	6.211059e+02
50	76	72	4.184066e+02
50	77	56	1.897880e-01
50	77	57	7.888735e+03
50	77	58	7.735284e+03
50	80	65	1.168905e+04
50	80	66	-2.210044e+04
50	80	67	1.089682e+05
50	81	65	-8.954297e+03
50	81	66	1.692986e+04
50	81	67	-8.347413e+04
50	82	65	1.427529e+05
50	82	66	-2.699024e+05
50	82	67	1.330777e+06
50	87	43	1.835222e+04
50	87	44	-5.887781e+03
50	87	45	2.427348e+05
50	88	43	-3.235875e+04
50	88	44	1.038137e+04
50	88	45	-4.279916e+05
50	89	43	1.777457e+05
50	89	44	-5.702458e+04
50	89	45	2.350945e+06
51	57	53	7.899115e+01
51	57	54	4.510763e+04
51	57	55	5.323085e+04
51	58	53	-4.992745e+01
51	58	54	-2.851091e+04
51	58	55	-3.364530e+04
51	59	53	9.892200e+02
51	59	54	5.648908e+05
51	59	55	6.666193e+05
51	61	61	2.077547e+02
51	61	62	1.081052e+03
51	61	63	4.915519e+03
51	62	61	1.853906e+04
51	62	62	9.646806e+04
51	62	63	4.386380e+05
51	63	61	1.201230e+04
51	63	62	6.250605e+04
51	63	63	2.842136e+05
51	65	66	9.237495e+02
51	65	67	1.483726e+04
51	65	68	5.171130e+03
51	66	56	7.389372e+03
51	66	57	-1.636286e+03
51	66	58	9.935875e+04
51	66	66	-1.635428e+03
51	66	67	-2.626825e+04
51	66	68	-9.155093e+03
51	67	56	7.860387e+04
51	67	57	-1.740586e+04
51	67	58	1.056921e+06
51	67	60	4.396180e+00
51	67	61	8.329063e+02
51	67	62	6.197260e+02
51	67	66	8.928062e+03
51	67	67	1.434025e+05
51	67	68	4.997910e+04
51	68	56	2.117698e+04
51	68	57	-4.689382e+03
51	68	58	2.847493e+05
51	68	60	-5.008719e+00
51	68	61	-9.489589e+02
51	68	62	-7.060752e+02
51	69	60	4.975119e+01
51	69	61	9.425930e+03
51	69	62	7.013386e+03
51	70	64	1.417906e+02
51	70	65	9.602038e+02
51	70	66	1.797784e+02
51	71	61	4.242894e+03
51	71	62	-3.835340e+03
51	71	63	5.043596e+04
51	71	64	1.836536e+03
51	71	65	1.243699e+04
51	71	66	2.328571e+03
51	72	60	3.038190e+02
51	72	61	2.040389e+04
51	72	62	-1.544490e+04
51	72	63	2.497651e+05
51	72	64	1.398329e+04
51	72	65	3.449883e+04
51	72	66	6.459197e+03
51	73	56	1.751993e+04
51	73	57	1.343758e+05
51	73	58	2.810142e+04
51	73	60	-5.935436e+02
51	73	61	9.944739e+04
51	73	62	-5.580504e+04
51	73	63	1.249479e+06
51	73	64	7.024040e+05
51	74	56	1.311821e+05
51	74	57	1.006151e+06
51	74	58	2.104119e+05
51	74	60	2.776334e+03
51	74	61	-4.777772e+03
51	74	62	5.178267e+04
51	74	63	5.007979e+04
51	74	64	4.438322e+05
51	74	65	3.334998e+04
51	74	66	1.503206e+04
51	74	70	4.739533e+02
51	74	71	5.082702e+04
51	74	72	3.423951e+04
51	75	56	2.687160e+04
51	75	57	2.078827e+05
51	75	58	4.484745e+04
51	75	64	2.145582e+03
51	75	65	5.884253e+04
51	75	66	2.652248e+04
51	75	70	-5.384801e+02
51	75	71	-5.774692e+04
51	75	72	-3.890108e+04
51	76	56	3.033707e+00
51	76	57	1.260992e+05
51	76	58	1.236463e+05
51	76	64	2.127517e+04
51	76	65	5.834710e+05
51	76	66	2.629917e+05
51	76	70	5.367414e+03
51	76	71	5.756046e+05
51	76	72	3.877547e+05
51	77	50	1.096034e+02
51	77	51	-2.062229e+02
51	77	52	1.024656e+03
51	77	56	4.805998e+00
51	77	57	1.997663e+05
51	77	58	1.958804e+05
51	78	50	1.096697e+04
51	78	51	-2.063475e+04
51	78	52	1.025275e+05
51	79	50	1.618491e+04
51	79	51	-3.045251e+04
51	79	52	1.513088e+05
51	80	65	7.709188e+03
51	80	66	-1.457573e+04
51	80	67	7.186692e+04
51	81	65	-5.905558e+03
51	81	66	1.116562e+04
51	81	67	-5.505304e+04
51	82	65	9.414870e+04
51	82	66	-1.780066e+05
51	82	67	8.776770e+05
51	86	63	3.641406e+00
51	86	64	4.807984e+01
51	86	65	1.322018e+02
51	87	63	5.491845e+02
51	87	64	7.251238e+03
51	87	65	1.993822e+04
51	88	63	7.553213e+02
51	88	64	9.972995e+03
51	88	65	2.742205e+04
52	57	53	4.731862e+01
52	57	54	2.702114e+04
52	57	55	3.188725e+04
52	58	53	-2.990839e+01
52	58	54	-1.707909e+04
52	58	55	-2.015478e+04
52	59	53	5.925794e+02
52	59	54	3.383905e+05
52	59	55	3.993297e+05
52	62	65	1.420093e+03
52	62	66	1.240392e+04
52	62	67	2.886018e+03
52	63	65	-2.546711e+03
52	63	66	-2.224447e+04
52	63	67	-5.175615e+03
52	64	62	2.768163e+02
52	64	63	-1.405416e+02
52	64	64	3.545212e+03
52	64	65	1.431990e+04
52	64	66	1.183523e+05
52	64	67	3.559374e+04
52	64	70	1.314806e+01
52	64	71	-2.521236e+01
52	64	72	1.215409e+02
52	65	62	-5.004778e+02
52	65	63	2.540962e+02
52	65	64	-6.409665e+03
52	65	65	6.617214e+03
52	65	66	5.028763e+02
52	65	67	1.975954e+05
52	65	68	4.236102e+04
52	65	70	-1.840560e+01
52	65	71	3.529408e+01
52	65	72	-1.701417e+02
52	66	56	1.646865e+03
52	66	57	-3.646780e+02
52	66	58	2.214403e+04
52	66	62	2.646146e+03
52	66	63	-1.343468e+03
52	66	64	3.388944e+04
52	66	65	1.660845e+03
52	66	66	-1.517022e+04
52	66	67	-1.960971e+05
52	66	68	-7.499698e+04
52	66	70	1.401579e+02
52	66	71	-2.687631e+02
52	66	72	1.295622e+03
52	67	56	1.751840e+04
52	67	57	-3.879234e+03
52	67	58	2.355553e+05
52	67	60	3.373980e+02
52	67	61	6.392389e+04
52	67	62	4.756273e+04
52	67	64	2.648392e+00
52	67	65	2.524146e+02
52	67	66	7.330309e+04
52	67	67	1.174729e+06
52	67	68	4.094204e+05
52	68	56	4.719700e+03
52	68	57	-1.045120e+03
52	68	58	6.346189e+04
52	68	60	-3.844092e+02
52	68	61	-7.283069e+04
52	68	62	-5.418986e+04
52	68	64	3.012343e+01
52	68	65	2.871022e+03
52	68	66	1.887182e+03
52	69	60	4.157581e+03
52	69	61	7.240897e+05
52	69	62	5.460451e+05
52	69	63	5.641865e+02
52	69	64	8.885840e+01
52	69	65	9.167774e+03
52	69	66	6.247832e+03
52	69	71	5.744274e+02
52	69	72	-8.485371e+02
52	69	73	6.007881e+03
52	70	60	4.268225e+03
52	70	61	7.924394e+03
52	70	62	9.271975e+04
52	70	63	5.751219e+03
52	70	64	5.705067e+03
52	70	65	4.501047e+04
52	70	66	2.285615e+04
52	70	67	5.878053e+00
52	70	68	2.410112e+00
52	70	71	1.047184e+03
52	70	72	-1.546888e+03
52	70	73	1.095240e+04
52	71	60	1.286393e+03
52	71	61	3.600108e+03
52	71	62	2.589431e+04
52	71	63	1.698353e+04
52	71	64	4.633854e+04
52	71	65	2.928359e+05
52	71	66	6.143565e+04
52	71	67	3.545571e+04
52	71	68	1.453750e+04
52	71	71	1.011425e+04
52	71	72	-1.494065e+04
52	71	73	1.057840e+05
52	72	57	4.981186e+02
52	72	58	4.736845e+02
52	72	59	7.920954e+03
52	72	60	9.101453e+03
52	72	61	-8.010734e+03
52	72	62	8.554366e+04
52	72	63	7.733009e+04
52	72	64	1.642389e+05
52	72	65	8.419116e+05
52	72	66	1.437784e+05
52	72	67	3.367032e+04
52	72	68	1.380546e+04
52	73	57	-1.632706e+02
52	73	58	-1.552617e+02
52	73	59	-2.596287e+03
52	73	60	-1.769167e+04
52	73	61	6.297976e+04
52	73	62	-1.778290e+05
52	73	63	3.958133e+05
52	73	64	3.437916e+05
52	74	56	8.251434e+02
52	74	57	2.291001e+04
52	74	58	1.260674e+04
52	74	59	1.046437e+05
52	74	60	8.336861e+04
52	74	61	-1.207647e+05
52	74	62	8.624292e+05
52	74	63	2.451155e+04
52	74	64	2.166385e+05
52	74	67	5.964063e+00
52	74	68	2.863008e+03
52	74	69	2.380438e+03
52	74	70	5.848581e+02
52	74	71	6.169839e+04
52	74	72	4.143534e+04
52	75	56	-1.061147e+03
52	75	57	-1.723118e+04
52	75	58	-4.468391e+03
52	75	67	8.892065e+01
52	75	68	4.268576e+04
52	75	69	3.549092e+04
52	75	70	-6.256312e+02
52	75	71	-6.681528e+04
52	75	72	-4.497527e+04
52	76	56	9.042136e+03
52	76	57	4.457762e+05
52	76	58	3.312923e+05
52	76	67	2.971060e+01
52	76	68	1.426238e+04
52	76	69	1.185840e+04
52	76	70	6.713752e+03
52	76	71	7.063564e+05
52	76	72	4.741332e+05
52	77	50	7.288472e+02
52	77	51	-1.371353e+03
52	77	52	6.813817e+03
52	77	56	1.017467e+01
52	77	57	4.229207e+05
52	77	58	4.146941e+05
52	78	50	7.292877e+04
52	78	51	-1.372182e+05
52	78	52	6.817935e+05
52	79	50	1.076273e+05
52	79	51	-2.025048e+05
52	79	52	1.006182e+06
52	86	63	2.048903e+01
52	86	64	2.705299e+02
52	86	65	7.438572e+02
52	87	63	3.090086e+03
52	87	64	4.080040e+04
52	87	65	1.121860e+05
52	88	63	4.249952e+03
52	88	64	5.611486e+04
52	88	65	1.542951e+05
52	90	61	1.209407e+00
52	90	62	6.071696e-02
52	90	63	1.697540e+01
52	91	61	2.479684e+03
52	91	62	1.244898e+02
52	91	63	3.480518e+04
52	92	61	2.268939e+03
52	92	62	1.139096e+02
52	92	63	3.184713e+04
53	4	116	6.754126e+01
53	4	117	1.312675e+04
53	4	118	9.804213e+03
53	5	116	-1.060103e+02
53	5	117	-2.060328e+04
53	5	118	-1.538834e+04
53	6	116	6.898981e+02
53	6	117	1.340828e+05
53	6	118	1.001448e+05
53	56	76	1.309795e+00
53	56	77	2.764587e+02
53	56	78	2.089721e+02
53	57	76	1.473373e+01
53	57	77	3.109853e+03
53	57	78	2.350703e+03
53	58	75	1.076311e+03
53	58	76	-1.859014e+03
53	58	77	1.962985e+04
53	58	78	6.968794e+03
53	59	75	-1.909910e+03
53	59	76	3.376322e+03
53	59	77	-1.847342e+04
53	60	75	1.039028e+04
53	60	76	-1.836784e+04
53	60	77	1.004990e+05
53	62	65	1.453517e+04
53	62	66	1.269587e+05
53	62	67	2.953944e+04
53	63	65	-2.606652e+04
53	63	66	-2.276803e+05
53	63	67	-5.297431e+04
53	64	62	1.136784e+04
53	64	63	-5.771533e+03
53	64	64	1.455889e+05
53	64	65	1.406957e+05
53	64	66	1.217650e+06
53	64	67	2.968086e+05
53	64	70	1.116830e+04
53	64	71	-2.141603e+04
53	64	72	1.032399e+05
53	65	62	-2.055280e+04
53	65	63	1.043480e+04
53	65	64	-2.632216e+05
53	65	65	1.108658e+04
53	65	66	-1.016354e+04
53	65	67	1.542748e+05
53	65	68	9.360538e+03
53	65	70	-1.563419e+04
53	65	71	2.997971e+04
53	65	72	-1.445227e+05
53	66	62	1.086676e+05
53	66	63	-5.517132e+04
53	66	64	1.391716e+06
53	66	65	2.782604e+03
53	66	66	-5.930994e+03
53	66	67	-1.556934e+04
53	66	68	-1.657212e+04
53	66	70	1.190538e+05
53	66	71	-2.282943e+05
53	66	72	1.100535e+06
53	67	60	2.111367e+02
53	67	61	4.000224e+04
53	67	62	2.976377e+04
53	67	64	9.647902e+01
53	67	65	9.195280e+03
53	67	66	2.220541e+04
53	67	67	2.595805e+05
53	67	68	9.046984e+04
53	68	60	-2.405553e+02
53	68	61	-4.557594e+04
53	68	62	-3.391089e+04
53	68	63	2.690965e+02
53	68	64	8.492723e+03
53	68	65	1.080240e+05
53	68	66	6.874868e+04
53	69	60	2.743407e+03
53	69	61	4.599458e+05
53	69	62	4.149466e+05
53	69	63	2.014915e+04
53	69	64	1.089073e+04
53	69	65	3.174975e+05
53	69	66	2.081939e+05
53	69	71	7.270368e+03
53	69	72	-1.073970e+04
53	69	73	7.604008e+04
53	70	60	4.453341e+03
53	70	61	7.464757e+04
53	70	62	8.087438e+05
53	70	63	2.063599e+05
53	70	64	1.785232e+05
53	70	65	2.577597e+05
53	70	66	1.475703e+05
53	70	67	1.296578e+01
53	70	68	2.503664e+03
53	70	69	2.825718e+03
53	70	71	1.325392e+04
53	70	72	-1.957853e+04
53	70	73	1.386215e+05
53	71	60	1.342185e+03
53	71	61	2.703359e+04
53	71	62	2.210834e+05
53	71	63	1.589333e+05
53	71	64	1.921597e+05
53	71	65	3.947963e+05
53	71	66	1.251463e+05
53	71	67	6.525081e+04
53	71	68	5.788587e+04
53	71	69	3.587624e+04
53	71	71	1.280133e+05
53	71	72	-1.890997e+05
53	71	73	1.338879e+06
53	72	57	2.666249e+02
53	72	58	2.535462e+02
53	72	59	4.239801e+03
53	72	60	1.863688e+04
53	72	61	-2.414752e+03
53	72	62	2.043478e+05
53	72	63	1.113771e+05
53	72	64	1.719455e+05
53	72	65	3.878350e+05
53	72	66	1.007685e+05
53	72	67	7.953348e+04
53	72	68	3.445624e+04
53	72	69	1.087588e+04
53	73	57	2.428481e+02
53	73	58	7.129202e+03
53	73	59	1.471788e+04
53	73	60	-3.459029e+04
53	73	61	1.136818e+05
53	73	62	-2.119212e+05
53	73	63	9.774464e+04
53	73	64	1.979337e+05
53	73	65	1.681339e+05
53	73	66	1.174032e+05
53	73	67	5.536440e+04
53	74	56	5.057318e+03
53	74	57	1.060520e+05
53	74	58	9.569559e+04
53	74	59	1.753475e+05
53	74	60	1.743607e+05
53	74	61	1.638488e+05
53	74	62	2.386501e+06
53	74	63	4.094854e+04
53	74	64	4.162494e+04
53	74	65	2.846943e+04
53	74	66	3.266690e+04
53	74	67	1.272573e+04
53	74	68	3.851108e+04
53	74	69	3.201990e+04
53	74	70	7.381179e+02
53	74	71	6.237147e+04
53	74	72	3.992034e+04
53	75	56	-6.504343e+03
53	75	57	-1.282226e+05
53	75	58	-3.920137e+04
53	75	59	2.422057e+04
53	75	67	1.196095e+03
53	75	68	5.741774e+05
53	75	69	4.773977e+05
53	75	70	-2.005928e+02
53	75	71	-1.695023e+04
53	75	72	-1.084885e+04
53	76	56	5.538004e+04
53	76	57	1.095956e+06
53	76	58	4.261105e+05
53	76	67	3.996451e+02
53	76	68	1.918470e+05
53	76	69	1.595105e+05
53	76	70	9.842942e+03
53	76	71	8.317353e+05
53	76	72	5.323453e+05
53	77	50	1.341732e+02
53	77	51	-2.524518e+02
53	77	52	1.254353e+03
53	78	50	1.342543e+04
53	78	51	-2.526044e+04
53	78	52	1.255111e+05
53	79	50	1.981308e+04
53	79	51	-3.727904e+04
53	79	52	1.852277e+05
53	81	65	6.156255e+01
53	81	66	3.420797e+02
53	81	67	1.493341e+03
53	82	65	7.023486e+02
53	82	66	3.902685e+03
53	82	67	1.703708e+04
53	83	53	8.571582e+01
53	83	54	1.375059e+03
53	83	55	4.789099e+02
53	83	65	1.985504e+02
53	83	66	1.103269e+03
53	83	67	4.816298e+03
53	84	53	1.175595e+03
53	84	54	1.885898e+04
53	84	55	6.568264e+03
53	85	53	3.738429e+02
53	85	54	5.997215e+03
53	85	55	2.088729e+03
53	86	63	8.875987e+01
53	86	64	1.171954e+03
53	86	65	3.222440e+03
53	87	63	1.338646e+04
53	87	64	1.767501e+05
53	87	65	4.859975e+05
53	88	63	1.841108e+04
53	88	64	2.430934e+05
53	88	65	6.684170e+05
53	90	61	5.722523e+00
53	90	62	2.872931e-01
53	90	63	8.032212e+01
53	91	61	1.173306e+04
53	91	62	5.890457e+02
53	91	63	1.646869e+05
53	92	61	1.073589e+04
53	92	62	5.389835e+02
53	92	63	1.506904e+05
53	94	60	1.095327e+00
53	94	61	-1.780054e+00
53	94	62	1.102453e+01
53	95	60	2.584158e+03
53	95	61	-4.199604e+03
53	95	62	2.600969e+04
53	96	60	2.378881e+03
53	96	61	-3.866000e+03
53	96	62	2.394356e+04
54	4	116	-1.134900e+02
54	4	117	-2.205697e+04
54	4	118	-1.647408e+04
54	5	116	1.781299e+02
54	5	117	3.461983e+04
54	5	118	2.585713e+04
54	6	116	-1.159240e+03
54	6	117	-2.253002e+05
54	6	118	-1.682740e+05
54	56	76	4.002884e+01
54	56	77	8.448898e+03
54	56	78	6.386430e+03
54	57	76	4.502799e+02
54	57	77	9.504070e+04
54	57	78	7.184023e+04
54	58	56	1.273233e+00
54	58	57	1.459839e+02
54	58	58	2.101393e+02
54	58	75	3.333291e+03
54	58	76	-4.557681e+03
54	58	77	3.139945e+05
54	58	78	2.129744e+05
54	59	56	4.680949e+01
54	59	57	5.366996e+03
54	59	58	7.725622e+03
54	59	75	-5.914913e+03
54	59	76	1.045633e+04
54	59	77	-5.721143e+04
54	60	56	8.783760e+01
54	60	57	1.007112e+04
54	60	58	1.449706e+04
54	60	75	3.217826e+04
54	60	76	-5.688444e+04
54	60	77	3.112411e+05
54	62	65	3.810377e+03
54	62	66	3.328207e+04
54	62	67	7.743730e+03
54	63	65	-6.833307e+03
54	63	66	-5.968612e+04
54	63	67	-1.388715e+04
54	64	62	5.955249e+03
54	64	63	-3.023406e+03
54	64	64	7.627031e+04
54	64	65	4.846988e+04
54	64	66	3.068360e+05
54	64	67	2.109705e+05
54	64	70	1.279583e+04
54	64	71	-2.453695e+04
54	64	72	1.182849e+05
54	65	62	-1.040880e+04
54	65	63	6.633005e+03
54	65	64	-1.306052e+05
54	65	65	1.164946e+05
54	65	66	-1.211418e+05
54	65	67	1.317546e+06
54	65	70	-1.791254e+04
54	65	71	3.434859e+04
54	65	72	-1.655838e+05
54	66	55	1.226581e-01
54	66	56	3.236571e+02
54	66	57	3.497329e+02
54	66	61	3.387729e+01
54	66	62	6.230757e+04
54	66	63	-2.465248e+04
54	66	64	7.324074e+05
54	66	65	4.424528e+04
54	66	66	-2.190687e+04
54	66	67	3.306890e+05
54	66	70	1.364033e+05
54	66	71	-2.615632e+05
54	66	72	1.260914e+06
54	67	55	2.954151e-01
54	67	56	7.795098e+02
54	67	57	8.423120e+02
54	67	61	-1.076306e+01
54	67	62	3.638688e+03
54	67	63	1.603612e+04
54	67	64	1.088016e+05
54	67	65	1.524113e+04
54	67	66	1.669392e+04
54	67	67	1.304950e+04
54	67	68	2.879097e+02
54	67	69	1.230098e+03
54	68	55	2.295040e+00
54	68	56	6.055905e+03
54	68	57	6.543807e+03
54	68	61	4.483109e+02
54	68	62	6.935776e+04
54	68	63	5.307097e+04
54	68	64	6.421425e+04
54	68	65	3.919382e+05
54	68	66	2.156234e+05
54	68	67	1.875392e+05
54	68	68	2.192119e+02
54	68	69	7.651043e+03
54	69	60	5.556266e+03
54	69	61	1.090429e+04
54	69	62	1.336178e+05
54	69	63	3.128200e+04
54	69	64	2.193368e+05
54	69	65	7.361637e+05
54	69	66	5.708032e+05
54	69	67	7.455789e+04
54	69	68	4.680600e+03
54	69	69	3.104224e+04
54	69	71	2.199650e+03
54	69	72	-3.249296e+03
54	69	73	2.300593e+04
54	70	58	6.738845e-02
54	70	59	1.070516e+00
54	70	60	7.040880e+04
54	70	61	1.318542e+05
54	70	62	1.659111e+06
54	70	63	2.782735e+05
54	70	64	1.692920e+06
54	70	65	1.401705e+06
54	70	66	5.932813e+05
54	70	67	3.848777e+04
54	70	68	6.951282e+03
54	70	69	7.364208e+03
54	70	71	4.009974e+03
54	70	72	-5.923484e+03
54	70	73	4.193993e+04
54	71	58	7.088497e+02
54	71	59	1.128140e+04
54	71	60	5.153692e+04
54	71	61	1.638864e+05
54	71	62	5.761372e+05
54	71	63	1.774224e+06
54	71	64	1.165147e+06
54	71	65	2.617198e+06
54	71	66	8.630836e+05
54	71	67	8.809759e+05
54	71	68	3.297664e+05
54	71	69	8.422806e+04
54	71	70	1.029957e+02
54	71	71	3.873043e+04
54	71	72	-5.721212e+04
54	71	73	4.050778e+05
54	72	57	7.499765e+03
54	72	58	7.868851e+03
54	72	59	1.327104e+05
54	72	60	7.923024e+04
54	72	61	2.702392e+05
54	72	62	-1.042754e+05
54	72	63	1.405265e+06
54	72	64	1.962141e+06
54	72	65	3.216726e+06
54	72	66	7.532556e+05
54	72	67	9.048797e+05
54	72	68	2.650108e+05
54	72	69	3.083500e+04
54	72	70	3.261310e+03
54	73	57	-2.953918e+02
54	73	58	4.489778e+04
54	73	59	6.751708e+04
54	73	60	2.622414e+04
54	73	61	1.228483e+05
54	73	62	3.548507e+05
54	73	63	1.169466e+05
54	73	64	9.605299e+05
54	73	65	1.011553e+06
54	73	66	8.440749e+05
54	73	67	4.107681e+05
54	73	68	4.200256e+01
54	73	69	2.586392e+03
54	73	70	1.556666e+03
54	74	56	8.608817e+02
54	74	57	1.321398e+05
54	74	58	4.507940e+05
54	74	59	2.357097e+06
54	74	60	3.270789e+03
54	74	61	1.775890e+05
54	74	62	2.994424e+05
54	74	63	-5.453151e+04
54	74	64	-1.594269e+04
54	74	65	2.879564e+05
54	74	66	2.408054e+05
54	74	67	4.496025e+04
54	74	68	1.466879e+04
54	74	69	1.006259e+04
54	74	70	2.604091e+02
54	74	71	2.200474e+04
54	74	72	1.408395e+04
54	75	56	-1.107202e+03
54	75	57	-1.865901e+04
54	75	58	6.250761e+04
54	75	59	1.586273e+05
54	75	62	1.479108e+00
54	75	63	9.700359e+02
54	75	64	1.273004e+04
54	75	65	2.497457e+04
54	75	66	1.010897e+05
54	75	67	4.276048e+04
54	75	68	1.833546e+05
54	75	69	1.500272e+05
54	75	70	-7.076942e+01
54	75	71	-5.980064e+03
54	75	72	-3.827491e+03
54	76	56	9.427066e+03
54	76	57	1.865591e+05
54	76	58	7.253464e+04
54	76	62	9.203634e+02
54	76	63	7.544735e+03
54	76	64	9.255555e+03
54	76	65	2.179402e+03
54	76	66	1.013738e+04
54	76	67	1.500593e+04
54	76	68	6.028991e+04
54	76	69	5.012784e+04
54	76	70	3.472604e+03
54	76	71	2.934374e+05
54	76	72	1.878122e+05
54	77	62	1.078657e+03
54	77	63	7.949883e+03
54	77	64	6.619025e+03
54	77	65	4.610249e+03
54	78	63	1.640716e+01
54	78	64	3.769268e+04
54	78	65	3.465987e+04
54	79	63	3.372686e+00
54	79	64	7.748178e+03
54	79	65	7.124747e+03
54	79	66	3.372387e+01
54	79	67	1.127381e+02
54	79	68	6.885431e+02
54	80	66	1.210656e+03
54	80	67	4.047195e+03
54	80	68	2.471807e+04
54	81	65	1.279339e+03
54	81	66	7.714195e+03
54	81	67	3.305713e+04
54	81	68	1.236034e+04
54	82	65	1.459560e+04
54	82	66	8.110219e+04
54	82	67	3.540498e+05
54	83	46	2.256139e+01
54	83	47	2.709699e+03
54	83	48	3.868921e+03
54	83	53	3.103025e+03
54	83	54	4.977895e+04
54	83	55	1.733717e+04
54	83	65	4.126103e+03
54	83	66	2.292718e+04
54	83	67	1.000881e+05
54	84	46	-3.627439e+01
54	84	47	-4.356676e+03
54	84	48	-6.220483e+03
54	84	53	4.255808e+04
54	84	54	6.827198e+05
54	84	55	2.377798e+05
54	85	46	2.281372e+02
54	85	47	2.740004e+04
54	85	48	3.912190e+04
54	85	53	1.353360e+04
54	85	54	2.171070e+05
54	85	55	7.561472e+04
54	90	61	2.763983e+01
54	90	62	1.387627e+00
54	90	63	3.879564e+02
54	91	61	5.667078e+04
54	91	62	2.845095e+03
54	91	63	7.954388e+05
54	92	61	5.185440e+04
54	92	62	2.603294e+03
54	92	63	7.278355e+05
54	94	60	1.150736e+01
54	94	61	-1.870101e+01
54	94	62	1.158222e+02
54	95	60	2.714883e+04
54	95	61	-4.412049e+04
54	95	62	2.732544e+05
54	96	60	2.499221e+04
54	96	61	-4.061569e+04
54	96	62	2.515479e+05
55	4	116	6.696588e+02
55	4	117	1.301493e+05
55	4	118	9.720691e+04
55	5	116	-1.051072e+03
55	5	117	-2.042776e+05
55	5	118	-1.525725e+05
55	6	116	6.840209e+03
55	6	117	1.329406e+06
55	6	118	9.929170e+05
55	56	76	7.954901e+01
55	56	77	1.679043e+04
55	56	78	1.269170e+04
55	57	76	8.948379e+02
55	57	77	1.888737e+05
55	57	78	1.427675e+05
55	58	56	4.482640e+01
55	58	57	5.139622e+03
55	58	58	7.398323e+03
55	58	75	2.149798e+04
55	58	76	-3.535115e+04
55	58	77	7.678639e+05
55	58	78	4.232425e+05
55	59	56	1.648011e+03
55	59	57	1.889545e+05
55	59	58	2.719941e+05
55	59	75	-3.814810e+04
55	59	76	6.743787e+04
55	59	77	-3.689838e+05
55	60	56	3.092477e+03
55	60	57	3.545715e+05
55	60	58	5.103945e+05
55	60	75	2.075329e+05
55	60	76	-3.668749e+05
55	60	77	2.007343e+06
55	63	58	4.555711e+00
55	63	59	9.163356e+01
55	63	60	2.111335e+02
55	64	58	4.031288e+01
55	64	59	8.108533e+02
55	64	60	1.868293e+03
55	64	63	3.469630e+03
55	64	64	2.643920e+04
55	64	65	5.498434e+03
55	64	67	7.535468e-02
55	64	68	2.742314e+03
55	64	69	2.800344e+03
55	65	58	9.475853e+00
55	65	59	1.905973e+02
55	65	60	4.391566e+02
55	65	61	5.588933e+00
55	65	62	1.495003e+03
55	65	63	7.067061e+04
55	65	64	5.239785e+05
55	65	65	1.294797e+05
55	65	66	1.304966e+04
55	65	67	2.718205e+03
55	65	68	3.672475e+04
55	65	69	3.750189e+04
55	66	55	6.153223e+00
55	66	56	1.623646e+04
55	66	57	1.754458e+04
55	66	61	4.874706e+02
55	66	62	8.586249e+04
55	66	63	1.016835e+05
55	66	64	2.244517e+05
55	66	65	5.347790e+04
55	66	66	-2.738767e+04
55	66	67	1.585353e+05
55	66	68	1.151001e+04
55	66	69	1.175597e+04
55	66	70	6.540122e+00
55	67	55	1.481969e+01
55	67	56	3.910460e+04
55	67	57	4.225511e+04
55	67	60	2.122180e+02
55	67	61	-2.608533e+02
55	67	62	-9.894367e+03
55	67	63	-5.239051e+03
55	67	64	4.211618e+05
55	67	65	7.374426e+05
55	67	66	3.184473e+05
55	67	67	1.458734e+05
55	67	68	1.201363e+04
55	67	69	3.893839e+04
55	67	70	1.177963e+04
55	68	55	1.151321e+02
55	68	56	3.037983e+05
55	68	57	3.282742e+05
55	68	60	1.846560e+03
55	68	61	3.946421e+03
55	68	62	8.489850e+05
55	68	63	6.172424e+05
55	68	64	5.727077e+05
55	68	65	2.893736e+05
55	68	66	2.773427e+05
55	68	67	-2.927876e+05
55	68	68	1.852053e+04
55	68	69	1.919669e+05
55	68	70	1.293658e+04
55	69	60	1.174399e+04
55	69	61	-1.306290e+04
55	69	62	2.013006e+05
55	69	63	1.721662e+05
55	69	64	7.237161e+05
55	69	65	1.032797e+06
55	69	66	1.457356e+06
55	69	67	-8.461198e+04
55	69	68	2.370911e+05
55	69	69	8.432565e+05
55	70	58	2.259295e-01
55	70	59	3.589061e+00
55	70	60	9.763786e+04
55	70	61	-1.520703e+05
55	70	62	1.424875e+06
55	70	63	6.846208e+05
55	70	64	4.311578e+06
55	70	65	3.750390e+06
55	70	66	6.688312e+05
55	70	67	1.165488e+05
55	70	68	4.583999e+05
55	70	69	3.303274e+05
55	71	58	2.376521e+03
55	71	59	3.792890e+04
55	71	60	1.333829e+05
55	71	61	1.836935e+04
55	71	62	1.346230e+06
55	71	63	3.044902e+06
55	71	64	5.599954e+06
55	71	65	9.066018e+06
55	71	66	3.058621e+06
55	71	67	4.368205e+05
55	71	68	7.260139e+05
55	71	69	7.617625e+05
55	71	70	9.585400e+03
55	71	72	1.305543e+03
55	71	73	1.438341e+04
55	71	74	3.970644e+03
55	72	58	2.470802e+03
55	72	59	5.402132e+04
55	72	60	3.371799e+05
55	72	61	5.499284e+05
55	72	62	-2.858383e+05
55	72	63	3.306248e+06
55	72	64	5.344242e+06
55	72	65	7.726317e+06
55	72	66	5.168338e+06
55	72	67	1.597233e+06
55	72	68	2.006438e+05
55	72	69	7.064877e+05
55	72	70	3.035695e+05
55	72	72	1.189603e+04
55	72	73	1.310608e+05
55	72	74	3.618027e+04
55	73	57	3.924968e+02
55	73	58	8.680552e+03
55	73	59	2.854038e+04
55	73	60	1.624297e+05
55	73	61	5.012786e+05
55	73	62	1.628950e+06
55	73	63	3.118625e+06
55	73	64	4.172594e+06
55	73	65	4.277611e+06
55	73	66	3.703939e+06
55	73	67	1.139432e+06
55	73	68	6.487100e+03
55	73	69	2.867199e+05
55	73	70	1.612668e+05
55	73	72	2.860516e+03
55	73	73	3.151484e+04
55	73	74	8.699899e+03
55	74	57	2.907872e+03
55	74	58	6.802021e+04
55	74	59	1.399516e+05
55	74	60	5.984406e+04
55	74	61	5.132205e+02
55	74	62	2.421415e+04
55	74	63	5.785769e+05
55	74	64	7.577216e+05
55	74	65	6.739729e+05
55	74	66	1.531886e+06
55	74	67	5.177364e+05
55	74	68	7.075882e+04
55	74	69	3.659167e+04
55	74	70	1.303686e+04
55	75	57	5.901877e+02
55	75	58	1.526338e+04
55	75	59	2.778455e+04
55	75	60	3.118231e+04
55	75	61	5.406437e+02
55	75	62	1.124150e+04
55	75	63	3.263524e+04
55	75	64	3.241282e+05
55	75	65	9.242585e+04
55	75	66	6.167353e+05
55	75	67	9.027509e+05
55	75	68	7.784496e+04
55	76	61	3.923104e+02
55	76	62	7.056981e+04
55	76	63	4.641838e+05
55	76	64	3.783484e+05
55	76	65	1.238400e+05
55	76	66	2.312257e+05
55	76	67	2.741350e+05
55	77	61	2.407881e+02
55	77	62	7.389734e+04
55	77	63	5.140968e+05
55	77	64	1.789012e+05
55	77	65	7.219953e+04
55	77	66	3.525490e+04
55	77	67	1.088713e+04
55	78	61	-3.544184e+01
55	78	62	6.063605e+03
55	78	63	6.476257e+03
55	78	64	5.682487e+05
55	78	65	5.225265e+05
55	79	61	3.276098e+03
55	79	62	3.479775e+04
55	79	63	9.416122e+03
55	79	64	1.168103e+05
55	79	65	1.074115e+05
55	79	66	1.005637e+03
55	79	67	3.361820e+03
55	79	68	2.053217e+04
55	80	66	3.610145e+04
55	80	67	1.206863e+05
55	80	68	7.370863e+05
55	81	65	2.911139e+03
55	81	66	3.422872e+04
55	81	67	1.309659e+05
55	81	68	3.685820e+05
55	82	65	3.321230e+04
55	82	66	1.845482e+05
55	82	67	8.056408e+05
55	82	68	4.641636e-03
55	82	69	1.867393e-01
55	82	70	3.413068e-01
55	83	46	1.408760e+02
55	83	47	1.691968e+04
55	83	48	2.415799e+04
55	83	53	1.556336e+03
55	83	54	2.496686e+04
55	83	55	8.695536e+03
55	83	65	9.388952e+03
55	83	66	5.217084e+04
55	83	67	2.277506e+05
55	83	68	6.788486e+00
55	83	69	2.731100e+02
55	83	70	4.991681e+02
55	84	46	-2.265015e+02
55	84	47	-2.720359e+04
55	84	48	-3.884142e+04
55	84	51	7.102920e+00
55	84	52	-4.317093e+00
55	84	53	2.143455e+04
55	84	54	3.424212e+05
55	84	55	1.192595e+05
55	84	68	7.531743e+00
55	84	69	3.030122e+02
55	84	70	5.538210e+02
55	85	46	1.424515e+03
55	85	47	1.710890e+05
55	85	48	2.442817e+05
55	85	51	6.352149e+02
55	85	52	-3.860782e+02
55	85	53	1.477815e+04
55	85	54	1.088910e+05
55	85	55	3.792490e+04
55	86	51	9.580869e+02
55	86	52	-5.823169e+02
55	86	53	1.205169e+04
55	94	60	3.527611e+01
55	94	61	-5.732841e+01
55	94	62	3.550559e+02
55	95	60	8.322541e+04
55	95	61	-1.352525e+05
55	95	62	8.376681e+05
55	96	60	7.661423e+04
55	96	61	-1.245084e+05
55	96	62	7.711263e+05
56	58	56	2.225880e+01
56	58	57	2.552108e+03
56	58	58	3.673679e+03
56	59	56	8.183288e+02
56	59	57	9.382642e+04
56	59	58	1.350602e+05
56	60	56	1.535587e+03
56	60	57	1.760645e+05
56	60	58	2.534392e+05
56	63	58	1.415933e+03
56	63	59	2.848007e+04
56	63	60	6.562112e+04
56	64	58	1.252940e+04
56	64	59	2.520164e+05
56	64	60	5.806727e+05
56	64	63	3.550959e+03
56	64	64	2.705894e+04
56	64	65	5.627319e+03
56	64	67	1.073502e+00
56	64	68	3.906697e+04
56	64	69	3.989367e+04
56	65	58	2.945132e+03
56	65	59	5.923838e+04
56	65	60	1.364916e+05
56	65	61	2.303724e+01
56	65	62	1.126781e+04
56	65	63	9.441987e+04
56	65	64	6.362663e+05
56	65	65	1.717973e+05
56	65	66	4.150557e+04
56	65	67	-4.726935e+03
56	65	68	5.247355e+05
56	65	69	5.342515e+05
56	66	55	1.058927e+01
56	66	56	2.794182e+04
56	66	57	3.019298e+04
56	66	61	2.085114e+03
56	66	62	1.231062e+05
56	66	63	2.033131e+05
56	66	64	2.698277e+05
56	66	65	1.982258e+05
56	66	66	2.158707e+05
56	66	67	-1.921365e+05
56	66	68	1.629915e+05
56	66	69	1.675365e+05
56	66	70	2.487632e+02
56	67	55	2.550364e+01
56	67	56	6.729628e+04
56	67	57	7.271809e+04
56	67	60	3.446977e+02
56	67	61	6.135365e+03
56	67	62	1.225107e+05
56	67	63	3.988566e+05
56	67	64	1.813149e+06
56	67	65	8.372135e+05
56	67	66	9.196766e+05
56	67	67	6.640060e+05
56	67	68	5.207291e+04
56	67	69	2.459808e+05
56	67	70	4.480554e+05
56	68	55	1.981343e+02
56	68	56	5.228156e+05
56	68	57	5.649369e+05
56	68	60	2.999299e+03
56	68	61	3.440186e+04
56	68	62	4.219669e+05
56	68	63	1.081852e+06
56	68	64	9.230013e+05
56	68	65	2.601912e+06
56	68	66	1.977446e+06
56	68	67	2.351844e+06
56	68	68	4.410722e+04
56	68	69	5.964073e+05
56	68	70	4.938048e+05
56	68	76	7.991599e+01
56	68	77	3.846596e+03
56	68	78	2.120176e+03
56	69	59	6.697202e+02
56	69	60	1.827870e+04
56	69	61	3.511651e+04
56	69	62	6.446596e+05
56	69	63	8.600095e+05
56	69	64	1.597342e+06
56	69	65	2.310484e+06
56	69	66	1.638073e+06
56	69	67	8.970889e+05
56	69	68	4.138397e+05
56	69	69	1.758890e+06
56	69	70	1.453739e+04
56	69	71	1.824568e+04
56	69	72	7.222785e+03
56	69	76	8.276445e+01
56	69	77	3.983701e+03
56	69	78	2.195746e+03
56	70	58	1.377044e+00
56	70	59	-4.474936e+01
56	70	60	5.584758e+04
56	70	61	-9.439139e+04
56	70	62	8.010663e+05
56	70	63	1.765777e+06
56	70	64	6.897832e+06
56	70	65	6.476409e+06
56	70	66	4.404455e+06
56	70	67	9.177523e+05
56	70	68	9.459673e+05
56	70	69	5.115304e+05
56	70	70	5.429432e+04
56	70	71	1.117495e+05
56	70	72	4.423035e+04
56	70	76	1.284346e+03
56	70	77	6.181945e+04
56	70	78	3.407379e+04
56	71	58	1.448494e+04
56	71	59	2.393279e+05
56	71	60	6.883353e+05
56	71	61	6.967173e+05
56	71	62	1.095134e+06
56	71	63	3.332619e+06
56	71	64	9.297783e+06
56	71	65	1.484896e+07
56	71	66	1.500173e+07
56	71	67	6.490498e+06
56	71	68	4.644380e+05
56	71	69	1.711588e+05
56	71	70	7.239111e+03
56	71	71	1.922033e+04
56	71	72	1.781094e+04
56	71	73	9.184409e+04
56	71	74	2.521354e+04
56	72	58	1.505958e+04
56	72	59	2.425867e+05
56	72	60	8.479720e+05
56	72	61	1.465986e+06
56	72	62	1.127651e+06
56	72	63	5.077989e+06
56	72	64	1.184071e+07
56	72	65	2.194133e+07
56	72	66	1.613010e+07
56	72	67	5.609166e+06
56	72	68	1.476880e+05
56	72	69	3.897584e+05
56	72	70	1.991481e+05
56	72	71	1.791601e+03
56	72	72	9.319658e+04
56	72	73	8.367376e+05
56	72	74	2.297442e+05
56	73	58	1.669351e+03
56	73	59	3.524448e+03
56	73	60	1.670088e+05
56	73	61	6.216153e+05
56	73	62	1.948181e+06
56	73	63	3.283124e+06
56	73	64	6.368104e+06
56	73	65	1.236538e+07
56	73	66	6.960518e+06
56	73	67	3.097109e+06
56	73	68	4.747148e+04
56	73	69	7.396112e+05
56	73	70	3.021662e+05
56	73	71	4.206900e+02
56	73	72	2.231031e+04
56	73	73	2.011763e+05
56	73	74	5.524424e+04
56	74	58	6.937758e+04
56	74	59	-5.030523e+03
56	74	60	1.460869e+06
56	74	61	2.329159e+05
56	74	62	2.233569e+05
56	74	63	1.706112e+04
56	74	64	7.763412e+05
56	74	65	3.666070e+06
56	74	66	3.838980e+06
56	74	67	1.828346e+06
56	74	68	1.701898e+05
56	74	69	4.629769e+05
56	74	70	1.649491e+05
56	75	58	3.648937e+04
56	75	59	-6.959956e+03
56	75	60	6.430834e+05
56	75	61	1.131166e+05
56	75	62	2.234205e+05
56	75	63	1.615941e+05
56	75	64	1.079216e+06
56	75	65	1.565421e+06
56	75	66	2.621266e+06
56	75	67	1.445650e+06
56	75	68	1.617690e+05
56	76	59	3.504241e+03
56	76	60	1.801038e+04
56	76	61	9.726870e+04
56	76	62	3.449801e+05
56	76	63	4.596529e+05
56	76	64	1.349492e+06
56	76	65	2.050961e+06
56	76	66	5.345872e+05
56	76	67	1.072784e+05
56	77	59	4.375996e+03
56	77	60	1.332546e+04
56	77	61	9.357709e+04
56	77	62	2.533667e+05
56	77	63	4.653251e+05
56	77	64	9.320898e+04
56	77	65	2.569350e+04
56	77	66	3.035640e+04
56	77	67	9.374418e+03
56	78	59	5.569929e+03
56	78	60	1.696114e+04
56	78	61	1.097663e+05
56	78	62	4.645027e+05
56	78	63	4.639657e+05
56	78	64	1.910854e+05
56	78	65	1.757103e+05
56	78	66	6.213069e+00
56	78	67	2.863882e+02
56	78	68	1.557461e+02
56	79	61	8.954226e+04
56	79	62	9.510917e+05
56	79	63	2.559887e+05
56	79	64	3.927986e+04
56	79	65	3.631534e+04
56	79	66	4.648416e+02
56	79	67	1.713257e+04
56	79	68	1.693538e+04
56	80	65	7.997864e+03
56	80	66	5.197206e+03
56	80	67	1.627035e+05
56	80	68	3.565570e+05
56	81	65	1.455877e+04
56	81	66	-1.369861e+04
56	81	67	1.788026e+05
56	81	68	1.718622e+05
56	82	68	3.114171e+00
56	82	69	1.252873e+02
56	82	70	2.289899e+02
56	83	46	5.731896e+02
56	83	47	6.884199e+04
56	83	48	9.829292e+04
56	83	68	4.554538e+03
56	83	69	1.832352e+05
56	83	70	3.349024e+05
56	84	46	-9.215789e+02
56	84	47	-1.106847e+05
56	84	48	-1.580362e+05
56	84	51	4.360141e+02
56	84	52	-2.650056e+02
56	84	53	5.484584e+03
56	84	68	5.053206e+03
56	84	69	2.032973e+05
56	84	70	3.715702e+05
56	85	46	5.796000e+03
56	85	47	6.961191e+05
56	85	48	9.939221e+05
56	85	51	3.899279e+04
56	85	52	-2.369948e+04
56	85	53	4.904870e+05
56	86	51	5.881235e+04
56	86	52	-3.574564e+04
56	86	53	7.397955e+05
57	63	58	1.125014e+03
57	63	59	2.262853e+04
57	63	60	5.213855e+04
57	63	66	2.436274e+01
57	63	67	7.711723e+03
57	63	68	6.140266e+03
57	64	58	9.955099e+03
57	64	59	2.002369e+05
57	64	60	4.613672e+05
57	64	66	2.257142e+02
57	64	67	7.169771e+04
57	64	68	6.915047e+04
57	64	69	1.538677e+04
57	65	58	2.340022e+03
57	65	59	4.706721e+04
57	65	60	1.084479e+05
57	65	61	1.218204e+02
57	65	62	3.389354e+04
57	65	63	4.291789e+04
57	65	65	2.588933e+03
57	65	66	-2.558138e+02
57	65	67	4.743233e+04
57	65	68	2.267730e+05
57	65	69	2.146183e+05
57	66	61	3.543947e+03
57	66	62	5.250651e+05
57	66	63	6.961834e+05
57	66	64	-1.939233e+03
57	66	65	2.040643e+05
57	66	66	-1.594909e+05
57	66	67	1.489878e+06
57	66	68	1.881335e+04
57	66	69	6.916911e+04
57	66	70	1.269607e+02
57	67	55	1.927592e+00
57	67	56	1.895757e+03
57	67	57	1.667080e+03
57	67	60	3.655646e+03
57	67	61	4.472722e+03
57	67	62	2.427426e+05
57	67	63	3.965582e+05
57	67	64	2.040072e+05
57	67	65	8.915465e+05
57	67	66	2.370106e+05
57	67	67	9.996478e+05
57	67	68	6.354377e+05
57	67	69	8.976457e+04
57	67	70	2.286730e+05
57	68	55	1.385284e+01
57	68	56	1.362405e+04
57	68	57	1.198065e+04
57	68	60	3.180867e+04
57	68	61	1.998167e+04
57	68	62	6.362792e+05
57	68	63	1.649811e+06
57	68	64	7.124732e+05
57	68	65	2.280531e+06
57	68	66	1.252970e+06
57	68	67	2.538958e+05
57	68	68	6.212369e+04
57	68	69	9.634440e+04
57	68	70	2.624303e+05
57	68	71	4.529357e+01
57	68	73	2.222284e+02
57	68	74	8.657785e+03
57	68	75	1.597139e+04
57	68	76	9.889410e+01
57	68	77	4.760070e+03
57	68	78	2.623667e+03
57	69	55	5.195475e+01
57	69	56	5.109669e+04
57	69	57	4.493313e+04
57	69	58	4.900872e-01
57	69	59	1.020706e+04
57	69	60	1.919584e+05
57	69	61	-1.242033e+04
57	69	62	1.566984e+06
57	69	63	9.969927e+05
57	69	64	1.036101e+06
57	69	65	3.785726e+06
57	69	66	3.799499e+06
57	69	67	3.886661e+05
57	69	68	6.576383e+03
57	69	69	-1.362195e+04
57	69	70	1.107232e+05
57	69	71	1.503526e+05
57	69	72	5.144070e+04
57	69	73	-3.539296e+02
57	69	74	-1.378872e+04
57	69	75	-2.543665e+04
57	69	76	1.024190e+02
57	69	77	4.929734e+03
57	69	78	2.717183e+03
57	70	57	1.852815e+02
57	70	58	2.257625e+04
57	70	59	3.115631e+04
57	70	60	5.327000e+04
57	70	61	1.316277e+05
57	70	62	3.465471e+05
57	70	63	4.175834e+06
57	70	64	8.178146e+06
57	70	65	1.880118e+07
57	70	66	1.246254e+07
57	70	67	4.290764e+06
57	70	68	2.244328e+06
57	70	69	1.129443e+05
57	70	70	4.316187e+05
57	70	71	9.463646e+05
57	70	72	3.150087e+05
57	70	73	2.256208e+03
57	70	74	8.789948e+04
57	70	75	1.621519e+05
57	70	76	1.589348e+03
57	70	77	7.650007e+04
57	70	78	4.216549e+04
57	71	57	1.887628e+02
57	71	58	2.300045e+04
57	71	59	1.730164e+05
57	71	60	1.066729e+06
57	71	61	1.528474e+06
57	71	62	1.717294e+06
57	71	63	5.089358e+06
57	71	64	1.600084e+07
57	71	65	3.649716e+07
57	71	66	2.759189e+07
57	71	67	1.263703e+07
57	71	68	1.640321e+06
57	71	69	1.773347e+04
57	71	70	3.366406e+05
57	71	71	2.486162e+05
57	71	72	1.369303e+05
57	71	73	3.698029e+04
57	71	74	4.442705e+03
57	72	59	2.992462e+02
57	72	60	2.178573e+04
57	72	61	8.757447e+05
57	72	62	8.993284e+05
57	72	63	1.162207e+07
57	72	64	2.364136e+07
57	72	65	3.492546e+07
57	72	66	3.007506e+07
57	72	67	1.603618e+07
57	72	68	1.981520e+06
57	72	69	6.628601e+05
57	72	70	2.003989e+02
57	72	71	7.343109e+04
57	72	72	7.370038e+05
57	72	73	3.312211e+05
57	72	74	4.048165e+04
57	73	58	5.676049e+02
57	73	59	1.490861e+03
57	73	60	8.575110e+04
57	73	61	4.083085e+05
57	73	62	3.455324e+05
57	73	63	7.338740e+06
57	73	64	9.314057e+06
57	73	65	2.002349e+07
57	73	66	1.384914e+07
57	73	67	4.330659e+06
57	73	68	2.108083e+05
57	73	69	1.767876e+05
57	73	70	6.274366e+04
57	73	71	1.724253e+04
57	73	72	1.731328e+05
57	73	73	7.860295e+04
57	73	74	9.734208e+03
57	74	58	2.358944e+04
57	74	59	1.095895e+04
57	74	60	7.927010e+05
57	74	61	1.829058e+05
57	74	62	3.249205e+05
57	74	63	1.480264e+06
57	74	64	5.226923e+06
57	74	65	7.415320e+06
57	74	66	4.981217e+06
57	74	67	1.466667e+06
57	74	68	1.726871e+05
57	74	69	1.400976e+05
57	74	70	4.989486e+04
57	75	58	1.240694e+04
57	75	59	1.616553e+04
57	75	60	3.747358e+05
57	75	61	4.381614e+05
57	75	62	4.616435e+05
57	75	63	3.278887e+05
57	75	64	2.293116e+06
57	75	65	2.934185e+06
57	75	66	5.105280e+05
57	75	67	1.623402e+05
57	75	68	5.015682e+04
57	75	69	5.188439e+04
57	76	59	3.460263e+04
57	76	60	1.779622e+05
57	76	61	8.249804e+05
57	76	62	4.415030e+05
57	76	63	3.849117e+05
57	76	64	1.619125e+06
57	76	65	1.427624e+06
57	76	66	1.026195e+06
57	76	67	2.356909e+05
57	76	68	4.406942e+04
57	76	69	4.558733e+04
57	77	59	2.819395e+04
57	77	60	8.585417e+04
57	77	61	5.634554e+05
57	77	62	1.262349e+05
57	77	63	1.227597e+05
57	77	64	1.826723e+05
57	77	65	9.225318e+04
57	77	66	5.542381e+05
57	77	67	1.711899e+05
57	77	68	1.968629e+02
57	77	69	8.461274e+02
57	78	59	3.588630e+04
57	78	60	1.092784e+05
57	78	61	7.129828e+05
57	78	62	2.895972e+05
57	78	63	2.880581e+05
57	78	64	9.804883e+03
57	78	65	1.520941e+04
57	78	66	3.662173e+02
57	78	67	7.661958e+03
57	78	68	8.195901e+03
57	78	69	1.928973e+04
57	79	61	4.030319e+04
57	79	62	4.280887e+05
57	79	63	1.152135e+05
57	79	64	1.022583e+01
57	79	65	8.570669e+03
57	79	66	9.422827e+04
57	79	67	3.428110e+05
57	79	68	1.851263e+05
57	79	69	4.240302e+04
57	80	64	4.677760e+02
57	80	65	8.523981e+03
57	80	66	1.326197e+05
57	80	67	4.407694e+05
57	80	68	3.063704e+05
57	81	64	2.537808e+02
57	81	65	-1.654697e+04
57	81	66	5.362899e+04
57	81	67	-2.561953e+05
57	82	68	2.664676e+00
57	82	69	1.072035e+02
57	82	70	1.959378e+02
57	83	68	3.897141e+03
57	83	69	1.567873e+05
57	83	70	2.865630e+05
57	84	51	2.577581e+02
57	84	52	-1.566632e+02
57	84	53	3.242317e+03
57	84	68	4.323832e+03
57	84	69	1.739536e+05
57	84	70	3.179382e+05
57	85	51	2.305134e+04
57	85	52	-1.401040e+04
57	85	53	2.899608e+05
57	86	51	3.476805e+04
57	86	52	-2.113172e+04
57	86	53	4.373444e+05
58	59	66	7.064867e+00
58	59	67	2.615233e+03
58	59	68	2.118778e+03
58	60	66	6.624395e+01
58	60	67	2.452181e+04
58	60	68	1.986679e+04
58	61	66	1.628037e+01
58	61	67	6.026578e+03
58	61	68	4.882542e+03
58	63	66	-2.341436e+01
58	63	67	-7.411527e+03
58	63	68	-5.901243e+03
58	64	66	-2.169278e+02
58	64	67	-6.653933e+04
58	64	68	-5.847221e+04
58	64	69	2.045681e+04
58	65	66	7.217516e+03
58	65	67	1.788357e+04
58	65	68	2.046030e+04
58	65	69	3.466768e+05
58	66	63	4.155930e+03
58	66	64	-3.110117e+03
58	66	65	1.114536e+05
58	66	66	1.131600e+05
58	66	67	1.390799e+04
58	66	68	-8.507365e+04
58	66	69	1.244193e+05
58	67	55	2.292871e+01
58	67	56	2.255003e+04
58	67	57	1.982992e+04
58	67	58	7.216391e-02
58	67	59	1.502670e-01
58	67	60	1.306159e+00
58	67	61	-4.058685e+01
58	67	62	-1.604881e+02
58	67	63	2.582553e+04
58	67	64	7.125463e+04
58	67	65	6.305606e+05
58	67	66	9.232933e+05
58	67	67	3.205897e+04
58	67	68	1.235867e+06
58	68	55	1.647796e+02
58	68	56	1.620582e+05
58	68	57	1.425098e+05
58	68	58	2.931385e+00
58	68	59	6.130269e+00
58	68	60	5.306486e+01
58	68	61	-4.111044e+02
58	68	62	8.381308e+03
58	68	63	4.673268e+05
58	68	64	1.170508e+06
58	68	65	1.669508e+06
58	68	66	2.053739e+06
58	68	67	3.264831e+05
58	68	68	3.207886e+04
58	68	69	4.735463e+04
58	68	70	1.261665e+05
58	68	71	1.734460e+03
58	68	73	1.436373e+03
58	68	74	5.595958e+04
58	68	75	1.032310e+05
58	68	76	1.316338e+03
58	68	77	6.335932e+04
58	68	78	3.492254e+04
58	69	55	6.180018e+02
58	69	56	6.077952e+05
58	69	57	5.344796e+05
58	69	58	2.702599e+00
58	69	59	3.488233e+03
58	69	60	1.743806e+04
58	69	61	-8.347711e+02
58	69	62	1.196180e+05
58	69	63	5.412868e+05
58	69	64	8.520232e+05
58	69	65	2.200363e+06
58	69	66	3.571727e+06
58	69	67	1.223244e+06
58	69	68	2.396725e+05
58	69	69	4.583775e+05
58	69	70	1.023675e+06
58	69	71	7.885787e+05
58	69	72	1.008276e+04
58	69	73	-2.287623e+03
58	69	74	-8.912340e+04
58	69	75	-1.644097e+05
58	69	76	1.363257e+03
58	69	77	6.561765e+04
58	69	78	3.616729e+04
58	70	57	2.148030e+02
58	70	58	2.617408e+04
58	70	59	3.838201e+04
58	70	60	-5.231353e+04
58	70	61	3.337780e+04
58	70	62	4.622769e+05
58	70	63	3.372903e+06
58	70	64	8.331150e+06
58	70	65	1.233427e+07
58	70	66	7.162388e+06
58	70	67	4.297666e+06
58	70	68	2.125613e+06
58	70	69	1.169382e+06
58	70	70	1.108029e+06
58	70	71	9.128231e+05
58	70	72	6.174403e+04
58	70	73	1.458299e+04
58	70	74	5.681381e+05
58	70	75	1.048069e+06
58	70	76	2.115515e+04
58	70	77	1.018261e+06
58	70	78	5.612474e+05
58	71	57	2.188390e+02
58	71	58	2.666518e+04
58	71	59	1.033380e+05
58	71	60	4.020410e+05
58	71	61	9.458604e+05
58	71	62	8.376009e+05
58	71	63	5.304108e+06
58	71	64	1.603791e+07
58	71	65	2.805961e+07
58	71	66	1.646540e+07
58	71	67	9.699109e+06
58	71	68	1.089490e+06
58	71	69	3.036945e+04
58	71	70	3.162157e+05
58	71	71	1.310335e+05
58	71	72	5.337456e+04
58	71	73	1.093484e+04
58	72	59	6.672236e+03
58	72	60	6.874600e+04
58	72	61	6.424495e+05
58	72	62	6.928899e+05
58	72	63	9.517646e+06
58	72	64	2.480410e+07
58	72	65	3.175974e+07
58	72	66	2.205928e+07
58	72	67	6.762823e+06
58	72	68	2.976554e+06
58	72	69	3.148896e+05
58	72	71	3.844315e+04
58	72	72	3.788730e+05
58	72	73	9.663198e+04
58	73	60	8.015494e+04
58	73	61	2.028455e+04
58	73	62	9.904069e+05
58	73	63	5.720200e+06
58	73	64	1.385563e+07
58	73	65	1.696941e+07
58	73	66	1.358807e+07
58	73	67	4.262652e+06
58	73	68	7.605348e+05
58	73	69	1.935004e+05
58	73	71	9.026928e+03
58	73	72	8.896407e+04
58	73	73	2.269038e+04
58	73	76	8.287769e+01
58	73	77	7.658623e+02
58	73	78	1.861507e+02
58	74	59	1.776596e+02
58	74	60	4.346227e+04
58	74	61	-4.385403e+04
58	74	62	5.570675e+05
58	74	63	6.309891e+05
58	74	64	3.948184e+06
58	74	65	9.378572e+06
58	74	66	3.515752e+06
58	74	67	1.708151e+06
58	74	68	1.665536e+05
58	74	69	-6.851167e+01
58	74	76	2.095450e+03
58	74	77	1.936379e+04
58	74	78	4.706568e+03
58	75	59	3.991600e+03
58	75	60	2.055461e+04
58	75	61	1.191844e+05
58	75	62	3.110699e+05
58	75	63	1.672557e+05
58	75	64	1.374453e+06
58	75	65	1.659620e+06
58	75	66	9.462099e+05
58	75	67	1.556544e+06
58	75	68	-6.429623e+04
58	75	69	-6.651082e+04
58	75	76	4.438646e+03
58	75	77	4.101697e+04
58	75	78	9.969598e+03
58	76	59	8.840416e+03
58	76	60	4.548360e+04
58	76	61	3.019157e+05
58	76	62	1.183040e+06
58	76	63	5.028602e+05
58	76	64	1.741778e+06
58	76	65	1.033486e+06
58	76	66	3.946334e+05
58	76	67	-4.066246e+00
58	76	68	-5.649278e+04
58	76	69	-5.843858e+04
58	77	59	5.037503e+03
58	77	60	1.533984e+04
58	77	61	1.003884e+05
58	77	62	1.250012e+04
58	77	63	2.779085e+04
58	77	64	1.872909e+05
58	77	65	6.985120e+04
58	77	67	6.228043e+02
58	77	68	3.549842e+03
58	77	69	1.525741e+04
58	78	59	6.411920e+03
58	78	60	1.952511e+04
58	78	61	1.274681e+05
58	78	63	9.947459e+03
58	78	64	9.386498e+04
58	78	65	3.425598e+04
58	78	66	-2.803984e+02
58	78	67	1.700142e+04
58	78	68	8.250068e+04
58	78	69	3.478334e+05
58	79	64	4.999404e+01
58	79	65	-9.925819e+03
58	79	66	-1.321245e+05
58	79	67	1.529043e+05
58	79	68	2.522279e+05
58	79	69	7.646134e+05
58	80	64	2.286955e+03
58	80	65	1.418452e+05
58	80	66	-8.057964e+04
58	80	67	1.026430e+06
58	80	68	1.299395e+05
58	80	69	6.292965e+00
58	81	64	1.240733e+03
58	81	65	1.836780e+05
58	81	66	-1.397246e+05
58	81	67	1.485455e+06
58	81	68	9.257161e+01
58	81	69	1.496445e+02
58	82	67	6.059293e-01
58	82	68	3.924045e+01
58	82	69	6.343326e+01
59	59	66	4.790414e+01
59	59	67	1.773289e+04
59	59	68	1.436662e+04
59	60	66	4.491747e+02
59	60	67	1.662730e+05
59	60	68	1.347091e+05
59	61	66	1.103910e+02
59	61	67	4.086391e+04
59	61	68	3.310664e+04
59	63	66	2.862760e+02
59	63	67	9.061712e+04
59	63	68	7.215162e+04
59	64	66	2.652270e+03
59	64	67	8.468168e+05
59	64	68	6.554718e+05
59	64	69	6.997126e+04
59	65	66	6.459291e+02
59	65	67	3.277226e+05
59	65	68	-5.740123e+04
59	65	69	1.185787e+06
59	66	64	2.492801e+01
59	66	65	1.719806e+04
59	66	66	1.999331e+04
59	66	67	4.936551e+04
59	66	68	-6.987617e+04
59	66	69	4.255685e+05
59	67	55	6.664425e+00
59	67	56	6.554360e+03
59	67	57	5.763736e+03
59	67	58	7.547237e+02
59	67	59	1.571562e+03
59	67	60	1.366046e+04
59	67	61	1.237660e+03
59	67	62	1.389628e+04
59	67	63	3.887912e+03
59	67	64	8.461803e+04
59	67	65	8.823642e+05
59	67	66	4.425745e+05
59	67	67	2.808478e+05
59	67	68	5.011827e+05
59	68	55	4.789459e+01
59	68	56	4.710359e+04
59	68	57	4.142169e+04
59	68	58	3.065689e+04
59	68	59	6.406630e+04
59	68	60	5.558691e+05
59	68	61	8.649970e+04
59	68	62	9.830702e+05
59	68	63	3.983607e+05
59	68	64	1.678463e+05
59	68	65	9.276311e+05
59	68	66	2.896350e+05
59	68	67	1.761460e+05
59	68	68	2.910746e+05
59	68	69	2.533935e+03
59	68	70	2.305208e+04
59	68	71	8.872854e+02
59	68	73	2.574246e+02
59	68	74	1.002899e+04
59	68	75	1.850091e+04
59	69	55	1.796275e+02
59	69	56	1.766609e+05
59	69	57	1.553511e+05
59	69	58	2.120202e+04
59	69	59	3.296312e+05
59	69	60	5.996645e+05
59	69	61	2.028849e+05
59	69	62	1.115822e+06
59	69	63	5.710447e+05
59	69	64	7.575495e+05
59	69	65	9.888933e+05
59	69	66	1.874870e+06
59	69	67	7.852030e+05
59	69	68	3.541689e+05
59	69	69	8.177199e+04
59	69	70	1.570206e+05
59	69	71	3.901379e+05
59	69	73	-4.099844e+02
59	69	74	-1.597256e+04
59	69	75	-2.946527e+04
59	70	57	3.023258e+03
59	70	58	3.741882e+05
59	70	59	8.539877e+05
59	70	60	9.669856e+05
59	70	61	8.423350e+05
59	70	62	7.390437e+05
59	70	63	1.720083e+06
59	70	64	2.209779e+06
59	70	65	5.964956e+06
59	70	66	3.311366e+06
59	70	67	9.882714e+05
59	70	68	2.304410e+06
59	70	69	2.935301e+05
59	70	70	6.651548e+03
59	70	71	3.216736e+05
59	70	73	2.613542e+03
59	70	74	1.018209e+05
59	70	75	1.878333e+05
59	71	57	3.080063e+03
59	71	58	3.753008e+05
59	71	59	5.204141e+05
59	71	60	4.177141e+05
59	71	61	4.494686e+05
59	71	62	7.473097e+05
59	71	63	3.062442e+06
59	71	64	6.922239e+06
59	71	65	1.056992e+07
59	71	66	3.904539e+06
59	71	67	4.420002e+05
59	71	68	9.620901e+05
59	71	69	2.424470e+05
59	71	70	2.668899e+03
59	72	59	2.319926e+03
59	72	60	2.428099e+05
59	72	61	7.539787e+05
59	72	62	6.826844e+05
59	72	63	4.431274e+06
59	72	64	6.133008e+06
59	72	65	8.861334e+06
59	72	66	8.312019e+06
59	72	67	1.539216e+06
59	72	68	2.387774e+06
59	72	69	1.667892e+05
59	72	70	1.279742e+04
59	73	60	1.602499e+03
59	73	61	6.214042e+05
59	73	62	8.892044e+05
59	73	63	3.279322e+06
59	73	64	4.751825e+06
59	73	65	8.177455e+06
59	73	66	5.181377e+06
59	73	67	2.500435e+06
59	73	68	8.367376e+05
59	73	69	2.517489e+05
59	73	70	6.689381e+03
59	73	76	2.779775e+02
59	73	77	2.568755e+03
59	73	78	6.243624e+02
59	74	62	-3.052481e+02
59	74	63	1.655208e+05
59	74	64	2.332247e+06
59	74	65	2.571998e+06
59	74	66	9.974852e+05
59	74	67	7.985230e+05
59	74	68	1.015100e+05
59	74	69	6.060887e+04
59	74	70	5.440758e+04
59	74	76	7.028283e+03
59	74	77	6.494747e+04
59	74	78	1.578615e+04
59	75	61	1.806367e+03
59	75	62	8.435055e+04
59	75	63	1.914433e+05
59	75	64	1.227803e+05
59	75	65	2.000086e+05
59	75	66	1.823727e+06
59	75	67	2.923380e+05
59	75	68	5.497838e+05
59	75	69	5.818977e+05
59	75	70	1.195198e+04
59	75	76	1.488753e+04
59	75	77	1.375737e+05
59	75	78	3.343872e+04
59	76	61	1.769297e+04
59	76	62	6.864568e+05
59	76	63	4.734655e+05
59	76	64	3.972022e+05
59	76	65	3.530477e+05
59	76	66	1.177385e+06
59	76	67	5.668694e+01
59	76	68	4.830512e+05
59	76	69	4.996891e+05
59	76	71	5.195012e+00
59	76	72	1.445656e+03
59	76	73	1.133512e+03
59	77	61	4.492187e+03
59	77	62	1.742674e+05
59	77	63	7.709819e+04
59	77	64	3.514989e+05
59	77	65	7.593270e+05
59	77	66	2.227954e+02
59	77	67	5.324535e+02
59	77	68	1.316573e+03
59	77	69	5.658701e+03
59	77	71	2.148539e+02
59	77	72	5.978908e+04
59	77	73	4.687950e+04
59	78	63	-1.579348e+04
59	78	64	4.214666e+03
59	78	65	2.079220e+05
59	78	66	2.829904e+03
59	78	67	6.655896e+03
59	78	68	3.001479e+04
59	78	69	1.290052e+05
59	78	71	1.128206e+02
59	78	72	3.139546e+04
59	78	73	2.461659e+04
59	79	64	2.364615e+02
59	79	65	9.516774e+04
59	79	66	8.937189e+05
59	79	67	2.387879e+05
59	79	68	6.597903e+04
59	79	69	2.835814e+05
59	80	64	1.081682e+04
59	80	65	4.212897e+05
59	80	66	1.399580e+06
59	80	67	1.854701e+05
59	80	68	1.073819e+04
59	80	69	1.735858e+04
59	81	64	5.868412e+03
59	81	65	1.898373e+05
59	81	66	3.704789e+05
59	81	67	3.942981e+03
59	81	68	2.553505e+05
59	81	69	4.127810e+05
59	82	67	1.671402e+03
59	82	68	1.082413e+05
59	82	69	1.749750e+05
60	45	57	1.114666e+02
60	45	58	7.902670e+02
60	45	59	2.986798e+03
60	46	57	1.136761e+03
60	46	58	8.059320e+03
60	46	59	3.046003e+04
60	47	57	3.536832e+03
60	47	58	2.507515e+04
60	47	59	9.477099e+04
60	59	66	1.857368e+02
60	59	67	6.875501e+04
60	59	68	5.570312e+04
60	60	66	1.741567e+03
60	60	67	6.446835e+05
60	60	68	5.223021e+05
60	61	66	4.280144e+02
60	61	67	1.584400e+05
60	61	68	1.283630e+05
60	66	66	7.251025e+01
60	66	67	3.176183e+03
60	66	68	5.668008e+03
60	67	58	7.847529e+02
60	67	59	1.634092e+03
60	67	60	1.420691e+04
60	67	61	9.119755e+01
60	67	62	2.974336e+03
60	67	63	4.055462e+03
60	67	64	8.962489e+02
60	67	66	3.971254e+03
60	67	67	1.739538e+05
60	67	68	3.104265e+05
60	68	58	3.187669e+04
60	68	59	6.665378e+04
60	68	60	5.924005e+05
60	68	61	2.120145e+05
60	68	62	4.149358e+05
60	68	63	1.788762e+04
60	68	64	1.484394e+04
60	68	65	2.417559e+04
60	68	66	1.662656e+04
60	68	67	1.487059e+05
60	68	68	1.784070e+05
60	69	56	1.097786e+00
60	69	57	2.814339e+01
60	69	58	2.207139e+04
60	69	59	3.448339e+05
60	69	60	6.898857e+05
60	69	61	4.853426e+05
60	69	62	6.155074e+05
60	69	63	2.397448e+05
60	69	64	4.273482e+05
60	69	65	4.148974e+05
60	69	66	2.339170e+05
60	69	67	8.572383e+05
60	69	68	2.934407e+05
60	69	69	7.888707e+04
60	70	56	1.045813e+02
60	70	57	4.730371e+03
60	70	58	8.811443e+03
60	70	59	3.623234e+05
60	70	60	6.173612e+05
60	70	61	7.432895e+05
60	70	62	1.839499e+05
60	70	63	5.086410e+05
60	70	64	-6.723665e+04
60	70	65	1.626961e+06
60	70	66	7.397934e+05
60	70	67	1.660028e+05
60	70	68	8.738755e+05
60	70	69	-4.494754e+04
60	70	70	1.643427e+04
60	71	56	3.103357e+02
60	71	57	3.652691e+04
60	71	58	2.540897e+04
60	71	59	1.539883e+05
60	71	60	-2.117580e+05
60	71	61	1.656370e+06
60	71	62	1.971483e+05
60	71	63	1.618151e+06
60	71	64	5.267701e+06
60	71	65	2.943711e+06
60	71	66	1.082071e+06
60	71	67	5.118131e+05
60	71	68	1.539146e+06
60	71	69	8.088743e+05
60	71	70	7.864594e+04
60	72	56	8.224762e+01
60	72	57	1.128466e+04
60	72	58	7.964896e+03
60	72	59	4.151690e+04
60	72	60	-5.709221e+04
60	72	61	4.525612e+05
60	72	62	6.001133e+04
60	72	63	5.410489e+05
60	72	64	1.801047e+06
60	72	65	1.317752e+06
60	72	66	2.176876e+06
60	72	67	1.390071e+06
60	72	68	2.529556e+04
60	72	69	1.509707e+05
60	72	70	3.771086e+05
60	73	61	6.312082e+03
60	73	62	1.016831e+05
60	73	63	9.314878e+05
60	73	64	3.327496e+06
60	73	65	2.789050e+06
60	73	66	2.230236e+06
60	73	67	2.253811e+06
60	73	68	1.537497e+05
60	73	69	7.252303e+04
60	73	70	6.573812e+04
60	73	76	1.693770e+03
60	73	77	1.565191e+04
60	73	78	3.804359e+03
60	74	62	6.301468e+04
60	74	63	9.249087e+05
60	74	64	4.049445e+05
60	74	65	9.608406e+05
60	74	66	7.138479e+05
60	74	67	3.709470e+05
60	74	68	3.860955e+04
60	74	69	5.898606e+05
60	74	70	5.346761e+05
60	74	76	4.282466e+04
60	74	77	3.957373e+05
60	74	78	9.618804e+04
60	75	61	6.778683e+02
60	75	62	2.323206e+02
60	75	63	-4.862172e+05
60	75	64	-2.152148e+05
60	75	65	1.908446e+05
60	75	66	8.866861e+05
60	75	67	5.792847e+04
60	75	68	7.720679e+01
60	75	69	1.295776e+05
60	75	70	1.174550e+05
60	75	76	9.071253e+04
60	75	77	8.382630e+05
60	75	78	2.037485e+05
60	76	61	6.639570e+03
60	76	62	2.582899e+05
60	76	63	1.133854e+06
60	76	64	9.323157e+05
60	76	65	1.938904e+05
60	76	66	6.561466e+05
60	76	67	1.028278e+04
60	76	71	-4.098496e+00
60	76	72	-1.140520e+03
60	76	73	-8.942607e+02
60	77	61	1.685765e+03
60	77	62	6.539665e+04
60	77	63	1.338286e+05
60	77	64	8.588048e+05
60	77	65	1.974269e+05
60	77	66	1.045250e+05
60	77	67	1.414337e+05
60	77	71	-1.695045e+02
60	77	72	-4.716934e+04
60	77	73	-3.698460e+04
60	78	63	9.383850e+04
60	78	64	8.040881e+05
60	78	65	1.859458e+05
60	78	66	2.821442e+05
60	78	67	3.817718e+05
60	78	71	-8.900742e+01
60	78	72	-2.476879e+04
60	78	73	-1.942075e+04
60	80	67	1.788693e+02
60	80	68	1.158372e+04
60	80	69	1.872539e+04
60	81	67	4.253450e+03
60	81	68	2.754567e+05
60	81	69	4.452833e+05
60	82	67	1.803008e+03
60	82	68	1.167642e+05
60	82	69	1.887525e+05
61	45	57	1.013181e+03
61	45	58	7.183170e+03
61	45	59	2.714864e+04
61	46	57	1.033265e+04
61	46	58	7.325558e+04
61	46	59	2.768679e+05
61	47	57	3.214820e+04
61	47	58	2.279218e+05
61	47	59	8.614255e+05
61	63	62	3.994414e+02
61	63	63	-5.741365e+02
61	63	64	4.219257e+03
61	64	62	1.183232e+04
61	64	63	-1.700717e+04
61	64	64	1.249835e+05
61	65	62	5.502641e+03
61	65	63	-7.909212e+03
61	65	64	5.812381e+04
61	67	60	1.730893e+00
61	67	61	5.955873e+01
61	67	62	5.371452e+03
61	67	63	1.909786e+04
61	67	64	1.539354e+04
61	67	75	1.559250e+03
61	67	76	1.179450e+04
61	67	77	2.437356e+03
61	68	59	1.110503e+01
61	68	60	6.296457e+03
61	68	61	1.316523e+05
61	68	62	2.502654e+05
61	68	63	1.754955e+05
61	68	64	2.074700e+05
61	68	65	2.527007e+04
61	68	66	1.957637e+04
61	68	67	3.632961e+04
61	68	75	1.032668e+04
61	68	76	7.811324e+04
61	68	77	1.614225e+04
61	69	56	2.378988e+02
61	69	57	6.098891e+03
61	69	58	2.671904e+03
61	69	59	2.652594e+02
61	69	60	5.848852e+04
61	69	61	2.842463e+05
61	69	62	4.304923e+05
61	69	63	6.085182e+05
61	69	64	7.344644e+05
61	69	65	2.065903e+05
61	69	66	1.796835e+05
61	69	67	5.636906e+05
61	69	68	9.371038e+04
61	69	69	3.745588e+04
61	69	75	1.893808e+03
61	69	76	1.432517e+04
61	69	77	2.960324e+03
61	70	56	1.874232e+04
61	70	57	4.870976e+05
61	70	58	2.155722e+05
61	70	59	5.733223e+02
61	70	60	1.169276e+05
61	70	61	1.881581e+05
61	70	62	2.299801e+05
61	70	63	6.785824e+05
61	70	64	1.622357e+05
61	70	65	6.124450e+05
61	70	66	3.735874e+05
61	70	67	1.035724e+05
61	70	68	-1.497314e+05
61	70	69	-4.128730e+04
61	70	70	3.304956e+04
61	71	56	1.258188e+04
61	71	57	4.147147e+05
61	71	58	2.120274e+05
61	71	61	6.732673e+03
61	71	62	1.155442e+05
61	71	63	1.045875e+06
61	71	64	1.487158e+06
61	71	65	9.912782e+05
61	71	66	4.228421e+05
61	71	67	4.514564e+05
61	71	68	9.514877e+05
61	71	69	4.593885e+05
61	71	70	1.600777e+05
61	72	56	2.652999e+02
61	72	57	3.640007e+04
61	72	58	2.569176e+04
61	72	62	5.854162e+04
61	72	63	1.927961e+05
61	72	64	6.971921e+05
61	72	65	3.172155e+05
61	72	66	7.218781e+05
61	72	67	1.712657e+05
61	72	68	1.852645e+04
61	72	69	3.642024e+05
61	72	70	8.111640e+05
61	73	55	1.430561e+00
61	73	56	2.376861e+02
61	73	57	1.732781e+02
61	73	62	6.605148e+04
61	73	63	3.014556e+05
61	73	64	7.258572e+05
61	73	65	9.487090e+05
61	73	66	8.163859e+05
61	73	67	5.978319e+04
61	73	68	4.295538e+01
61	73	69	4.580382e+04
61	73	70	4.055482e+04
61	74	55	6.811254e+01
61	74	56	1.131682e+04
61	74	57	8.250200e+03
61	74	62	2.050679e+04
61	74	63	7.779092e+05
61	74	64	6.412834e+05
61	74	65	2.415807e+05
61	74	66	1.653777e+06
61	74	68	8.945179e+01
61	74	69	1.501287e+05
61	74	70	1.360833e+05
61	75	55	1.188359e+02
61	75	56	1.974445e+04
61	75	57	1.439412e+04
61	75	61	3.178094e+02
61	75	62	1.371247e+05
61	75	63	1.840768e+06
61	75	64	6.319739e+05
61	75	65	-2.532414e+04
61	75	66	2.627541e+05
61	75	68	1.965032e+01
61	75	69	3.297951e+04
61	75	70	2.989410e+04
61	76	57	5.536770e-01
61	76	58	7.871242e+00
61	76	59	2.557596e+00
61	76	61	3.905129e+03
61	76	62	-3.600194e+03
61	76	63	4.625357e+04
61	76	65	5.431459e+01
61	76	66	9.120642e+03
61	76	67	1.234122e+04
61	76	71	6.316584e+01
61	76	72	1.757765e+04
61	76	73	1.378231e+04
61	77	57	2.228766e+02
61	77	58	3.168483e+03
61	77	59	1.029532e+03
61	77	61	1.159330e+03
61	77	62	-1.068803e+03
61	77	63	1.373147e+04
61	77	65	7.470654e+02
61	77	66	1.254491e+05
61	77	67	1.697463e+05
61	77	71	2.612396e+03
61	77	72	7.269718e+05
61	77	73	5.700050e+05
61	78	57	1.821526e+02
61	78	58	2.589537e+03
61	78	59	8.414159e+02
61	78	65	2.016553e+03
61	78	66	3.386246e+05
61	78	67	4.581960e+05
61	78	71	1.371778e+03
61	78	72	3.817355e+05
61	78	73	2.993117e+05
62	45	57	2.431685e+02
62	45	58	1.723997e+03
62	45	59	6.515810e+03
62	46	57	2.479887e+03
62	46	58	1.758171e+04
62	46	59	6.644969e+04
62	47	57	7.715730e+03
62	47	58	5.470236e+04
62	47	59	2.067464e+05
62	57	83	1.306137e+00
62	57	84	5.159030e-01
62	57	85	1.928534e+01
62	58	83	1.275623e+02
62	58	84	5.038506e+01
62	58	85	1.883480e+03
62	59	83	1.891239e+02
62	59	84	7.470088e+01
62	59	85	2.792447e+03
62	63	62	3.387258e+03
62	63	63	-4.868671e+03
62	63	64	3.577925e+04
62	64	62	1.003379e+05
62	64	63	-1.442206e+05
62	64	64	1.059859e+06
62	65	62	4.666233e+04
62	65	63	-6.707002e+04
62	65	64	4.928893e+05
62	67	61	8.722938e+01
62	67	62	4.955708e+04
62	67	63	6.316165e+04
62	67	64	5.564499e+03
62	67	75	1.677326e+04
62	67	76	1.268766e+05
62	67	77	2.621928e+04
62	68	60	1.403406e+01
62	68	61	7.984692e+04
62	68	62	9.748389e+04
62	68	63	8.783927e+04
62	68	64	7.292857e+04
62	68	65	1.734518e+04
62	68	66	9.027632e+03
62	68	75	1.110869e+05
62	68	76	8.402849e+05
62	68	77	1.736465e+05
62	69	56	1.804954e+02
62	69	57	4.627269e+03
62	69	58	2.027191e+03
62	69	60	1.034763e+02
62	69	61	5.897428e+05
62	69	62	1.286374e+06
62	69	63	1.016418e+06
62	69	64	4.737404e+04
62	69	65	1.055441e+05
62	69	66	5.493242e+04
62	69	75	2.037220e+04
62	69	76	1.540997e+05
62	69	77	3.184499e+04
62	70	56	1.454611e+04
62	70	57	4.143192e+05
62	70	58	1.951449e+05
62	70	60	2.091397e+01
62	70	61	1.189331e+05
62	70	62	1.019533e+05
62	70	63	6.760441e+03
62	70	64	-2.137910e+05
62	70	65	4.360822e+05
62	70	66	2.269673e+05
62	71	56	1.409378e+04
62	71	57	9.386235e+05
62	71	58	6.012796e+05
62	71	62	1.986301e+04
62	71	63	5.205150e+05
62	71	64	2.301824e+05
62	71	68	2.316084e+01
62	71	69	1.981852e+04
62	71	70	1.726587e+04
62	72	56	1.661904e+03
62	72	57	2.280190e+05
62	72	58	1.609395e+05
62	72	62	9.072888e+03
62	72	63	1.537862e+05
62	72	64	1.128901e+05
62	72	65	2.166731e+04
62	72	66	9.227002e+03
62	72	68	6.369721e+02
62	72	69	5.450511e+05
62	72	70	4.748480e+05
62	73	55	1.446500e+01
62	73	56	2.013518e+03
62	73	57	1.447277e+03
62	73	62	1.541171e+04
62	73	63	2.296714e+04
62	73	64	3.279159e+05
62	73	65	5.867455e+05
62	73	66	6.747430e+05
62	73	68	2.874405e+02
62	73	69	2.459602e+05
62	73	70	2.142803e+05
62	74	55	6.619335e+02
62	74	56	9.518646e+04
62	74	57	6.861043e+04
62	74	62	7.504016e+04
62	74	63	2.339319e+05
62	74	64	1.281611e+06
62	74	65	5.535627e+05
62	74	66	7.140741e+05
62	75	55	1.166892e+03
62	75	56	1.663778e+05
62	75	57	1.198383e+05
62	75	61	6.976197e+03
62	75	62	-5.942617e+03
62	75	63	1.442093e+05
62	75	64	4.279657e+04
62	76	57	8.187462e+01
62	76	58	1.163955e+03
62	76	59	3.782028e+02
62	76	61	8.572102e+04
62	76	62	-7.902336e+04
62	76	63	1.017556e+06
62	76	64	1.893843e+03
62	77	57	3.295773e+04
62	77	58	4.685373e+05
62	77	59	1.522414e+05
62	77	61	2.544831e+04
62	77	62	-2.332964e+04
62	77	63	3.741513e+05
62	77	64	6.124917e+04
62	78	57	2.693569e+04
62	78	58	3.829261e+05
62	78	59	1.244238e+05
62	78	62	6.328450e+01
62	78	63	3.499767e+04
62	78	64	2.947164e+04
63	57	83	2.945867e+02
63	57	84	1.163570e+02
63	57	85	4.349624e+03
63	58	83	2.877046e+04
63	58	84	1.136387e+04
63	58	85	4.248009e+05
63	59	83	4.265508e+04
63	59	84	1.684807e+04
63	59	85	6.298097e+05
63	63	62	7.697778e+02
63	63	63	-1.106439e+03
63	63	64	8.131081e+03
63	64	62	2.280249e+04
63	64	63	-3.277512e+04
63	64	64	2.408603e+05
63	65	62	1.060434e+04
63	65	63	-1.524212e+04
63	65	64	1.120125e+05
63	67	75	4.554491e+03
63	67	76	3.445115e+04
63	67	77	7.119395e+03
63	68	60	2.686565e+00
63	68	61	1.527790e+04
63	68	62	1.495085e+04
63	68	63	1.336032e+03
63	68	64	9.095018e+03
63	68	75	3.016373e+04
63	68	76	2.281649e+05
63	68	77	4.715072e+04
63	69	60	1.980865e+01
63	69	61	1.126474e+05
63	69	62	1.450622e+05
63	69	63	1.099679e+05
63	69	64	7.486050e+05
63	69	75	5.531720e+03
63	69	76	4.184312e+04
63	69	77	8.646960e+03
63	70	60	4.003598e+00
63	70	61	2.276757e+04
63	70	62	8.026373e+04
63	70	63	1.686801e+05
63	70	64	1.148288e+06
63	71	68	5.513775e+00
63	71	69	4.718086e+03
63	71	70	4.110392e+03
63	72	62	1.630289e+03
63	72	63	-1.897465e+02
63	72	64	2.237822e+04
63	72	65	2.060969e+02
63	72	66	6.242082e+02
63	72	68	1.516405e+02
63	72	69	1.297573e+05
63	72	70	1.130445e+05
63	73	55	3.365962e+02
63	73	56	1.431812e+04
63	73	57	8.237416e+03
63	73	62	7.775517e+03
63	73	63	-9.049789e+02
63	73	64	1.726069e+05
63	73	65	4.349690e+04
63	73	66	5.783889e+05
63	73	67	6.759781e+02
63	73	68	2.607837e+02
63	73	69	5.855439e+04
63	73	70	5.101254e+04
63	74	55	1.316777e+04
63	74	56	6.089156e+05
63	74	57	3.603967e+05
63	74	62	3.736439e+04
63	74	63	-4.348777e+03
63	74	64	5.870541e+05
63	74	65	5.872368e+04
63	74	66	6.583572e+05
63	74	67	2.806992e+02
63	74	68	7.987492e+01
63	75	55	2.425635e+04
63	75	56	1.095042e+06
63	75	57	6.430555e+05
63	75	61	2.850921e+03
63	75	62	-2.628305e+03
63	75	63	3.376720e+04
63	75	66	8.688219e+02
63	75	67	1.000948e+04
63	75	68	2.848268e+03
63	76	57	5.854690e+01
63	76	58	8.323207e+02
63	76	59	2.704452e+02
63	76	61	3.503111e+04
63	76	62	-3.226499e+04
63	76	63	4.318878e+05
63	76	64	1.428911e+04
63	77	57	2.356741e+04
63	77	58	3.350416e+05
63	77	59	1.088648e+05
63	77	61	1.048133e+04
63	77	62	-7.718138e+03
63	77	63	6.721943e+05
63	77	64	4.621270e+05
63	78	57	1.926117e+04
63	78	58	2.738227e+05
63	78	59	8.897298e+04
63	78	61	1.874593e+03
63	78	62	2.065207e+04
63	78	63	2.695384e+05
63	78	64	2.223645e+05
63	79	61	4.107679e+03
63	79	62	4.420731e+04
63	79	63	1.200751e+04
64	35	81	8.204872e+00
64	35	82	1.696889e+02
64	35	83	6.741148e+01
64	36	81	6.795730e+02
64	36	82	1.405458e+04
64	36	83	5.583393e+03
64	37	81	1.041054e+03
64	37	82	2.153053e+04
64	37	83	8.553329e+03
64	57	83	2.247472e+02
64	57	84	8.877154e+01
64	57	85	3.318433e+03
64	58	83	2.194967e+04
64	58	84	8.669767e+03
64	58	85	3.240908e+05
64	59	83	3.254258e+04
64	59	84	1.285380e+04
64	59	85	4.804970e+05
64	66	68	2.785620e-02
64	66	69	1.542112e+02
64	66	70	1.461135e+02
64	67	68	2.609253e+00
64	67	69	1.444475e+04
64	67	70	1.368625e+04
64	68	68	1.708715e+00
64	68	69	9.459401e+03
64	68	70	8.962682e+03
64	70	63	1.103918e+02
64	70	64	1.073736e+04
64	70	65	7.088560e+03
64	71	63	-8.794955e+01
64	71	64	-8.554488e+03
64	71	65	-5.647480e+03
64	72	63	1.340234e+03
64	72	64	1.303590e+05
64	72	65	8.606008e+04
64	73	55	1.990468e+02
64	73	56	5.069872e+03
64	73	57	2.214904e+03
64	73	66	2.910239e+03
64	73	67	3.352814e+04
64	73	68	9.540667e+03
64	74	55	7.553399e+03
64	74	56	1.923907e+05
64	74	57	8.405084e+04
64	74	66	1.208474e+03
64	74	67	1.392253e+04
64	74	68	3.961753e+03
64	75	55	1.404157e+04
64	75	56	3.576493e+05
64	75	57	1.562483e+05
64	75	66	4.309310e+04
64	75	67	4.964649e+05
64	75	68	1.412725e+05
64	76	62	6.326841e+00
64	76	63	3.498877e+03
64	76	64	2.946415e+03
64	77	61	1.327407e+03
64	77	62	1.449032e+04
64	77	63	1.170382e+05
64	77	64	9.529063e+04
64	78	61	3.052638e+04
64	78	62	3.286268e+05
64	78	63	1.436832e+05
64	78	64	4.585159e+04
64	79	61	6.689056e+04
64	79	62	7.198839e+05
64	79	63	1.955335e+05
65	35	81	7.312321e+01
65	35	82	1.512296e+03
65	35	83	6.007825e+02
65	36	81	6.056470e+03
65	36	82	1.252568e+05
65	36	83	4.976015e+04
65	37	81	9.278047e+03
65	37	82	1.918837e+05
65	37	83	7.622872e+04
65	57	74	2.353539e+01
65	57	75	2.617315e+03
65	57	76	1.775991e+03
65	58	74	2.904517e+00
65	58	75	3.230045e+02
65	58	76	2.191761e+02
65	59	74	3.340303e+02
65	59	75	3.714672e+04
65	59	76	2.520608e+04
65	66	68	2.926870e-01
65	66	69	1.620307e+03
65	66	70	1.535224e+03
65	67	68	2.741559e+01
65	67	69	1.517720e+05
65	67	70	1.438023e+05
65	68	68	1.795358e+01
65	68	69	9.939055e+04
65	68	70	9.417149e+04
65	70	63	-1.849840e+02
65	70	64	-1.799263e+04
65	70	65	-1.187832e+04
65	71	63	1.473774e+02
65	71	64	1.433478e+04
65	71	65	9.463501e+03
65	72	63	-2.245835e+03
65	72	64	-2.184430e+05
65	72	65	-1.442112e+05
65	73	66	5.023131e+03
65	73	67	5.787025e+04
65	73	68	1.646738e+04
65	74	63	8.434675e-01
65	74	64	3.470749e+00
65	74	65	1.837438e+01
65	74	66	2.085850e+03
65	74	67	2.403056e+04
65	74	68	6.838064e+03
65	75	63	1.020745e+01
65	75	64	4.200223e+01
65	75	65	2.347771e+02
65	75	66	8.015706e+04
65	75	67	8.616979e+05
65	75	68	2.438392e+05
65	76	63	3.000529e+00
65	76	64	1.234675e+01
65	76	65	2.174294e+02
65	76	66	7.076841e+04
65	76	67	5.866882e+04
65	77	61	4.661601e+02
65	77	62	5.016868e+03
65	77	63	1.362672e+03
65	77	65	4.505211e+01
65	77	66	2.096649e+04
65	77	67	1.738176e+04
65	78	61	1.072028e+04
65	78	62	1.153729e+05
65	78	63	3.133738e+04
65	79	61	2.349069e+04
65	79	62	2.528096e+05
65	79	63	6.866765e+04
66	35	81	2.438305e+02
66	35	82	5.042776e+03
66	35	83	2.003319e+03
66	36	81	2.019540e+04
66	36	82	4.176707e+05
66	36	83	1.659260e+05
66	37	81	3.093780e+04
66	37	82	6.398394e+05
66	37	83	2.541859e+05
66	57	74	1.260992e+02
66	57	75	1.402319e+04
66	57	76	9.515500e+03
66	58	74	1.556197e+01
66	58	75	1.730610e+03
66	58	76	1.174314e+03
66	59	74	1.789685e+03
66	59	75	1.990267e+05
66	59	76	1.350504e+05
66	66	68	8.971884e-01
66	66	69	4.966811e+03
66	66	70	4.706001e+03
66	67	68	8.403842e+01
66	67	69	4.652345e+05
66	67	70	4.408047e+05
66	68	68	5.503403e+01
66	68	69	3.046670e+05
66	68	70	2.886687e+05
66	70	63	1.095906e+03
66	70	64	1.065943e+05
66	70	65	7.037112e+04
66	71	63	-8.731121e+02
66	71	64	-8.492400e+04
66	71	65	-5.606490e+04
66	72	63	1.330507e+04
66	72	64	1.294129e+06
66	72	65	8.543545e+05
66	74	63	2.196042e+03
66	74	64	9.036400e+03
66	74	65	4.783930e+04
66	75	63	2.657600e+04
66	75	64	1.093565e+05
66	75	65	5.789274e+05
66	75	66	-6.090223e+03
66	75	67	-5.048950e+03
66	76	63	7.812141e+03
66	76	64	3.214585e+04
66	76	65	1.700220e+05
66	76	66	-7.459874e+04
66	76	67	-6.184426e+04
66	77	65	-4.749054e+01
66	77	66	-2.210130e+04
66	77	67	-1.832254e+04
67	57	74	5.630097e+02
67	57	75	6.261098e+04
67	57	76	4.248497e+04
67	58	74	6.948137e+01
67	58	75	7.726859e+03
67	58	76	5.243095e+03
67	59	74	7.990617e+03
67	59	75	8.886176e+05
67	59	76	6.029755e+05
67	74	63	2.374198e+03
67	74	64	9.769488e+03
67	74	65	5.172032e+04
67	75	63	2.873201e+04
67	75	64	1.182281e+05
67	75	65	6.260508e+05
67	75	66	6.658969e+04
67	75	67	5.520455e+04
67	76	63	8.445910e+03
67	76	64	3.475372e+04
67	76	65	1.857412e+05
67	76	66	8.156527e+05
67	76	67	6.761969e+05
67	77	65	5.192553e+02
67	77	66	2.416527e+05
67	77	67	2.003362e+05
68	63	67	4.916473e+01
68	63	68	2.548293e+03
68	63	69	1.436217e+03
68	64	67	-5.080360e+01
68	64	68	-2.633239e+03
68	64	69	-1.484093e+03
68	65	67	5.691397e+02
68	65	68	2.949949e+04
68	65	69	1.662591e+04
68	69	74	3.578474e+00
68	69	75	3.102697e+02
68	69	76	4.708895e+02
68	70	54	3.813804e+02
68	70	55	2.788639e+03
68	70	56	7.548669e+02
68	70	57	4.921718e+01
68	70	74	1.605655e+02
68	70	75	1.392175e+04
68	70	76	2.112873e+04
68	71	54	3.836759e+02
68	71	55	7.551361e+03
68	71	56	4.426993e+04
68	71	57	1.056136e+04
68	71	74	2.846499e+02
68	71	75	2.468042e+04
68	71	76	3.745692e+04
68	72	54	6.106677e+03
68	72	55	4.790872e+04
68	72	56	4.194639e+04
68	72	57	8.001904e+03
69	63	67	5.219802e+02
69	63	68	2.705514e+04
69	63	69	1.524827e+04
69	64	67	-5.393801e+02
69	64	68	-2.795701e+04
69	64	69	-1.575656e+04
69	65	67	6.042537e+03
69	65	68	3.131951e+05
69	65	69	1.765167e+05
69	69	74	6.994941e+00
69	69	75	6.064927e+02
69	69	76	9.204604e+02
69	70	54	2.107894e+03
69	70	55	1.532486e+04
69	70	56	3.365643e+03
69	70	57	7.717555e+01
69	70	74	3.138618e+02
69	70	75	2.721322e+04
69	70	76	4.130090e+04
69	71	54	2.120581e+03
69	71	55	2.285902e+04
69	71	56	7.161306e+04
69	71	57	1.656086e+04
69	71	74	5.564129e+02
69	71	75	4.824348e+04
69	71	76	7.321806e+04
69	72	54	3.375167e+04
69	72	55	2.504893e+05
69	72	56	1.007122e+05
69	72	57	1.254748e+04
70	63	67	1.591828e+03
70	63	68	8.250719e+04
70	63	69	4.650103e+04
70	64	67	-1.644890e+03
70	64	68	-8.525751e+04
70	64	69	-4.805111e+04
70	65	67	1.842728e+04
70	65	68	9.551180e+05
70	65	69	5.383043e+05
70	69	74	6.390587e+01
70	69	75	5.540925e+03
70	69	76	8.409339e+03
70	70	54	9.232240e+03
70	70	55	6.734822e+04
70	70	56	1.682899e+04
70	70	57	8.424637e+02
70	70	74	2.867446e+03
70	70	75	2.486204e+05
70	70	76	3.773256e+05
70	71	54	9.287807e+03
70	71	55	1.489911e+05
70	71	56	7.617116e+05
70	71	57	1.807817e+05
70	71	74	5.083395e+03
70	71	75	4.407531e+05
70	71	76	6.689212e+05
70	72	54	1.478269e+05
70	72	55	1.134132e+06
70	72	56	7.805783e+05
70	72	57	1.369708e+05
71	63	65	1.430587e-01
71	63	66	4.029356e+03
71	63	67	4.126399e+03
71	64	65	3.712407e-01
71	64	66	1.045627e+04
71	64	67	1.070810e+04
71	65	65	2.726205e+00
71	65	66	7.678560e+04
71	65	67	7.863490e+04
72	15	96	9.504666e+02
72	15	97	-9.918920e+02
72	15	98	1.097912e+04
72	16	96	5.339619e+02
72	16	97	-5.572343e+02
72	16	98	6.167951e+03
72	17	94	2.169453e+01
72	17	95	1.840086e+02
72	17	96	1.499229e+04
72	17	97	-1.498835e+04
72	17	98	1.659040e+05
72	18	94	1.601751e+01
72	18	95	1.358573e+02
72	18	96	4.650799e+02
72	19	94	3.356624e+02
72	19	95	2.847021e+03
72	19	96	9.746201e+03
72	63	65	1.180652e+00
72	63	66	3.325396e+04
72	63	67	3.405484e+04
72	64	65	3.063820e+00
72	64	66	8.629477e+04
72	64	67	8.837309e+04
72	65	65	2.249915e+01
72	65	66	6.337054e+05
72	65	67	6.489676e+05
73	15	96	-1.067797e+03
73	15	97	1.114336e+03
73	15	98	-1.233444e+04
73	16	96	-5.998769e+02
73	16	97	6.260221e+02
73	16	98	-6.929354e+03
73	17	94	1.135452e+03
73	17	95	9.630678e+03
73	17	96	1.683333e+04
73	17	97	1.683859e+04
73	17	98	-1.863841e+05
73	18	94	8.383273e+02
73	18	95	7.110523e+03
73	18	96	2.434144e+04
73	19	94	1.756796e+04
73	19	95	1.490079e+05
73	19	96	5.100984e+05
73	63	65	2.624800e-01
73	63	66	7.392947e+03
73	63	67	7.570998e+03
73	64	65	6.811417e-01
73	64	66	1.918486e+04
73	64	67	1.964691e+04
73	65	65	5.001962e+00
73	65	66	1.408840e+05
73	65	67	1.442770e+05
73	69	55	9.291639e+00
73	69	56	-1.621352e+01
73	69	57	9.046514e+01
73	70	55	9.949438e+03
73	70	56	-1.736135e+04
73	70	57	9.686960e+04
73	71	55	8.796576e+03
73	71	56	-1.534966e+04
73	71	57	8.564511e+04
73	81	38	3.927229e-02
73	81	39	3.100489e-01
73	81	40	1.103465e+00
73	82	38	8.158156e+00
73	82	39	6.440744e+01
73	82	40	2.292262e+02
73	83	38	1.071347e+01
73	83	39	8.458128e+01
73	83	40	3.010249e+02
74	15	96	1.079355e+04
74	15	97	-1.126398e+04
74	15	98	1.246794e+05
74	16	96	6.063699e+03
74	16	97	-6.327981e+03
74	16	98	7.004356e+04
74	17	94	1.932853e+03
74	17	95	1.639407e+04
74	17	96	2.192217e+05
74	17	97	-1.702085e+05
74	17	98	1.884015e+06
74	18	94	1.427065e+03
74	18	95	1.210407e+04
74	18	96	4.143585e+04
74	19	94	2.990552e+04
74	19	95	2.536526e+05
74	19	96	8.683283e+05
74	40	88	1.305751e+03
74	40	89	-1.982515e+03
74	40	90	1.351545e+04
74	41	88	-2.590080e+03
74	41	89	3.932506e+03
74	41	90	-2.680918e+04
74	42	88	1.181584e+04
74	42	89	-1.793994e+04
74	42	90	1.223025e+05
74	69	55	-7.948102e+00
74	69	56	1.386910e+01
74	69	57	-7.738421e+01
74	70	55	-8.510785e+03
74	70	56	1.485096e+04
74	70	57	-8.286261e+04
74	71	55	-7.524623e+03
74	71	56	1.313015e+04
74	71	57	-7.326114e+04
74	81	38	5.441240e+01
74	81	39	4.295779e+02
74	81	40	1.528869e+03
74	82	38	1.130326e+04
74	82	39	8.923758e+04
74	82	40	3.175967e+05
74	83	38	1.484369e+04
74	83	39	1.171888e+05
74	83	40	4.170750e+05
75	40	88	1.851643e+04
75	40	89	-2.811341e+04
75	40	90	1.916583e+05
75	41	81	4.679700e+01
75	41	82	-7.142698e+01
75	41	83	4.833896e+02
75	41	86	1.590169e+03
75	41	87	-2.165397e+03
75	41	88	-1.962199e+04
75	41	89	5.576561e+04
75	41	90	-3.801724e+05
75	42	81	4.591624e+02
75	42	82	-7.008265e+02
75	42	83	4.742918e+03
75	42	86	-3.077600e+03
75	42	87	4.190891e+03
75	42	88	1.344478e+05
75	42	89	-2.544006e+05
75	42	90	1.734332e+06
75	43	81	1.167288e+02
75	43	82	-1.781650e+02
75	43	83	1.205751e+03
75	43	86	1.461652e+04
75	43	87	-1.990390e+04
75	43	88	1.572451e+05
75	69	55	1.115217e+02
75	69	56	-1.946007e+02
75	69	57	1.085796e+03
75	70	55	1.194169e+05
75	70	56	-2.083774e+05
75	70	57	1.162665e+06
75	71	55	1.055798e+05
75	71	56	-1.842323e+05
75	71	57	1.027945e+06
75	81	38	6.054089e+01
75	81	39	4.779614e+02
75	81	40	1.701066e+03
75	82	38	1.257635e+04
75	82	39	9.928844e+04
75	82	40	3.533677e+05
75	83	38	1.651554e+04
75	83	39	1.303878e+05
75	83	40	4.640503e+05
76	40	88	6.007558e+03
76	40	89	-9.121247e+03
76	40	90	6.218253e+04
76	41	81	6.545736e+03
76	41	82	-9.990857e+03
76	41	83	6.761419e+04
76	41	86	1.746339e+04
76	41	87	-2.378060e+04
76	41	88	1.759553e+05
76	41	89	1.809286e+04
76	41	90	-1.233449e+05
76	42	81	6.422539e+04
76	42	82	-9.800997e+04
76	42	83	6.638069e+05
76	42	84	1.578446e+02
76	42	86	-3.379850e+04
76	42	87	4.602477e+04
76	42	88	-3.092427e+05
76	42	89	-8.253892e+04
76	42	90	5.626949e+05
76	43	81	1.632746e+04
76	43	82	-2.479030e+04
76	43	83	1.714521e+05
76	43	84	1.130372e+03
76	43	86	1.605200e+05
76	43	87	-2.185865e+05
76	43	88	1.726881e+06
76	44	82	2.571649e+01
76	44	83	5.510460e+02
76	44	84	2.226524e+02
77	30	102	8.931742e+01
77	30	103	9.130497e+01
77	30	104	1.433051e+03
77	31	102	2.026154e+03
77	31	103	2.317212e+03
77	31	104	3.298238e+04
77	32	102	9.161873e+02
77	32	103	1.183573e+03
77	32	104	1.517553e+04
77	40	94	3.984746e-02
77	40	95	1.740358e+02
77	40	96	1.848520e+02
77	41	81	9.110780e+03
77	41	82	-1.390592e+04
77	41	83	9.410981e+04
77	41	86	4.810324e+03
77	41	87	-6.550412e+03
77	41	88	5.174966e+04
77	41	94	1.309008e+00
77	41	95	5.717158e+03
77	41	96	6.072476e+03
77	42	81	8.939307e+04
77	42	82	-1.335374e+05
77	42	83	9.856254e+05
77	42	84	2.514815e+04
77	42	86	-9.309862e+03
77	42	87	1.267761e+04
77	42	88	-1.001559e+05
77	42	94	6.335893e-01
77	42	95	2.767233e+03
77	42	96	2.939215e+03
77	43	81	2.272562e+04
77	43	82	-1.388558e+04
77	43	83	6.804600e+05
77	43	84	1.800933e+05
77	43	86	4.421555e+04
77	43	87	-6.021009e+04
77	43	88	4.756727e+05
77	44	82	4.097207e+03
77	44	83	8.779385e+04
77	44	84	3.547347e+04
78	30	102	2.549424e+03
78	30	103	2.606187e+03
78	30	104	4.090423e+04
78	31	102	7.960778e+04
78	31	103	1.172956e+05
78	31	104	1.346449e+06
78	32	102	4.801652e+04
78	32	103	8.515100e+04
78	32	104	8.398726e+05
78	40	94	1.602214e+00
78	40	95	6.997749e+03
78	40	96	7.432655e+03
78	41	94	5.263348e+01
78	41	95	2.298794e+05
78	41	96	2.441662e+05
78	42	82	3.961346e+03
78	42	83	8.488265e+04
78	42	84	3.429719e+04
78	42	94	2.547579e+01
78	42	95	1.112668e+05
78	42	96	1.181819e+05
78	43	82	2.836836e+04
78	43	83	6.078695e+05
78	43	84	2.456122e+05
78	44	82	5.587794e+03
78	44	83	1.197337e+05
78	44	84	4.837891e+04
78	70	67	1.309406e+02
78	70	68	1.093063e+03
78	70	69	2.452768e+02
78	71	67	3.112436e+02
78	71	68	2.598191e+03
78	71	69	5.830186e+02
78	72	67	2.442346e+03
78	72	68	2.038815e+04
78	72	69	4.574979e+03
79	11	84	1.386071e+00
79	11	85	7.549209e+02
79	11	86	8.943701e+02
79	12	84	1.164760e+01
79	12	85	6.343840e+03
79	12	86	7.515676e+03
79	13	84	2.627711e+00
79	13	85	1.431178e+03
79	13	86	1.695545e+03
79	30	102	1.168097e+03
79	30	103	1.194114e+03
79	30	104	1.874154e+04
79	31	102	4.338588e+04
79	31	103	6.997882e+04
79	31	104	7.454691e+05
79	32	102	2.894026e+04
79	32	103	5.531852e+04
79	32	104	5.139023e+05
79	40	94	2.928868e+00
79	40	95	1.279198e+04
79	40	96	1.358699e+04
79	41	94	9.621470e+01
79	41	95	4.202225e+05
79	41	96	4.463391e+05
79	42	94	4.657008e+01
79	42	95	2.033972e+05
79	42	96	2.160382e+05
79	70	67	5.354592e+03
79	70	68	4.469892e+04
79	70	69	1.003017e+04
79	71	67	1.272777e+04
79	71	68	1.062485e+05
79	71	69	2.384154e+04
79	72	67	9.987552e+04
79	72	68	8.337382e+05
79	72	69	1.870859e+05
80	7	84	8.043731e-02
80	7	85	5.669539e+00
80	7	86	8.990724e+00
80	8	84	5.625167e+01
80	8	85	3.964840e+03
80	8	86	6.287421e+03
80	9	84	4.828794e+01
80	9	85	3.403524e+03
80	9	86	5.397290e+03
80	11	84	5.279861e+01
80	11	85	2.875666e+04
80	11	86	3.406859e+04
80	12	84	4.436834e+02
80	12	85	2.416513e+05
80	12	86	2.862892e+05
80	13	84	1.000955e+02
80	13	85	5.451681e+04
80	13	86	6.458717e+04
80	22	99	2.051426e+00
80	22	100	1.248637e+04
80	22	101	1.314107e+04
80	23	99	1.382811e+01
80	23	100	8.416724e+04
80	23	101	8.858042e+04
80	24	99	2.577972e+00
80	24	100	1.569128e+04
80	24	101	1.651403e+04
80	70	67	2.801145e+03
80	70	68	2.338332e+04
80	70	69	5.247078e+03
80	71	67	6.658272e+03
80	71	68	5.558174e+04
80	71	69	1.247221e+04
80	72	67	5.224783e+04
80	72	68	4.361530e+05
80	72	69	9.787013e+04
81	3	83	2.024344e+01
81	3	84	4.734629e+01
81	3	85	3.761478e+02
81	4	83	-3.957352e+01
81	4	84	-9.255639e+01
81	4	85	-7.353244e+02
81	5	83	1.849108e+02
81	5	84	4.324781e+02
81	5	85	3.435870e+03
81	7	84	5.311923e+00
81	7	85	3.744053e+02
81	7	86	5.937299e+02
81	8	84	3.714751e+03
81	8	85	2.618303e+05
81	8	86	4.152090e+05
81	9	84	3.188841e+03
81	9	85	2.247621e+05
81	9	86	3.564265e+05
81	11	84	9.804178e+01
81	11	85	5.339826e+04
81	11	86	6.326200e+04
81	12	84	8.238762e+02
81	12	85	4.487225e+05
81	12	86	5.316107e+05
81	13	84	1.858674e+02
81	13	85	1.012323e+05
81	13	86	1.199320e+05
81	22	99	1.365509e+01
81	22	100	8.311410e+04
81	22	101	8.747206e+04
81	23	99	9.204527e+01
81	23	100	5.602498e+05
81	23	101	5.896256e+05
81	24	99	1.715998e+01
81	24	100	1.044473e+05
81	24	101	1.099238e+05
82	3	83	4.991737e+03
82	3	84	1.167491e+04
82	3	85	9.275259e+04
82	4	83	-9.758254e+03
82	4	84	-2.282306e+04
82	4	85	-1.813203e+05
82	5	83	4.559633e+04
82	5	84	1.066428e+05
82	5	85	8.472356e+05
82	7	84	3.201598e+00
82	7	85	2.256612e+02
82	7	86	3.578523e+02
82	8	84	2.238951e+03
82	8	85	1.578101e+05
82	8	86	2.502544e+05
82	9	84	1.921976e+03
82	9	85	1.354684e+05
82	9	86	2.148251e+05
82	22	99	2.516066e+00
82	22	100	1.531448e+04
82	22	101	1.611747e+04
82	23	99	1.696012e+01
82	23	100	1.032308e+05
82	23	101	1.086435e+05
82	24	99	3.161873e+00
82	24	100	1.924530e+04
82	24	101	2.025440e+04
83	3	83	6.412687e+03
83	3	84	1.499829e+04
83	3	85	1.191556e+05
83	4	83	-1.253604e+04
83	4	84	-2.931988e+04
83	4	85	-2.329350e+05
83	5	83	5.857579e+04
83	5	84	1.369998e+05
83	5	85	1.088410e+06
87	9	86	5.284345e+02
87	9	87	-1.980289e+02
87	9	88	6.925825e+03
87	10	86	1.128171e+04
87	10	87	-4.227780e+03
87	10	88	1.478616e+05
87	11	86	4.550509e+03
87	11	87	-1.705286e+03
87	11	88	5.964037e+04
87	91	37	5.170842e-02
87	91	38	1.541218e+01
87	91	39	1.936293e+01
87	92	37	1.920710e+01
87	92	38	5.724858e+03
87	92	39	7.192363e+03
87	93	37	2.357144e+01
87	93	38	7.025691e+03
87	93	39	8.826649e+03
88	9	86	-9.043699e+02
88	9	87	3.389093e+02
88	9	88	-1.185295e+04
88	10	86	-1.930767e+04
88	10	87	7.235480e+03
88	10	88	-2.530523e+05
88	11	86	-7.787802e+03
88	11	87	2.918450e+03
88	11	88	-1.020693e+05
88	91	37	1.116230e+00
88	91	38	3.327028e+02
88	91	39	4.179875e+02
88	92	37	4.146238e+02
88	92	38	1.235825e+05
88	92	39	1.552616e+05
88	93	37	5.088367e+02
88	93	38	1.516636e+05
88	93	39	1.905409e+05
89	9	86	5.194101e+03
89	9	87	-1.946470e+03
89	9	88	6.807549e+04
89	10	86	1.108905e+05
89	10	87	-4.155580e+04
89	10	88	1.453365e+06
89	11	86	4.472797e+04
89	11	87	-1.676164e+04
89	11	88	5.862185e+05
89	91	37	2.503779e+00
89	91	38	7.462751e+02
89	91	39	9.375745e+02
89	92	37	9.300293e+02
89	92	38	2.772040e+05
89	92	39	3.482622e+05
89	93	37	1.141355e+03
89	93	38	3.401918e+05
89	93	39	4.273962e+05
90	14	91	3.105808e+01
90	14	92	1.254778e+03
90	14	93	2.290620e+03
90	15	91	8.733884e+02
90	15	92	3.528577e+04
90	15	93	6.441483e+04
90	16	91	3.977486e+02
90	16	92	1.606944e+04
90	16	93	2.933506e+04
91	14	91	-1.232365e+01
91	14	92	-4.978879e+02
91	14	93	-9.089036e+02
91	15	91	-3.465550e+02
91	15	92	-1.400117e+04
91	15	93	-2.555940e+04
91	16	91	-1.578241e+02
91	16	92	-6.376254e+03
91	16	93	-1.163997e+04
92	14	91	4.055250e+02
92	14	92	1.638362e+04
92	14	93	2.990860e+04
92	15	91	1.140382e+04
92	15	92	4.607259e+05
92	15	93	8.410636e+05
92	16	91	5.193399e+03
92	16	92	2.098185e+05
92	16	93	3.830276e+05
104	8	102	5.112529e-01
104	8	103	3.813008e+02
104	8	104	4.408403e+02
104	9	102	3.075199e+00
104	9	103	2.293534e+03
104	9	104	2.651666e+03
104	10	102	5.138155e-01
104	10	103	3.832121e+02
104	10	104	4.430500e+02
105	8	102	6.560189e+01
105	8	103	4.892697e+04
105	8	104	5.656684e+04
105	9	102	3.945970e+02
105	9	103	2.942969e+05
105	9	104	3.402509e+05
105	10	102	6.593071e+01
105	10	103	4.917221e+04
105	10	104	5.685037e+04
106	8	102	9.261509e+01
106	8	103	6.907386e+04
106	8	104	7.985963e+04
106	9	102	5.570821e+02
106	9	103	4.154810e+05
106	9	104	4.803577e+05
106	10	102	9.307932e+01
106	10	103	6.942009e+04
106	10	104	8.025992e+04
108	12	99	4.561392e-01
108	12	100	7.448477e-01
108	12	101	7.865046e+00
108	13	99	1.320514e+01
108	13	100	2.156320e+01
108	13	101	2.276916e+02
108	14	99	2.671127e+01
108	14	100	4.361789e+01
108	14	101	4.605730e+02
109	12	99	6.138803e+02
109	12	100	1.002429e+03
109	12	101	1.058492e+04
109	13	99	1.777172e+04
109	13	100	2.902014e+04
109	13	101	3.064314e+05
109	14	99	3.594851e+04
109	14	100	5.870174e+04
109	14	101	6.198474e+05
110	12	99	5.500641e+02
110	12	100	8.982214e+02
110	12	101	9.484560e+03
110	13	99	1.592425e+04
110	13	100	2.600334e+04
110	13	101	2.745762e+05
110	14	99	3.221147e+04
110	14	100	5.259938e+04
110	14	101	5.554109e+05
111	19	93	1.305927e+00
111	19	94	4.577907e+01
111	19	95	2.269623e+01
111	20	93	5.117946e+02
111	20	94	1.794088e+04
111	20	95	8.894687e+03
111	21	93	6.247422e+02
111	21	94	2.190025e+04
111	21	95	1.085765e+04
112	19	93	8.667051e+00
112	19	94	3.038222e+02
112	19	95	1.506282e+02
112	20	93	3.396630e+03
112	20	94	1.190684e+05
112	20	95	5.903141e+04
112	21	93	4.146230e+03
112	21	94	1.453455e+05
112	21	95	7.205902e+04
113	19	93	3.402451e+01
113	19	94	1.192724e+03
113	19	95	5.913259e+02
113	20	93	1.333426e+04
113	20	94	4.674304e+05
113	20	95	2.317415e+05
113	21	93	1.627699e+04
113	21	94	5.705874e+05
113	21	95	2.828844e+05
