0.2270	1.064105e+00	2
49	60	60	1.409918e+01
49	60	61	4.952276e+02
49	60	62	9.421440e+02
49	61	60	4.952276e+02
49	61	61	1.739465e+04
49	61	62	3.309239e+04
49	62	60	9.421440e+02
49	62	61	3.309239e+04
49	62	62	6.295650e+04
50	60	60	1.422656e+02
50	60	61	4.997017e+03
50	60	62	9.506557e+03
50	61	60	4.997017e+03
50	61	61	1.755180e+05
50	61	62	3.339136e+05
50	62	60	9.506557e+03
50	62	61	3.339136e+05
50	62	62	6.352528e+05
51	60	60	3.691324e+01
51	60	61	1.296561e+03
51	60	62	2.466638e+03
51	61	60	1.296561e+03
51	61	61	4.554114e+04
51	61	62	8.663958e+04
51	62	60	2.466638e+03
51	62	61	8.663958e+04
51	62	62	1.648272e+05
75	64	64	1.409918e+01
75	64	65	8.998464e+02
75	64	66	5.375251e+02
75	65	64	8.998464e+02
75	65	65	5.743053e+04
75	65	66	3.430625e+04
75	66	64	5.375251e+02
75	66	65	3.430625e+04
75	66	66	2.049291e+04
76	64	64	-5.384310e+00
76	64	65	-3.436407e+02
76	64	66	-2.052745e+02
76	65	64	-3.436407e+02
76	65	65	-2.193204e+04
76	65	66	-1.310115e+04
76	66	64	-2.052745e+02
76	66	65	-1.310115e+04
76	66	66	-7.825998e+03
77	64	64	1.845632e+02
77	64	65	1.177930e+04
77	64	66	7.036389e+03
77	65	64	1.177930e+04
77	65	65	7.517854e+05
77	65	66	4.490806e+05
77	66	64	7.036389e+03
77	66	65	4.490806e+05
77	66	66	2.682592e+05
