0.1816	-3.767890e+00	2
51	66	62	2.710549e-21
51	66	63	2.259199e+03
51	66	64	2.259199e+03
51	67	62	1.067209e-20
51	67	63	8.895020e+03
51	67	64	8.895020e+03
51	68	62	5.820281e-20
51	68	63	4.851112e+04
51	68	64	4.851112e+04
52	66	62	1.961131e-21
52	66	63	1.634571e+03
52	66	64	1.634571e+03
52	67	62	7.721451e-21
52	67	63	6.435707e+03
52	67	64	6.435707e+03
52	68	62	4.211078e-20
52	68	63	3.509867e+04
52	68	64	3.509867e+04
53	66	62	4.185652e-20
53	66	63	3.488675e+04
53	66	64	3.488675e+04
53	67	62	1.647994e-19
53	67	63	1.373577e+05
53	67	64	1.373577e+05
53	68	62	8.987728e-19
53	68	63	7.491128e+05
53	68	64	7.491128e+05
73	58	62	2.675496e-21
73	58	63	2.259199e+03
73	58	64	2.259199e+03
73	59	62	4.942365e-20
73	59	63	4.173352e+04
73	59	64	4.173352e+04
73	60	62	1.856057e-20
73	60	63	1.567262e+04
73	60	64	1.567262e+04
74	58	62	3.328876e-20
74	58	63	2.810915e+04
74	58	64	2.810915e+04
74	59	62	6.149334e-19
74	59	63	5.192520e+05
74	59	64	5.192520e+05
74	60	62	2.309322e-19
74	60	63	1.950000e+05
74	60	64	1.950000e+05
75	58	62	9.962259e-21
75	58	63	8.412169e+03
75	58	64	8.412169e+03
75	59	62	1.840299e-19
75	59	63	1.553955e+05
75	59	64	1.553955e+05
75	60	62	6.911063e-20
75	60	63	5.835727e+04
75	60	64	5.835727e+04
