0.0178	-4.570200e+06	765
2	0	123	6.226092e-01
2	0	124	6.490933e+00
2	0	125	1.997432e+01
2	1	123	1.397152e+02
2	1	124	1.456583e+03
2	1	125	4.482292e+03
2	2	123	1.816290e+02
2	2	124	1.893550e+03
2	2	125	5.826954e+03
3	0	123	3.362973e+01
3	0	124	3.506025e+02
3	0	125	1.078897e+03
3	1	123	7.546604e+03
3	1	124	7.867617e+04
3	1	125	2.421074e+05
3	2	123	9.810542e+03
3	2	124	1.022786e+05
3	2	125	3.147382e+05
4	0	123	5.679272e+01
4	0	124	5.920853e+02
4	0	125	1.822003e+03
4	1	123	1.274444e+04
4	1	124	1.328656e+05
4	1	125	4.088626e+05
4	2	123	1.656770e+04
4	2	124	1.727245e+05
4	2	125	5.315189e+05
30	65	68	1.250993e-01
30	65	69	4.528669e+00
30	65	70	8.537371e+00
30	66	68	1.156001e+02
30	66	69	4.184791e+03
30	66	70	7.889098e+03
30	67	68	1.012398e+02
30	67	69	3.664940e+03
30	67	70	6.909084e+03
31	65	68	7.024248e+00
31	65	69	2.542819e+02
31	65	70	4.793679e+02
31	66	68	6.490871e+03
31	66	69	2.349734e+05
31	66	70	4.429678e+05
31	67	68	5.684550e+03
31	67	69	2.057841e+05
31	67	70	3.879406e+05
32	65	68	4.051456e+00
32	65	69	1.466651e+02
32	65	70	2.764905e+02
32	66	68	3.743814e+03
32	66	69	1.355283e+05
32	66	70	2.554956e+05
32	67	68	3.278744e+03
32	67	69	1.186924e+05
32	67	70	2.237570e+05
38	74	40	7.022369e+02
38	74	41	6.938759e+03
38	74	42	1.773098e+03
38	75	40	-1.802775e+01
38	75	41	-1.781311e+02
38	75	42	-4.551878e+01
38	76	40	9.742009e+03
38	76	41	9.626019e+04
38	76	42	2.459788e+04
38	76	66	1.109052e+03
38	76	67	7.012087e+03
38	76	68	1.230410e+03
38	77	66	2.582158e+03
38	77	67	1.632593e+04
38	77	68	2.864709e+03
38	78	66	2.058563e+04
38	78	67	1.301546e+05
38	78	68	2.283821e+04
39	74	40	-6.062571e+01
39	74	41	-5.990388e+02
39	74	42	-1.530756e+02
39	75	40	1.556377e+00
39	75	41	1.537846e+01
39	75	42	3.929740e+00
39	76	40	-8.410498e+02
39	76	41	-8.310361e+03
39	76	42	-2.123591e+03
39	76	66	8.292303e+03
39	76	67	5.242886e+04
39	76	68	9.199684e+03
39	77	66	1.930660e+04
39	77	67	1.220678e+05
39	77	68	2.141922e+04
39	78	66	1.539173e+05
39	78	67	9.731563e+05
39	78	68	1.707596e+05
40	74	40	9.649757e+03
40	74	41	9.534865e+04
40	74	42	2.436495e+04
40	74	64	2.416670e+02
40	74	65	-1.665673e+02
40	74	66	2.994551e+03
40	75	40	-2.477276e+02
40	75	41	-2.447781e+03
40	75	42	-6.254943e+02
40	75	64	6.277701e+03
40	75	65	-4.326861e+03
40	75	66	7.778841e+04
40	76	40	1.338694e+05
40	76	41	1.322755e+06
40	76	42	3.380106e+05
40	76	64	2.765799e+03
40	76	65	-1.906307e+03
40	76	66	3.596815e+04
40	76	67	1.072635e+04
40	76	68	1.882151e+03
40	77	66	3.949911e+03
40	77	67	2.497368e+04
40	77	68	4.382128e+03
40	78	66	3.148972e+04
40	78	67	1.990967e+05
40	78	68	3.493547e+04
41	74	64	3.039622e+03
41	74	65	-2.095038e+03
41	74	66	3.766465e+04
41	75	64	7.895921e+04
41	75	65	-5.442209e+04
41	75	66	9.784015e+05
41	76	64	3.478746e+04
41	76	65	-2.397702e+04
41	76	66	4.310594e+05
42	74	64	9.159847e+02
42	74	65	-6.313361e+02
42	74	66	1.135017e+04
42	75	64	2.379422e+04
42	75	65	-1.640000e+04
42	75	66	2.948396e+05
42	76	64	1.048314e+04
42	76	65	-7.225431e+03
42	76	66	1.298990e+05
42	76	68	1.535676e+02
42	76	69	1.856580e+03
42	76	70	5.317712e+03
42	77	68	2.345976e+03
42	77	69	2.836204e+04
42	77	70	8.123604e+04
42	78	68	7.948801e+02
42	78	69	9.609827e+03
42	78	70	2.752496e+04
43	65	55	1.695619e+00
43	65	56	2.512275e+02
43	65	57	1.797075e+02
43	66	55	2.358807e+02
43	66	56	3.494873e+04
43	66	57	2.499944e+04
43	67	55	1.668957e+02
43	67	56	2.472772e+04
43	67	57	1.768818e+04
43	68	68	1.080303e-02
43	68	69	3.080683e-01
43	68	70	1.410973e-01
43	69	68	2.094014e+03
43	69	69	5.971463e+04
43	69	70	2.734968e+04
43	70	68	2.113114e+03
43	70	69	6.025932e+04
43	70	70	2.759915e+04
43	71	65	4.051208e+02
43	71	66	6.751481e+03
43	71	67	1.677346e+04
43	72	65	-7.422022e+02
43	72	66	-1.236906e+04
43	72	67	-3.072985e+04
43	73	65	3.844926e+03
43	73	66	6.407706e+04
43	73	67	1.591938e+05
43	76	68	-9.057573e+01
43	76	69	-1.095029e+03
43	76	70	-3.136440e+03
43	77	68	-1.383680e+03
43	77	69	-1.672822e+04
43	77	70	-4.791383e+04
43	78	68	-4.688283e+02
43	78	69	-5.667973e+03
43	78	70	-1.623450e+04
43	81	66	3.743665e-02
43	81	67	1.540746e-01
43	81	68	8.155817e-01
43	82	66	5.185684e+02
43	82	67	2.134224e+03
43	82	68	1.129735e+04
43	83	66	5.012043e+02
43	83	67	2.062760e+03
43	83	68	1.091906e+04
43	92	37	3.729549e+02
43	92	38	-3.755635e+02
43	92	39	4.341180e+03
43	93	37	1.249722e+03
43	93	38	-1.258463e+03
43	93	39	1.454671e+04
43	94	37	7.619929e+03
43	94	38	-7.673225e+03
43	94	39	8.869567e+04
44	65	55	2.412015e+01
44	65	56	3.573707e+03
44	65	57	2.556336e+03
44	66	55	3.355400e+03
44	66	56	4.971451e+05
44	66	57	3.556167e+05
44	67	55	2.374089e+03
44	67	56	3.517515e+05
44	67	57	2.516141e+05
44	68	68	-1.150215e-02
44	68	69	-3.280049e-01
44	68	70	-1.502283e-01
44	69	68	-2.229527e+03
44	69	69	-6.357905e+04
44	69	70	-2.911961e+04
44	70	68	-2.249864e+03
44	70	69	-6.415899e+04
44	70	70	-2.938523e+04
44	71	65	-6.091513e+02
44	71	66	-1.015172e+04
44	71	67	-2.522106e+04
44	72	65	1.115997e+03
44	72	66	1.859848e+04
44	72	67	4.620629e+04
44	73	65	-5.781342e+03
44	73	66	-9.634812e+04
44	73	67	-2.393684e+05
44	75	58	8.509003e-01
44	75	59	6.932947e+01
44	75	60	4.400266e+01
44	76	58	8.919778e-01
44	76	59	7.267638e+01
44	76	60	4.612691e+01
44	76	68	1.938039e+03
44	76	69	2.343023e+04
44	76	70	6.711008e+04
44	77	58	1.369644e+01
44	77	59	1.115955e+03
44	77	60	7.082847e+02
44	77	68	2.960646e+04
44	77	69	3.579320e+05
44	77	70	1.025207e+06
44	77	71	5.345717e-01
44	77	72	4.587313e+03
44	77	73	4.392939e+03
44	78	68	1.003147e+04
44	78	69	1.212770e+05
44	78	70	3.473679e+05
44	78	71	-8.316757e-01
44	78	72	-7.136847e+03
44	78	73	-6.834445e+03
44	79	38	1.258837e+00
44	79	39	1.093251e+00
44	79	40	1.980883e+01
44	79	71	5.480029e+00
44	79	72	4.702569e+04
44	79	73	4.503312e+04
44	80	38	1.903622e+02
44	80	39	1.653223e+02
44	80	40	2.995506e+03
44	81	38	1.366423e+02
44	81	39	1.186686e+02
44	81	40	2.150179e+03
44	81	66	8.652582e-01
44	81	67	3.561064e+00
44	81	68	1.885021e+01
44	82	66	1.198546e+04
44	82	67	4.932746e+04
44	82	68	2.611110e+05
44	83	66	1.158413e+04
44	83	67	4.767574e+04
44	83	68	2.523678e+05
44	90	65	5.708824e+00
44	90	66	-5.571224e+00
44	90	67	6.687854e+01
44	91	65	6.340006e+01
44	91	66	-6.187193e+01
44	91	67	7.427280e+02
44	92	37	5.108896e+03
44	92	38	-5.144629e+03
44	92	39	5.946735e+04
44	92	65	1.891254e+02
44	92	66	-1.845669e+02
44	92	67	2.215593e+03
44	93	37	1.711922e+04
44	93	38	-1.723896e+04
44	93	39	1.992671e+05
44	94	37	1.043811e+05
44	94	38	-1.051111e+05
44	94	39	1.214991e+06
45	65	55	7.840180e+00
45	65	56	1.161622e+03
45	65	57	8.309291e+02
45	66	55	1.090662e+03
45	66	56	1.615955e+05
45	66	57	1.155921e+05
45	67	55	7.716903e+02
45	67	56	1.143357e+05
45	67	57	8.178637e+04
45	68	68	1.242335e-01
45	68	69	3.542745e+00
45	68	70	1.622600e+00
45	69	68	2.408088e+04
45	69	69	6.867103e+05
45	69	70	3.145177e+05
45	70	68	2.430053e+04
45	70	69	6.929742e+05
45	70	70	3.173866e+05
45	71	58	9.924765e+00
45	71	59	5.097811e+00
45	71	60	1.489859e+02
45	71	65	4.208970e+03
45	71	66	7.014398e+04
45	71	67	1.742666e+05
45	72	58	5.295694e+03
45	72	59	2.720109e+03
45	72	60	7.949648e+04
45	72	65	-7.711051e+03
45	72	66	-1.285074e+05
45	72	67	-3.192654e+05
45	73	58	4.445567e+03
45	73	59	2.283445e+03
45	73	60	6.673478e+04
45	73	65	3.994655e+04
45	73	66	6.657235e+05
45	73	67	1.653932e+06
45	75	58	4.567742e+02
45	75	59	3.721695e+04
45	75	60	2.362120e+04
45	76	58	4.788252e+02
45	76	59	3.901361e+04
45	76	60	2.476152e+04
45	77	58	7.352423e+03
45	77	59	5.990592e+05
45	77	60	3.802163e+05
45	77	61	7.103924e-01
45	77	62	6.810004e+01
45	77	63	4.481916e+01
45	77	71	1.551951e+00
45	77	72	1.331773e+04
45	77	73	1.275343e+04
45	78	61	5.069605e+01
45	78	62	4.859854e+03
45	78	63	3.198450e+03
45	78	71	-2.414493e+00
45	78	72	-2.071945e+04
45	78	73	-1.984153e+04
45	79	38	1.870702e+02
45	79	39	1.624633e+02
45	79	40	2.943704e+03
45	79	61	3.116474e+01
45	79	62	2.987532e+03
45	79	63	1.966206e+03
45	79	71	1.590943e+01
45	79	72	1.365234e+05
45	79	73	1.307386e+05
45	80	38	2.828890e+04
45	80	39	2.456782e+04
45	80	40	4.451491e+05
45	81	38	2.030582e+04
45	81	39	1.763482e+04
45	81	40	3.195287e+05
45	81	66	1.892527e+00
45	81	67	7.788900e+00
45	81	68	4.122993e+01
45	82	64	8.597482e+00
45	82	65	1.672227e+02
45	82	66	2.627954e+04
45	82	67	1.078910e+05
45	82	68	5.711125e+05
45	83	64	4.344109e+01
45	83	65	8.449375e+02
45	83	66	2.566298e+04
45	83	67	1.042783e+05
45	83	68	5.519889e+05
45	84	64	2.012131e+02
45	84	65	3.913634e+03
45	84	66	1.508603e+03
45	86	65	4.536547e+01
45	86	66	8.555572e+02
45	86	67	3.247115e+02
45	87	65	2.262113e+03
45	87	66	4.266168e+04
45	87	67	1.619148e+04
45	88	65	3.899041e+03
45	88	66	7.353285e+04
45	88	67	2.790809e+04
45	90	65	2.127222e+03
45	90	66	-2.075950e+03
45	90	67	2.492029e+04
45	91	65	2.362414e+04
45	91	66	-2.305472e+04
45	91	67	2.767554e+05
45	92	37	1.623452e+03
45	92	38	-1.634807e+03
45	92	39	1.889692e+04
45	92	52	1.999675e+00
45	92	53	2.690498e+01
45	92	54	7.334892e+01
45	92	65	7.047192e+04
45	92	66	-6.877333e+04
45	92	67	8.255744e+05
45	93	37	5.439969e+03
45	93	38	-5.478018e+03
45	93	39	6.332102e+04
45	93	52	2.545844e+01
45	93	53	3.425351e+02
45	93	54	9.338264e+02
45	94	37	3.316913e+04
45	94	38	-3.340112e+04
45	94	39	3.860873e+05
45	94	52	7.118116e+01
45	94	53	9.577196e+02
45	94	54	2.610955e+03
46	71	58	-6.811142e+00
46	71	59	-3.498512e+00
46	71	60	-1.022457e+02
46	72	58	-3.634315e+03
46	72	59	-1.866749e+03
46	72	60	-5.455664e+04
46	73	58	-3.050892e+03
46	73	59	-1.567077e+03
46	73	60	-4.579857e+04
46	75	58	3.836517e+02
46	75	59	3.125909e+04
46	75	60	1.983980e+04
46	76	58	4.021726e+02
46	76	59	3.276813e+04
46	76	60	2.079758e+04
46	77	58	6.175413e+03
46	77	59	5.031590e+05
46	77	60	3.193495e+05
46	77	61	4.115585e+01
46	77	62	3.945306e+03
46	77	63	2.596552e+03
46	77	71	1.048923e+01
46	77	72	9.001106e+04
46	77	73	8.619711e+04
46	78	61	2.937024e+03
46	78	62	2.815507e+05
46	78	63	1.869374e+05
46	78	64	1.122095e+04
46	78	65	2.122736e+03
46	78	71	-1.631892e+01
46	78	72	-1.400373e+05
46	78	73	-1.341037e+05
46	79	38	2.578814e+02
46	79	39	2.239601e+02
46	79	40	4.057976e+03
46	79	61	1.805497e+03
46	79	62	1.730796e+05
46	79	63	1.274551e+05
46	79	64	9.276269e+04
46	79	65	1.754848e+04
46	79	71	1.075277e+02
46	79	72	9.227258e+05
46	79	73	8.836281e+05
46	80	38	3.899702e+04
46	80	39	3.386741e+04
46	80	40	6.136502e+05
46	80	63	3.015453e+03
46	80	64	2.065133e+04
46	80	65	3.906738e+03
46	81	38	2.799212e+04
46	81	39	2.431008e+04
46	81	40	4.404791e+05
46	82	64	1.020056e+03
46	82	65	1.984029e+04
46	82	66	7.647910e+03
46	83	64	5.154108e+03
46	83	65	1.002484e+05
46	83	66	3.864313e+04
46	84	64	2.387312e+04
46	84	65	4.643367e+05
46	84	66	1.789896e+05
46	86	65	4.105959e+02
46	86	66	7.743516e+03
46	86	67	2.938914e+03
46	87	65	2.047404e+04
46	87	66	3.861243e+05
46	87	67	1.465466e+05
46	88	65	3.528961e+04
46	88	66	6.655345e+05
46	88	67	2.525918e+05
46	90	65	1.724615e+03
46	90	66	-1.683047e+03
46	90	67	2.020377e+04
46	91	65	1.915293e+04
46	91	66	-1.869129e+04
46	91	67	2.243755e+05
46	92	52	4.590328e+02
46	92	53	6.176139e+03
46	92	54	1.683752e+04
46	92	65	5.713410e+04
46	92	66	-5.575700e+04
46	92	67	6.693227e+05
46	93	52	5.844079e+03
46	93	53	7.863021e+04
46	93	54	2.143633e+05
46	94	52	1.633990e+04
46	94	53	2.198481e+05
46	94	54	5.993544e+05
47	56	69	5.741211e+01
47	56	70	4.674446e+02
47	56	71	1.027742e+02
47	57	69	-9.702385e+00
47	57	70	-7.899601e+01
47	57	71	-1.736836e+01
47	58	69	7.785795e+02
47	58	70	6.339129e+03
47	58	71	1.393745e+03
47	70	63	4.108015e+02
47	70	64	8.747341e+03
47	70	65	3.523870e+03
47	71	58	1.230482e+02
47	71	59	6.320313e+01
47	71	60	1.847141e+03
47	71	63	4.882810e+03
47	71	64	1.039714e+05
47	71	65	4.188492e+04
47	72	58	6.565650e+04
47	72	59	3.372417e+04
47	72	60	9.856048e+05
47	72	63	1.418529e+03
47	72	64	3.020522e+04
47	72	65	1.216819e+04
47	73	58	5.511655e+04
47	73	59	2.831037e+04
47	73	60	8.273840e+05
47	77	61	6.830995e+01
47	77	62	6.548368e+03
47	77	63	4.309723e+03
47	78	61	4.874834e+03
47	78	62	4.673141e+05
47	78	63	3.062343e+05
47	78	64	-9.056616e+03
47	78	65	-1.713295e+03
47	78	68	2.126215e-01
47	78	69	4.124521e+03
47	78	70	4.244473e+03
47	78	71	6.463506e+02
47	78	72	1.024059e+04
47	78	73	3.541981e+03
47	79	61	2.996741e+03
47	79	62	2.872753e+05
47	79	63	1.781341e+05
47	79	64	-7.487030e+04
47	79	65	-1.416367e+04
47	79	68	1.593027e+00
47	79	69	3.090222e+04
47	79	70	3.180093e+04
47	79	71	-1.046531e+03
47	79	72	-1.658093e+04
47	79	73	-5.734960e+03
47	80	63	-2.433822e+03
47	80	64	-1.666803e+04
47	80	65	-3.153193e+03
47	80	68	3.264969e-01
47	80	69	6.333526e+03
47	80	70	6.517721e+03
47	80	71	6.516030e+03
47	80	72	1.032380e+05
47	80	73	3.570765e+04
47	82	64	1.459536e+03
47	82	65	2.838826e+04
47	82	66	1.094293e+04
47	83	64	7.374699e+03
47	83	65	1.434393e+05
47	83	66	5.529209e+04
47	84	64	3.415859e+04
47	84	65	6.643911e+05
47	84	66	2.561053e+05
47	86	65	9.822143e+01
47	86	66	1.852379e+03
47	86	67	7.030376e+02
47	87	65	4.897734e+03
47	87	66	9.236742e+04
47	87	67	3.505641e+04
47	88	65	8.441868e+03
47	88	66	1.592070e+05
47	88	67	6.042420e+04
47	92	52	3.510526e+02
47	92	53	4.723301e+03
47	92	54	1.287676e+04
47	93	52	4.469353e+03
47	93	53	6.013371e+04
47	93	54	1.639378e+05
47	94	52	1.249620e+04
47	94	53	1.681323e+05
47	94	54	4.583659e+05
48	56	69	5.172073e+03
48	56	70	4.211059e+04
48	56	71	9.258594e+03
48	57	69	-8.740568e+02
48	57	70	-7.116497e+03
48	57	71	-1.564660e+03
48	58	69	7.013973e+04
48	58	70	5.710718e+05
48	58	71	1.255580e+05
48	70	63	3.035467e+03
48	70	64	6.463527e+04
48	70	65	2.603835e+04
48	71	63	3.607973e+04
48	71	64	7.682631e+05
48	71	65	3.109797e+05
48	71	66	1.183155e+03
48	72	61	2.834489e+02
48	72	62	1.891799e+03
48	72	63	1.083115e+04
48	72	64	2.231855e+05
48	72	65	8.851935e+04
48	72	66	2.547421e+03
48	72	67	1.615063e+03
48	73	61	3.994422e+03
48	73	62	2.665962e+04
48	73	63	4.924541e+03
48	73	64	5.442707e+01
48	73	65	1.871781e+04
48	73	66	5.098883e+04
48	73	67	1.594242e+04
48	74	61	1.291144e+03
48	74	62	8.617369e+03
48	74	63	1.591792e+03
48	74	64	3.411453e+01
48	74	65	9.579119e+02
48	74	66	1.093516e+04
48	74	67	4.070871e+03
48	75	64	-5.825835e+01
48	75	65	-9.633839e+02
48	75	66	-2.401200e+03
48	76	61	1.138371e+00
48	76	62	1.071313e+01
48	76	63	3.485468e+01
48	76	64	1.111840e+03
48	76	65	6.368220e+03
48	76	66	1.383497e+04
48	76	67	1.953405e-02
48	76	76	2.746903e+02
48	76	77	1.024813e+03
48	76	78	5.798247e+03
48	77	61	1.695885e+02
48	77	62	1.595985e+03
48	77	63	5.180004e+03
48	77	64	4.203433e+04
48	77	65	4.427255e+04
48	77	66	2.711959e+02
48	77	67	5.255401e+02
48	77	68	6.391870e+03
48	77	69	1.215986e+03
48	77	76	-1.527776e+02
48	77	77	-5.699820e+02
48	77	78	-3.224876e+03
48	78	61	1.297930e+02
48	78	62	5.885720e+03
48	78	63	2.757011e+04
48	78	64	2.068952e+05
48	78	65	1.004642e+05
48	78	66	7.943378e+03
48	78	67	9.697834e+03
48	78	68	6.073075e+04
48	78	69	7.260754e+04
48	78	70	7.296376e+04
48	78	71	1.541115e+01
48	78	72	2.810478e+02
48	78	73	1.911907e+02
48	78	74	7.230209e+02
48	78	76	3.487716e+03
48	78	77	1.301196e+04
48	78	78	7.361979e+04
48	79	61	7.049005e+01
48	79	62	3.994267e+04
48	79	63	1.978205e+05
48	79	64	1.124467e+06
48	79	65	2.192552e+05
48	79	66	5.020138e+04
48	79	67	3.653327e+04
48	79	68	4.370691e+04
48	79	69	5.516420e+05
48	79	70	5.466676e+05
48	79	71	-2.495279e+01
48	79	72	2.834371e+02
48	79	73	1.827886e+03
48	79	74	1.330795e+04
48	80	61	1.593018e+01
48	80	62	9.026717e+03
48	80	63	4.415334e+04
48	80	64	2.534888e+05
48	80	65	8.647559e+04
48	80	66	2.376087e+04
48	80	67	9.032190e+03
48	80	68	5.612580e+00
48	80	69	1.088752e+05
48	80	70	1.120416e+05
48	80	71	1.980255e+02
48	80	72	4.117049e+03
48	80	73	5.538549e+03
48	80	74	3.174981e+04
48	81	64	5.591122e+02
48	81	65	6.674898e+03
48	81	66	1.944762e+03
48	81	70	-1.448350e-01
48	81	71	-8.447591e+01
48	81	72	-7.146235e+01
48	82	70	6.626409e-01
48	82	71	3.864893e+02
48	82	72	3.269505e+02
48	96	65	1.682237e+03
48	96	66	1.092602e+04
48	96	67	1.967198e+03
48	97	65	1.618307e+04
48	97	66	1.051080e+05
48	97	67	1.892439e+04
48	98	65	4.054413e+03
48	98	66	2.633315e+04
48	98	67	4.741208e+03
49	56	69	7.789641e+03
49	56	70	6.342261e+04
49	56	71	1.394434e+04
49	57	69	-1.316414e+03
49	57	70	-1.071813e+04
49	57	71	-2.356529e+03
49	58	69	1.056372e+05
49	58	70	8.600892e+05
49	58	71	1.891025e+05
49	66	74	7.467590e+01
49	66	75	6.084657e+02
49	66	76	1.338630e+02
49	67	74	1.266628e+03
49	67	75	1.032060e+04
49	67	76	2.270541e+03
49	68	74	4.547970e+02
49	68	75	3.705725e+03
49	68	76	8.152629e+02
49	70	63	6.146667e+02
49	70	64	1.308831e+04
49	70	65	5.272633e+03
49	71	63	7.305962e+03
49	71	64	1.556614e+05
49	71	65	9.199988e+04
49	71	66	2.334430e+04
49	72	61	2.709663e+03
49	72	62	1.809304e+04
49	72	63	5.450861e+03
49	72	64	4.518302e+04
49	72	65	-1.168068e+04
49	72	66	-7.875123e+03
49	72	67	7.029603e+03
49	73	61	3.818514e+04
49	73	62	2.601806e+05
49	73	63	3.909188e+04
49	73	64	5.645305e+04
49	73	65	3.455977e+05
49	73	66	4.321613e+05
49	73	67	6.939297e+04
49	73	68	6.002084e+01
49	73	69	1.421267e+02
49	74	61	1.234284e+04
49	74	62	8.859692e+04
49	74	63	5.892485e+03
49	74	64	6.600037e+04
49	74	65	2.407685e+04
49	74	66	9.872094e+04
49	74	67	1.864195e+04
49	74	68	1.041306e+04
49	74	69	2.100357e+04
49	75	64	-2.271904e+03
49	75	65	-2.353450e+04
49	75	66	7.963890e+03
49	75	67	2.197322e+04
49	75	68	4.867028e+03
49	75	69	1.331564e+04
49	76	44	2.294444e+00
49	76	45	7.488510e+03
49	76	46	6.980011e+03
49	76	59	6.635864e+01
49	76	60	1.057087e+03
49	76	61	2.973833e+03
49	76	62	1.769471e+03
49	76	63	2.265829e+03
49	76	64	1.177498e+04
49	76	65	2.222045e+05
49	76	66	5.852233e+05
49	76	67	9.540628e+03
49	76	68	6.942307e+04
49	76	69	1.524510e+04
49	76	72	2.927517e+01
49	76	73	7.168992e+02
49	76	74	1.461225e+03
49	76	76	4.287501e+03
49	76	77	1.599579e+04
49	76	78	9.050189e+04
49	77	44	-4.436100e+00
49	77	45	-1.447836e+04
49	77	46	-1.349522e+04
49	77	59	4.245566e+02
49	77	60	6.431089e+03
49	77	61	2.727210e+04
49	77	62	1.020113e+05
49	77	63	3.375318e+05
49	77	64	-6.520888e+04
49	77	65	-3.806473e+04
49	77	66	2.122366e+05
49	77	67	3.953179e+05
49	77	68	1.226423e+05
49	77	69	1.014367e+04
49	77	72	1.703873e+02
49	77	73	3.880326e+04
49	77	74	3.968935e+04
49	77	76	-2.384627e+03
49	77	77	-8.896560e+03
49	77	78	-5.033545e+04
49	78	44	2.110344e+01
49	78	45	6.887651e+04
49	78	46	6.419952e+04
49	78	59	1.702784e+03
49	78	60	2.647126e+04
49	78	61	7.774257e+04
49	78	62	9.407300e+04
49	78	63	2.537364e+05
49	78	64	-9.800135e+04
49	78	65	-7.799473e+04
49	78	66	2.037636e+05
49	78	67	6.687096e+05
49	78	68	9.272719e+05
49	78	69	3.987109e+04
49	78	70	2.638726e+04
49	78	71	9.035674e+03
49	78	72	1.441601e+05
49	78	73	9.134666e+04
49	78	74	6.236071e+04
49	78	76	5.443800e+04
49	78	77	2.030971e+05
49	78	78	1.149094e+06
49	79	61	1.341369e+02
49	79	62	7.637644e+04
49	79	63	6.704345e+04
49	79	64	1.286626e+04
49	79	65	3.052085e+04
49	79	66	8.983629e+04
49	79	67	7.694947e+04
49	79	68	4.883402e+05
49	79	69	3.624870e+05
49	79	70	1.977017e+05
49	79	71	-1.463001e+04
49	79	72	-2.263471e+05
49	79	73	-6.440814e+04
49	79	74	1.067811e+05
49	80	61	3.031384e+01
49	80	62	1.717711e+04
49	80	63	1.449529e+04
49	80	64	1.549605e+04
49	80	65	1.850799e+05
49	80	66	6.761308e+04
49	80	67	1.000589e+04
49	80	68	2.029783e+00
49	80	69	3.937459e+04
49	80	70	4.063133e+04
49	80	71	1.561938e+05
49	80	72	1.511286e+06
49	80	73	5.367850e+05
49	80	74	2.547558e+05
49	81	64	2.647651e+03
49	81	65	3.160868e+04
49	81	66	9.209334e+03
49	81	67	3.387186e-04
49	81	68	2.893660e+00
49	81	69	2.770781e+00
49	81	70	-2.210218e+02
49	81	71	-1.289123e+05
49	81	72	-1.090533e+05
49	82	67	3.844274e-03
49	82	68	3.284149e+01
49	82	69	3.144687e+01
49	82	70	1.011206e+03
49	82	71	5.897923e+05
49	82	72	4.989850e+05
49	82	73	-6.323778e+01
49	82	74	5.575431e+02
49	83	67	1.082947e-03
49	83	68	9.251578e+00
49	83	69	8.858709e+00
49	83	72	4.151254e+02
49	83	73	-5.196665e+02
49	83	74	4.581699e+03
49	84	72	9.196734e+01
49	84	73	-1.151275e+02
49	84	74	1.015035e+03
49	96	65	1.352051e+04
49	96	66	8.781487e+04
49	96	67	1.581081e+04
49	97	65	1.300670e+05
49	97	66	8.447767e+05
49	97	67	1.520996e+05
49	97	90	5.747985e+01
49	97	91	6.742693e+03
49	97	92	4.623209e+03
49	98	65	3.258622e+04
49	98	66	2.116455e+05
49	98	67	3.810615e+04
49	98	90	3.854965e+02
49	98	91	4.522079e+04
49	98	92	3.100618e+04
49	99	90	7.153058e+01
49	99	91	8.390919e+03
49	99	92	5.753335e+03
50	66	74	2.664538e+03
50	66	75	2.171089e+04
50	66	76	4.776415e+03
50	67	74	4.519502e+04
50	67	75	3.682530e+05
50	67	76	8.101598e+04
50	68	74	1.622778e+04
50	68	75	1.322253e+05
50	68	76	2.908969e+04
50	70	60	4.748626e+00
50	70	61	3.563109e+00
50	70	62	7.358789e+01
50	71	60	1.699680e+03
50	71	61	1.275347e+03
50	71	62	2.633938e+04
50	71	64	2.157430e+02
50	71	65	6.808253e+04
50	71	66	5.418989e+04
50	72	60	1.372060e+03
50	72	61	9.741445e+03
50	72	62	7.951332e+04
50	72	63	1.081385e+04
50	72	64	1.638781e+03
50	72	65	-6.275412e+04
50	72	66	2.745223e+04
50	72	67	3.585237e+04
50	73	61	1.227703e+05
50	73	62	8.883080e+05
50	73	63	4.779565e+04
50	73	64	7.193009e+05
50	73	65	8.234016e+05
50	73	66	1.457348e+06
50	73	67	3.626892e+05
50	73	68	1.120964e+03
50	73	69	1.384319e+03
50	74	61	3.968387e+04
50	74	62	3.461291e+05
50	74	63	-6.954831e+04
50	74	64	8.631391e+05
50	74	65	1.425339e+05
50	74	66	3.971344e+05
50	74	67	2.156392e+05
50	74	68	1.527100e+05
50	74	69	2.370900e+05
50	74	70	2.330422e+03
50	74	71	1.422793e+03
50	75	61	5.578763e+02
50	75	62	4.106524e+02
50	75	63	9.488749e+03
50	75	64	5.417385e+04
50	75	65	2.552261e+05
50	75	66	7.978834e+05
50	75	67	4.543451e+05
50	75	68	1.099918e+05
50	75	69	2.429330e+05
50	75	70	6.437763e+03
50	75	71	1.622535e+05
50	76	44	1.631959e+00
50	76	45	5.326318e+03
50	76	46	4.964640e+03
50	76	59	3.878650e+01
50	76	60	4.733785e+03
50	76	61	3.097190e+04
50	76	62	1.115219e+05
50	76	63	2.239735e+04
50	76	64	1.500032e+05
50	76	65	7.374660e+05
50	76	66	1.665967e+06
50	76	67	2.768400e+05
50	76	68	1.115130e+06
50	76	69	5.634779e+05
50	76	70	-9.547106e+03
50	76	71	1.106456e+05
50	76	72	4.760818e+02
50	76	73	4.456282e+03
50	76	74	9.861371e+03
50	76	76	1.470545e+03
50	76	77	5.486306e+03
50	76	78	3.104073e+04
50	77	44	-3.155244e+00
50	77	45	-1.029795e+04
50	77	46	-9.598682e+03
50	77	59	2.481525e+02
50	77	60	-3.954462e+03
50	77	61	-1.855143e+04
50	77	62	-4.124619e+04
50	77	63	6.759543e+05
50	77	64	6.082934e+05
50	77	65	9.200982e+05
50	77	66	3.119362e+05
50	77	67	6.973697e+05
50	77	68	4.688971e+05
50	77	69	8.500595e+04
50	77	70	4.677642e+01
50	77	71	4.281611e+01
50	77	72	6.338515e+03
50	77	73	4.749844e+04
50	77	74	7.124858e+04
50	77	76	-8.178897e+02
50	77	77	-3.051380e+03
50	77	78	-1.726427e+04
50	78	44	1.501014e+01
50	78	45	4.898948e+04
50	78	46	4.566290e+04
50	78	59	9.952738e+02
50	78	60	5.404019e+04
50	78	61	3.245950e+05
50	78	62	1.250564e+06
50	78	63	6.613960e+05
50	78	64	1.289734e+06
50	78	65	1.346624e+06
50	78	66	3.185433e+05
50	78	67	8.555305e+05
50	78	68	4.798015e+05
50	78	69	7.374597e+04
50	78	70	7.392344e+04
50	78	71	9.891957e+01
50	78	72	1.817815e+04
50	78	73	1.274135e+05
50	78	74	2.676525e+05
50	78	76	1.867138e+04
50	78	77	6.965912e+04
50	78	78	3.941212e+05
50	79	61	1.251899e+03
50	79	62	7.161815e+05
50	79	63	6.765956e+05
50	79	64	2.143108e+05
50	79	65	2.044148e+05
50	79	66	8.386375e+05
50	79	67	6.194794e+05
50	79	68	9.312180e+05
50	79	69	5.946490e+05
50	79	70	6.680567e+04
50	79	72	1.921273e+04
50	79	73	5.560822e+04
50	79	74	3.766780e+05
50	80	61	2.829189e+02
50	80	62	1.603139e+05
50	80	63	1.354317e+05
50	80	64	7.709551e+04
50	80	65	9.102685e+05
50	80	66	4.632735e+05
50	80	67	1.464560e+05
50	80	70	1.235721e+02
50	80	71	7.207419e+04
50	80	72	1.068084e+05
50	80	73	1.326688e+05
50	80	74	8.986696e+05
50	81	59	1.020793e+03
50	81	60	8.814972e+03
50	81	61	2.032527e+03
50	81	64	1.278160e+04
50	81	65	1.525917e+05
50	81	66	4.445829e+04
50	81	67	4.011507e+00
50	81	68	3.427016e+04
50	81	69	3.281487e+04
50	81	70	-2.446895e+02
50	81	71	-1.427166e+05
50	81	72	-1.207311e+05
50	82	59	1.025503e+04
50	82	60	8.855646e+04
50	82	61	2.041906e+04
50	82	67	4.552845e+01
50	82	68	3.889479e+05
50	82	69	3.724312e+05
50	82	70	1.119489e+03
50	82	71	6.529489e+05
50	82	72	5.621824e+05
50	82	73	-1.229378e+04
50	82	74	1.083895e+05
50	83	59	2.652393e+03
50	83	60	2.290451e+04
50	83	61	5.281247e+03
50	83	67	1.282555e+01
50	83	68	1.095682e+05
50	83	69	1.049153e+05
50	83	72	8.070268e+04
50	83	73	-1.010261e+05
50	83	74	8.907078e+05
50	84	72	1.787896e+04
50	84	73	-2.238143e+04
50	84	74	1.973284e+05
50	90	66	5.885767e+01
50	90	67	1.483286e+01
50	90	68	8.513966e+02
50	91	66	8.332653e+03
50	91	67	2.099931e+03
50	91	68	1.205347e+05
50	92	66	5.913874e+03
50	92	67	1.490369e+03
50	92	68	8.554624e+04
50	96	65	2.941049e+03
50	96	66	1.910193e+04
50	96	67	3.439247e+03
50	97	65	2.829281e+04
50	97	66	1.837600e+05
50	97	67	3.308546e+04
50	97	90	9.694833e+01
50	97	91	1.137256e+04
50	97	92	7.797730e+03
50	98	65	7.088317e+03
50	98	66	4.603817e+04
50	98	67	8.289039e+03
50	98	90	6.501972e+02
50	98	91	7.627160e+04
50	98	92	5.229654e+04
50	99	90	1.206470e+02
50	99	91	1.415253e+04
50	99	92	9.703856e+03
51	66	74	5.045037e+03
51	66	75	4.110740e+04
51	66	76	9.043664e+03
51	67	74	8.557226e+04
51	67	75	6.972502e+05
51	67	76	1.533957e+05
51	68	58	1.091524e+01
51	68	59	1.929152e+02
51	68	60	7.080163e+01
51	68	74	3.072568e+04
51	68	75	2.503555e+05
51	68	76	5.507843e+04
51	69	58	1.709921e+02
51	69	59	3.022102e+03
51	69	60	1.109139e+03
51	69	66	1.963491e+01
51	69	67	3.221643e+01
51	69	68	3.388544e+02
51	70	58	5.876804e+01
51	70	59	1.038662e+03
51	70	60	5.050869e+02
51	70	61	1.455654e+02
51	70	62	1.919501e+03
51	70	63	7.319379e+02
51	70	66	4.128957e+03
51	70	67	6.774683e+03
51	70	68	7.131048e+04
51	70	69	2.094190e+03
51	70	70	1.076386e+03
51	71	60	4.434353e+04
51	71	61	3.819166e+04
51	71	62	6.871434e+05
51	71	63	6.916194e+04
51	71	64	-1.141796e+03
51	71	65	7.332361e+03
51	71	66	5.524819e+03
51	71	67	8.882196e+03
51	71	68	9.333877e+04
51	71	69	-3.288935e+03
51	71	70	-1.690469e+03
51	72	55	3.455486e+01
51	72	56	2.792480e+03
51	72	57	1.768973e+03
51	72	60	3.579612e+04
51	72	61	3.421350e+04
51	72	62	5.547030e+05
51	72	63	1.120142e+05
51	72	64	1.413304e+04
51	72	65	2.040435e+05
51	72	66	6.215277e+04
51	72	67	1.281911e+04
51	72	68	3.355388e+03
51	72	69	2.305718e+04
51	72	70	1.099201e+04
51	73	55	6.159898e+01
51	73	56	4.977995e+03
51	73	57	3.153448e+03
51	73	62	2.157054e+04
51	73	63	-1.739921e+04
51	73	64	1.970393e+05
51	73	65	2.854965e+05
51	73	66	1.197274e+05
51	73	67	1.948254e+05
51	73	68	1.358873e+05
51	73	69	4.522869e+04
51	73	74	1.065902e+01
51	73	75	1.506118e+02
51	73	76	4.016889e+02
51	74	55	6.057586e+02
51	74	56	4.895314e+04
51	74	57	3.101071e+04
51	74	62	7.772222e+04
51	74	63	-4.762394e+04
51	74	64	1.015594e+06
51	74	65	2.002469e+06
51	74	66	4.341022e+05
51	74	67	3.163440e+04
51	74	68	1.125950e+06
51	74	69	6.627855e+05
51	74	70	1.176442e+03
51	74	71	9.698504e+03
51	74	74	1.414648e+02
51	74	75	1.998896e+03
51	74	76	5.331149e+03
51	75	61	2.008135e+02
51	75	62	4.051059e+04
51	75	63	7.710089e+03
51	75	64	6.196652e+05
51	75	65	1.014346e+06
51	75	66	2.493554e+06
51	75	67	8.343961e+05
51	75	68	1.625488e+06
51	75	69	1.033907e+06
51	75	70	-2.388305e+05
51	75	71	1.020494e+06
51	75	74	3.880649e+02
51	75	75	5.483353e+03
51	75	76	1.462436e+04
51	76	44	3.537373e+01
51	76	45	1.154513e+05
51	76	46	1.076117e+05
51	76	59	1.005838e+03
51	76	60	1.818074e+04
51	76	61	5.919670e+04
51	76	62	7.379870e+04
51	76	63	8.503840e+04
51	76	64	5.478826e+05
51	76	65	2.410975e+06
51	76	66	4.077344e+06
51	76	67	1.390920e+06
51	76	68	3.069564e+06
51	76	69	1.150080e+06
51	76	70	1.805327e+04
51	76	71	7.075784e+05
51	76	72	6.558515e+03
51	76	73	2.147168e+04
51	76	74	3.819956e+04
51	77	44	-6.839190e+01
51	77	45	-2.232146e+05
51	77	46	-2.080574e+05
51	77	59	6.435261e+03
51	77	60	9.343603e+04
51	77	61	2.204370e+05
51	77	62	-1.349549e+05
51	77	63	4.933992e+04
51	77	64	3.777993e+05
51	77	65	1.440332e+06
51	77	66	4.869254e+06
51	77	67	3.061885e+06
51	77	68	1.147293e+06
51	77	69	2.649928e+05
51	77	70	4.538361e+04
51	77	71	3.292438e+04
51	77	72	1.393414e+05
51	77	73	7.007975e+05
51	77	74	6.874864e+05
51	78	44	3.253543e+02
51	78	45	1.061878e+06
51	78	46	9.897719e+05
51	78	59	2.581012e+04
51	78	60	4.214608e+05
51	78	61	1.200208e+06
51	78	62	7.217656e+05
51	78	63	-2.969033e+04
51	78	64	8.625131e+05
51	78	65	1.285970e+06
51	78	66	2.326463e+06
51	78	67	2.075927e+06
51	78	68	1.077040e+06
51	78	69	1.754500e+05
51	78	70	6.916696e+05
51	78	71	3.041264e+04
51	78	72	2.894894e+05
51	78	73	9.576558e+05
51	78	74	1.239982e+06
51	78	75	1.233654e+03
51	79	62	1.893126e+04
51	79	63	1.481028e+05
51	79	64	5.435798e+05
51	79	65	1.375849e+06
51	79	66	5.622974e+05
51	79	67	5.900185e+05
51	79	68	8.718296e+05
51	79	69	2.589343e+05
51	79	70	6.315738e+05
51	79	71	2.127416e+04
51	79	72	5.687114e+04
51	79	73	5.892513e+00
51	79	74	1.065051e+03
51	79	75	1.425799e+03
51	80	62	7.130025e+02
51	80	63	4.851386e+04
51	80	64	8.169162e+04
51	80	65	3.213293e+05
51	80	66	2.466496e+04
51	80	67	-7.826625e+02
51	80	68	4.478566e+03
51	80	69	-4.162985e+02
51	80	70	-4.627807e+03
51	80	71	1.581060e+04
51	80	72	5.206722e+04
51	80	73	8.315536e+01
51	80	74	1.503004e+04
51	80	75	2.012092e+04
51	81	59	9.548898e+03
51	81	60	8.245871e+04
51	81	61	1.901306e+04
51	81	62	1.749006e+00
51	81	63	2.577422e+04
51	81	64	2.954247e+04
51	81	65	2.004664e+04
51	81	66	3.839721e+03
51	81	67	3.866414e+00
51	81	68	3.303063e+04
51	81	69	3.552643e+04
51	81	70	5.769608e+04
51	81	71	1.919538e+04
51	82	59	9.592959e+04
51	82	60	8.283919e+05
51	82	61	1.910079e+05
51	82	62	4.175051e-01
51	82	63	6.152562e+03
51	82	64	6.359316e+03
51	82	65	5.189405e+02
51	82	66	6.215054e+02
51	82	67	4.388172e+01
51	82	68	3.748799e+05
51	82	69	3.589606e+05
51	82	72	7.335219e+03
51	82	73	-9.182449e+03
51	82	74	8.095812e+04
51	83	59	2.481152e+04
51	83	60	2.142578e+05
51	83	61	4.940286e+04
51	83	64	4.109982e-01
51	83	65	1.974347e+02
51	83	66	2.364563e+02
51	83	67	1.236165e+01
51	83	68	1.056052e+05
51	83	69	1.011206e+05
51	83	72	6.027833e+04
51	83	73	-7.545824e+04
51	83	74	6.652862e+05
51	84	72	1.335413e+04
51	84	73	-1.671710e+04
51	84	74	1.473883e+05
51	90	66	4.016271e+02
51	90	67	1.012150e+02
51	90	68	5.809675e+03
51	91	66	5.685952e+04
51	91	67	1.432930e+04
51	91	68	8.224927e+05
51	92	66	4.035450e+04
51	92	67	1.016983e+04
51	92	68	5.837418e+05
51	97	90	9.970522e+02
51	97	91	1.169595e+05
51	97	92	8.019472e+04
51	98	90	6.686867e+03
51	98	91	7.844051e+05
51	98	92	5.378368e+05
51	99	90	1.240778e+03
51	99	91	1.455499e+05
51	99	92	9.979802e+04
52	64	56	2.030778e+00
52	64	57	-3.499092e+00
52	64	58	1.989572e+01
52	65	56	6.366520e+00
52	65	57	-1.096971e+01
52	65	58	6.237339e+01
52	66	56	4.070207e+01
52	66	57	-7.013091e+01
52	66	58	3.987619e+02
52	66	60	2.710997e+00
52	66	61	2.973577e+01
52	66	62	8.183825e+00
52	67	60	7.314612e+01
52	67	61	8.023085e+02
52	67	62	2.208099e+02
52	68	58	2.108220e+03
52	68	59	3.726053e+04
52	68	60	1.382645e+04
52	68	61	1.661733e+03
52	68	62	4.573393e+02
52	69	58	3.302620e+04
52	69	59	5.837027e+05
52	69	60	2.142242e+05
52	69	64	4.426073e-01
52	69	65	1.300558e+01
52	69	66	-1.865917e+01
52	69	67	-4.050745e+01
52	69	68	-4.260599e+02
52	70	55	3.819063e-02
52	70	56	-6.464195e-02
52	70	57	3.773627e-01
52	70	58	1.135073e+04
52	70	59	2.006120e+05
52	70	60	7.368109e+04
52	70	61	4.774767e+02
52	70	62	9.080358e+02
52	70	63	6.827291e+03
52	70	64	2.516621e+02
52	70	65	9.584251e+02
52	70	66	-4.747273e+03
52	70	67	-8.518173e+03
52	70	68	-8.854469e+04
52	70	69	4.076228e+04
52	70	70	2.095128e+04
52	71	55	1.223853e+04
52	71	56	-2.071509e+04
52	71	57	1.209293e+05
52	71	58	1.415318e-02
52	71	59	1.262192e-01
52	71	60	1.957313e+04
52	71	61	5.549414e+04
52	71	62	3.034343e+05
52	71	63	5.787068e+05
52	71	64	1.158069e+04
52	71	65	6.170172e+04
52	71	66	-5.375979e+03
52	71	67	7.030571e+02
52	71	68	-1.090292e+05
52	71	69	-6.401734e+04
52	71	70	-3.290407e+04
52	71	71	3.017608e+02
52	71	72	2.036637e+03
52	71	73	3.801306e+02
52	72	55	1.269120e+04
52	72	56	2.335282e+04
52	72	57	1.480332e+05
52	72	58	6.060377e+00
52	72	59	5.404694e+01
52	72	60	1.598014e+04
52	72	61	7.286805e+04
52	72	62	2.460531e+05
52	72	63	9.367437e+05
52	72	64	1.805604e+05
52	72	65	1.145068e+06
52	72	66	2.961895e+05
52	72	67	8.120438e+04
52	72	68	-1.958644e+03
52	72	69	4.208213e+05
52	72	70	2.139535e+05
52	72	71	8.966888e+02
52	72	72	6.051912e+03
52	72	73	1.129566e+03
52	73	55	9.608615e+02
52	73	56	9.999786e+04
52	73	57	7.125627e+04
52	73	58	4.983867e+00
52	73	59	4.444654e+01
52	73	60	1.533760e+02
52	73	61	6.455847e+01
52	73	62	9.532155e+02
52	73	63	1.910353e+05
52	73	64	4.230120e+05
52	73	65	2.955468e+06
52	73	66	7.415830e+05
52	73	67	1.958558e+06
52	73	68	4.437417e+05
52	73	69	2.693229e+04
52	73	70	2.417077e+03
52	73	71	6.816762e+03
52	73	72	4.021585e+04
52	73	73	7.506134e+03
52	73	74	4.890519e+02
52	73	75	6.910298e+03
52	73	76	1.843009e+04
52	74	55	9.447103e+03
52	74	56	8.002499e+05
52	74	57	5.199660e+05
52	74	60	1.715809e+03
52	74	61	2.122029e+04
52	74	62	1.483306e+05
52	74	63	-1.033313e+04
52	74	64	1.656295e+06
52	74	65	3.369388e+06
52	74	66	2.084842e+06
52	74	67	3.875502e+06
52	74	68	1.691771e+06
52	74	69	3.488515e+05
52	74	70	7.047629e+04
52	74	71	1.977058e+04
52	74	74	6.490617e+03
52	74	75	9.171235e+04
52	74	76	2.446012e+05
52	75	60	1.372070e+03
52	75	61	2.516543e+04
52	75	62	1.158235e+05
52	75	63	2.625189e+05
52	75	64	2.049646e+06
52	75	65	3.347213e+06
52	75	66	5.074751e+06
52	75	67	8.083147e+06
52	75	68	3.800132e+06
52	75	69	2.068402e+06
52	75	70	4.719314e+05
52	75	71	8.508174e+05
52	75	74	1.780500e+04
52	75	75	2.515845e+05
52	75	76	6.709877e+05
52	76	61	3.682123e+03
52	76	62	-1.049556e+03
52	76	63	5.916729e+05
52	76	64	4.144243e+06
52	76	65	6.057301e+06
52	76	66	1.226346e+07
52	76	67	1.128592e+07
52	76	68	8.841470e+06
52	76	69	2.865540e+06
52	76	70	2.172647e+05
52	76	71	6.980818e+05
52	76	72	3.440694e+04
52	76	73	8.492076e+03
52	77	59	6.890567e+01
52	77	60	4.529491e+03
52	77	61	1.292428e+05
52	77	62	-2.041446e+04
52	77	63	2.098295e+06
52	77	64	3.653505e+06
52	77	65	5.413703e+06
52	77	66	9.666900e+06
52	77	67	1.215017e+07
52	77	68	7.446780e+06
52	77	69	1.607623e+06
52	77	70	-5.577901e+04
52	77	71	4.288108e+05
52	77	72	6.087775e+05
52	77	73	1.696193e+05
52	78	59	4.778181e+02
52	78	60	3.140921e+04
52	78	61	5.059960e+04
52	78	62	1.231595e+05
52	78	63	1.028219e+06
52	78	64	2.429585e+06
52	78	65	4.135097e+06
52	78	66	2.425760e+06
52	78	67	5.564508e+06
52	78	68	3.206777e+06
52	78	69	6.072688e+05
52	78	70	4.995731e+05
52	78	71	1.169752e+06
52	78	72	1.058746e+06
52	78	73	3.920497e+05
52	78	74	3.115547e+04
52	78	75	4.170824e+04
52	79	59	9.142675e+01
52	79	60	6.009907e+03
52	79	61	9.681838e+03
52	79	62	6.389349e+04
52	79	63	3.762567e+05
52	79	64	1.311434e+06
52	79	65	2.407909e+06
52	79	66	1.520004e+06
52	79	67	4.452871e+05
52	79	68	1.451511e+06
52	79	69	4.470992e+04
52	79	70	6.039796e+05
52	79	71	2.631439e+05
52	79	72	-2.031999e+04
52	79	73	1.992182e+02
52	79	74	3.600800e+04
52	79	75	4.820439e+04
52	80	62	8.080890e+03
52	80	63	4.342007e+05
52	80	64	8.004873e+05
52	80	65	6.960714e+05
52	80	66	1.882071e+05
52	80	67	-1.563287e+04
52	80	68	7.276018e+05
52	80	69	7.435814e+03
52	80	70	-1.151842e+05
52	80	71	-4.989661e+04
52	80	72	-2.007245e+04
52	80	73	2.811374e+03
52	80	74	5.081462e+05
52	80	75	6.802621e+05
52	81	59	2.342583e+03
52	81	60	2.022918e+04
52	81	61	4.664378e+03
52	81	62	3.513921e+01
52	81	63	5.178288e+05
52	81	64	5.648069e+05
52	81	65	2.230240e+05
52	81	66	6.598655e+04
52	81	67	1.571754e+04
52	81	69	7.197383e+04
52	81	70	1.090003e+06
52	81	71	4.307197e+05
52	82	59	2.353393e+04
52	82	60	2.032252e+05
52	82	61	4.685901e+04
52	82	62	8.388078e+00
52	82	63	1.236109e+05
52	82	64	1.284712e+05
52	82	65	3.497911e+05
52	82	66	4.189249e+05
52	82	69	-2.968651e+01
52	82	70	-2.448822e+02
52	82	71	-5.442022e+01
52	83	59	6.086886e+03
52	83	60	5.256279e+04
52	83	61	1.211976e+04
52	83	64	2.898627e+02
52	83	65	1.333754e+05
52	83	66	1.600293e+05
52	83	69	3.722061e+03
52	83	70	3.070305e+04
52	83	71	6.823145e+03
52	84	62	6.263621e-01
52	84	63	-4.357666e-02
52	84	64	3.132264e+02
52	84	65	7.000627e+03
52	84	66	1.534338e+04
52	85	62	2.301109e+01
52	85	63	-1.600905e+00
52	85	64	4.460654e+02
52	85	65	2.965362e+03
52	85	66	6.499229e+03
52	86	62	1.160182e+01
52	86	63	-8.071506e-01
52	86	64	1.598479e+02
52	90	66	7.572552e+01
52	90	67	1.908376e+01
52	90	68	1.095396e+03
52	91	66	1.072068e+04
52	91	67	2.701744e+03
52	91	68	1.550784e+05
52	92	66	7.608713e+03
52	92	67	1.917489e+03
52	92	68	1.100627e+05
53	63	86	1.851449e+01
53	63	87	1.087652e+01
53	63	88	2.807481e+02
53	64	56	4.469581e+03
53	64	57	-7.701224e+03
53	64	58	4.378889e+04
53	64	86	4.811802e+02
53	64	87	2.826741e+02
53	64	88	7.296471e+03
53	65	56	1.401221e+04
53	65	57	-2.414346e+04
53	65	58	1.372789e+05
53	65	86	2.120403e+02
53	65	87	1.245652e+02
53	65	88	3.215315e+03
53	66	56	8.958202e+04
53	66	57	-1.543526e+05
53	66	58	8.776433e+05
53	66	60	9.034308e+02
53	66	61	9.909346e+03
53	66	62	2.727233e+03
53	67	31	2.389140e+02
53	67	32	2.866823e+03
53	67	33	8.380563e+02
53	67	60	2.437570e+04
53	67	61	2.673667e+05
53	67	62	7.358419e+04
53	68	31	1.726325e+03
53	68	32	2.071486e+04
53	68	33	6.055558e+03
53	68	58	1.573148e+03
53	68	59	2.780370e+04
53	68	60	6.069092e+04
53	68	61	5.537672e+05
53	68	62	1.524068e+05
53	68	64	3.137931e+01
53	68	65	1.315512e+04
53	68	66	1.595394e+04
53	69	31	3.427573e+02
53	69	32	4.112880e+03
53	69	33	1.202315e+03
53	69	58	2.464406e+04
53	69	59	4.355573e+05
53	69	60	1.598535e+05
53	69	64	7.384609e+01
53	69	65	-2.198028e+04
53	69	66	-2.835889e+04
53	69	67	3.820462e+03
53	69	68	3.735199e+03
53	70	55	2.614324e-01
53	70	56	-4.425039e-01
53	70	57	2.583221e+00
53	70	58	8.469881e+03
53	70	59	1.496961e+05
53	70	60	5.493981e+04
53	70	61	9.744665e+01
53	70	62	2.485060e+03
53	70	63	3.085331e+04
53	70	64	1.887060e+04
53	70	65	4.155849e+05
53	70	66	3.459200e+05
53	70	67	1.339364e+05
53	70	68	7.879124e+05
53	70	69	9.512468e+04
53	70	70	4.889284e+04
53	71	55	8.377838e+04
53	71	56	-1.418043e+05
53	71	57	8.278166e+05
53	71	58	3.166733e+01
53	71	59	2.824118e+02
53	71	60	9.413781e+02
53	71	61	9.111303e+03
53	71	62	1.559139e+04
53	71	63	3.147548e+05
53	71	64	8.964547e+04
53	71	65	4.889333e+05
53	71	66	3.860849e+05
53	71	67	3.141317e+05
53	71	68	1.027367e+06
53	71	69	-1.488036e+05
53	71	70	-7.678641e+04
53	71	71	6.595166e+03
53	71	72	4.451194e+04
53	71	73	8.307984e+03
53	72	55	8.337297e+04
53	72	56	-1.255891e+05
53	72	57	8.317261e+05
53	72	58	1.355991e+04
53	72	59	1.209284e+05
53	72	60	4.030971e+05
53	72	61	1.362248e+04
53	72	62	6.327816e+04
53	72	63	9.743726e+05
53	72	64	4.569630e+05
53	72	65	9.688702e+05
53	72	66	1.178333e+06
53	72	67	1.014426e+06
53	72	68	2.308728e+05
53	72	69	9.857303e+05
53	72	70	4.992915e+05
53	72	71	1.959768e+04
53	72	72	1.322682e+05
53	72	73	2.468736e+04
53	73	55	3.294979e+02
53	73	56	4.381237e+04
53	73	57	3.383657e+04
53	73	58	1.115126e+04
53	73	59	9.944781e+04
53	73	60	3.315472e+05
53	73	61	6.500718e+02
53	73	62	3.281690e+03
53	73	63	1.184139e+05
53	73	64	1.041293e+06
53	73	65	1.916722e+06
53	73	66	2.304241e+06
53	73	67	2.693316e+06
53	73	68	1.207770e+06
53	73	69	5.203978e+05
53	73	70	2.219662e+04
53	73	71	1.375264e+05
53	73	72	8.789417e+05
53	73	73	1.640511e+05
53	73	74	2.655736e+02
53	73	75	3.752552e+03
53	73	76	1.000823e+04
53	74	55	3.238775e+03
53	74	56	2.900341e+05
53	74	57	1.937464e+05
53	74	60	1.727735e+04
53	74	61	2.137138e+05
53	74	62	6.467901e+05
53	74	63	4.876100e+05
53	74	64	1.554083e+06
53	74	65	2.766930e+06
53	74	66	2.976574e+06
53	74	67	4.511360e+06
53	74	68	3.502650e+06
53	74	69	1.112953e+06
53	74	70	3.730771e+05
53	74	71	1.010706e+05
53	74	74	3.524649e+03
53	74	75	4.980325e+04
53	74	76	1.328276e+05
53	75	56	1.711818e+01
53	75	57	4.455823e+02
53	75	58	9.343356e+02
53	75	60	1.381606e+04
53	75	61	1.720421e+05
53	75	62	5.953856e+05
53	75	63	1.035559e+06
53	75	64	1.816379e+06
53	75	65	4.902535e+06
53	75	66	1.591852e+07
53	75	67	1.923627e+07
53	75	68	7.489260e+06
53	75	69	3.287375e+06
53	75	70	6.924813e+05
53	75	71	4.995403e+05
53	75	74	9.668785e+03
53	75	75	1.366198e+05
53	75	76	3.643715e+05
53	75	77	3.377776e+00
53	75	78	3.871569e+01
53	75	79	1.137412e+02
53	76	56	4.836340e+02
53	76	57	1.258888e+04
53	76	58	2.639746e+04
53	76	61	5.652633e+02
53	76	62	1.386120e+04
53	76	63	1.006037e+06
53	76	64	3.410565e+06
53	76	65	1.195827e+07
53	76	66	2.847734e+07
53	76	67	2.539539e+07
53	76	68	1.714267e+07
53	76	69	2.665759e+06
53	76	70	2.848181e+06
53	76	71	8.096211e+05
53	76	72	2.851260e+04
53	76	77	7.473874e+01
53	76	78	8.566472e+02
53	76	79	2.516708e+03
53	77	56	9.862516e+02
53	77	57	2.567190e+04
53	77	58	5.383107e+04
53	77	59	9.229937e+02
53	77	60	6.068093e+04
53	77	61	9.773333e+04
53	77	62	1.167916e+05
53	77	63	1.460348e+06
53	77	64	5.115939e+06
53	77	65	1.559615e+07
53	77	66	2.327933e+07
53	77	67	2.221999e+07
53	77	68	9.734221e+06
53	77	69	1.737638e+06
53	77	70	1.014007e+06
53	77	71	5.626434e+05
53	77	72	1.131053e+05
53	77	77	1.661095e+02
53	77	78	1.903929e+03
53	77	79	5.593474e+03
53	78	59	6.400389e+03
53	78	60	4.256228e+05
53	78	61	6.723788e+05
53	78	62	1.867751e+05
53	78	63	4.648645e+05
53	78	64	2.768505e+06
53	78	65	7.459768e+06
53	78	66	8.538407e+06
53	78	67	1.023188e+07
53	78	68	2.929437e+06
53	78	69	9.995765e+05
53	78	70	4.792990e+05
53	78	71	1.946514e+06
53	78	72	5.668666e+05
53	78	73	8.433111e+01
53	78	74	1.524256e+04
53	78	75	2.040541e+04
53	79	59	1.224664e+03
53	79	60	8.465003e+04
53	79	61	1.252326e+05
53	79	62	6.754709e+04
53	79	63	2.611945e+05
53	79	64	1.893574e+06
53	79	65	1.316069e+06
53	79	66	2.688212e+06
53	79	67	1.821501e+06
53	79	68	2.432304e+06
53	79	69	2.619692e+06
53	79	70	5.037013e+05
53	79	71	7.356444e+05
53	79	72	7.806891e+05
53	79	73	9.746587e+01
53	79	74	1.761662e+04
53	79	75	2.358360e+04
53	80	61	6.524793e+01
53	80	62	2.437502e+03
53	80	63	1.469523e+05
53	80	64	4.106199e+05
53	80	65	5.471503e+05
53	80	66	4.937712e+05
53	80	67	9.678054e+05
53	80	68	2.174643e+06
53	80	69	1.941440e+05
53	80	70	-1.778222e+04
53	80	71	1.516767e+05
53	80	72	6.811561e+05
53	80	73	1.375442e+03
53	80	74	2.486064e+05
53	80	75	3.328127e+05
53	81	61	1.688713e+02
53	81	62	3.121470e+03
53	81	63	2.102512e+05
53	81	64	3.018560e+05
53	81	65	6.567131e+05
53	81	66	1.997458e+05
53	81	67	1.860792e+05
53	81	68	2.392557e+03
53	81	69	5.944119e+04
53	81	70	9.259145e+05
53	81	71	1.088502e+06
53	82	61	5.140720e+01
53	82	62	9.493225e+02
53	82	63	5.067625e+04
53	82	64	5.066094e+04
53	82	65	2.994120e+05
53	82	66	3.585887e+05
53	82	68	8.678742e+02
53	82	69	1.026116e+03
53	82	70	1.202301e+04
53	82	71	-6.343448e+02
53	83	64	4.647823e+02
53	83	65	1.191456e+05
53	83	66	1.478950e+05
53	83	68	1.085473e+03
53	83	69	4.510209e+04
53	83	70	3.764952e+05
53	83	71	7.953343e+04
53	84	62	1.180770e+03
53	84	63	-8.214736e+01
53	84	64	2.167309e+04
53	84	65	1.242166e+05
53	84	66	2.722473e+05
53	85	62	4.337873e+04
53	85	63	-3.017903e+03
53	85	64	5.999539e+05
53	85	65	5.261631e+04
53	85	66	1.153200e+05
53	86	62	2.187086e+04
53	86	63	-1.521578e+03
53	86	64	3.013329e+05
54	63	73	2.264928e+00
54	63	74	2.291941e+03
54	63	75	2.596419e+03
54	63	86	1.896660e+03
54	63	87	1.114212e+03
54	63	88	2.876037e+04
54	64	56	4.865143e+03
54	64	57	-8.382790e+03
54	64	58	4.766426e+04
54	64	73	-3.936275e+00
54	64	74	-3.983220e+03
54	64	75	-4.512380e+03
54	64	86	4.929302e+04
54	64	87	2.895768e+04
54	64	88	7.474643e+05
54	65	56	1.525230e+04
54	65	57	-2.628018e+04
54	65	58	1.494282e+05
54	65	73	2.209610e+01
54	65	74	2.235962e+04
54	65	75	2.533004e+04
54	65	86	2.172181e+04
54	65	87	1.276070e+04
54	65	88	3.293830e+05
54	66	56	9.751012e+04
54	66	57	-1.680129e+05
54	66	58	9.553157e+05
54	66	60	7.235612e+02
54	66	61	7.936434e+03
54	66	62	2.184251e+03
54	67	31	8.422303e+03
54	67	32	1.010625e+05
54	67	33	2.954354e+04
54	67	60	1.952259e+04
54	67	61	2.141350e+05
54	67	62	5.893386e+04
54	68	31	6.085718e+04
54	68	32	7.302494e+05
54	68	33	2.134733e+05
54	68	60	4.043500e+04
54	68	61	4.435143e+05
54	68	62	1.220632e+05
54	68	64	-5.706758e+01
54	68	65	-2.392440e+04
54	68	66	-2.901442e+04
54	69	31	1.208303e+04
54	69	32	1.449891e+05
54	69	33	4.238455e+04
54	69	64	2.218506e+02
54	69	65	5.040981e+04
54	69	66	5.664476e+04
54	69	67	-6.743657e+03
54	69	68	3.083490e+02
54	69	69	6.777919e+01
54	70	55	4.943661e-02
54	70	56	-8.367704e-02
54	70	57	4.884846e-01
54	70	62	1.343946e+03
54	70	63	1.572750e+04
54	70	64	1.368819e+04
54	70	65	1.908665e+04
54	70	66	-9.073295e+04
54	70	67	4.710345e+04
54	70	68	1.127940e+04
54	70	69	2.477422e+03
54	71	55	1.584241e+04
54	71	56	-2.681506e+04
54	71	57	1.565393e+05
54	71	58	3.444608e+01
54	71	59	3.071930e+02
54	71	60	1.023983e+03
54	71	62	7.952304e+03
54	71	63	9.475700e+04
54	71	64	3.704017e+04
54	71	65	3.670963e+05
54	71	66	7.000767e+05
54	71	67	3.088392e+05
54	71	68	1.312369e+05
54	71	69	5.442108e+03
54	71	71	2.689729e+03
54	71	72	1.815346e+04
54	71	73	3.388274e+03
54	72	55	1.573087e+04
54	72	56	-2.082125e+04
54	72	57	1.611667e+05
54	72	58	1.474977e+04
54	72	59	1.315397e+05
54	72	60	4.384682e+05
54	72	62	3.326041e+04
54	72	63	3.929190e+05
54	72	64	1.315276e+05
54	72	65	6.850676e+04
54	72	66	6.998438e+05
54	72	67	2.106494e+06
54	72	68	1.482105e+05
54	72	69	1.301519e+05
54	72	71	7.992589e+03
54	72	72	5.394340e+04
54	72	73	1.006833e+04
54	73	55	3.642575e+00
54	73	56	3.474562e+05
54	73	57	3.429816e+05
54	73	58	1.212976e+04
54	73	59	1.081742e+05
54	73	60	3.605964e+05
54	73	61	5.699710e+02
54	73	62	3.410834e+03
54	73	63	6.758878e+04
54	73	64	1.646519e+05
54	73	65	1.187079e+06
54	73	66	2.418302e+06
54	73	67	5.366162e+06
54	73	68	2.231807e+06
54	73	69	1.258784e+06
54	73	70	1.321807e+05
54	73	71	9.317636e+04
54	73	72	3.584618e+05
54	73	73	6.690553e+04
54	74	55	5.998473e+00
54	74	56	5.721795e+05
54	74	57	5.648109e+05
54	74	58	5.071241e+00
54	74	59	4.336281e+02
54	74	60	5.344398e+03
54	74	61	6.267261e+04
54	74	62	2.088734e+05
54	74	63	3.571896e+05
54	74	64	1.812406e+06
54	74	65	4.722367e+06
54	74	66	3.664659e+06
54	74	67	7.363901e+06
54	74	68	3.150449e+06
54	74	69	3.225335e+06
54	74	70	7.901453e+05
54	74	71	3.826096e+05
54	74	72	9.546710e+03
54	74	73	7.274785e+03
54	75	56	2.096930e+02
54	75	57	5.458260e+03
54	75	58	1.146438e+04
54	75	59	3.972245e+03
54	75	60	5.333917e+04
54	75	61	7.915482e+04
54	75	62	2.831912e+05
54	75	63	3.756550e+05
54	75	64	3.149158e+06
54	75	65	8.761483e+06
54	75	66	1.828114e+07
54	75	67	2.098618e+07
54	75	68	5.265177e+06
54	75	69	1.941924e+06
54	75	70	1.136949e+06
54	75	71	3.818056e+05
54	75	72	8.229075e+04
54	75	73	7.196258e+04
54	75	77	2.358708e+02
54	75	78	2.703524e+03
54	75	79	7.942571e+03
54	76	56	5.924383e+03
54	76	57	1.542103e+05
54	76	58	3.234688e+05
54	76	59	1.072564e+04
54	76	60	4.758772e+04
54	76	61	1.469151e+04
54	76	62	3.073020e+03
54	76	63	4.889950e+05
54	76	64	3.276053e+06
54	76	65	1.187867e+07
54	76	66	3.199733e+07
54	76	67	3.885116e+07
54	76	68	1.239545e+07
54	76	69	2.686685e+06
54	76	70	8.024051e+05
54	76	71	5.360759e+05
54	76	72	5.343331e+04
54	76	73	2.203049e+04
54	76	74	1.432992e+03
54	76	77	5.219021e+03
54	76	78	5.981984e+04
54	76	79	1.757422e+05
54	77	56	1.208131e+04
54	77	57	3.144737e+05
54	77	58	6.594158e+05
54	77	59	2.893156e+02
54	77	60	3.581620e+04
54	77	61	1.330499e+04
54	77	62	2.223308e+05
54	77	63	6.386104e+05
54	77	64	3.266641e+06
54	77	65	1.175849e+07
54	77	66	3.380868e+07
54	77	67	3.253056e+07
54	77	68	1.326260e+07
54	77	69	6.122122e+06
54	77	70	1.051237e+06
54	77	71	1.090063e+06
54	77	72	9.633200e+03
54	77	73	-6.812065e+03
54	77	74	-2.691854e+03
54	77	77	1.159946e+04
54	77	78	1.329518e+05
54	77	79	3.905934e+05
54	78	59	2.006225e+03
54	78	60	1.401407e+05
54	78	61	2.069020e+05
54	78	62	1.487577e+05
54	78	63	8.590632e+05
54	78	64	3.012726e+06
54	78	65	6.105326e+06
54	78	66	1.268610e+07
54	78	67	1.161225e+07
54	78	68	4.759667e+06
54	78	69	1.007849e+06
54	78	70	1.090999e+06
54	78	71	3.813657e+05
54	78	72	7.626206e+04
54	78	73	3.393395e+04
54	78	74	1.340933e+04
54	79	59	3.838754e+02
54	79	60	3.223321e+04
54	79	61	1.109091e+05
54	79	62	-3.412972e+04
54	79	63	9.925846e+05
54	79	64	1.489787e+06
54	79	65	1.861854e+06
54	79	66	2.388934e+06
54	79	67	1.242966e+06
54	79	68	4.305889e+05
54	79	69	6.130408e+05
54	79	70	7.276320e+05
54	79	71	3.100179e+05
54	79	72	1.527834e+04
54	79	73	6.334833e-02
54	79	74	1.218594e-02
54	80	61	3.250432e+04
54	80	62	-3.665431e+04
54	80	63	3.749441e+05
54	80	64	1.188796e+05
54	80	65	4.176859e+04
54	80	66	3.630074e+05
54	80	67	1.325968e+06
54	80	68	1.253732e+06
54	80	69	1.208241e+06
54	80	70	4.790785e+05
54	80	71	-1.936301e+04
54	80	72	4.232574e+00
54	80	73	2.952288e+01
54	80	74	5.679139e+00
54	81	61	8.551022e+03
54	81	62	1.573628e+05
54	81	63	3.754589e+05
54	81	65	6.200753e+03
54	81	66	4.212696e+04
54	81	67	1.496675e+05
54	81	68	1.362984e+05
54	81	69	2.457501e+05
54	81	70	2.596635e+05
54	81	71	2.876812e+05
54	81	72	3.509381e+00
54	81	73	2.447849e+01
54	81	74	4.708780e+00
54	82	61	2.603072e+03
54	82	62	4.790383e+04
54	82	63	1.142959e+05
54	82	68	1.547716e+04
54	82	69	1.144283e+05
54	82	70	2.488192e+05
54	82	71	-1.848649e+03
54	82	73	2.876706e+01
54	82	74	-5.359277e+01
54	82	75	2.704746e+02
54	83	64	5.511956e+02
54	83	65	1.266828e+04
54	83	66	2.776527e+04
54	83	68	1.545860e+04
54	83	69	1.508789e+05
54	83	70	1.307977e+06
54	83	71	2.317815e+05
54	83	73	2.436404e+03
54	83	74	-4.538999e+03
54	83	75	2.290764e+04
54	84	62	1.294022e+03
54	84	63	-9.002646e+01
54	84	64	3.091480e+04
54	84	65	3.007589e+05
54	84	66	6.591778e+05
54	84	68	1.318902e+00
54	84	69	4.422491e+01
54	84	70	8.534373e+01
54	84	73	1.560215e+03
54	84	74	-2.906666e+03
54	84	75	1.466950e+04
54	85	62	4.753937e+04
54	85	63	-3.307363e+03
54	85	64	6.605322e+05
54	85	65	1.273970e+05
54	85	66	2.792180e+05
54	85	68	-1.534886e+00
54	85	69	-5.146718e+01
54	85	70	-9.931962e+01
54	86	62	2.396858e+04
54	86	63	-1.667519e+03
54	86	64	3.302350e+05
54	86	68	1.484630e+01
54	86	69	4.978202e+02
54	86	70	9.606766e+02
55	63	73	6.989751e+01
55	63	74	7.073114e+04
55	63	75	8.012757e+04
55	63	86	1.265798e+03
55	63	87	7.436056e+02
55	63	88	1.919417e+04
55	64	73	-1.214766e+02
55	64	74	-1.229254e+05
55	64	75	-1.392557e+05
55	64	86	3.289730e+04
55	64	87	1.932585e+04
55	64	88	4.988447e+05
55	65	73	6.819034e+02
55	65	74	6.900360e+05
55	65	75	7.817054e+05
55	65	86	1.449676e+04
55	65	87	8.516266e+03
55	65	88	2.198244e+05
55	67	31	4.184106e+03
55	67	32	5.020674e+04
55	67	33	1.467690e+04
55	68	31	3.023317e+04
55	68	32	3.627797e+05
55	68	33	1.060511e+05
55	68	64	2.990130e+02
55	68	65	1.253550e+05
55	68	66	1.520248e+05
55	68	68	2.050431e+01
55	68	69	-1.537341e+01
55	68	70	2.511890e+02
55	69	31	6.002716e+03
55	69	32	7.202896e+04
55	69	33	2.105617e+04
55	69	64	5.414004e+03
55	69	65	-1.938758e+05
55	69	66	-2.777058e+05
55	69	67	3.272782e+04
55	69	68	8.990842e+03
55	69	69	1.904640e+03
55	69	70	9.055054e+02
55	70	57	3.191386e+01
55	70	58	1.103141e+03
55	70	59	5.441218e+02
55	70	62	3.743126e+03
55	70	63	3.138526e+04
55	70	64	1.718875e+05
55	70	65	1.695208e+06
55	70	66	1.721254e+06
55	70	67	5.687569e+05
55	70	68	3.380788e+05
55	70	69	7.132175e+04
55	70	70	5.246047e+03
55	71	57	1.376760e+02
55	71	58	4.758938e+03
55	71	59	2.347334e+03
55	71	62	-6.594282e+03
55	71	63	-5.529155e+04
55	71	64	-1.745172e+05
55	71	65	1.812005e+05
55	71	66	1.059433e+06
55	71	67	1.741498e+06
55	71	68	3.002816e+05
55	71	69	7.822470e+04
55	72	57	7.063092e+02
55	72	58	2.441444e+04
55	72	59	1.204236e+04
55	72	62	3.626881e+04
55	72	63	3.042084e+05
55	72	64	1.047520e+06
55	72	65	2.595405e+04
55	72	66	6.608673e+05
55	72	67	1.720435e+06
55	72	68	1.391482e+06
55	72	69	3.669268e+05
55	73	61	-7.124705e+02
55	73	62	-3.745044e+03
55	73	63	6.072012e+04
55	73	64	9.289888e+04
55	73	65	3.420796e+05
55	73	66	1.350905e+06
55	73	67	2.230483e+06
55	73	68	1.659779e+06
55	73	69	1.108175e+06
55	73	70	5.888085e+04
55	73	71	1.526060e+04
55	74	58	2.383354e+02
55	74	59	1.984726e+04
55	74	60	3.055355e+04
55	74	61	9.695906e+03
55	74	62	-1.961099e+03
55	74	63	9.177215e+05
55	74	64	1.027949e+06
55	74	65	1.635941e+06
55	74	66	5.300843e+06
55	74	67	3.818639e+06
55	74	68	3.191050e+05
55	74	69	1.117147e+06
55	74	70	3.424923e+05
55	74	71	8.378696e+05
55	74	72	6.901144e+04
55	74	73	5.489851e+04
55	75	56	6.212814e+01
55	75	57	1.617181e+03
55	75	58	4.285106e+03
55	75	59	7.651295e+04
55	75	60	1.644148e+05
55	75	61	1.670754e+04
55	75	62	4.138862e+05
55	75	63	2.587678e+06
55	75	64	3.248339e+06
55	75	65	5.705362e+06
55	75	66	1.074882e+07
55	75	67	1.036306e+07
55	75	68	3.937822e+06
55	75	69	1.258848e+06
55	75	70	1.387889e+06
55	75	71	7.216400e+05
55	75	72	6.124452e+05
55	75	73	5.430592e+05
55	75	77	3.748198e+02
55	75	78	4.296142e+03
55	75	79	1.262146e+04
55	76	56	1.755285e+03
55	76	57	4.568966e+04
55	76	58	1.008455e+05
55	76	59	4.210290e+05
55	76	60	6.666236e+05
55	76	61	2.706344e+04
55	76	62	1.599318e+05
55	76	63	1.521544e+06
55	76	64	2.458099e+06
55	76	65	7.731979e+06
55	76	66	1.157314e+07
55	76	67	1.366595e+07
55	76	68	7.130359e+06
55	76	69	2.577807e+06
55	76	70	6.532410e+05
55	76	71	1.448196e+05
55	76	72	3.448946e+05
55	76	73	1.805661e+05
55	76	74	1.645619e+04
55	76	77	8.293493e+03
55	76	78	9.505909e+04
55	76	79	2.792701e+05
55	77	56	3.579468e+03
55	77	57	9.318490e+04
55	77	58	1.955093e+05
55	77	59	3.821075e+01
55	77	60	1.282380e+05
55	77	61	-1.315980e+05
55	77	62	1.632609e+06
55	77	63	1.548331e+06
55	77	64	2.248268e+06
55	77	65	5.267019e+06
55	77	66	1.306125e+07
55	77	67	1.596491e+07
55	77	68	7.734271e+06
55	77	69	4.625041e+06
55	77	70	8.320177e+05
55	77	71	-1.324187e+05
55	77	72	-3.724686e+03
55	77	73	-7.706813e+04
55	77	74	-3.057553e+04
55	77	77	1.843259e+04
55	77	78	2.112722e+05
55	77	79	6.206879e+05
55	78	57	3.866693e+03
55	78	58	4.343082e+04
55	78	59	1.214871e+04
55	78	60	8.492694e+04
55	78	61	-9.055851e+04
55	78	62	1.514852e+06
55	78	63	1.091788e+06
55	78	64	1.934813e+06
55	78	65	3.343542e+06
55	78	66	5.316949e+06
55	78	67	5.624553e+06
55	78	68	2.240038e+06
55	78	69	3.915014e+05
55	78	70	5.770460e+05
55	78	71	1.590659e+05
55	78	72	1.932901e+04
55	78	73	3.923703e+05
55	78	74	1.546314e+05
55	79	57	3.080326e+03
55	79	58	3.459832e+04
55	79	59	9.678033e+03
55	79	60	7.194538e+04
55	79	61	-1.322501e+04
55	79	62	8.105994e+05
55	79	63	8.002715e+05
55	79	64	4.323088e+05
55	79	65	1.537485e+06
55	79	66	2.962567e+06
55	79	67	1.375288e+06
55	79	68	1.287263e+06
55	79	69	9.790846e+05
55	79	70	1.073653e+06
55	79	71	6.155896e+05
55	79	72	1.266227e+02
55	79	73	8.832140e+02
55	79	74	1.698985e+02
55	80	61	2.818728e+04
55	80	62	-2.045087e+04
55	80	63	3.288828e+05
55	80	65	6.576578e+04
55	80	66	6.188175e+05
55	80	67	4.577143e+05
55	80	68	1.462236e+06
55	80	69	9.574196e+05
55	80	70	1.417731e+05
55	80	72	5.901131e+04
55	80	73	4.116134e+05
55	80	74	7.917958e+04
55	81	61	1.468016e+04
55	81	62	2.701562e+05
55	81	63	6.445776e+05
55	81	65	1.956502e+03
55	81	66	5.121013e+04
55	81	67	2.151304e+04
55	81	68	6.620800e+05
55	81	69	3.325839e+05
55	81	70	8.584010e+03
55	81	72	4.892842e+04
55	81	73	3.412836e+05
55	81	74	6.565067e+04
55	82	61	4.468882e+03
55	82	62	8.223998e+04
55	82	63	1.962200e+05
55	82	68	3.044364e+04
55	82	69	-2.206633e+04
55	82	70	5.281884e+05
55	82	73	4.855492e+02
55	82	74	-9.045739e+02
55	82	75	4.565247e+03
55	83	68	4.108562e+04
55	83	69	6.495849e+04
55	83	70	7.043065e+05
55	83	73	4.112322e+04
55	83	74	-7.661220e+04
55	83	75	3.866501e+05
55	84	68	8.576704e+02
55	84	69	2.875907e+04
55	84	70	5.549827e+04
55	84	73	2.633432e+04
55	84	74	-4.906061e+04
55	84	75	2.476015e+05
55	85	68	-9.981226e+02
55	85	69	-3.346865e+04
55	85	70	-6.458668e+04
55	86	68	9.654416e+03
55	86	69	3.237281e+05
55	86	70	6.247195e+05
56	61	77	1.960564e+01
56	61	78	1.313831e+02
56	61	79	2.436064e+01
56	62	77	5.730565e+03
56	62	78	3.840218e+04
56	62	79	7.120413e+03
56	63	73	3.303350e+01
56	63	74	3.342748e+04
56	63	75	3.786822e+04
56	63	77	7.215422e+03
56	63	78	4.835264e+04
56	63	79	8.965396e+03
56	64	73	-5.740974e+01
56	64	74	-5.809443e+04
56	64	75	-6.581212e+04
56	65	73	3.222670e+02
56	65	74	3.261104e+05
56	65	75	3.694333e+05
56	68	68	2.659791e+03
56	68	69	-1.994218e+03
56	68	70	3.258390e+04
56	69	64	6.281941e+03
56	69	65	5.616983e+04
56	69	66	1.331080e+04
56	69	67	2.216755e+03
56	69	68	2.763181e+04
56	69	69	-3.222687e+03
56	69	70	1.174609e+05
56	70	57	3.445113e+02
56	70	58	1.190845e+04
56	70	59	5.873815e+03
56	70	62	2.189388e+03
56	70	63	1.835752e+04
56	70	64	1.271045e+05
56	70	65	5.711170e+05
56	70	66	1.377036e+05
56	70	67	1.105487e+05
56	70	68	7.281421e+05
56	70	69	1.033219e+05
56	70	70	6.805101e+05
56	71	57	1.486217e+03
56	71	58	5.137290e+04
56	71	59	2.533956e+04
56	71	62	-3.857055e+03
56	71	63	-3.234053e+04
56	71	64	-9.473260e+04
56	71	65	1.501725e+05
56	71	66	2.968828e+05
56	71	67	3.412773e+05
56	71	68	4.558241e+05
56	71	69	1.136901e+05
56	72	57	7.624634e+03
56	72	58	2.635548e+05
56	72	59	1.299977e+05
56	72	62	2.121395e+04
56	72	63	1.778742e+05
56	72	64	6.126866e+05
56	72	65	1.786594e+03
56	72	66	3.708482e+05
56	72	67	9.546585e+05
56	72	68	9.679214e+05
56	72	69	3.157831e+05
56	73	61	3.858486e+03
56	73	62	2.731734e+04
56	73	63	1.606232e+04
56	73	64	2.200434e+04
56	73	65	1.671291e+04
56	73	66	1.797841e+05
56	73	67	3.124637e+05
56	73	68	3.282853e+05
56	73	69	6.578350e+04
56	73	70	-8.724128e+00
56	73	71	1.321457e+03
56	74	58	1.304014e+02
56	74	59	1.103537e+04
56	74	60	2.011175e+04
56	74	61	9.096286e+04
56	74	62	5.415555e+05
56	74	63	5.920830e+05
56	74	64	2.820919e+05
56	74	65	4.805689e+05
56	74	66	2.435370e+06
56	74	67	1.354567e+06
56	74	68	4.337320e+05
56	74	69	2.853344e+04
56	74	70	1.081273e+05
56	74	71	2.131146e+05
56	74	72	5.450189e+04
56	74	73	1.132186e+04
56	75	58	4.891707e+02
56	75	59	7.835376e+04
56	75	60	7.893725e+05
56	75	61	4.647838e+05
56	75	62	1.258677e+06
56	75	63	7.013241e+05
56	75	64	6.625926e+05
56	75	65	1.342288e+06
56	75	66	4.380021e+06
56	75	67	2.484912e+06
56	75	68	2.039496e+06
56	75	69	-8.591219e+02
56	75	70	8.520192e+04
56	75	71	3.920154e+05
56	75	72	2.399258e+05
56	75	73	1.119965e+05
56	76	58	2.757279e+03
56	76	59	2.578663e+05
56	76	60	8.964907e+05
56	76	61	2.132137e+05
56	76	62	1.605800e+05
56	76	63	3.149090e+05
56	76	64	4.079613e+05
56	76	65	1.814930e+06
56	76	66	5.541944e+06
56	76	67	4.731576e+06
56	76	68	5.300644e+06
56	76	69	7.868876e+05
56	76	70	1.997749e+06
56	76	71	3.651092e+05
56	76	72	8.623183e+05
56	76	73	1.670286e+05
56	76	74	5.271821e+04
56	77	57	1.684161e+01
56	77	58	1.891655e+02
56	77	59	5.291441e+01
56	77	60	2.667430e+04
56	77	61	-2.206363e+04
56	77	62	7.704236e+05
56	77	63	1.770285e+06
56	77	64	6.939149e+05
56	77	65	1.130336e+06
56	77	66	4.092097e+06
56	77	67	6.047099e+06
56	77	68	3.244932e+06
56	77	69	1.267909e+06
56	77	70	4.688265e+05
56	77	71	1.979275e+06
56	77	72	1.303929e+03
56	77	73	-9.269036e+04
56	77	74	-5.313725e+04
56	78	57	5.354613e+03
56	78	58	6.014319e+04
56	78	59	1.682358e+04
56	78	61	9.385613e+01
56	78	62	1.633490e+05
56	78	63	9.666025e+05
56	78	64	2.926397e+05
56	78	65	8.601685e+05
56	78	66	2.429624e+06
56	78	67	1.565770e+06
56	78	68	1.735627e+06
56	78	69	2.516279e+05
56	78	70	2.492414e+04
56	78	72	9.894224e+04
56	78	73	1.613088e+06
56	78	74	5.806012e+05
56	79	51	1.704420e+02
56	79	52	1.055677e+02
56	79	53	2.595702e+03
56	79	57	4.265649e+03
56	79	58	4.791191e+04
56	79	59	1.340218e+04
56	79	61	1.659736e+01
56	79	62	3.127251e+04
56	79	63	3.722121e+04
56	79	64	3.990274e+04
56	79	65	4.576861e+05
56	79	66	7.175718e+05
56	79	67	1.976297e+05
56	79	68	1.983934e+05
56	79	69	2.658424e+05
56	79	70	1.144383e+05
56	79	72	1.309763e+02
56	79	73	9.135806e+02
56	79	74	1.757400e+02
56	80	51	4.251543e+02
56	80	52	2.633304e+02
56	80	53	6.474776e+03
56	80	65	1.421169e+04
56	80	66	1.094054e+05
56	80	67	-6.578161e+04
56	80	68	9.000507e+05
56	80	69	8.499508e+05
56	80	70	3.293119e+04
56	80	72	6.104023e+04
56	80	73	4.257654e+05
56	80	74	8.190193e+04
56	81	51	3.223718e+03
56	81	52	2.035921e+03
56	81	53	4.916609e+04
56	81	65	6.693461e+04
56	81	66	2.919300e+05
56	81	67	1.468882e+06
56	81	68	6.113910e+05
56	81	69	6.043848e+05
56	81	70	4.571707e+04
56	81	72	5.061068e+04
56	81	73	3.530176e+05
56	81	74	6.790787e+04
56	82	51	1.441853e+02
56	82	52	8.543631e+02
56	82	53	3.586704e+03
56	82	68	3.803089e+04
56	82	69	1.169856e+06
56	82	70	5.521747e+05
56	82	73	1.199956e+03
56	82	74	-2.235507e+03
56	82	75	1.128227e+04
56	83	51	3.362175e+02
56	83	52	1.992240e+03
56	83	53	8.363629e+03
56	83	73	1.016293e+05
56	83	74	-1.893346e+05
56	83	75	9.555429e+05
56	84	68	1.001745e+03
56	84	69	3.359012e+04
56	84	70	6.482107e+04
56	84	73	6.508100e+04
56	84	74	-1.212453e+05
56	84	75	6.119067e+05
56	85	68	-1.165791e+03
56	85	69	-3.909084e+04
56	85	70	-7.543618e+04
56	86	68	1.127620e+04
56	86	69	3.781091e+05
56	86	70	7.296621e+05
57	61	77	1.741671e+01
57	61	78	1.167144e+02
57	61	79	2.164083e+01
57	62	77	5.090760e+03
57	62	78	3.411466e+04
57	62	79	6.325435e+03
57	63	77	6.409836e+03
57	63	78	4.295417e+04
57	63	79	7.964429e+03
57	65	70	1.050214e+00
57	65	71	3.248605e+01
57	65	72	1.536678e+01
57	66	70	1.340691e+01
57	66	71	4.147130e+02
57	66	72	1.961704e+02
57	67	70	3.743844e+01
57	67	71	1.158075e+03
57	67	72	5.478009e+02
57	68	68	3.748189e+03
57	68	69	-2.810261e+03
57	68	70	4.591738e+04
57	69	67	2.062905e+02
57	69	68	1.389723e+04
57	69	69	-8.094167e+03
57	69	70	1.655264e+05
57	70	57	1.042042e+03
57	70	58	3.601945e+04
57	70	59	1.776677e+04
57	70	60	2.162719e+00
57	70	61	7.593110e+00
57	70	67	9.409311e+03
57	70	68	1.267855e+05
57	70	69	-1.585309e+04
57	70	70	9.589778e+05
57	71	57	4.495355e+03
57	71	58	1.553874e+05
57	71	59	7.666403e+04
57	71	60	1.583520e+02
57	71	61	5.559594e+02
57	71	67	5.626397e+03
57	71	68	3.338645e+04
57	71	69	1.852316e+04
57	72	57	2.306220e+04
57	72	58	7.971730e+05
57	72	59	3.932158e+05
57	72	60	9.796588e+01
57	72	61	3.439493e+02
57	72	63	7.589063e+00
57	72	64	8.841089e+01
57	72	65	2.577230e+02
57	72	66	1.879590e+01
57	72	67	-2.753632e+01
57	72	68	1.971833e+02
57	72	71	2.168740e-03
57	72	72	2.074134e+03
57	72	73	2.065666e+03
57	73	63	-1.188828e+01
57	73	64	3.258028e+02
57	73	65	2.050413e+04
57	73	66	2.814841e+04
57	73	67	3.523489e+02
57	73	68	7.573000e+03
57	73	69	1.970262e+04
57	73	71	3.569099e-02
57	73	72	3.413406e+04
57	73	73	3.399469e+04
57	74	63	7.758032e+01
57	74	64	2.871618e+04
57	74	65	4.212974e+05
57	74	66	8.854799e+05
57	74	67	2.010708e+05
57	74	68	2.535523e+05
57	74	69	6.452735e+05
57	74	70	1.200067e+04
57	74	71	1.260683e-02
57	74	72	1.205689e+04
57	74	73	1.200766e+04
57	75	56	3.273633e+02
57	75	57	-4.821354e+02
57	75	58	3.427638e+03
57	75	61	2.501543e+01
57	75	62	1.872668e+03
57	75	63	2.930706e+03
57	75	64	6.228134e+04
57	75	65	3.287649e+05
57	75	66	1.628169e+06
57	75	67	2.525228e+05
57	75	68	1.670311e+05
57	75	69	1.117094e+06
57	75	70	1.093594e+04
57	75	71	1.081828e+03
57	76	56	7.327373e+03
57	76	57	-1.079164e+04
57	76	58	7.672082e+04
57	76	61	4.969974e+02
57	76	62	5.175798e+04
57	76	63	3.311079e+04
57	76	64	1.465941e+05
57	76	65	6.719300e+04
57	76	66	2.200668e+06
57	76	67	2.753300e+06
57	76	68	2.338752e+06
57	76	69	1.421701e+06
57	76	70	6.290409e+05
57	76	71	1.788603e+05
57	76	72	2.084257e+03
57	76	73	2.275961e+04
57	76	74	6.244618e+03
57	77	56	1.621614e+04
57	77	57	-2.367904e+04
57	77	58	1.720797e+05
57	77	59	6.404417e+02
57	77	61	1.150602e+03
57	77	62	9.382386e+04
57	77	63	1.399469e+05
57	77	64	1.110268e+05
57	77	65	4.057953e+05
57	77	66	2.234822e+05
57	77	67	1.313944e+06
57	77	68	1.695840e+06
57	77	69	1.118098e+06
57	77	70	3.238975e+05
57	77	71	1.302894e+05
57	77	72	1.749968e+04
57	77	73	1.910926e+05
57	77	74	5.243061e+04
57	78	57	6.480877e+04
57	78	58	7.279341e+05
57	78	59	2.036217e+05
57	78	62	2.188982e+05
57	78	63	-3.509774e+05
57	78	64	2.190404e+06
57	78	65	5.928419e+05
57	78	66	1.880859e+05
57	78	67	5.980126e+05
57	78	68	1.172430e+06
57	78	69	8.946316e+05
57	78	70	1.417592e+05
57	78	72	6.023374e+04
57	78	73	6.577388e+05
57	78	74	1.804656e+05
57	79	51	1.015851e+03
57	79	52	6.291937e+02
57	79	53	1.547064e+04
57	79	57	5.162865e+04
57	79	58	5.798947e+05
57	79	59	1.622113e+05
57	79	61	2.446432e+01
57	79	62	1.708167e+03
57	79	63	3.091849e+03
57	79	64	5.097664e+04
57	79	65	3.588073e+04
57	79	68	3.546121e+04
57	79	69	4.470691e+05
57	79	70	1.349248e+05
57	80	51	2.533961e+03
57	80	52	1.569475e+03
57	80	53	3.859029e+04
57	80	61	1.725352e+02
57	80	62	1.204689e+04
57	80	63	1.968945e+04
57	80	64	7.367847e+04
57	80	65	5.185978e+04
57	81	51	1.976308e+04
57	81	52	1.538978e+04
57	81	53	3.067015e+05
57	81	61	3.352194e+01
57	81	62	2.340596e+03
57	81	63	3.719504e+03
57	82	51	1.157446e+04
57	82	52	6.858390e+04
57	82	53	2.879222e+05
57	83	51	2.698982e+04
57	83	52	1.599269e+05
57	83	53	6.713893e+05
58	30	92	5.963943e+01
58	30	93	8.656258e+03
58	30	94	6.170150e+03
58	31	92	3.782867e+01
58	31	93	5.490575e+03
58	31	94	3.913662e+03
58	32	92	9.100867e+02
58	32	93	1.320929e+05
58	32	94	9.415535e+04
58	58	85	1.365053e+00
58	58	86	8.973778e-01
58	58	87	2.089503e+01
58	59	85	2.309383e+02
58	59	86	1.518175e+02
58	59	87	3.535001e+03
58	60	85	3.121410e+02
58	60	86	2.051996e+02
58	60	87	4.777980e+03
58	61	77	3.092969e+02
58	61	78	2.072688e+03
58	61	79	3.843114e+02
58	62	77	9.040491e+04
58	62	78	6.058295e+05
58	62	79	1.123310e+05
58	63	77	1.138299e+05
58	63	78	7.628070e+05
58	63	79	1.414373e+05
58	65	70	4.862550e+02
58	65	71	1.504122e+04
58	65	72	7.114905e+03
58	66	70	6.207471e+03
58	66	71	1.920144e+05
58	66	72	9.082800e+04
58	67	70	1.733420e+04
58	67	71	5.361953e+05
58	67	72	2.536349e+05
58	69	59	1.221511e+01
58	69	60	9.739853e+03
58	69	61	1.120765e+04
58	69	67	2.190564e+03
58	69	68	5.266549e+03
58	69	69	1.972600e+04
58	70	59	3.136658e+02
58	70	60	8.254908e+04
58	70	61	9.904474e+04
58	70	67	1.155994e+05
58	70	68	6.465064e+05
58	70	69	4.444213e+05
58	71	59	1.556650e+04
58	71	60	1.438619e+05
58	71	61	4.624801e+05
58	71	67	7.134648e+04
58	71	68	4.441634e+05
58	71	69	2.012199e+05
58	72	59	9.616350e+03
58	72	60	7.783355e+04
58	72	61	2.732665e+05
58	72	63	1.997625e+03
58	72	64	2.327189e+04
58	72	65	6.783893e+04
58	72	66	5.354002e+03
58	72	67	-7.843703e+03
58	72	68	5.617200e+04
58	72	69	-8.025799e+00
58	72	70	4.257950e+01
58	72	71	3.286302e-02
58	72	72	3.142945e+04
58	72	73	3.130112e+04
58	73	63	-3.129284e+03
58	73	64	-3.564153e+04
58	73	65	-1.073109e+05
58	73	66	1.383867e+05
58	73	67	-1.895877e+05
58	73	68	1.358957e+06
58	73	69	1.170351e+02
58	73	70	5.043387e+02
58	73	71	5.408272e-01
58	73	72	5.172349e+05
58	73	73	5.151231e+05
58	74	63	2.042102e+04
58	74	64	2.829171e+05
58	74	65	6.359142e+05
58	74	66	5.510226e+05
58	74	67	-3.783148e+04
58	74	68	6.230868e+05
58	74	69	7.310541e+03
58	74	70	1.461814e+02
58	74	71	1.910318e-01
58	74	72	1.826985e+05
58	74	73	1.819526e+05
58	75	55	1.641348e+02
58	75	56	1.194544e+04
58	75	57	2.676639e+03
58	75	58	2.205605e+04
58	75	64	7.557502e+04
58	75	65	-9.513265e+04
58	75	66	8.564947e+05
58	75	67	5.864622e+04
58	75	68	5.266157e+04
58	75	69	1.402486e+04
58	76	55	1.193804e+03
58	76	56	1.187116e+05
58	76	57	-2.740871e+04
58	76	58	4.936806e+05
58	76	65	1.791537e+04
58	76	66	3.453670e+05
58	76	67	1.169333e+06
58	76	68	2.267579e+05
58	77	55	2.384073e+02
58	77	56	1.186383e+05
58	77	57	-1.452866e+05
58	77	58	1.092560e+06
58	77	61	9.594478e-01
58	77	62	5.389957e+02
58	77	63	6.369171e+02
58	77	65	5.148214e+03
58	77	66	9.065758e+04
58	77	67	1.715466e+05
58	77	68	3.404436e+00
58	77	69	4.292065e+01
58	77	70	1.295339e+01
58	78	55	3.854138e+00
58	78	56	1.400866e+02
58	78	57	7.036182e+01
58	78	61	8.799462e+01
58	78	62	4.943335e+04
58	78	63	5.840874e+04
58	78	64	-7.235220e+02
58	78	65	-5.092626e+02
58	78	68	2.244629e+04
58	78	69	2.829865e+05
58	78	70	8.540492e+04
58	79	51	4.249710e+03
58	79	52	2.632168e+03
58	79	53	6.471984e+04
58	79	55	4.830109e+01
58	79	56	1.755603e+03
58	79	57	8.817932e+02
58	79	61	3.644771e+02
58	79	62	5.366778e+04
58	79	63	7.155490e+04
58	79	64	-8.108302e+04
58	79	65	-5.707159e+04
58	79	68	2.136413e+04
58	79	69	2.693434e+05
58	79	70	8.128744e+04
58	80	51	1.060057e+04
58	80	52	6.565739e+03
58	80	53	1.614386e+05
58	80	55	1.452189e+01
58	80	56	5.278280e+02
58	80	57	2.651141e+02
58	80	61	2.165944e+03
58	80	62	1.512322e+05
58	80	63	2.394598e+05
58	80	64	-1.171924e+05
58	80	65	-8.248774e+04
58	81	51	8.056949e+04
58	81	52	5.189451e+04
58	81	53	1.230633e+06
58	81	61	4.208222e+02
58	81	62	2.938298e+04
58	81	63	4.669329e+04
58	81	67	2.465963e+01
58	81	68	4.100441e+02
58	81	69	1.456566e+02
58	82	51	7.320701e+03
58	82	52	4.337845e+04
58	82	53	1.821072e+05
58	82	67	3.284176e+03
58	82	68	5.460977e+04
58	82	69	1.939859e+04
58	83	51	1.707072e+04
58	83	52	1.011517e+05
58	83	53	4.246453e+05
58	83	67	4.607868e+03
58	83	68	7.662033e+04
58	83	69	2.721722e+04
59	30	92	-1.171057e+02
59	30	93	-1.699709e+04
59	30	94	-1.211547e+04
59	31	89	3.645533e+02
59	31	90	-5.979456e+02
59	31	91	3.654348e+03
59	31	92	-7.427892e+01
59	31	93	-1.078108e+04
59	31	94	-7.684716e+03
59	32	89	-4.993420e+02
59	32	90	8.190280e+02
59	32	91	-5.005494e+03
59	32	92	-1.787011e+03
59	32	93	-2.593725e+05
59	32	94	-1.848798e+05
59	33	89	3.914403e+03
59	33	90	-6.420461e+03
59	33	91	3.923868e+04
59	58	85	1.198895e+02
59	58	86	7.881464e+01
59	58	87	1.835163e+03
59	59	85	2.028279e+04
59	59	86	1.333378e+04
59	59	87	3.104710e+05
59	60	85	2.741463e+04
59	60	86	1.802221e+04
59	60	87	4.196390e+05
59	65	70	4.029219e+02
59	65	71	1.246350e+04
59	65	72	5.895572e+03
59	66	70	5.143652e+03
59	66	71	1.591075e+05
59	66	72	7.526214e+04
59	67	70	1.436352e+04
59	67	71	4.443036e+05
59	67	72	2.101676e+05
59	69	59	-2.204676e+01
59	69	60	-1.757924e+04
59	69	61	-2.022843e+04
59	69	67	4.743378e+03
59	69	68	5.391861e+02
59	69	69	6.029873e+04
59	70	59	6.138121e+01
59	70	60	-1.439119e+05
59	70	61	-1.609317e+05
59	70	67	1.050855e+05
59	70	68	1.827927e+05
59	70	69	1.059351e+06
59	71	59	1.784995e+04
59	71	60	1.122247e+05
59	71	61	4.709094e+05
59	71	67	4.706823e+04
59	71	68	1.317224e+05
59	71	69	3.938078e+05
59	72	59	1.106831e+04
59	72	60	8.958553e+04
59	72	61	3.145837e+05
59	72	62	4.710904e+02
59	72	63	2.650793e+03
59	72	64	2.966095e+04
59	72	65	8.646341e+04
59	72	68	6.810887e+03
59	72	69	-1.228655e+04
59	72	70	6.518421e+04
59	72	71	1.108332e-02
59	72	72	1.059984e+04
59	72	73	1.055656e+04
59	73	61	9.767508e+03
59	73	62	8.061880e+04
59	73	63	1.393611e+04
59	73	64	-4.646394e+04
59	73	65	-1.354451e+05
59	73	67	9.837825e+02
59	73	68	9.128696e+04
59	73	69	-1.426416e+05
59	73	70	7.720832e+05
59	73	71	1.823984e-01
59	73	72	1.744417e+05
59	73	73	1.737295e+05
59	74	61	1.317971e+04
59	74	62	1.087823e+05
59	74	63	5.021369e+04
59	74	64	3.032134e+05
59	74	65	8.838850e+05
59	74	67	3.403661e+04
59	74	68	3.906194e+05
59	74	69	5.774306e+04
59	74	70	2.237866e+05
59	74	71	6.442705e-02
59	74	72	6.161658e+04
59	74	73	6.136500e+04
59	75	55	-8.103869e+01
59	75	56	-4.481878e+03
59	75	57	-3.406969e+03
59	75	58	3.936096e+03
59	75	65	1.456242e+03
59	75	66	1.658970e+04
59	75	67	1.139337e+05
59	75	68	7.018772e+05
59	75	69	1.909797e+05
59	76	55	-5.894197e+02
59	76	56	-2.691799e+04
59	76	57	-3.314552e+04
59	76	58	8.810164e+04
59	76	65	1.710337e+04
59	76	66	1.948438e+05
59	76	67	5.741074e+05
59	76	69	3.694992e+01
59	76	70	4.237134e+02
59	76	71	1.244531e+03
59	77	55	-1.177094e+02
59	77	56	1.156566e+04
59	77	57	-3.157014e+04
59	77	58	1.949769e+05
59	77	61	8.140362e+00
59	77	62	4.573068e+03
59	77	63	5.404733e+03
59	77	64	1.695893e+02
59	77	65	5.153958e+03
59	77	66	5.616027e+04
59	77	67	1.654763e+05
59	77	69	7.872867e+02
59	77	70	9.028002e+03
59	77	71	2.651705e+04
59	78	55	1.185120e+03
59	78	56	4.307564e+04
59	78	57	2.163576e+04
59	78	61	7.465837e+02
59	78	62	4.194136e+05
59	78	63	4.956650e+05
59	78	64	8.721532e+03
59	78	65	8.674077e+03
59	78	69	1.774618e+03
59	78	70	2.034996e+04
59	78	71	5.977190e+04
59	79	55	1.485224e+04
59	79	56	5.398354e+05
59	79	57	2.711451e+05
59	79	61	1.350972e+03
59	79	62	3.337504e+05
59	79	63	4.228150e+05
59	79	64	5.195795e+05
59	79	65	3.667972e+05
59	80	55	4.469766e+03
59	80	56	1.632781e+05
59	80	57	8.278961e+04
59	80	61	6.095474e+03
59	80	62	4.256030e+05
59	80	63	6.818777e+05
59	80	64	7.484368e+05
59	80	65	5.267993e+05
59	81	55	-6.910679e+00
59	81	56	-1.534177e+03
59	81	57	-1.997193e+03
59	81	61	1.184292e+03
59	81	62	8.269060e+04
59	81	63	1.314059e+05
59	81	67	-2.939766e+01
59	81	68	-4.888287e+02
59	81	69	-1.736427e+02
59	82	55	4.479820e+01
59	82	56	9.945241e+03
59	82	57	1.294673e+04
59	82	67	-3.915187e+03
59	82	68	-6.510233e+04
59	82	69	-2.312577e+04
59	83	67	-5.493210e+03
59	83	68	-9.134193e+04
59	83	69	-3.244665e+04
60	30	92	5.432356e+02
60	30	93	7.884695e+04
60	30	94	5.620183e+04
60	31	89	5.879980e+03
60	31	90	-9.644429e+03
60	31	91	5.894198e+04
60	31	92	3.445687e+02
60	31	93	5.001180e+04
60	31	94	3.564824e+04
60	32	89	-8.054025e+03
60	32	90	1.321033e+04
60	32	91	-8.073499e+04
60	32	92	8.289674e+03
60	32	93	1.203190e+06
60	32	94	8.576295e+05
60	33	89	6.313649e+04
60	33	90	-1.035574e+05
60	33	91	6.328915e+05
60	58	85	1.814826e+02
60	58	86	1.193056e+02
60	58	87	2.777977e+03
60	59	85	3.070305e+04
60	59	86	2.018401e+04
60	59	87	4.699753e+05
60	60	85	4.149888e+04
60	60	86	2.728111e+04
60	60	87	6.352283e+05
60	69	59	1.168740e+02
60	69	60	9.319082e+04
60	69	61	1.072347e+05
60	70	59	9.699346e+02
60	70	60	7.733884e+05
60	70	61	8.899383e+05
60	71	59	2.166138e+02
60	71	60	1.727195e+05
60	71	61	1.987484e+05
60	72	61	3.437373e+02
60	72	62	2.837130e+03
60	72	63	6.307979e+02
60	72	68	7.539006e+03
60	72	69	-1.360005e+04
60	72	70	7.215274e+04
60	73	61	5.882457e+04
60	73	62	4.855247e+05
60	73	63	1.079499e+05
60	73	67	3.114887e+02
60	73	68	9.265758e+04
60	73	69	-1.601732e+05
60	73	70	8.546229e+05
60	74	61	7.937445e+04
60	74	62	6.551388e+05
60	74	63	1.456613e+05
60	74	67	1.077679e+04
60	74	68	1.421583e+05
60	74	69	-1.505243e+04
60	74	70	2.477105e+05
60	75	55	2.107285e+03
60	75	56	1.263196e+05
60	75	57	7.419599e+04
60	75	67	2.059703e+04
60	75	68	2.222308e+05
60	75	69	6.046867e+04
60	76	55	1.532694e+04
60	76	56	9.187619e+05
60	76	57	5.396506e+05
60	76	69	4.575934e+02
60	76	70	5.247331e+03
60	76	71	1.541246e+04
60	77	55	3.060851e+03
60	77	56	1.834804e+05
60	77	57	1.077703e+05
60	77	61	1.850730e+00
60	77	62	1.039698e+03
60	77	63	1.304254e+03
60	77	64	1.495501e+04
60	77	65	1.977206e+04
60	77	69	9.749879e+03
60	77	70	1.118042e+05
60	77	71	3.283912e+05
60	78	55	9.404467e+02
60	78	56	3.418249e+04
60	78	57	1.716896e+04
60	78	61	1.697375e+02
60	78	62	9.535464e+04
60	78	63	1.145079e+05
60	78	64	3.616268e+05
60	78	65	4.781077e+05
60	78	69	2.197714e+04
60	78	70	2.520193e+05
60	78	71	7.408119e+05
60	78	72	4.567587e+02
60	79	55	1.178593e+04
60	79	56	4.283841e+05
60	79	57	2.151660e+05
60	79	61	1.106467e+02
60	79	62	6.215875e+04
60	79	63	7.423280e+04
60	79	64	1.544378e+05
60	79	65	2.041826e+05
60	79	70	3.541512e+01
60	79	71	9.209533e+03
60	79	72	7.159894e+03
60	80	55	3.802848e+03
60	80	56	1.863751e+05
60	80	57	1.396480e+05
60	80	70	1.217614e+01
60	80	71	3.166348e+03
60	80	72	2.461657e+03
60	81	55	-4.082232e+02
60	81	56	-9.062592e+04
60	81	57	-1.179769e+05
60	81	67	2.758459e+02
60	81	68	4.586808e+03
60	81	69	1.629335e+03
60	82	55	2.646290e+03
60	82	56	5.874789e+05
60	82	57	7.647807e+05
60	82	67	3.673723e+04
60	82	68	6.108722e+05
60	82	69	2.169952e+05
60	83	67	5.154423e+04
60	83	68	8.570853e+05
60	83	69	3.044555e+05
61	31	89	1.480964e+04
61	31	90	-2.429099e+04
61	31	91	1.484545e+05
61	32	89	-2.028531e+04
61	32	90	3.327226e+04
61	32	91	-2.033436e+05
61	33	89	1.590191e+05
61	33	90	-2.608254e+05
61	33	91	1.594036e+06
61	69	59	2.223678e+00
61	69	60	2.068570e+02
61	69	61	1.352615e+02
61	70	59	1.860606e+02
61	70	60	1.730823e+04
61	70	61	1.131766e+04
61	71	59	2.844343e+02
61	71	60	2.645942e+04
61	71	61	1.730152e+04
61	72	61	5.750388e+01
61	72	62	4.746241e+02
61	72	63	1.055263e+02
61	73	61	9.840773e+03
61	73	62	8.122352e+04
61	73	63	1.805896e+04
61	74	50	1.405788e+02
61	74	51	7.231306e+03
61	74	52	4.066419e+03
61	74	61	1.327857e+04
61	74	62	1.095983e+05
61	74	63	2.436771e+04
61	74	72	1.773540e+01
61	74	73	2.101276e+02
61	74	74	6.091612e+01
61	75	50	1.343563e+03
61	75	51	6.911222e+04
61	75	52	3.886425e+04
61	75	72	4.766107e+03
61	75	73	5.646844e+04
61	75	74	1.637024e+04
61	76	50	3.349733e+02
61	76	51	1.723087e+04
61	76	52	9.689527e+03
61	76	69	1.365336e+02
61	76	70	1.565662e+03
61	76	71	4.598663e+03
61	76	72	6.059681e+03
61	76	73	7.179461e+04
61	76	74	2.081331e+04
61	77	63	4.890138e+01
61	77	64	9.664493e+03
61	77	65	1.277745e+04
61	77	69	2.909101e+03
61	77	70	3.335935e+04
61	77	71	9.798308e+04
61	78	63	1.182483e+03
61	78	64	2.336969e+05
61	78	65	3.089713e+05
61	78	69	6.557387e+03
61	78	70	7.526069e+04
61	78	71	2.379208e+05
61	78	72	1.326145e+04
61	79	63	5.049960e+02
61	79	64	9.980353e+04
61	79	65	1.319505e+05
61	79	70	1.028236e+03
61	79	71	2.673879e+05
61	79	72	2.078791e+05
61	80	55	1.517323e+02
61	80	56	3.371094e+04
61	80	57	5.076452e+04
61	80	58	5.384440e+03
61	80	70	3.535200e+02
61	80	71	9.193118e+04
61	80	72	7.147133e+04
61	81	55	-2.388138e+02
61	81	56	-5.264987e+04
61	81	57	2.774189e+04
61	81	58	7.535668e+04
61	82	55	1.548799e+03
61	82	56	3.438016e+05
61	82	57	4.785666e+05
61	82	58	2.425766e+04
61	83	55	1.484705e+01
61	83	56	7.925593e+01
61	83	57	3.546739e+02
61	84	55	5.977737e+00
61	84	56	3.191011e+01
61	84	57	1.427992e+02
61	102	62	3.064420e-03
61	102	63	9.153675e+01
61	102	64	8.943958e+01
61	103	62	1.227687e+00
61	103	63	3.667202e+04
61	103	64	3.583184e+04
61	104	62	1.002876e+00
61	104	63	2.995672e+04
61	104	64	2.927039e+04
62	57	44	2.532992e+01
62	57	45	5.768424e+03
62	57	46	7.484765e+03
62	58	44	1.809756e+02
62	58	45	4.121386e+04
62	58	46	5.347665e+04
62	59	44	3.557371e+01
62	59	45	8.101258e+03
62	59	46	1.051171e+04
62	69	59	4.330028e+01
62	69	60	4.027997e+03
62	69	61	2.633863e+03
62	70	59	3.623041e+03
62	70	60	3.370323e+05
62	70	61	2.203817e+05
62	71	59	5.538611e+03
62	71	60	5.152278e+05
62	71	61	3.369018e+05
62	72	76	1.913162e+01
62	72	77	6.869692e+03
62	72	78	5.547446e+03
62	73	76	1.942530e+02
62	73	77	6.975143e+04
62	73	78	5.632601e+04
62	74	50	1.431175e+03
62	74	51	7.361895e+04
62	74	52	4.139854e+04
62	74	72	-1.802245e+01
62	74	73	-2.135285e+02
62	74	74	-6.190205e+01
62	74	76	5.062992e+01
62	74	77	1.817995e+04
62	74	78	1.468076e+04
62	75	50	1.367826e+04
62	75	51	7.036031e+05
62	75	52	3.956609e+05
62	75	72	-4.843246e+03
62	75	73	-5.738239e+04
62	75	74	-1.663519e+04
62	76	50	3.410226e+03
62	76	51	1.754204e+05
62	76	52	9.864508e+04
62	76	72	-6.157757e+03
62	76	73	-7.295661e+04
62	76	74	-2.115017e+04
62	77	70	1.023030e-01
62	77	71	1.622687e+01
62	77	72	2.214522e+01
62	78	70	1.807008e+02
62	78	71	4.210736e+04
62	78	72	3.722063e+04
62	79	70	2.117871e+03
62	79	71	5.466899e+05
62	79	72	4.287423e+05
62	80	56	-4.896242e+01
62	80	57	-1.290881e+04
62	80	58	-1.005345e+04
62	80	70	7.144132e+02
62	80	71	1.857797e+05
62	80	72	1.444333e+05
62	81	56	-6.852422e+02
62	81	57	-1.806622e+05
62	81	58	-1.407007e+05
62	82	55	1.153025e+03
62	82	56	5.934450e+03
62	82	57	-3.061195e+04
62	82	58	-4.529221e+04
62	83	55	2.452236e+04
62	83	56	1.309043e+05
62	83	57	5.858027e+05
62	84	55	9.873222e+03
62	84	56	5.270483e+04
62	84	57	2.358565e+05
62	85	74	3.103855e-01
62	85	75	1.042507e+01
62	85	76	5.087983e+00
62	86	74	-4.414839e-01
62	86	75	-1.482834e+01
62	86	76	-7.237009e+00
62	87	74	3.290636e+00
62	87	75	1.105243e+02
62	87	76	5.394164e+01
62	102	62	3.474099e-02
62	102	63	1.037742e+03
62	102	64	1.013967e+03
62	103	62	1.391815e+01
62	103	63	4.157467e+05
62	103	64	4.062217e+05
62	104	62	1.136949e+01
62	104	63	3.396161e+05
62	104	64	3.318353e+05
63	57	44	2.979163e+02
63	57	45	6.784495e+04
63	57	46	8.803158e+04
63	58	44	2.128532e+03
63	58	45	4.847341e+05
63	58	46	6.289622e+05
63	59	44	4.183978e+02
63	59	45	9.528242e+04
63	59	46	1.236328e+05
63	67	76	1.614994e+01
63	67	77	1.707928e+02
63	67	78	4.582539e+01
63	68	76	7.683695e+02
63	68	77	8.125848e+03
63	68	78	2.180245e+03
63	69	59	1.670062e+01
63	69	60	1.553570e+03
63	69	61	1.015863e+03
63	69	76	1.340838e+03
63	69	77	1.417995e+04
63	69	78	3.804621e+03
63	70	59	1.397382e+03
63	70	60	1.299910e+05
63	70	61	8.499971e+04
63	71	59	2.136204e+03
63	71	60	1.987198e+05
63	71	61	1.299407e+05
63	72	76	-1.756302e+01
63	72	77	-6.306444e+03
63	72	78	-5.092610e+03
63	73	76	-1.783262e+02
63	73	77	-6.403250e+04
63	73	78	-5.170783e+04
63	74	50	3.737367e+02
63	74	51	1.922483e+04
63	74	52	1.081080e+04
63	74	72	2.060451e+02
63	74	73	2.441206e+03
63	74	74	7.077073e+02
63	74	76	-4.647876e+01
63	74	77	-1.668937e+04
63	74	78	-1.347708e+04
63	75	50	3.571937e+03
63	75	51	1.837387e+05
63	75	52	1.033228e+05
63	75	72	5.537136e+04
63	75	73	6.560353e+05
63	75	74	1.901851e+05
63	76	50	8.905455e+02
63	76	51	4.580923e+04
63	76	52	2.576015e+04
63	76	72	7.039976e+04
63	76	73	8.340907e+05
63	76	74	2.418035e+05
63	77	70	4.091212e+00
63	77	71	6.489309e+02
63	77	72	8.856127e+02
63	78	70	1.925250e+03
63	78	71	3.053751e+05
63	78	72	4.167533e+05
63	79	70	1.597758e+03
63	79	71	2.534296e+05
63	79	72	3.458620e+05
63	80	56	2.462458e+02
63	80	57	6.492204e+04
63	80	58	5.056164e+04
63	81	56	3.446276e+03
63	81	57	9.086013e+05
63	81	58	7.076236e+05
63	82	55	1.044324e+03
63	82	56	6.684140e+03
63	82	57	3.174303e+05
63	82	58	2.277873e+05
63	83	55	2.221053e+04
63	83	56	1.185633e+05
63	83	57	5.305763e+05
63	84	55	8.942427e+03
63	84	56	4.773610e+04
63	84	57	2.136212e+05
63	85	74	1.923480e+03
63	85	75	6.460490e+04
63	85	76	3.153058e+04
63	86	74	-2.735906e+03
63	86	75	-9.189225e+04
63	86	76	-4.484824e+04
63	87	74	2.039230e+04
63	87	75	6.849264e+05
63	87	76	3.342800e+05
63	93	72	9.593581e-02
63	93	73	-8.412762e-02
63	93	74	1.146568e+00
63	94	72	3.629387e+03
63	94	73	-3.182667e+03
63	94	74	4.337629e+04
63	95	72	3.555417e+03
63	95	73	-3.117801e+03
63	95	74	4.249223e+04
63	98	66	1.663603e+01
63	98	67	1.504259e+02
63	98	68	4.977985e+02
63	99	66	3.383939e+02
63	99	67	3.059817e+03
63	99	68	1.012573e+04
63	100	66	1.333545e+02
63	100	67	1.205815e+03
63	100	68	3.990355e+03
63	102	62	9.779348e-03
63	102	63	2.921172e+02
63	102	64	2.854246e+02
63	103	62	3.917863e+00
63	103	63	1.170298e+05
63	103	64	1.143486e+05
63	104	62	3.200433e+00
63	104	63	9.559958e+04
63	104	64	9.340932e+04
64	57	44	8.594924e+01
64	57	45	1.957336e+04
64	57	46	2.539723e+04
64	58	44	6.140844e+02
64	58	45	1.398464e+05
64	58	46	1.814564e+05
64	59	44	1.207083e+02
64	59	45	2.748911e+04
64	59	46	3.566823e+04
64	67	76	3.209010e+02
64	67	77	3.393671e+03
64	67	78	9.105554e+02
64	68	76	1.526758e+04
64	68	77	1.614615e+05
64	68	78	4.332171e+04
64	69	76	2.664258e+04
64	69	77	2.817571e+05
64	69	78	7.559822e+04
64	72	76	2.267792e+02
64	72	77	8.143079e+04
64	72	78	6.575738e+04
64	73	76	2.302603e+03
64	73	77	8.268078e+05
64	73	78	6.676677e+05
64	74	76	6.001484e+02
64	74	77	2.154984e+05
64	74	78	1.740203e+05
64	77	70	2.124228e+00
64	77	71	3.369361e+02
64	77	72	4.598254e+02
64	78	70	9.996230e+02
64	78	71	1.585560e+05
64	78	72	2.163855e+05
64	79	70	8.295834e+02
64	79	71	1.315850e+05
64	79	72	1.795775e+05
64	85	74	2.023412e+03
64	85	75	6.796137e+04
64	85	76	3.316871e+04
64	86	74	-2.878047e+03
64	86	75	-9.666642e+04
64	86	76	-4.717828e+04
64	87	74	2.145176e+04
64	87	75	7.205110e+05
64	87	76	3.516471e+05
64	93	72	2.814577e-01
64	93	73	-2.468146e-01
64	93	74	3.363815e+00
64	94	72	1.064794e+04
64	94	73	-9.337346e+03
64	94	74	1.272579e+05
64	95	72	1.043093e+04
64	95	73	-9.147042e+03
64	95	74	1.246642e+05
64	98	66	5.986581e+02
64	98	67	5.413172e+03
64	98	68	1.791359e+04
64	99	66	1.217732e+04
64	99	67	1.101095e+05
64	99	68	3.643808e+05
64	100	66	4.798845e+03
64	100	67	4.339201e+04
64	100	68	1.435954e+05
65	50	48	1.293317e+02
65	50	49	1.597586e+03
65	50	50	4.758959e+02
65	51	48	1.364579e+03
65	51	49	1.685613e+04
65	51	50	5.021180e+03
65	52	48	3.655339e+02
65	52	49	4.515303e+03
65	52	50	1.345038e+03
65	67	76	7.428841e+02
65	67	77	7.856329e+03
65	67	78	2.107931e+03
65	68	76	3.534437e+04
65	68	77	3.737824e+05
65	68	78	1.002895e+05
65	69	76	6.167743e+04
65	69	77	6.522662e+05
65	69	78	1.750095e+05
65	93	72	1.887785e+00
65	93	73	-1.655428e+00
65	93	74	2.256168e+01
65	94	72	7.141756e+04
65	94	73	-6.262717e+04
65	94	74	8.535403e+05
65	95	72	6.996199e+04
65	95	73	-6.135077e+04
65	95	74	8.361443e+05
65	98	66	1.130602e+03
65	98	67	1.022310e+04
65	98	68	3.383089e+04
65	99	66	2.299759e+04
65	99	67	2.079483e+05
65	99	68	6.881550e+05
65	100	66	9.062907e+03
65	100	67	8.194841e+04
65	100	68	2.711886e+05
66	50	48	2.452832e+03
66	50	49	3.029891e+04
66	50	50	9.025572e+03
66	51	48	2.587984e+04
66	51	49	3.196839e+05
66	51	50	9.522885e+04
66	52	48	6.932508e+03
66	52	49	8.563467e+04
66	52	50	2.550923e+04
67	50	48	5.782724e+03
67	50	49	7.143181e+04
67	50	50	2.127842e+04
67	51	48	6.101354e+04
67	51	49	7.536774e+05
67	51	50	2.245087e+05
67	52	48	1.634388e+04
67	52	49	2.018898e+05
67	52	50	6.013982e+04
68	78	65	1.655701e+02
68	78	66	1.596190e+03
68	78	67	4.005371e+02
68	79	65	-8.360552e+01
68	79	66	-8.060051e+02
68	79	67	-2.022534e+02
68	80	65	2.121503e+03
68	80	66	2.045251e+04
68	80	67	5.132213e+03
69	50	89	4.953464e+02
69	50	90	-9.243588e+02
69	50	91	4.652953e+03
69	51	89	5.295043e+01
69	51	90	-9.881004e+01
69	51	91	4.973810e+02
69	52	89	7.012843e+03
69	52	90	-1.308656e+04
69	52	91	6.587396e+04
69	78	65	7.537195e+03
69	78	66	7.266288e+04
69	78	67	1.823353e+04
69	79	65	-3.805949e+03
69	79	66	-3.669153e+04
69	79	67	-9.207122e+03
69	80	65	9.657656e+04
69	80	66	9.310534e+05
69	80	67	2.336322e+05
70	50	89	1.082634e+04
70	50	90	-2.020288e+04
70	50	91	1.016954e+05
70	51	89	1.157290e+03
70	51	90	-2.159602e+03
70	51	91	1.087081e+04
70	52	89	1.532734e+05
70	52	90	-2.860213e+05
70	52	91	1.439748e+06
70	78	65	4.082859e+03
70	78	66	3.936110e+04
70	78	67	9.877005e+03
70	79	65	-2.061662e+03
70	79	66	-1.987561e+04
70	79	67	-4.987449e+03
70	80	65	5.231501e+04
70	80	66	5.043467e+05
70	80	67	1.265573e+05
71	50	89	4.415391e+03
71	50	90	-8.239498e+03
71	50	91	4.147523e+04
71	51	89	4.719866e+02
71	51	90	-8.807674e+02
71	51	91	4.433527e+03
71	52	89	6.251069e+04
71	52	90	-1.166503e+05
71	52	91	5.871836e+05
71	82	68	1.248794e+00
71	82	69	2.510000e+02
71	82	70	1.883972e+02
71	83	68	1.376888e+01
71	83	69	2.767461e+03
71	83	70	2.077219e+03
71	84	68	3.803027e+00
71	84	69	7.643852e+02
71	84	70	5.737373e+02
72	82	68	2.211105e+02
72	82	69	4.444186e+04
72	82	70	3.335746e+04
72	83	68	2.437908e+03
72	83	69	4.900045e+05
72	83	70	3.677908e+05
72	84	68	6.733610e+02
72	84	69	1.353415e+05
72	84	70	1.015855e+05
72	88	47	4.067976e+01
72	88	48	2.847262e+02
72	88	49	1.084027e+03
72	89	47	1.327266e+02
72	89	48	9.289818e+02
72	89	49	3.536876e+03
72	90	47	8.246962e+02
72	90	48	5.772223e+03
72	90	49	2.197636e+04
73	29	117	5.805245e-03
73	29	118	7.308601e-01
73	29	119	5.078630e-01
73	30	117	1.330037e+01
73	30	118	1.152102e+03
73	30	119	7.420005e+02
73	31	117	4.187325e+02
73	31	118	3.555688e+04
73	31	119	2.278363e+04
73	32	117	8.125166e+02
73	32	118	6.896556e+04
73	32	119	4.418583e+04
73	82	68	1.628237e+02
73	82	69	3.272657e+04
73	82	70	2.456413e+04
73	83	68	1.795253e+03
73	83	69	3.608348e+05
73	83	70	2.708378e+05
73	84	68	4.958568e+02
73	84	69	9.966419e+04
73	84	70	7.480660e+04
73	88	47	6.806795e+02
73	88	48	4.764220e+03
73	88	49	1.813863e+04
73	89	47	2.220866e+03
73	89	48	1.554431e+04
73	89	49	5.918125e+04
73	90	47	1.379934e+04
73	90	48	9.658450e+04
73	90	49	3.677224e+05
74	29	117	3.019108e+01
74	29	118	3.800951e+03
74	29	119	2.641220e+03
74	30	117	3.050078e+03
74	30	118	3.794402e+05
74	30	119	2.631562e+05
74	31	117	5.587890e+03
74	31	118	5.538948e+05
74	31	119	3.681168e+05
74	32	117	7.083498e+03
74	32	118	6.012399e+05
74	32	119	3.852108e+05
74	88	47	1.688259e+03
74	88	48	1.181648e+04
74	88	49	4.498843e+04
74	89	47	5.508315e+03
74	89	48	3.855386e+04
74	89	49	1.467846e+05
74	90	47	3.422589e+04
74	90	48	2.395542e+05
74	90	49	9.120454e+05
75	4	104	2.869163e+01
75	4	105	6.927633e+02
75	4	106	1.491550e+03
75	5	104	-3.471640e+01
75	5	105	-8.382321e+02
75	5	106	-1.804750e+03
75	6	104	3.196729e+02
75	6	105	7.718545e+03
75	6	106	1.661836e+04
75	7	102	1.264379e+01
75	7	103	1.187669e+03
75	7	104	1.774111e+03
75	8	102	1.100788e+02
75	8	103	1.034003e+04
75	8	104	1.544569e+04
75	9	102	2.554616e+01
75	9	103	2.399629e+03
75	9	104	3.584506e+03
75	15	113	7.575756e+01
75	15	114	4.581684e+02
75	15	115	7.696843e+01
75	16	113	7.417896e-01
75	16	114	4.486213e+00
75	16	115	7.536459e-01
75	17	113	1.056764e+03
75	17	114	6.391124e+03
75	17	115	1.073655e+03
75	29	117	2.855664e+01
75	29	118	3.595181e+03
75	29	119	2.498234e+03
75	30	117	2.805736e+03
75	30	118	3.521744e+05
75	30	119	2.446017e+05
75	31	117	2.682915e+03
75	31	118	3.030142e+05
75	31	119	2.066624e+05
75	32	117	1.645641e+03
75	32	118	1.396803e+05
75	32	119	8.949233e+04
76	4	104	7.839387e+02
76	4	105	1.892831e+04
76	4	106	4.075347e+04
76	5	104	-9.485528e+02
76	5	105	-2.290294e+04
76	5	106	-4.931103e+04
76	6	104	8.734392e+03
76	6	105	2.108931e+05
76	6	106	4.540620e+05
76	7	102	2.089483e+02
76	7	103	1.962715e+04
76	7	104	2.931856e+04
76	8	102	1.819137e+03
76	8	103	1.708770e+05
76	8	104	2.552519e+05
76	9	102	4.221701e+02
76	9	103	3.965572e+04
76	9	104	5.923674e+04
76	15	113	6.735015e+03
76	15	114	4.073218e+04
76	15	115	6.842663e+03
76	16	113	6.594673e+01
76	16	114	3.988342e+02
76	16	115	6.700079e+01
76	17	113	9.394869e+04
76	17	114	5.681851e+05
76	17	115	9.545031e+04
77	4	104	1.616756e+03
77	4	105	3.903680e+04
77	4	106	8.404793e+04
77	5	104	-1.956248e+03
77	5	105	-4.723388e+04
77	5	106	-1.016966e+05
77	6	104	1.801337e+04
77	6	105	4.349354e+05
77	6	106	9.364349e+05
77	7	102	5.209362e+02
77	7	103	4.893311e+04
77	7	104	7.309508e+04
77	8	102	4.535352e+03
77	8	103	4.260193e+05
77	8	104	6.363772e+05
77	9	102	1.052527e+03
77	9	103	9.886701e+04
77	9	104	1.476851e+05
77	15	113	1.017034e+04
77	15	114	6.150840e+04
77	15	115	1.033289e+04
77	16	113	9.958412e+01
77	16	114	6.022672e+02
77	16	115	1.011758e+02
77	17	113	1.418690e+05
77	17	114	8.579987e+05
77	17	115	1.441365e+05
77	72	58	3.680091e-02
77	72	59	1.732191e+01
77	72	60	1.437571e+01
77	73	58	6.564069e+01
77	73	59	3.089658e+04
77	73	60	2.564152e+04
77	74	58	7.212045e+01
77	74	59	3.394655e+04
77	74	60	2.817274e+04
78	72	58	2.750860e-02
78	72	59	1.294809e+01
78	72	60	1.074581e+01
78	73	58	4.906629e+01
78	73	59	2.309513e+04
78	73	60	1.916699e+04
78	74	58	5.390990e+01
78	74	59	2.537498e+04
78	74	60	2.105907e+04
79	72	58	5.700784e-01
79	72	59	2.683316e+02
79	72	60	2.226923e+02
79	73	58	1.016832e+03
79	73	59	4.786152e+05
79	73	60	3.972098e+05
79	74	58	1.117209e+03
79	74	59	5.258620e+05
79	74	60	4.364206e+05
98	1	103	3.892276e+02
98	1	104	4.659709e+03
98	1	105	1.360109e+03
98	2	103	4.724197e+03
98	2	104	5.655658e+04
98	2	105	1.650813e+04
98	3	103	1.391355e+03
98	3	104	1.665686e+04
98	3	105	4.861923e+03
99	1	103	5.362209e+02
99	1	104	6.419466e+03
99	1	105	1.873759e+03
99	2	103	6.508308e+03
99	2	104	7.791539e+04
99	2	105	2.274249e+04
99	3	103	1.916806e+03
99	3	104	2.294739e+04
99	3	105	6.698046e+03
100	1	103	6.518314e+03
100	1	104	7.803518e+04
100	1	105	2.277746e+04
100	2	103	7.911514e+04
100	2	104	9.471413e+05
100	2	105	2.764583e+05
100	3	103	2.330074e+04
100	3	104	2.789490e+05
100	3	105	8.142161e+04
