0.4660	-3.755323e+00	2
51	57	62	3.791670e-20
51	57	63	8.102048e+02
51	57	64	8.102048e+02
51	58	62	4.160130e-19
51	58	63	8.889374e+03
51	58	64	8.889374e+03
51	59	62	1.145173e-19
51	59	63	2.447008e+03
51	59	64	2.447008e+03
52	57	62	2.015111e-18
52	57	63	4.305893e+04
52	57	64	4.305893e+04
52	58	62	2.210931e-17
52	58	63	4.724323e+05
52	58	64	4.724323e+05
52	59	62	6.086105e-18
52	59	63	1.300480e+05
52	59	64	1.300480e+05
53	57	62	1.144081e-18
53	57	63	2.444676e+04
53	57	64	2.444676e+04
53	58	62	1.255259e-17
53	58	63	2.682240e+05
53	58	64	2.682240e+05
53	59	62	3.455393e-18
53	59	63	7.383492e+04
53	59	64	7.383492e+04
73	67	62	4.217239e-20
73	67	63	8.102048e+02
73	67	64	8.102048e+02
73	68	62	8.533041e-22
73	68	63	1.639345e+01
73	68	64	1.639345e+01
73	69	62	5.892225e-19
73	69	63	1.131999e+04
73	69	64	1.131999e+04
74	67	62	1.145973e-18
74	67	63	2.201614e+04
74	67	64	2.201614e+04
74	68	62	2.318730e-20
74	68	63	4.454683e+02
74	68	64	4.454683e+02
74	69	62	1.601127e-17
74	69	63	3.076043e+05
74	69	64	3.076043e+05
75	67	62	2.367799e-18
75	67	63	4.548954e+04
75	67	64	4.548954e+04
75	68	62	4.790938e-20
75	68	63	9.204225e+02
75	68	64	9.204225e+02
75	69	62	3.308233e-17
75	69	63	6.355691e+05
75	69	64	6.355691e+05
