0.4263	-3.748823e+00	2
50	62	62	1.531666e-23
50	62	63	4.469523e-01
50	62	64	4.469523e-01
50	63	62	2.119358e-18
50	63	63	6.184453e+04
50	63	64	6.184453e+04
50	64	62	2.142256e-18
50	64	63	6.251270e+04
50	64	64	6.251270e+04
51	62	62	9.460278e-23
51	62	63	2.760583e+00
51	62	64	2.760583e+00
51	63	62	1.309013e-17
51	63	63	3.819804e+05
51	63	64	3.819804e+05
51	64	62	1.323156e-17
51	64	63	3.861073e+05
51	64	64	3.861073e+05
52	62	62	1.622634e-23
52	62	63	4.734974e-01
52	62	64	4.734974e-01
52	63	62	2.245230e-18
52	63	63	6.551757e+04
52	63	64	6.551757e+04
52	64	62	2.269487e-18
52	64	63	6.622542e+04
52	64	64	6.622542e+04
74	62	62	1.528067e-23
74	62	63	4.469523e-01
74	62	64	4.469523e-01
74	63	62	2.137175e-18
74	63	63	6.251136e+04
74	63	64	6.251136e+04
74	64	62	2.114423e-18
74	64	63	6.184588e+04
74	64	64	6.184588e+04
75	62	62	-2.965379e-23
75	62	63	-8.673594e-01
75	62	64	-8.673594e-01
75	63	62	-4.147420e-18
75	63	63	-1.213101e+05
75	63	64	-1.213101e+05
75	64	62	-4.103267e-18
75	64	63	-1.200186e+05
75	64	64	-1.200186e+05
76	62	62	1.402224e-22
76	62	63	4.101440e+00
76	62	64	4.101440e+00
76	63	62	1.961170e-17
76	63	63	5.736330e+05
76	63	64	5.736330e+05
76	64	62	1.940292e-17
76	64	63	5.675263e+05
76	64	64	5.675263e+05
