0.1078	-3.795865e+00	2
58	63	62	1.868337e-24
58	63	63	6.325470e+01
58	63	64	6.325470e+01
58	64	62	1.730570e-22
58	64	63	5.859043e+03
58	64	64	5.859043e+03
58	65	62	2.592162e-22
58	65	63	8.776063e+03
58	65	64	8.776063e+03
59	63	62	8.341277e-23
59	63	63	2.824036e+03
59	63	64	2.824036e+03
59	64	62	7.726209e-21
59	64	63	2.615797e+05
59	64	64	2.615797e+05
59	65	62	1.157283e-20
59	65	63	3.918115e+05
59	65	64	3.918115e+05
60	63	62	4.490583e-23
60	63	63	1.520339e+03
60	63	64	1.520339e+03
60	64	62	4.159457e-21
60	64	63	1.408232e+05
60	64	64	1.408232e+05
60	65	62	6.230310e-21
60	65	63	2.109343e+05
60	65	64	2.109343e+05
66	61	62	2.026018e-24
66	61	63	6.325470e+01
66	61	64	6.325470e+01
66	62	62	2.750151e-22
66	62	63	8.586299e+03
66	62	64	8.586299e+03
66	63	62	1.937404e-22
66	63	63	6.048807e+03
66	63	64	6.048807e+03
67	61	62	4.261768e-23
67	61	63	1.330575e+03
67	61	64	1.330575e+03
67	62	62	5.784995e-21
67	62	63	1.806144e+05
67	62	64	1.806144e+05
67	63	62	4.075367e-21
67	63	63	1.272378e+05
67	63	64	1.272378e+05
68	61	62	9.653058e-23
68	61	63	3.013800e+03
68	61	64	3.013800e+03
68	62	62	1.310322e-20
68	62	63	4.090982e+05
68	62	64	4.090982e+05
68	63	62	9.230854e-21
68	63	63	2.881983e+05
68	63	64	2.881983e+05
