0.1589	4.486982e-01	2
52	68	68	4.842048e+02
52	68	69	-9.433366e+02
52	68	70	4.432429e+03
52	69	68	-9.433366e+02
52	69	69	1.837826e+03
52	69	70	-8.635339e+03
52	70	68	4.432429e+03
52	70	69	-8.635339e+03
52	70	70	4.057462e+04
53	68	68	8.814204e+03
53	68	69	-1.717199e+04
53	68	70	8.068556e+04
53	69	68	-1.717199e+04
53	69	69	3.345479e+04
53	69	70	-1.571931e+05
53	70	68	8.068556e+04
53	70	69	-1.571931e+05
53	70	70	7.385987e+05
54	68	68	2.112215e+04
54	68	69	-4.115056e+04
54	68	70	1.933530e+05
54	69	68	-4.115056e+04
54	69	69	8.017028e+04
54	69	70	-3.766938e+05
54	70	68	1.933530e+05
54	70	69	-3.766938e+05
54	70	70	1.769961e+06
72	56	56	4.842048e+02
72	56	57	2.979815e+03
72	56	58	5.092777e+02
72	57	56	2.979815e+03
72	57	57	1.833789e+04
72	57	58	3.134115e+03
72	58	56	5.092777e+02
72	58	57	3.134115e+03
72	58	58	5.356490e+02
73	56	56	1.966954e+04
73	56	57	1.210471e+05
73	56	58	2.068806e+04
73	57	56	1.210471e+05
73	57	57	7.449283e+05
73	57	58	1.273151e+05
73	58	56	2.068806e+04
73	58	57	1.273151e+05
73	58	58	2.175932e+04
74	56	56	1.026682e+04
74	56	57	6.318239e+04
74	56	58	1.079845e+04
74	57	56	6.318239e+04
74	57	57	3.888269e+05
74	57	58	6.645409e+04
74	58	56	1.079845e+04
74	58	57	6.645409e+04
74	58	58	1.135761e+04
