0.3071	-3.800763e+00	2
62	55	62	2.682825e-22
62	55	63	3.039937e+01
62	55	64	3.039937e+01
62	56	62	2.029359e-19
62	56	63	2.299488e+04
62	56	64	2.299488e+04
62	57	62	2.343869e-19
62	57	63	2.655862e+04
62	57	64	2.655862e+04
62	69	62	2.532200e-22
62	69	63	3.039937e+01
62	69	64	3.039937e+01
62	70	62	2.204678e-19
62	70	63	2.646742e+04
62	70	64	2.646742e+04
62	71	62	1.923019e-19
62	71	63	2.308608e+04
62	71	64	2.308608e+04
63	55	62	3.958578e-21
63	55	63	4.485506e+02
63	55	64	4.485506e+02
63	56	62	2.994373e-18
63	56	63	3.392955e+05
63	56	64	3.392955e+05
63	57	62	3.458440e-18
63	57	63	3.918794e+05
63	57	64	3.918794e+05
63	69	62	4.812357e-22
63	69	63	5.777292e+01
63	69	64	5.777292e+01
63	70	62	4.189913e-19
63	70	63	5.030040e+04
63	70	64	5.030040e+04
63	71	62	3.654631e-19
63	71	63	4.387428e+04
63	71	64	4.387428e+04
64	55	62	1.314709e-21
64	55	63	1.489710e+02
64	55	64	1.489710e+02
64	56	62	9.944803e-19
64	56	63	1.126856e+05
64	56	64	1.126856e+05
64	57	62	1.148605e-18
64	57	63	1.301496e+05
64	57	64	1.301496e+05
64	69	62	4.495988e-21
64	69	63	5.397487e+02
64	69	64	5.397487e+02
64	70	62	3.914464e-18
64	70	63	4.699360e+05
64	70	64	4.699360e+05
64	71	62	3.414371e-18
64	71	63	4.098994e+05
64	71	64	4.098994e+05
