55	68	56	1.409000e-01
55	68	57	1.033250e+00
55	68	58	2.078397e-01
55	69	56	1.530054e+00
55	69	57	1.122021e+01
55	69	58	2.256963e+00
55	70	56	4.614516e+00
55	70	57	3.383924e+01
55	70	58	6.806814e+00
56	57	68	7.608613e+01
56	57	69	1.812090e+03
56	57	70	7.686614e+02
56	58	68	2.904861e+03
56	58	69	6.918305e+04
56	58	70	2.934641e+04
56	59	68	1.484469e+03
56	59	69	3.535456e+04
56	59	70	1.499687e+04
56	68	56	2.376819e+03
56	68	57	1.742972e+04
56	68	58	3.506016e+03
56	69	56	2.581024e+04
56	69	57	1.892720e+05
56	69	58	3.807235e+04
56	70	56	7.784155e+04
56	70	57	5.708287e+05
56	70	58	1.148231e+05
57	57	68	-4.240868e+01
57	57	69	-1.010018e+03
57	57	70	-4.284345e+02
57	58	68	-1.619104e+03
57	58	69	-3.856106e+04
57	58	70	-1.635703e+04
57	59	68	-8.274093e+02
57	59	69	-1.970583e+04
57	59	70	-8.358917e+03
57	66	57	1.821848e+03
57	66	58	-2.218382e+03
57	66	59	2.026427e+04
57	66	60	2.384596e-01
57	66	66	1.308343e+01
57	66	67	2.316554e+02
57	66	68	8.510079e+01
57	67	57	-2.894116e+03
57	67	58	3.525096e+03
57	67	59	-3.218167e+04
57	67	60	1.819987e+00
57	67	66	1.572602e+03
57	67	67	2.784451e+04
57	67	68	1.022894e+04
57	68	56	2.304599e+03
57	68	57	3.541664e+04
57	68	58	-1.914525e+04
57	68	59	2.059757e+05
57	68	60	6.599400e+00
57	68	66	1.083310e+03
57	68	67	1.918110e+04
57	68	68	7.046357e+03
57	69	56	2.502598e+04
57	69	57	1.835209e+05
57	69	58	3.691551e+04
57	70	56	7.547630e+04
57	70	57	5.534839e+05
57	70	58	1.113341e+05
58	57	57	1.398163e+01
58	57	58	2.852570e+02
58	57	59	6.536779e+02
58	57	68	9.658509e+02
58	57	69	2.300300e+04
58	57	70	9.757526e+03
58	58	57	1.244817e+03
58	58	58	2.539709e+04
58	58	59	5.819845e+04
58	58	68	3.687483e+04
58	58	69	8.782221e+05
58	58	70	3.725286e+05
58	59	57	1.879211e+03
58	59	58	3.834016e+04
58	59	59	8.785804e+04
58	59	68	1.884411e+04
58	59	69	4.487971e+05
58	59	70	1.903730e+05
58	61	63	7.677976e+01
58	61	64	4.079723e+03
58	61	65	3.460691e+03
58	61	66	3.953490e+02
58	62	60	2.532417e+02
58	62	61	2.963545e+03
58	62	62	8.521416e+02
58	62	63	2.257443e+03
58	62	64	1.137800e+05
58	62	65	1.075745e+05
58	62	66	1.168797e+04
58	63	60	4.500794e+02
58	63	61	1.807284e+04
58	63	62	1.820417e+04
58	63	63	8.401693e+03
58	63	64	9.023337e+04
58	63	65	2.239308e+05
58	63	66	5.588692e+04
58	64	60	5.580458e+03
58	64	61	1.656708e+05
58	64	62	1.782830e+05
58	64	63	3.452177e+03
58	64	64	4.417751e+04
58	64	65	1.859257e+05
58	64	66	8.117617e+04
58	65	59	5.815065e+00
58	65	60	7.367229e+02
58	65	61	3.706227e+04
58	65	62	1.122576e+05
58	65	63	5.498791e+04
58	65	64	2.438589e+05
58	65	65	1.223159e+05
58	66	57	1.462015e+04
58	66	58	-1.546685e+04
58	66	59	1.833246e+05
58	66	60	5.775273e+03
58	66	61	1.892022e+04
58	66	62	8.193694e+04
58	66	63	7.232883e+04
58	66	64	2.663060e+05
58	66	65	8.483407e+04
58	66	66	7.089145e+01
58	66	67	1.255205e+03
58	66	68	4.611113e+02
58	67	57	-2.322500e+04
58	67	58	4.611333e+04
58	67	59	-1.008079e+05
58	67	60	3.708629e+04
58	67	61	5.901622e+02
58	67	63	2.241581e+03
58	67	64	4.703041e+04
58	67	65	1.881311e+04
58	67	66	8.521008e+03
58	67	67	1.508731e+05
58	67	68	5.542464e+04
58	68	57	1.485933e+05
58	68	58	-1.162853e+05
58	68	59	2.223756e+06
58	68	60	1.340238e+05
58	68	66	5.869822e+03
58	68	67	1.039311e+05
58	68	68	3.818008e+04
59	57	57	1.001856e+02
59	57	58	2.044014e+03
59	57	59	4.683940e+03
59	58	57	8.919755e+03
59	58	58	1.825348e+05
59	58	59	4.168975e+05
59	58	60	7.410231e+03
59	59	57	1.346552e+04
59	59	58	2.845189e+05
59	59	59	6.273371e+05
59	59	60	1.315674e+05
59	59	63	2.330776e-02
59	59	64	2.371320e+03
59	59	65	1.462139e+04
59	59	66	2.503595e+03
59	60	58	3.602304e+03
59	60	59	-8.134758e+02
59	60	60	4.840246e+04
59	60	63	2.807480e+02
59	60	64	-1.697326e+03
59	60	65	-7.721447e+03
59	60	66	-1.192518e+03
59	61	59	3.695688e+02
59	61	60	8.670323e+03
59	61	61	8.209820e+03
59	61	62	3.684714e+02
59	61	63	6.134450e+03
59	61	64	4.697820e+04
59	61	65	3.438050e+05
59	61	66	1.293403e+05
59	62	59	-3.753005e+02
59	62	60	-7.122138e+03
59	62	61	3.853516e+03
59	62	62	1.375593e+04
59	62	63	5.326481e+04
59	62	64	-3.993106e+03
59	62	65	8.915627e+05
59	62	66	2.049384e+05
59	62	67	4.879175e+02
59	63	59	6.445620e+03
59	63	60	2.000511e+05
59	63	61	1.975596e+05
59	63	62	2.745704e+04
59	63	63	1.215177e+05
59	63	64	3.989691e+05
59	63	65	8.389120e+05
59	63	66	1.335467e+05
59	63	67	1.595031e+04
59	64	59	5.866976e+03
59	64	60	1.834982e+05
59	64	61	2.232698e+05
59	64	62	-7.874820e+04
59	64	63	1.950516e+05
59	64	64	3.914740e+05
59	64	65	6.057096e+05
59	64	66	3.168766e+05
59	64	67	1.402375e+04
59	65	59	7.208422e+03
59	65	60	1.327563e+05
59	65	61	4.122765e+05
59	65	62	3.171128e+04
59	65	63	3.630256e+04
59	65	64	1.132600e+06
59	65	65	1.270184e+06
59	65	66	2.296693e+05
59	65	67	3.518452e+02
59	66	57	3.176199e+03
59	66	58	-1.464953e+03
59	66	59	8.242743e+04
59	66	60	1.619627e+05
59	66	61	1.250885e+06
59	66	62	1.697415e+05
59	66	63	-1.347195e+05
59	66	64	1.587726e+05
59	66	65	5.200547e+05
59	66	66	4.036278e+04
59	66	67	5.979099e+03
59	66	68	2.044480e+03
59	67	57	-5.045587e+03
59	67	58	2.448263e+04
59	67	59	1.131968e+05
59	67	60	8.383280e+04
59	67	61	1.727491e+05
59	67	63	-4.478066e+03
59	67	64	-9.395392e+04
59	67	65	-3.758346e+04
59	67	66	3.778053e+04
59	67	67	6.689426e+05
59	67	68	2.457423e+05
59	68	57	3.228161e+04
59	68	58	2.718686e+04
59	68	59	9.463747e+05
59	68	60	1.409445e+05
59	68	61	1.811055e+03
59	68	66	2.602567e+04
59	68	67	4.608109e+05
59	68	68	1.692832e+05
60	57	57	1.974421e+01
60	57	58	4.028267e+02
60	57	59	9.230938e+02
60	58	57	1.757873e+03
60	58	58	4.011928e+04
60	58	59	8.122437e+04
60	58	60	5.716816e+04
60	59	57	2.653734e+03
60	59	58	1.296834e+05
60	59	59	1.070103e+05
60	59	60	1.015011e+06
60	59	63	4.263148e+03
60	59	64	1.205987e+04
60	59	65	6.593465e+04
60	59	66	1.614189e+04
60	60	58	2.779092e+04
60	60	59	-6.275771e+03
60	60	60	3.734134e+05
60	60	63	-5.914898e+03
60	60	64	-5.044154e+03
60	60	65	-5.069090e+04
60	60	66	2.011980e+04
60	61	59	5.316952e+03
60	61	60	-2.108956e+03
60	61	61	6.521697e+04
60	61	62	4.292338e+04
60	61	63	1.139040e+05
60	61	64	3.471470e+05
60	61	65	1.729906e+06
60	61	66	7.878443e+05
60	62	59	-6.327818e+03
60	62	60	2.647877e+04
60	62	61	1.330614e+05
60	62	62	5.662439e+05
60	62	63	8.014923e+05
60	62	64	2.265349e+06
60	62	65	4.858729e+06
60	62	66	1.817699e+06
60	62	67	5.809857e+03
60	63	59	6.368257e+04
60	63	60	2.912262e+05
60	63	61	2.652521e+06
60	63	62	1.701132e+06
60	63	63	2.875632e+06
60	63	64	3.357651e+06
60	63	65	7.255935e+06
60	63	66	2.438947e+06
60	63	67	8.100497e+04
60	64	59	6.427859e+04
60	64	60	1.061820e+06
60	64	61	6.353067e+06
60	64	62	5.218648e+06
60	64	63	2.988142e+06
60	64	64	3.676856e+06
60	64	65	6.466678e+06
60	64	66	3.719783e+06
60	64	67	1.456010e+05
60	65	59	1.514866e+05
60	65	60	9.470115e+05
60	65	61	3.656112e+06
60	65	62	3.362062e+06
60	65	63	1.318517e+06
60	65	64	7.566442e+06
60	65	65	1.020248e+07
60	65	66	1.587595e+06
60	65	67	1.592632e+05
60	66	59	1.219161e+05
60	66	60	5.919500e+05
60	66	61	3.274147e+06
60	66	62	1.457095e+06
60	66	63	1.021594e+06
60	66	64	4.962095e+06
60	66	65	4.496386e+06
60	66	66	5.757288e+05
60	66	67	1.682277e+05
60	67	59	2.046038e+04
60	67	60	4.068756e+05
60	67	61	5.729443e+05
60	67	62	9.970685e+03
60	67	63	2.018951e+04
60	67	64	4.235943e+05
60	67	65	1.694463e+05
60	68	59	1.595449e+03
60	68	60	9.243529e+04
60	68	61	5.378582e+04
61	58	58	8.941990e+02
61	58	59	-2.019289e+02
61	58	60	1.201493e+04
61	59	58	1.587635e+04
61	59	59	-3.585212e+03
61	59	60	2.134054e+05
61	59	61	-1.079748e+01
61	59	62	1.124747e+03
61	59	63	4.894824e+03
61	59	64	8.070741e+04
61	59	65	3.086314e+05
61	59	66	1.244854e+04
61	60	58	5.840766e+03
61	60	59	-1.318967e+03
61	60	60	8.162886e+04
61	60	61	1.657463e+02
61	60	62	4.605944e+04
61	60	63	1.882564e+04
61	60	64	2.631473e+05
61	60	65	2.794610e+05
61	60	66	1.259902e+04
61	61	59	1.620333e+04
61	61	60	1.243868e+05
61	61	61	2.771396e+05
61	61	62	2.299768e+05
61	61	63	5.407782e+05
61	61	64	2.405186e+06
61	61	65	8.146119e+06
61	61	66	1.786453e+06
61	62	59	-1.644032e+04
61	62	60	-6.293803e+04
61	62	61	5.329117e+05
61	62	62	2.252515e+06
61	62	63	5.429977e+06
61	62	64	5.402101e+06
61	62	65	1.128243e+07
61	62	66	2.927610e+06
61	62	67	1.643800e+04
61	63	59	2.296440e+05
61	63	60	3.745832e+06
61	63	61	8.455196e+06
61	63	62	7.406528e+06
61	63	63	1.044453e+07
61	63	64	1.376802e+07
61	63	65	1.420451e+07
61	63	66	3.046761e+06
61	63	67	3.702466e+05
61	64	58	1.525127e-01
61	64	59	1.995317e+05
61	64	60	4.377903e+06
61	64	61	9.833970e+06
61	64	62	1.067842e+07
61	64	63	1.225409e+07
61	64	64	1.149704e+07
61	64	65	1.210478e+07
61	64	66	5.763094e+06
61	64	67	4.409969e+05
61	65	58	1.551451e+00
61	65	59	3.983177e+05
61	65	60	4.401380e+06
61	65	61	9.868031e+06
61	65	62	5.292180e+06
61	65	63	4.313403e+06
61	65	64	5.190392e+06
61	65	65	8.624702e+06
61	65	66	5.932049e+06
61	65	67	1.428769e+05
61	66	58	4.049167e-01
61	66	59	2.490524e+05
61	66	60	1.775891e+06
61	66	61	6.696743e+06
61	66	62	2.544788e+06
61	66	63	3.596965e+05
61	66	64	1.420177e+06
61	66	65	2.900139e+06
61	66	66	1.929372e+06
61	66	67	1.651373e+05
61	67	59	1.993195e+04
61	67	60	7.292080e+05
61	67	61	8.264680e+05
61	67	62	1.731535e+05
61	68	59	3.200272e+03
61	68	60	1.854136e+05
61	68	61	1.078876e+05
62	58	60	1.520212e+01
62	58	61	1.699601e+02
62	58	62	9.785213e+01
62	58	63	2.155463e+03
62	58	64	2.954891e+02
62	59	60	8.027751e+02
62	59	61	2.657055e+02
62	59	62	1.557338e+04
62	59	63	1.028216e+04
62	59	64	9.936837e+04
62	59	65	2.296619e+05
62	59	66	3.328647e+05
62	59	67	8.475675e+02
62	60	60	1.752844e+04
62	60	61	1.044013e+04
62	60	62	3.000911e+05
62	60	63	2.601526e+05
62	60	64	6.408962e+05
62	60	65	1.825198e+06
62	60	66	3.774497e+05
62	60	67	-1.531413e+03
62	61	59	9.886618e+03
62	61	60	8.105624e+03
62	61	61	2.979102e+05
62	61	62	1.315294e+06
62	61	63	3.119141e+06
62	61	64	3.905374e+06
62	61	65	6.880169e+06
62	61	66	4.930101e+06
62	61	67	8.104826e+03
62	62	59	-9.508529e+03
62	62	60	3.140966e+04
62	62	61	4.432548e+05
62	62	62	4.509056e+06
62	62	63	1.231246e+07
62	62	64	1.074286e+07
62	62	65	6.769289e+06
62	62	66	2.518579e+05
62	63	59	1.312980e+05
62	63	60	7.185926e+05
62	63	61	4.886543e+06
62	63	62	1.913673e+07
62	63	63	4.409920e+07
62	63	64	3.109657e+07
62	63	65	7.702265e+06
62	63	66	2.361630e+05
62	63	67	2.724104e+02
62	64	58	2.670569e+02
62	64	59	1.102558e+05
62	64	60	2.193028e+06
62	64	61	5.371574e+06
62	64	62	1.537010e+07
62	64	63	3.406914e+07
62	64	64	3.397492e+07
62	64	65	7.633892e+06
62	64	66	5.663740e+05
62	64	67	2.259045e+04
62	65	58	2.716664e+03
62	65	59	8.356104e+05
62	65	60	6.171446e+06
62	65	61	1.502245e+07
62	65	62	5.092654e+06
62	65	63	5.508041e+06
62	65	64	6.031777e+06
62	65	65	5.856955e+06
62	65	66	4.078641e+06
62	65	67	5.226883e+05
62	66	58	7.090283e+02
62	66	59	5.295690e+05
62	66	60	2.385466e+06
62	66	61	9.041504e+06
62	66	62	3.693549e+06
62	66	63	1.193500e+06
62	66	64	6.971205e+05
62	66	65	4.024294e+06
62	66	66	3.850275e+06
62	66	67	6.197422e+05
62	67	60	6.727756e+04
62	67	61	2.376757e+05
62	67	62	6.855815e+05
62	67	63	7.368783e+02
62	67	64	2.659299e+04
62	67	65	4.338909e+04
62	67	66	2.881734e+04
63	58	60	1.953690e+03
63	58	61	3.607128e+04
63	58	62	7.492637e+04
63	58	63	6.074996e+04
63	58	64	1.449005e+04
63	59	60	3.530742e+04
63	59	61	-3.513027e+04
63	59	62	4.203042e+05
63	59	63	2.355826e+05
63	59	64	1.750124e+04
63	59	65	3.254529e+05
63	59	66	3.894975e+05
63	59	67	6.110537e+03
63	60	60	1.432325e+05
63	60	61	5.305607e+05
63	60	62	2.593832e+06
63	60	63	2.991342e+06
63	60	64	5.651471e+05
63	60	65	1.695614e+06
63	60	66	3.781439e+05
63	60	67	-1.104072e+04
63	61	59	4.342536e-01
63	61	60	3.181873e+05
63	61	61	1.867516e+06
63	61	62	6.376177e+06
63	61	63	4.243116e+06
63	61	64	2.880622e+06
63	61	65	7.343459e+06
63	61	66	5.450613e+06
63	61	67	5.846589e+04
63	62	59	1.658967e+04
63	62	60	1.746355e+05
63	62	61	1.933769e+06
63	62	62	9.190819e+06
63	62	63	1.640011e+07
63	62	64	1.770210e+07
63	62	65	6.314877e+06
63	62	66	3.080173e+05
63	62	67	2.767267e+02
63	63	59	-1.024858e+04
63	63	60	2.366039e+05
63	63	61	2.982642e+06
63	63	62	1.235500e+07
63	63	63	5.384427e+07
63	63	64	4.532523e+07
63	63	65	8.474609e+06
63	63	66	5.276652e+05
63	63	67	4.122386e+04
63	64	58	2.936742e+02
63	64	59	2.840008e+05
63	64	60	2.152301e+05
63	64	61	6.389366e+06
63	64	62	1.492279e+07
63	64	63	5.447502e+07
63	64	64	4.989792e+07
63	64	65	1.219250e+07
63	64	66	2.235831e+06
63	64	67	5.553095e+04
63	65	58	2.987431e+03
63	65	59	4.205290e+05
63	65	60	1.535415e+06
63	65	61	5.556095e+06
63	65	62	8.732265e+06
63	65	63	1.543362e+07
63	65	64	9.070281e+06
63	65	65	7.196554e+06
63	65	66	7.728047e+06
63	65	67	1.314002e+06
63	66	58	7.796965e+02
63	66	59	1.855790e+05
63	66	60	7.891511e+05
63	66	61	2.468456e+06
63	66	62	2.514978e+06
63	66	63	1.135297e+06
63	66	64	8.540877e+05
63	66	65	3.086516e+06
63	66	66	3.590276e+06
63	66	67	4.643237e+05
63	67	60	7.577047e+03
63	67	61	2.172551e+04
63	67	62	1.482130e+05
63	67	63	2.366728e+04
63	67	64	2.515577e+04
63	67	65	2.440676e+05
63	67	66	-1.923954e+03
64	58	60	2.385437e+03
64	58	61	3.313711e+04
64	58	62	6.752715e+04
64	58	63	1.387984e+05
64	58	64	3.757497e+04
64	59	58	6.552406e+01
64	59	59	-1.675664e+01
64	59	60	4.909244e+04
64	59	61	7.959396e+04
64	59	62	9.131030e+05
64	59	63	6.157057e+05
64	59	64	3.177535e+05
64	59	65	1.026173e+06
64	59	66	8.751812e+05
64	59	67	2.287621e+04
64	60	58	4.462843e+03
64	60	59	-1.141294e+03
64	60	60	2.294640e+05
64	60	61	5.888083e+05
64	60	62	3.123306e+06
64	60	63	5.773068e+06
64	60	64	3.762789e+06
64	60	65	7.700893e+06
64	60	66	4.095211e+06
64	60	67	-3.997739e+04
64	61	58	7.131683e+03
64	61	59	-1.823981e+03
64	61	60	5.938123e+05
64	61	61	5.904189e+06
64	61	62	2.115730e+07
64	61	63	1.551663e+07
64	61	64	8.793238e+06
64	61	65	2.260517e+07
64	61	66	1.568139e+07
64	61	67	2.836514e+05
64	62	59	-3.967243e+02
64	62	60	4.323187e+05
64	62	61	7.190666e+06
64	62	62	2.346823e+07
64	62	63	2.460872e+07
64	62	64	2.287959e+07
64	62	65	1.213985e+07
64	62	66	3.446604e+06
64	62	67	2.193686e+05
64	63	59	-9.689972e+03
64	63	60	1.300270e+05
64	63	61	3.450545e+06
64	63	62	1.770411e+07
64	63	63	4.274740e+07
64	63	64	3.628827e+07
64	63	65	7.426033e+06
64	63	66	7.260843e+05
64	63	67	9.391675e+04
64	64	59	3.169310e+04
64	64	60	5.696013e+05
64	64	61	4.702720e+06
64	64	62	1.671350e+07
64	64	63	3.455657e+07
64	64	64	3.589134e+07
64	64	65	1.258025e+07
64	64	66	7.504161e+06
64	64	67	8.285962e+04
64	65	58	1.384201e+01
64	65	59	5.208623e+05
64	65	60	2.817230e+06
64	65	61	1.542264e+07
64	65	62	1.123131e+07
64	65	63	1.011209e+07
64	65	64	1.569877e+07
64	65	65	1.172200e+07
64	65	66	1.079630e+07
64	65	67	1.263619e+06
64	66	58	-2.517586e+01
64	66	59	2.406706e+05
64	66	60	5.894707e+05
64	66	61	5.696346e+06
64	66	62	2.568075e+06
64	66	63	5.160927e+05
64	66	64	8.424094e+06
64	66	65	1.369416e+07
64	66	66	8.234786e+06
64	66	67	2.214223e+05
64	67	58	1.318938e+02
64	67	59	7.679417e+04
64	67	60	9.466090e+04
64	67	61	7.040221e+03
64	67	62	6.064418e+03
64	67	63	9.158787e+04
64	67	64	6.850168e+05
64	67	65	9.936181e+05
64	67	66	3.900827e+05
65	57	67	1.915173e-01
65	57	68	3.215213e+02
65	57	69	2.914455e+02
65	58	59	8.902581e+01
65	58	60	1.011307e+03
65	58	61	2.850631e+02
65	58	62	7.424747e+01
65	58	63	1.871934e+04
65	58	64	1.449540e+04
65	58	67	3.409152e+00
65	58	68	5.723320e+03
65	58	69	5.187948e+03
65	59	58	-5.020143e+01
65	59	59	2.424508e+03
65	59	60	2.697634e+04
65	59	61	5.413166e+04
65	59	62	2.426718e+05
65	59	63	4.116254e+05
65	59	64	6.049372e+05
65	59	65	3.374143e+05
65	59	66	1.312907e+05
65	59	67	1.255897e+00
65	59	68	2.108413e+03
65	59	69	1.911187e+03
65	60	58	-3.419219e+03
65	60	59	5.862623e+03
65	60	60	1.083446e+05
65	60	61	3.653323e+05
65	60	62	2.544134e+06
65	60	63	4.151496e+06
65	60	64	5.244485e+06
65	60	65	3.427562e+06
65	60	66	1.413454e+06
65	60	67	3.394783e+04
65	61	58	-5.463958e+03
65	61	59	1.402972e+03
65	61	60	3.308368e+05
65	61	61	3.916635e+06
65	61	62	1.288999e+07
65	61	63	1.101372e+07
65	61	64	1.170123e+07
65	61	65	1.078336e+07
65	61	66	4.969740e+06
65	61	67	7.283132e+05
65	62	59	4.832676e+03
65	62	60	9.834917e+05
65	62	61	5.042260e+06
65	62	62	1.679757e+07
65	62	63	1.142337e+07
65	62	64	5.985802e+06
65	62	65	2.348633e+06
65	62	66	1.847524e+06
65	62	67	8.348664e+05
65	63	59	1.351654e+05
65	63	60	1.667423e+06
65	63	61	2.982836e+06
65	63	62	9.378863e+06
65	63	63	9.748308e+06
65	63	64	5.566161e+06
65	63	65	1.506290e+06
65	63	66	4.342481e+05
65	63	67	7.033952e+04
65	64	59	8.462496e+04
65	64	60	8.560051e+05
65	64	61	2.765412e+06
65	64	62	5.988814e+06
65	64	63	1.044665e+07
65	64	64	5.982876e+06
65	64	65	1.369555e+07
65	64	66	8.874409e+06
65	64	67	4.931709e+05
65	65	58	-6.649418e+00
65	65	59	4.271645e+05
65	65	60	5.087120e+05
65	65	61	9.053203e+06
65	65	62	4.445887e+06
65	65	63	2.510990e+06
65	65	64	8.642533e+06
65	65	65	1.305989e+07
65	65	66	8.156675e+06
65	65	67	5.648158e+05
65	66	58	6.869077e+01
65	66	59	1.673234e+05
65	66	60	2.551461e+05
65	66	61	3.465328e+06
65	66	62	3.002363e+06
65	66	63	3.372189e+06
65	66	64	6.781928e+06
65	66	65	7.011065e+06
65	66	66	1.392877e+06
65	66	67	2.292448e+03
65	67	58	1.321305e+03
65	67	59	-2.601581e+04
65	67	60	2.463569e+05
65	67	61	4.592054e+05
65	67	62	3.228019e+05
65	67	63	2.706009e+05
65	67	64	3.943099e+05
65	67	65	2.376147e+05
65	67	66	2.842581e+04
65	67	67	2.673010e+04
65	68	58	5.944037e+02
65	68	59	4.259728e+03
65	68	60	8.850286e+02
65	68	61	2.739112e+02
65	68	62	4.585826e+01
66	57	65	3.238402e+01
66	57	66	2.871828e+02
66	57	67	4.846401e+03
66	57	68	3.470445e+04
66	57	69	2.345068e+04
66	58	59	1.132168e+03
66	58	60	1.286110e+04
66	58	61	3.625232e+03
66	58	65	1.037972e+02
66	58	66	3.071977e+02
66	58	67	4.250757e+04
66	58	68	4.920952e+05
66	58	69	4.163624e+05
66	59	58	8.001977e+02
66	59	59	3.046528e+04
66	59	60	3.591006e+05
66	59	61	1.012284e+05
66	59	62	3.785497e+04
66	59	63	2.250889e+03
66	59	64	1.476885e+05
66	59	65	1.224964e+03
66	59	66	4.511818e+03
66	59	67	9.772644e+04
66	59	68	3.029390e+05
66	59	69	1.532548e+05
66	60	58	5.450145e+04
66	60	59	4.949884e+04
66	60	60	1.449339e+06
66	60	61	2.081689e+05
66	60	62	1.482874e+05
66	60	63	1.090993e+05
66	60	64	1.441185e+06
66	60	65	7.803964e+05
66	60	66	2.060274e+05
66	60	67	3.325863e+04
66	61	58	8.709406e+04
66	61	59	-2.227279e+04
66	61	60	1.164720e+06
66	61	61	7.138439e+04
66	61	62	6.905623e+05
66	61	63	1.016012e+06
66	61	64	1.382521e+06
66	61	65	1.342769e+06
66	61	66	1.643625e+06
66	61	67	5.548760e+05
66	62	60	1.716230e+03
66	62	61	1.091461e+05
66	62	62	8.884749e+05
66	62	63	1.658415e+06
66	62	64	4.627303e+05
66	62	65	1.589541e+05
66	62	66	5.371865e+05
66	62	67	2.790505e+05
66	63	60	3.630546e+02
66	63	61	2.248517e+04
66	63	62	1.407287e+05
66	63	63	7.558165e+05
66	63	64	2.734690e+05
66	63	65	5.558223e+04
66	63	66	5.794644e+04
66	63	67	7.719661e+03
66	64	59	3.368467e+03
66	64	60	-2.483568e+03
66	64	61	4.201410e+04
66	64	62	7.633918e+05
66	64	63	1.102557e+06
66	64	64	1.525116e+06
66	64	65	2.915242e+06
66	64	66	2.309109e+06
66	64	67	1.849828e+05
66	65	58	1.781320e+02
66	65	59	1.322078e+05
66	65	60	2.637816e+05
66	65	61	1.404140e+05
66	65	62	1.742203e+06
66	65	63	3.144660e+05
66	65	64	2.100201e+06
66	65	65	2.810510e+06
66	65	66	1.951633e+06
66	65	67	1.139372e+05
66	66	58	3.355887e+03
66	66	59	-1.505781e+05
66	66	60	1.094100e+05
66	66	61	2.290958e+05
66	66	62	1.970381e+06
66	66	63	1.289792e+06
66	66	64	8.177741e+05
66	66	65	7.405828e+05
66	66	66	1.135619e+06
66	66	67	5.105148e+04
66	67	58	9.172694e+04
66	67	59	1.635873e+06
66	67	60	1.841497e+06
66	67	61	1.178045e+06
66	67	62	6.134855e+05
66	67	65	1.485490e+02
66	67	66	6.330260e+05
66	67	67	5.952635e+05
66	68	58	3.864761e+04
66	68	59	2.769637e+05
66	68	60	1.020210e+05
66	68	61	2.858814e+05
66	68	62	4.786232e+04
67	57	65	1.981519e+03
67	57	66	9.361631e+03
67	57	67	8.788173e+04
67	57	68	1.632807e+05
67	57	69	3.369332e+04
67	58	59	3.435755e+02
67	58	60	3.902918e+03
67	58	61	1.100138e+03
67	58	65	6.351161e+03
67	58	66	2.398201e+04
67	58	67	5.768295e+05
67	58	68	1.077348e+06
67	58	69	4.060774e+05
67	59	59	9.307306e+03
67	59	60	1.057283e+05
67	59	61	2.980225e+04
67	59	65	3.996583e+04
67	59	66	1.762262e+05
67	59	67	1.697260e+06
67	59	68	1.526505e+06
67	59	69	1.264314e+05
67	60	59	1.925092e+04
67	60	60	2.186849e+05
67	60	61	6.164198e+04
67	64	64	1.371172e+01
67	64	65	2.392459e+04
67	64	66	2.173570e+04
67	65	59	5.724587e+03
67	65	60	1.021525e+05
67	65	61	3.768037e+04
67	65	64	1.800923e+02
67	65	65	3.800084e+05
67	65	66	3.638039e+05
67	65	67	1.450467e+04
67	66	58	2.208952e+03
67	66	59	6.047397e+04
67	66	60	8.005740e+05
67	66	61	2.987217e+05
67	66	62	8.149475e+02
67	66	64	6.933224e+01
67	66	65	1.622975e+05
67	66	66	1.717530e+05
67	66	67	2.100327e+04
67	67	58	5.404292e+04
67	67	59	3.967616e+05
67	67	60	3.260704e+05
67	67	61	5.491084e+05
67	67	62	8.149695e+04
67	67	65	6.111506e+01
67	67	66	2.604493e+05
67	67	67	2.449020e+05
67	67	68	1.980668e+02
67	68	58	2.319936e+04
67	68	59	1.662556e+05
67	68	60	8.640008e+04
67	68	61	3.232459e+05
67	68	62	5.411789e+04
67	68	66	2.027274e+03
67	68	67	3.737723e+02
67	68	68	2.903522e+04
67	69	66	1.447506e+03
67	69	67	2.668793e+02
67	69	68	2.073160e+04
68	57	65	1.170396e+03
68	57	66	5.001026e+03
68	57	67	4.198268e+04
68	57	68	1.050743e+05
68	57	69	2.536759e+04
68	58	65	3.751351e+03
68	58	66	1.449670e+04
68	58	67	2.350995e+05
68	58	68	7.146095e+05
68	58	69	1.920750e+05
68	59	65	2.360606e+04
68	59	66	9.766117e+04
68	59	67	7.306008e+05
68	59	68	4.691870e+05
68	59	69	3.972636e+04
68	65	59	1.319018e+03
68	65	60	2.353725e+04
68	65	61	8.682041e+03
68	66	59	1.028650e+04
68	66	60	1.835575e+05
68	66	61	6.770775e+04
68	67	59	2.181802e+03
68	67	60	3.893320e+04
68	67	61	1.436105e+04
68	67	66	1.138188e+02
68	67	67	2.098497e+01
68	67	68	1.630146e+03
68	68	66	1.668504e+04
68	68	67	3.076252e+03
68	68	68	2.389681e+05
68	69	66	1.191338e+04
68	69	67	2.196493e+03
68	69	68	1.706270e+05
69	67	66	3.960000e+02
69	67	67	7.301125e+01
69	67	68	5.671628e+03
69	68	66	5.805085e+04
69	68	67	1.070294e+04
69	68	68	8.314214e+05
69	69	66	4.144922e+04
69	69	67	7.642071e+03
69	69	68	5.936480e+05
