0.2781	-3.784743e+00	2
55	54	62	1.448443e-22
55	54	63	2.736112e+01
55	54	64	2.736112e+01
55	55	62	-2.542277e-22
55	55	63	-4.802366e+01
55	55	64	-4.802366e+01
55	56	62	1.406103e-21
55	56	63	2.656131e+02
55	56	64	2.656131e+02
56	54	62	3.157686e-19
56	54	63	5.964874e+04
56	54	64	5.964874e+04
56	55	62	-5.542303e-19
56	55	63	-1.046942e+05
56	55	64	-1.046942e+05
56	56	62	3.065382e-18
56	56	63	5.790511e+05
56	56	64	5.790511e+05
57	54	62	2.897121e-19
57	54	63	5.472668e+04
57	54	64	5.472668e+04
57	55	62	-5.084966e-19
57	55	63	-9.605509e+04
57	55	64	-9.605509e+04
57	56	62	2.812434e-18
57	56	63	5.312693e+05
57	56	64	5.312693e+05
69	70	62	1.430884e-22
69	70	63	2.736112e+01
69	70	64	2.736112e+01
69	71	62	9.597919e-22
69	71	63	1.835298e+02
69	71	64	1.835298e+02
69	72	62	1.781195e-22
69	72	63	3.405971e+01
69	72	64	3.405971e+01
70	70	62	2.857707e-19
70	70	63	5.464459e+04
70	70	64	5.464459e+04
70	71	62	1.916860e-18
70	71	63	3.665387e+05
70	71	64	3.665387e+05
70	72	62	3.557335e-19
70	72	63	6.802276e+04
70	72	64	6.802276e+04
71	70	62	3.123698e-19
71	70	63	5.973083e+04
71	70	64	5.973083e+04
71	71	62	2.095278e-18
71	71	63	4.006555e+05
71	71	64	4.006555e+05
71	72	62	3.888446e-19
71	72	63	7.435421e+04
71	72	64	7.435421e+04
