0.2043	-3.751923e+00	2
50	63	62	4.656935e-21
50	63	63	2.454800e+03
50	63	64	2.454800e+03
50	64	62	3.537596e-20
50	64	63	1.864765e+04
50	64	64	1.864765e+04
50	65	62	1.286117e-19
50	65	63	6.779483e+04
50	65	64	6.779483e+04
51	63	62	3.986688e-20
51	63	63	2.101494e+04
51	63	64	2.101494e+04
51	64	62	3.028449e-19
51	64	63	1.596380e+05
51	64	64	1.596380e+05
51	65	62	1.101014e-18
51	65	63	5.803750e+05
51	65	64	5.803750e+05
52	63	62	9.129040e-21
52	63	63	4.812171e+03
52	63	64	4.812171e+03
52	64	62	6.934788e-20
52	64	63	3.655520e+04
52	64	64	3.655520e+04
52	65	62	2.521190e-19
52	65	63	1.328990e+05
52	65	64	1.328990e+05
74	61	62	4.609010e-21
74	61	63	2.454800e+03
74	61	64	2.454800e+03
74	62	62	1.134612e-19
74	62	63	6.043043e+04
74	62	64	6.043043e+04
74	63	62	4.883894e-20
74	63	63	2.601205e+04
74	63	64	2.601205e+04
75	61	62	-4.791938e-21
75	61	63	-2.552229e+03
75	61	64	-2.552229e+03
75	62	62	-1.179643e-19
75	62	63	-6.282886e+04
75	62	64	-6.282886e+04
75	63	62	-5.077731e-20
75	63	63	-2.704445e+04
75	63	64	-2.704445e+04
76	61	62	5.328364e-20
76	61	63	2.837934e+04
76	61	64	2.837934e+04
76	62	62	1.311697e-18
76	62	63	6.986214e+05
76	62	64	6.986214e+05
76	63	62	5.646150e-19
76	63	63	3.007190e+05
76	63	64	3.007190e+05
