0.4092	-3.758910e+00	2
50	64	62	2.585859e-19
50	64	63	8.766919e+03
50	64	64	8.766919e+03
50	65	62	-3.065567e-19
50	65	63	-1.039329e+04
50	65	64	-1.039329e+04
50	66	62	2.896836e-18
50	66	63	9.821232e+04
50	66	64	9.821232e+04
51	64	62	-3.369974e-19
51	64	63	-1.142533e+04
51	64	64	-1.142533e+04
51	65	62	3.995145e-19
51	65	63	1.354487e+04
51	65	64	1.354487e+04
51	66	62	-3.775248e-18
51	66	63	-1.279934e+05
51	66	64	-1.279934e+05
52	64	62	2.820440e-18
52	64	63	9.562227e+04
52	64	64	9.562227e+04
52	65	62	-3.343666e-18
52	65	63	-1.133614e+05
52	65	64	-1.133614e+05
52	66	62	3.159628e-17
52	66	63	1.071219e+06
52	66	64	1.071219e+06
74	60	62	2.579308e-19
74	60	63	8.766919e+03
74	60	64	8.766919e+03
74	61	62	2.115705e-18
74	61	63	7.191157e+04
74	61	64	7.191157e+04
74	62	62	4.680123e-19
74	62	63	1.590747e+04
74	62	64	1.590747e+04
75	60	62	2.039503e-18
75	60	63	6.932152e+04
75	60	64	6.932152e+04
75	61	62	1.672924e-17
75	61	63	5.686170e+05
75	61	64	5.686170e+05
75	62	62	3.700653e-18
75	62	63	1.257830e+05
75	62	64	1.257830e+05
76	60	62	4.376488e-19
76	60	63	1.487543e+04
76	60	64	1.487543e+04
76	61	62	3.589860e-18
76	61	63	1.220173e+05
76	61	64	1.220173e+05
76	62	62	7.941084e-19
76	62	63	2.699128e+04
76	62	64	2.699128e+04
