0.2100	-3.749933e+00	2
49	62	62	1.622758e-20
49	62	63	7.740071e+03
49	62	64	7.740071e+03
49	63	62	-2.009402e-20
49	63	63	-9.584247e+03
49	63	64	-9.584247e+03
49	64	62	1.796548e-19
49	64	63	8.568997e+04
49	64	64	8.568997e+04
50	62	62	-1.355194e-20
50	62	63	-6.463868e+03
50	62	64	-6.463868e+03
50	63	62	1.678087e-20
50	63	63	8.003972e+03
50	63	64	8.003972e+03
50	64	62	-1.500329e-19
50	64	63	-7.156119e+04
50	64	64	-7.156119e+04
51	62	62	1.955472e-19
51	62	63	9.327016e+04
51	62	64	9.327016e+04
51	63	62	-2.421389e-19
51	63	63	-1.154930e+05
51	63	64	-1.154930e+05
51	64	62	2.164894e-18
51	64	63	1.032590e+06
51	64	64	1.032590e+06
75	62	62	1.606871e-20
75	62	63	7.740071e+03
75	62	64	7.740071e+03
75	63	62	1.296898e-19
75	63	63	6.246975e+04
75	63	64	6.246975e+04
75	64	62	2.830883e-20
75	64	63	1.363597e+04
75	64	64	1.363597e+04
76	62	62	1.454266e-19
76	62	63	7.004995e+04
76	62	64	7.004995e+04
76	63	62	1.173731e-18
76	63	63	5.653699e+05
76	63	64	5.653699e+05
76	64	62	2.562034e-19
76	64	63	1.234096e+05
76	64	64	1.234096e+05
77	62	62	3.478686e-20
77	62	63	1.675634e+04
77	62	64	1.675634e+04
77	63	62	2.807632e-19
77	63	63	1.352397e+05
77	63	64	1.352397e+05
77	64	62	6.128529e-20
77	64	63	2.952026e+04
77	64	64	2.952026e+04
