0.0224	-4.429995e+06	762
33	77	62	3.483098e-02
33	77	63	7.967509e+00
33	77	64	1.033229e+01
33	78	62	1.683887e+01
33	78	63	3.851853e+03
33	78	64	4.995095e+03
33	79	62	2.015554e+01
33	79	63	4.610535e+03
33	79	64	5.978956e+03
34	77	62	1.255562e+00
34	77	63	2.872069e+02
34	77	64	3.724508e+02
34	78	62	6.069951e+02
34	78	63	1.388487e+05
34	78	64	1.800595e+05
34	79	53	1.637333e+01
34	79	54	5.531571e+01
34	79	55	3.353357e+02
34	79	62	7.265521e+02
34	79	63	1.661972e+05
34	79	64	2.155250e+05
34	80	53	3.224960e+02
34	80	54	1.089521e+03
34	80	55	6.604911e+03
34	81	53	7.491245e+02
34	81	54	2.530844e+03
34	81	55	1.534252e+04
35	77	62	2.369983e+00
35	77	63	6.015986e+02
35	77	64	6.091091e+02
35	77	65	6.058991e+02
35	78	62	1.145757e+03
35	78	63	2.634461e+05
35	78	64	3.377352e+05
35	78	65	1.382411e+04
35	79	53	3.857640e+02
35	79	54	1.303266e+03
35	79	55	7.900679e+03
35	79	62	1.371431e+03
35	79	63	3.166936e+05
35	79	64	4.021131e+05
35	79	65	3.037953e+04
35	80	53	7.598168e+03
35	80	54	2.566967e+04
35	80	55	1.556151e+05
35	81	53	1.764975e+04
35	81	54	5.962796e+04
35	81	55	3.614775e+05
36	77	63	1.907828e+03
36	77	64	-3.013140e+03
36	77	65	1.943748e+04
36	78	63	4.352875e+04
36	78	64	-6.874739e+04
36	78	65	4.434829e+05
36	79	53	8.379096e+02
36	79	54	2.830796e+03
36	79	55	1.716089e+04
36	79	63	9.565773e+04
36	79	64	-1.510776e+05
36	79	65	9.745873e+05
36	80	53	1.650382e+04
36	80	54	5.575652e+04
36	80	55	3.380081e+05
36	81	53	3.833664e+04
36	81	54	1.295166e+05
36	81	55	7.851575e+05
36	83	61	3.363012e+01
36	83	62	3.298204e+02
36	83	63	8.381907e+01
36	84	61	2.907734e+03
36	84	62	2.851699e+04
36	84	63	7.247180e+03
36	85	61	1.870790e+03
36	85	62	1.834738e+04
36	85	63	4.662721e+03
37	67	85	2.010262e+00
37	67	86	4.855067e+02
37	67	87	6.253160e+02
37	68	85	1.017254e+02
37	68	86	2.456813e+04
37	68	87	3.164290e+04
37	69	85	1.746690e+02
37	69	86	4.218505e+04
37	69	87	5.433290e+04
37	77	63	9.151821e+02
37	77	64	-1.445398e+03
37	77	65	9.324128e+03
37	78	63	2.088067e+04
37	78	64	-3.297801e+04
37	78	65	2.127380e+05
37	79	63	4.588686e+04
37	79	64	-7.247167e+04
37	79	65	4.675079e+05
37	83	61	2.018558e+02
37	83	62	1.979658e+03
37	83	63	5.031014e+02
37	84	61	1.745289e+04
37	84	62	1.711656e+05
37	84	63	4.349925e+04
37	85	61	1.122891e+04
37	85	62	1.101252e+05
37	85	63	2.798673e+04
38	67	85	-1.025792e+00
38	67	86	-2.477433e+02
38	67	87	-3.190848e+02
38	68	85	-5.190820e+01
38	68	86	-1.253657e+04
38	68	87	-1.614667e+04
38	69	85	-8.912972e+01
38	69	86	-2.152609e+04
38	69	87	-2.772487e+04
38	79	61	8.307131e+02
38	79	62	-1.150084e+03
38	79	63	8.888391e+03
38	80	61	1.049309e+03
38	80	62	-1.452720e+03
38	80	63	1.122730e+04
38	81	61	1.372512e+04
38	81	62	-1.900179e+04
38	81	63	1.468548e+05
38	82	68	7.977302e+00
38	82	69	5.318207e+01
38	82	70	9.813387e+00
38	83	61	8.408781e+02
38	83	62	8.246736e+03
38	83	63	2.095788e+03
38	83	68	2.417072e+03
38	83	69	1.611383e+04
38	83	70	2.973394e+03
38	84	61	7.270416e+04
38	84	62	7.130309e+05
38	84	63	1.812064e+05
38	84	68	1.914736e+03
38	84	69	1.276492e+04
38	84	70	2.355438e+03
38	85	61	4.677671e+04
38	85	62	4.587528e+05
38	85	63	1.165854e+05
39	67	85	2.573389e+01
39	67	86	6.215100e+03
39	67	87	8.004835e+03
39	68	85	1.302214e+03
39	68	86	3.145031e+05
39	68	87	4.050692e+05
39	69	85	2.235984e+03
39	69	86	5.400220e+05
39	69	87	6.955298e+05
39	77	74	3.725659e-02
39	77	75	1.381822e+00
39	77	76	6.990410e-01
39	78	74	-2.384793e-02
39	78	75	-8.845039e-01
39	78	76	-4.474559e-01
39	79	61	-5.667543e+02
39	79	62	7.846451e+02
39	79	63	-6.064108e+03
39	79	74	4.658820e-01
39	79	75	1.727926e+01
39	79	76	8.741289e+00
39	80	61	-7.158914e+02
39	80	62	9.911184e+02
39	80	63	-7.659832e+03
39	81	61	-9.363968e+03
39	81	62	1.296398e+04
39	81	63	-1.001918e+05
39	82	68	2.778262e+02
39	82	69	1.852176e+03
39	82	70	3.417716e+02
39	83	68	8.417957e+04
39	83	69	5.611977e+05
39	83	70	1.035546e+05
39	84	68	6.668466e+04
39	84	69	4.445649e+05
39	84	70	8.203305e+04
40	69	73	2.520409e+01
40	69	74	1.685315e+03
40	69	75	2.704430e+03
40	70	73	3.482667e+02
40	70	74	2.328745e+04
40	70	75	3.736944e+04
40	71	73	9.381390e+02
40	71	74	6.273027e+04
40	71	75	1.006635e+05
40	77	74	1.414726e+03
40	77	75	5.247124e+04
40	77	76	2.654433e+04
40	78	69	5.218652e-07
40	78	70	1.445330e-02
40	78	71	1.480437e-02
40	78	74	-9.055653e+02
40	78	75	-3.358682e+04
40	78	76	-1.699102e+04
40	79	61	1.030700e+04
40	79	62	-1.426956e+04
40	79	63	1.102819e+05
40	79	69	3.432016e-03
40	79	70	9.505129e+01
40	79	71	9.736006e+01
40	79	74	1.769070e+04
40	79	75	6.561364e+05
40	79	76	3.319286e+05
40	80	61	1.301921e+04
40	80	62	-1.802449e+04
40	80	63	1.393018e+05
40	80	69	3.604991e-03
40	80	70	9.984191e+01
40	80	71	1.022670e+02
40	81	61	1.702932e+05
40	81	62	-2.357631e+05
40	81	63	1.822088e+06
40	82	68	1.374138e+02
40	82	69	9.160926e+02
40	82	70	1.690414e+02
40	83	68	4.163550e+04
40	83	69	2.775703e+05
40	83	70	5.121848e+04
40	84	68	3.298246e+04
40	84	69	2.198833e+05
40	84	70	4.057382e+04
41	69	73	1.683764e+02
41	69	74	1.125878e+04
41	69	75	1.806700e+04
41	70	73	2.326603e+03
41	70	74	1.555723e+05
41	70	75	2.496473e+05
41	71	73	6.267257e+03
41	71	74	4.190708e+05
41	71	75	6.724844e+05
41	77	74	1.385945e+03
41	77	75	5.140379e+04
41	77	76	2.600433e+04
41	78	69	1.300439e-03
41	78	70	3.601627e+01
41	78	71	3.689109e+01
41	78	74	-8.871429e+02
41	78	75	-3.290355e+04
41	78	76	-1.664536e+04
41	79	69	8.552259e+00
41	79	70	2.368589e+05
41	79	71	2.426121e+05
41	79	74	1.733081e+04
41	79	75	6.427883e+05
41	79	76	3.251760e+05
41	80	69	8.983296e+00
41	80	70	2.487966e+05
41	80	71	2.548398e+05
41	81	63	2.086979e+01
41	81	64	1.353823e+02
41	81	65	2.434690e+01
41	82	63	-1.036782e+01
41	82	64	-6.725601e+01
41	82	65	-1.209520e+01
41	83	63	2.677977e+02
41	83	64	1.737203e+03
41	83	65	3.124154e+02
42	69	73	3.112973e+01
42	69	74	2.081543e+03
42	69	75	3.340259e+03
42	70	73	4.301464e+02
42	70	74	2.876248e+04
42	70	75	4.615524e+04
42	71	73	1.158702e+03
42	71	74	7.747856e+04
42	71	75	1.243301e+05
42	74	65	8.991296e+01
42	74	66	7.000112e+02
42	74	67	1.482628e+02
42	75	65	1.659576e+03
42	75	66	1.292052e+04
42	75	67	2.736573e+03
42	76	65	6.229757e+02
42	76	66	4.850134e+03
42	76	67	1.027261e+03
42	78	69	1.408359e-03
42	78	70	3.900516e+01
42	78	71	3.995258e+01
42	79	69	9.261987e+00
42	79	70	2.565220e+05
42	79	71	2.628074e+05
42	79	72	1.459283e+01
42	80	69	9.728794e+00
42	80	70	2.714639e+05
42	80	71	2.940373e+05
42	80	72	4.274157e+03
42	81	63	7.972926e+03
42	81	64	5.172036e+04
42	81	65	9.301294e+03
42	81	70	1.594047e+03
42	81	71	1.424032e+04
42	81	72	3.372228e+03
42	82	63	-3.960837e+03
42	82	64	-2.569395e+04
42	82	65	-4.620752e+03
42	83	63	1.023073e+05
42	83	64	6.636671e+05
42	83	65	1.193527e+05
42	87	79	7.970448e+02
42	87	80	6.240941e+03
42	87	81	1.328238e+03
42	88	79	6.494295e+03
42	88	80	5.085098e+04
42	88	81	1.082244e+04
42	89	67	2.121368e-02
42	89	68	4.434248e-01
42	89	69	1.006779e+00
42	89	79	1.428733e+03
42	89	80	1.118713e+04
42	89	81	2.380917e+03
42	90	67	1.264796e+01
42	90	68	2.643775e+02
42	90	69	6.002592e+02
42	91	67	1.071931e+01
42	91	68	2.240633e+02
42	91	69	5.087272e+02
43	74	65	2.383450e+03
43	74	66	1.855618e+04
43	74	67	3.930211e+03
43	75	65	4.399273e+04
43	75	66	3.425024e+05
43	75	67	7.254221e+04
43	75	70	5.603787e+01
43	75	71	9.218509e+03
43	75	72	1.251183e+04
43	76	57	4.337246e+01
43	76	58	-3.464996e+01
43	76	59	5.263490e+02
43	76	65	1.651410e+04
43	76	66	1.285694e+05
43	76	67	2.723107e+04
43	76	70	-7.669495e+01
43	76	71	-1.261670e+04
43	76	72	-1.712402e+04
43	77	54	5.021880e+00
43	77	55	9.258276e+02
43	77	56	6.860247e+02
43	77	57	1.743079e+03
43	77	58	-1.392534e+03
43	77	59	2.115324e+04
43	77	70	6.018681e+02
43	77	71	9.901031e+04
43	77	72	1.343818e+05
43	78	54	3.821957e+01
43	78	55	7.153843e+03
43	78	56	7.426073e+03
43	78	57	1.778123e+03
43	78	58	-7.242326e+02
43	78	59	1.100143e+04
43	79	54	1.388057e+02
43	79	55	2.554003e+04
43	79	56	1.793827e+04
43	79	57	-4.045931e+02
43	79	70	2.149589e+02
43	79	71	1.920321e+03
43	79	72	4.547484e+02
43	80	55	1.390317e+03
43	80	56	2.845663e+04
43	80	57	1.124812e+04
43	80	70	6.296024e+04
43	80	71	5.624513e+05
43	80	72	1.331933e+05
43	81	63	9.757062e+03
43	81	64	6.329405e+04
43	81	65	1.138268e+04
43	81	70	4.967443e+04
43	81	71	4.437633e+05
43	81	72	1.050869e+05
43	82	61	3.644163e+01
43	82	62	4.184955e+02
43	82	63	-3.618828e+03
43	82	64	-3.144359e+04
43	82	65	-5.654757e+03
43	83	61	6.546051e+02
43	83	62	7.517482e+03
43	83	63	1.472659e+05
43	83	64	8.121787e+05
43	83	65	1.460607e+05
43	83	71	1.711012e+02
43	83	72	5.736729e+03
43	83	73	2.797989e+03
43	84	61	2.422973e+02
43	84	62	2.782541e+03
43	84	63	8.167148e+03
43	84	71	-2.807726e+02
43	84	72	-9.413822e+03
43	84	73	-4.591426e+03
43	85	71	1.714796e+03
43	85	72	5.749418e+04
43	85	73	2.804177e+04
43	87	73	1.066387e+00
43	87	74	3.665229e+00
43	87	75	2.195221e+01
43	87	79	1.992153e+03
43	87	80	1.559876e+04
43	87	81	3.319829e+03
43	88	73	2.156177e+02
43	88	74	7.410894e+02
43	88	75	4.438618e+03
43	88	79	1.623200e+04
43	88	80	1.270982e+05
43	88	81	2.704986e+04
43	89	67	1.228444e+01
43	89	68	2.567790e+02
43	89	69	5.830069e+02
43	89	73	1.619801e+02
43	89	74	5.567340e+02
43	89	75	3.334455e+03
43	89	79	3.571011e+03
43	89	80	2.796137e+04
43	89	81	5.950922e+03
43	90	67	7.324197e+03
43	90	68	1.530961e+05
43	90	69	3.475988e+05
43	91	67	6.207349e+03
43	91	68	1.297508e+05
43	91	69	2.945944e+05
44	65	83	2.649249e-01
44	65	84	2.304050e+02
44	65	85	2.635646e+02
44	66	83	1.533105e+01
44	66	84	1.333340e+04
44	66	85	1.525232e+04
44	67	83	8.917866e+00
44	67	84	7.755861e+03
44	67	85	8.872074e+03
44	74	65	4.966528e+03
44	74	66	3.866657e+04
44	74	67	8.189603e+03
44	75	65	9.167013e+04
44	75	66	7.136915e+05
44	75	67	1.511603e+05
44	75	70	2.869268e+01
44	75	71	-1.460637e+04
44	75	72	-2.124429e+04
44	76	57	1.731983e+03
44	76	58	-1.383669e+03
44	76	59	2.101858e+04
44	76	65	3.441135e+04
44	76	66	2.679072e+05
44	76	67	5.674291e+04
44	76	70	1.819266e+03
44	76	71	3.924957e+04
44	76	72	3.416893e+04
44	77	54	3.572298e+01
44	77	55	6.585845e+03
44	77	56	4.880014e+03
44	77	57	6.960600e+04
44	77	58	-5.560774e+04
44	77	59	8.447076e+05
44	77	70	3.560519e+03
44	77	71	-1.231758e+05
44	77	72	-2.192585e+05
44	78	54	2.718737e+02
44	78	55	5.143075e+04
44	78	56	6.392096e+04
44	78	57	4.678668e+04
44	78	58	-2.892062e+04
44	78	59	4.393177e+05
44	78	67	8.621898e+01
44	78	68	9.748616e+02
44	78	69	2.739239e+02
44	79	54	9.873898e+02
44	79	55	1.814266e+05
44	79	56	1.224525e+05
44	79	57	-4.914015e+03
44	79	67	7.253072e+03
44	79	68	8.200910e+04
44	79	69	2.304353e+04
44	79	70	1.019732e+02
44	79	71	9.109711e+02
44	79	72	2.157257e+02
44	79	82	1.517470e+01
44	79	83	6.851440e+03
44	79	84	5.663619e+03
44	80	55	1.688620e+04
44	80	56	3.456221e+05
44	80	57	1.366149e+05
44	80	65	2.077639e+02
44	80	66	2.201632e+03
44	80	67	5.229086e+03
44	80	68	5.243564e+04
44	80	69	1.473376e+04
44	80	70	2.986738e+04
44	80	71	2.668183e+05
44	80	72	6.318485e+04
44	80	82	2.093307e+01
44	80	83	9.451367e+03
44	80	84	7.812802e+03
44	81	65	7.522125e+02
44	81	66	8.785151e+03
44	81	67	3.178401e+03
44	81	70	2.356479e+04
44	81	71	2.105146e+05
44	81	72	4.985164e+04
44	81	82	2.541815e+02
44	81	83	1.147640e+05
44	81	84	9.486758e+04
44	82	61	1.148076e+03
44	82	62	1.318450e+04
44	82	63	3.871124e+04
44	82	64	1.144142e+02
44	82	65	4.829394e+03
44	82	66	8.145775e+04
44	82	67	5.638096e+04
44	83	61	2.062302e+04
44	83	62	2.368347e+05
44	83	63	6.958509e+05
44	83	64	6.282975e+03
44	83	65	2.105408e+04
44	83	66	1.874263e+04
44	83	67	2.326628e+04
44	83	71	3.015324e+03
44	83	72	1.010986e+05
44	83	73	4.930909e+04
44	83	76	2.320478e+01
44	83	77	2.458738e+02
44	83	78	7.505548e+02
44	84	61	7.633461e+03
44	84	62	8.766263e+04
44	84	63	2.584928e+05
44	84	64	1.056671e+04
44	84	65	3.531398e+04
44	84	71	-4.948067e+03
44	84	72	-1.659002e+05
44	84	73	-8.091491e+04
44	84	76	2.611498e+03
44	84	77	2.767098e+04
44	84	78	8.446847e+04
44	85	71	3.021993e+04
44	85	72	1.013222e+06
44	85	73	4.941815e+05
44	85	76	1.776217e+03
44	85	77	1.882049e+04
44	85	78	5.745145e+04
44	87	73	1.353091e+02
44	87	74	4.650646e+02
44	87	75	2.785418e+03
44	87	79	1.504802e+04
44	87	80	1.178275e+05
44	87	81	2.507682e+04
44	88	73	2.735876e+04
44	88	74	9.403352e+04
44	88	75	5.631963e+05
44	88	79	1.226108e+05
44	88	80	9.600545e+05
44	88	81	2.043251e+05
44	89	67	1.448017e+01
44	89	68	3.026759e+02
44	89	69	6.872140e+02
44	89	73	2.055292e+04
44	89	74	7.064149e+04
44	89	75	4.230941e+05
44	89	79	2.697415e+04
44	89	80	2.112103e+05
44	89	81	4.495116e+04
44	90	67	8.633330e+03
44	90	68	1.804606e+05
44	90	69	4.097289e+05
44	91	44	6.633998e-02
44	91	45	9.464180e+00
44	91	46	1.313120e+01
44	91	67	7.316855e+03
44	91	68	1.529426e+05
44	91	69	3.472504e+05
44	92	44	9.530454e-01
44	92	45	1.359632e+02
44	92	46	1.886439e+02
44	93	44	3.116007e-01
44	93	45	4.445352e+01
44	93	46	6.167761e+01
45	65	83	7.910713e+00
45	65	84	6.879941e+03
45	65	85	7.870092e+03
45	66	83	4.577882e+02
45	66	84	3.981380e+05
45	66	85	4.554375e+05
45	67	83	2.662893e+02
45	67	84	2.315916e+05
45	67	85	2.649220e+05
45	74	70	2.996032e+01
45	74	71	1.905584e+03
45	74	72	1.137269e+03
45	75	70	3.215993e+03
45	75	71	1.527107e+05
45	75	72	1.528382e+05
45	76	50	7.092780e-03
45	76	51	2.118984e+01
45	76	52	1.968799e+01
45	76	57	8.988306e+02
45	76	58	-7.180695e+02
45	76	59	1.090781e+04
45	76	70	2.779950e+04
45	76	71	2.501005e+05
45	76	72	-3.796245e+04
45	77	50	2.643416e-01
45	77	51	7.897263e+02
45	77	52	7.337540e+02
45	77	54	1.347578e+02
45	77	55	2.484379e+04
45	77	56	1.840888e+04
45	77	57	3.612276e+04
45	77	58	-2.885822e+04
45	77	59	4.383699e+05
45	77	70	7.974515e+04
45	77	71	1.734653e+06
45	77	72	1.518066e+06
45	78	50	4.940283e-01
45	78	51	1.475921e+03
45	78	52	1.371314e+03
45	78	54	1.025589e+03
45	78	55	1.928160e+05
45	78	56	2.166441e+05
45	78	57	4.904148e+04
45	78	58	-1.500866e+04
45	78	59	2.279885e+05
45	78	67	-1.015076e+02
45	78	68	-1.134348e+03
45	78	69	-6.197058e+01
45	78	70	6.078861e+02
45	79	54	3.724731e+03
45	79	55	6.849508e+05
45	79	56	4.732938e+05
45	79	57	-1.404444e+04
45	79	65	1.182482e+01
45	79	66	2.037161e+02
45	79	67	-8.465453e+03
45	79	68	-9.653176e+04
45	79	69	-2.675016e+04
45	79	70	8.855792e+02
45	79	82	-2.824555e+01
45	79	83	-1.275298e+04
45	79	84	-1.054202e+04
45	80	55	4.826139e+04
45	80	56	9.878008e+05
45	80	57	3.904503e+05
45	80	61	2.635130e+02
45	80	62	9.435534e+03
45	80	63	4.713905e+03
45	80	65	4.245225e+03
45	80	66	6.753256e+04
45	80	67	1.815549e+04
45	80	68	-6.150758e+04
45	80	69	-1.294317e+04
45	80	70	1.027406e+04
45	80	82	-3.896393e+01
45	80	83	-1.759237e+04
45	80	84	-1.454242e+04
45	81	61	-3.975747e+02
45	81	62	-1.423584e+04
45	81	63	-7.112094e+03
45	81	65	7.339736e+03
45	81	66	1.066523e+05
45	81	67	3.599139e+04
45	81	82	-4.731227e+02
45	81	83	-2.136168e+05
45	81	84	-1.765825e+05
45	82	61	3.281118e+03
45	82	62	1.041833e+05
45	82	63	6.740048e+04
45	82	64	4.794029e+02
45	82	65	1.931260e+04
45	82	66	2.059234e+05
45	82	67	7.366457e+04
45	83	61	9.824510e+03
45	83	62	1.128246e+05
45	83	63	3.341226e+05
45	83	64	2.632607e+04
45	83	65	8.801179e+04
45	83	66	9.962392e+03
45	83	67	1.236688e+04
45	83	71	1.104972e+03
45	83	72	3.704782e+04
45	83	73	1.806942e+04
45	83	76	-3.047333e+01
45	83	77	-3.228901e+02
45	83	78	-9.856549e+02
45	84	61	3.636471e+03
45	84	62	4.176122e+04
45	84	63	1.275642e+05
45	84	64	4.427519e+04
45	84	65	1.479679e+05
45	84	71	-1.813230e+03
45	84	72	-6.079450e+04
45	84	73	-2.965145e+04
45	84	76	-3.429511e+03
45	84	77	-3.633850e+04
45	84	78	-1.109270e+05
45	85	71	1.107416e+04
45	85	72	3.712976e+05
45	85	73	1.810939e+05
45	85	76	-2.234013e+03
45	85	77	-2.165785e+04
45	85	78	-7.399922e+04
45	86	76	8.325253e+01
45	86	77	2.582494e+03
45	86	78	1.222924e+03
45	87	73	9.416049e+01
45	87	74	3.236346e+02
45	87	75	1.938349e+03
45	87	76	1.546436e+03
45	87	77	4.797044e+04
45	87	78	2.271611e+04
45	88	73	1.903874e+04
45	88	74	6.543715e+04
45	88	75	3.919237e+05
45	89	73	1.430261e+04
45	89	74	4.915883e+04
45	89	75	2.944277e+05
45	91	44	1.556041e+02
45	91	45	2.219876e+04
45	91	46	3.079995e+04
45	92	44	2.235420e+03
45	92	45	3.189091e+05
45	92	46	4.424746e+05
45	93	44	7.308767e+02
45	93	45	1.042682e+05
45	93	46	1.446682e+05
46	65	83	3.690584e+00
46	65	84	3.209698e+03
46	65	85	3.671633e+03
46	66	83	2.135719e+02
46	66	84	1.857433e+05
46	66	85	2.124752e+05
46	67	83	1.242319e+02
46	67	84	1.080444e+05
46	67	85	1.235940e+05
46	68	56	4.079647e+01
46	68	57	7.826175e+02
46	68	58	2.995984e+02
46	69	56	-7.882580e+01
46	69	57	-1.512152e+03
46	69	58	-5.788756e+02
46	70	56	3.753789e+02
46	70	57	7.201066e+03
46	70	58	2.756682e+03
46	71	57	1.557015e+02
46	71	58	-1.945319e+02
46	71	59	1.719417e+03
46	72	57	-1.465106e+02
46	72	58	1.830488e+02
46	72	59	-1.617921e+03
46	73	57	1.837084e+03
46	73	58	-2.295234e+03
46	73	59	2.028698e+04
46	73	65	7.758900e+01
46	73	66	1.042552e+03
46	73	67	3.274177e+02
46	74	65	4.793558e+02
46	74	66	6.441034e+03
46	74	67	2.022833e+03
46	74	70	-4.971811e+01
46	74	71	-3.162251e+03
46	74	72	-1.887259e+03
46	75	65	8.224142e+01
46	75	66	1.105066e+03
46	75	67	3.470504e+02
46	75	68	7.677686e-02
46	75	69	1.365821e+02
46	75	70	-2.334660e+02
46	75	71	-6.175107e+04
46	75	72	-3.926989e+04
46	76	50	1.416059e+00
46	76	51	4.230508e+03
46	76	52	3.930668e+03
46	76	64	1.846013e+01
46	76	65	3.097102e+02
46	76	66	1.105503e+02
46	76	67	6.875855e-03
46	76	68	2.489721e+02
46	76	69	8.081881e+03
46	76	70	1.562237e+04
46	76	71	-5.635981e+04
46	76	72	-6.614636e+04
46	77	50	5.277526e+01
46	77	51	1.576673e+05
46	77	52	1.464925e+05
46	77	64	3.088805e+02
46	77	65	5.169439e+03
46	77	66	1.853915e+03
46	77	67	7.124464e-01
46	77	68	2.534396e+04
46	77	69	3.045775e+04
46	77	70	3.075136e+04
46	77	71	2.666887e+05
46	77	72	7.053144e+04
46	78	50	9.863175e+01
46	78	51	2.946645e+05
46	78	52	2.737800e+05
46	78	64	1.203862e+02
46	78	65	1.830294e+03
46	78	66	7.827799e+02
46	78	67	9.681068e+02
46	78	68	2.858255e+04
46	78	69	5.168156e+04
46	78	70	4.617406e+04
46	78	71	7.123789e+03
46	79	64	2.785469e+01
46	79	65	-3.832889e+01
46	79	66	3.218819e+02
46	79	67	8.176129e+04
46	79	68	9.386566e+05
46	79	69	3.118281e+05
46	79	70	5.716092e+04
46	79	71	1.272858e+03
46	79	82	1.427474e+02
46	79	83	6.445102e+04
46	79	84	5.327727e+04
46	80	61	-4.360977e+01
46	80	62	-1.561523e+03
46	80	63	-7.801221e+02
46	80	65	1.062422e+03
46	80	66	-6.877704e+03
46	80	67	5.105413e+04
46	80	68	7.306477e+05
46	80	69	4.416108e+05
46	80	70	5.188159e+05
46	80	71	1.012680e+05
46	80	82	1.969159e+02
46	80	83	8.890835e+04
46	80	84	7.349448e+04
46	81	61	6.579615e+01
46	81	62	2.355944e+03
46	81	63	1.177008e+03
46	81	65	1.161138e+04
46	81	66	1.132813e+05
46	81	67	8.686547e+04
46	81	68	1.617769e+05
46	81	69	1.607981e+04
46	81	82	2.391068e+03
46	81	83	1.079577e+06
46	81	84	8.924127e+05
46	82	61	-4.524917e+02
46	82	62	-1.605942e+04
46	82	63	5.906530e+03
46	82	64	1.153996e+04
46	82	65	1.041758e+05
46	82	66	1.533367e+06
46	82	67	9.776070e+05
46	82	68	2.480902e+04
46	83	62	-2.541407e+02
46	83	63	-8.894992e+03
46	83	64	1.216235e+05
46	83	65	4.610296e+05
46	83	66	2.820483e+05
46	83	67	3.501224e+05
46	83	76	2.525095e+02
46	83	77	2.675546e+03
46	83	78	8.167376e+03
46	84	62	1.376740e+03
46	84	63	1.583371e+05
46	84	64	3.186481e+05
46	84	65	7.739336e+05
46	84	75	7.197036e+02
46	84	76	3.592680e+04
46	84	77	3.031052e+05
46	84	78	9.191678e+05
46	85	75	4.558565e+03
46	85	76	6.724151e+04
46	85	77	2.283369e+05
46	85	78	6.303343e+05
46	86	75	8.012775e+02
46	86	76	8.656798e+03
46	86	77	1.142426e+04
46	86	78	4.357776e+03
46	87	76	5.510578e+03
46	87	77	1.709381e+05
46	87	78	8.094673e+04
46	91	44	1.432086e+02
46	91	45	2.043040e+04
46	91	46	2.834642e+04
46	92	44	2.057346e+03
46	92	45	2.935047e+05
46	92	46	4.072269e+05
46	93	44	6.726548e+02
46	93	45	9.596214e+04
46	93	46	1.331439e+05
46	112	94	1.848740e+02
46	112	95	3.786531e+03
46	112	96	1.497206e+03
46	113	94	-7.250574e+01
46	113	95	-1.485039e+03
46	113	96	-5.871891e+02
46	114	94	2.415804e+03
46	114	95	4.947972e+04
46	114	96	1.956443e+04
47	68	56	3.560996e+03
47	68	57	6.831223e+04
47	68	58	2.615100e+04
47	69	56	-6.880457e+03
47	69	57	-1.319910e+05
47	69	58	-5.052824e+04
47	70	56	3.276565e+04
47	70	57	6.285585e+05
47	70	58	2.406221e+05
47	71	57	5.458352e+03
47	71	58	-6.819610e+03
47	71	59	6.027677e+04
47	72	57	-5.136150e+03
47	72	58	6.417055e+03
47	72	59	-5.671869e+04
47	73	57	6.440176e+04
47	73	58	-8.046291e+04
47	73	59	7.111909e+05
47	73	65	5.070460e+03
47	73	66	6.813103e+04
47	73	67	2.139682e+04
47	74	65	3.132602e+04
47	74	66	4.209231e+05
47	74	67	1.321926e+05
47	74	70	2.987581e+02
47	74	71	1.900209e+04
47	74	72	1.134061e+04
47	75	65	5.374496e+03
47	75	66	7.221834e+04
47	75	67	2.334003e+04
47	75	68	6.982649e+02
47	75	69	6.757476e+03
47	75	70	1.394639e+04
47	75	71	4.147542e+05
47	75	72	2.475289e+05
47	76	50	1.869584e+00
47	76	51	5.585424e+03
47	76	52	5.189553e+03
47	76	64	1.419444e+03
47	76	65	2.381437e+04
47	76	66	8.716472e+03
47	76	67	8.417946e+03
47	76	68	6.115454e+03
47	76	69	3.963240e+05
47	76	70	4.418214e+05
47	76	71	9.264916e+05
47	76	72	5.529383e+05
47	77	50	6.967773e+01
47	77	51	2.081638e+05
47	77	52	1.934100e+05
47	77	64	2.521025e+04
47	77	65	3.961136e+05
47	77	66	1.601795e+05
47	77	67	2.297308e+04
47	77	68	1.067397e+05
47	77	69	3.970076e+05
47	77	70	2.640907e+05
47	78	50	1.302208e+02
47	78	51	3.890376e+05
47	78	52	3.614643e+05
47	78	55	6.719937e+02
47	78	56	5.351606e+03
47	78	57	1.155250e+03
47	78	63	5.475685e+02
47	78	64	3.644748e+04
47	78	65	1.223361e+05
47	78	66	3.253877e+05
47	78	67	3.210221e+04
47	78	68	7.210950e+04
47	78	69	2.003768e+05
47	78	70	1.764060e+05
47	78	71	7.122319e+04
47	78	72	2.833431e+03
47	78	73	8.240376e+02
47	79	55	1.614179e+04
47	79	56	1.285496e+05
47	79	57	2.774998e+04
47	79	63	-1.594545e+02
47	79	64	5.227645e+04
47	79	65	-2.907324e+04
47	79	66	7.595071e+05
47	79	67	2.464152e+05
47	79	68	7.941206e+04
47	79	69	8.598493e+04
47	79	70	3.094080e+05
47	79	71	1.143440e+05
47	79	72	7.047190e+04
47	79	73	2.049512e+04
47	80	55	6.873257e+03
47	80	56	5.473707e+04
47	80	57	1.181608e+04
47	80	61	3.575582e+03
47	80	62	1.280298e+05
47	80	63	7.509017e+04
47	80	64	7.683220e+04
47	80	65	2.074395e+05
47	80	66	9.639519e+05
47	80	67	5.290133e+05
47	80	68	1.564513e+05
47	80	69	3.802715e+05
47	80	70	1.978856e+06
47	80	71	1.183460e+06
47	80	72	3.047118e+04
47	80	73	8.861836e+03
47	81	59	1.012320e-02
47	81	60	6.307842e+00
47	81	61	-5.387260e+03
47	81	62	-1.931648e+05
47	81	63	-9.536181e+04
47	81	64	8.442096e+03
47	81	65	1.325612e+05
47	81	66	1.120592e+06
47	81	67	9.159844e+05
47	81	68	3.418455e+05
47	81	69	-9.664787e+03
47	81	70	4.004627e+04
47	81	71	1.195579e+04
47	82	59	-2.002291e-02
47	82	60	-1.247642e+01
47	82	61	3.708535e+04
47	82	62	1.328225e+06
47	82	63	6.483022e+05
47	82	64	-4.187775e+03
47	82	65	1.187759e+04
47	82	66	5.110134e+02
47	82	67	5.377002e+05
47	82	68	4.566121e+05
47	82	69	3.206125e+04
47	82	70	5.201493e+04
47	82	71	1.518136e+04
47	83	59	9.177685e-02
47	83	60	5.718684e+01
47	83	61	6.701509e+01
47	83	62	4.161119e+02
47	83	63	1.048741e+05
47	83	64	9.284881e+04
47	83	65	2.074046e+04
47	83	66	1.980135e-01
47	83	67	1.388487e+04
47	83	68	3.622758e+04
47	83	69	1.174783e+04
47	83	70	2.657428e+04
47	83	71	5.832986e+03
47	84	62	-1.972445e+03
47	84	63	-1.612614e+05
47	84	64	-1.939915e+04
47	84	65	2.032669e+05
47	84	69	7.941212e+02
47	84	70	4.068640e+04
47	84	71	6.963817e+04
47	84	75	2.138413e+03
47	84	76	2.231115e+04
47	84	77	5.929410e+03
47	85	63	1.098535e+03
47	85	64	2.381863e+02
47	85	65	1.580904e+04
47	85	69	5.732339e+02
47	85	70	2.936935e+04
47	85	71	5.026810e+04
47	85	75	1.354460e+04
47	85	76	1.433692e+05
47	85	77	1.011941e+05
47	85	78	3.013516e+04
47	86	75	2.380789e+03
47	86	76	2.657256e+04
47	86	77	6.034591e+04
47	86	78	2.545036e+04
47	87	76	3.218297e+04
47	87	77	9.983159e+05
47	87	78	4.727465e+05
47	88	31	1.800587e+02
47	88	32	6.934868e+03
47	88	33	3.554682e+03
47	88	63	1.641939e-01
47	88	64	-1.958784e-01
47	88	65	1.836355e+00
47	89	31	2.568125e+03
47	89	32	9.891005e+04
47	89	33	5.069941e+04
47	89	63	9.650742e+01
47	89	64	-1.151305e+02
47	89	65	1.079345e+03
47	90	31	8.360746e+02
47	90	32	3.220099e+04
47	90	33	1.650562e+04
47	90	63	8.169341e+01
47	90	64	-9.745782e+01
47	90	65	9.136642e+02
47	112	94	3.530504e+03
47	112	95	7.231065e+04
47	112	96	2.859186e+04
47	113	94	-1.384628e+03
47	113	95	-2.835951e+04
47	113	96	-1.121344e+04
47	114	94	4.613415e+04
47	114	95	9.449047e+05
47	114	96	3.736182e+05
48	68	56	5.397154e+03
48	68	57	1.035361e+05
48	68	58	3.963526e+04
48	69	56	-1.042823e+04
48	69	57	-2.000495e+05
48	69	58	-7.658213e+04
48	70	56	4.966061e+04
48	70	57	9.526624e+05
48	70	58	3.646942e+05
48	71	57	1.039035e+04
48	71	58	-1.298160e+04
48	71	59	1.147410e+05
48	72	57	-9.777017e+03
48	72	58	1.221531e+04
48	72	59	-1.079679e+05
48	72	64	2.496096e+02
48	72	65	2.533630e+03
48	72	66	6.602160e+02
48	73	57	1.225932e+05
48	73	58	-1.531667e+05
48	73	59	1.353801e+06
48	73	64	2.308362e+03
48	73	65	3.161016e+04
48	73	66	1.160114e+05
48	73	67	3.451634e+04
48	74	64	7.549862e+03
48	74	65	1.271675e+05
48	74	66	6.989826e+05
48	74	67	2.132468e+05
48	74	68	3.525822e+02
48	74	69	2.119166e+03
48	74	70	8.820676e+03
48	75	65	8.669884e+03
48	75	66	1.166016e+05
48	75	67	1.016900e+05
48	75	68	7.071968e+04
48	75	69	2.737429e+03
48	75	70	-1.121824e+02
48	76	63	3.566120e+00
48	76	64	2.242331e+03
48	76	65	3.955453e+04
48	76	66	4.122886e+04
48	76	67	2.867924e+05
48	76	68	1.435064e+05
48	76	69	3.641245e+05
48	76	70	3.629936e+05
48	77	61	3.037017e+01
48	77	62	3.478992e+03
48	77	63	5.237266e+03
48	77	64	4.395895e+04
48	77	65	6.396745e+05
48	77	66	3.404394e+05
48	77	67	1.785345e+06
48	77	68	2.254543e+06
48	77	69	1.919668e+06
48	77	70	2.892067e+05
48	78	55	-1.328000e+03
48	78	56	-1.057589e+04
48	78	57	-2.283016e+03
48	78	61	-4.913921e+01
48	78	62	-5.629039e+03
48	78	63	-2.423094e+03
48	78	64	1.438562e+05
48	78	65	2.928753e+05
48	78	66	9.636470e+05
48	78	67	1.997135e+06
48	78	68	9.765971e+05
48	78	69	1.341952e+06
48	78	70	4.858520e+05
48	78	71	2.710495e+04
48	78	72	5.343786e+03
48	78	73	-1.483466e+02
48	79	55	-3.189957e+04
48	79	56	-2.540410e+05
48	79	57	-5.483976e+04
48	79	61	3.062624e+02
48	79	62	3.508325e+04
48	79	63	4.285051e+04
48	79	64	1.337629e+04
48	79	65	-5.394894e+04
48	79	66	1.634468e+06
48	79	67	1.853570e+06
48	79	68	1.550336e+06
48	79	69	1.241873e+06
48	79	70	6.545304e+05
48	79	71	8.232314e+04
48	79	72	-1.692775e+04
48	79	73	-3.689615e+03
48	80	55	-1.358300e+04
48	80	56	-1.081719e+05
48	80	57	-2.335105e+04
48	80	62	7.810820e-02
48	80	63	2.436911e+04
48	80	64	3.170992e+05
48	80	65	7.441418e+04
48	80	66	1.569151e+06
48	80	67	9.658397e+05
48	80	68	1.999167e+06
48	80	69	8.008771e+05
48	80	70	7.623631e+05
48	80	71	8.737037e+05
48	80	72	6.657219e+04
48	80	73	-1.595344e+03
48	81	59	9.542744e+01
48	81	60	5.946155e+04
48	81	61	6.968073e+04
48	81	62	9.324932e-01
48	81	63	5.704975e+03
48	81	64	3.104989e+04
48	81	65	2.116196e+05
48	81	66	1.272311e+06
48	81	67	1.523762e+06
48	81	68	2.657942e+06
48	81	69	7.232089e+05
48	81	70	5.287429e+05
48	81	71	2.116860e+05
48	82	59	-1.887481e+02
48	82	60	-1.176103e+05
48	82	61	-1.378231e+05
48	82	62	1.531841e+03
48	82	63	1.820039e+05
48	82	64	1.209543e+05
48	82	65	6.730763e+04
48	82	66	4.614423e+04
48	82	67	1.459810e+06
48	82	68	2.076342e+06
48	82	69	6.098841e+05
48	82	70	5.612820e+05
48	82	71	1.196989e+05
48	83	59	8.651443e+02
48	83	60	5.390779e+05
48	83	61	6.317249e+05
48	83	62	-2.274654e+03
48	83	63	3.213133e+05
48	83	64	3.309685e+05
48	83	65	1.028737e+05
48	83	66	8.864138e+03
48	83	67	6.489277e+04
48	83	68	8.554981e+05
48	83	69	4.872723e+05
48	83	70	6.715013e+05
48	83	71	1.347647e+05
48	84	62	1.465502e+04
48	84	63	1.659595e+06
48	84	64	9.474275e+05
48	84	65	7.546374e+05
48	84	66	1.616555e+03
48	84	67	5.283854e+02
48	84	68	9.181815e+01
48	84	69	-1.001464e+03
48	84	70	-5.230366e+04
48	84	71	-8.952209e+04
48	84	75	1.421104e+04
48	84	76	1.482710e+05
48	84	77	3.940450e+04
48	85	62	6.849765e-01
48	85	63	1.707155e+04
48	85	64	4.872678e+03
48	85	65	2.217629e+05
48	85	67	5.398578e+03
48	85	68	4.191995e+04
48	85	69	8.122023e+03
48	85	70	-3.775523e+04
48	85	71	-6.462124e+04
48	85	75	9.001202e+04
48	85	76	9.391411e+05
48	85	77	2.495860e+05
48	86	67	6.495298e+03
48	86	68	5.043597e+04
48	86	69	1.065862e+04
48	86	75	1.582178e+04
48	86	76	1.650767e+05
48	86	77	4.387075e+04
48	88	31	1.298968e+03
48	88	32	5.002908e+04
48	88	33	2.564396e+04
48	88	63	7.794604e+01
48	88	64	-9.298731e+01
48	88	65	8.717533e+02
48	89	31	1.852681e+04
48	89	32	7.135506e+05
48	89	33	3.657525e+05
48	89	63	4.581395e+04
48	89	64	-5.465468e+04
48	89	65	5.123860e+05
48	90	31	6.031556e+03
48	90	32	2.323023e+05
48	90	33	1.190738e+05
48	90	63	3.878145e+04
48	90	64	-4.626512e+04
48	90	65	4.337342e+05
48	112	94	1.348455e+03
48	112	95	2.761862e+04
48	112	96	1.092049e+04
48	113	94	-5.288504e+02
48	113	95	-1.083174e+04
48	113	96	-4.282905e+03
48	114	94	1.762066e+04
48	114	95	3.609007e+05
48	114	96	1.427012e+05
49	72	64	-1.880873e+01
49	72	65	-1.909156e+02
49	72	66	-4.974899e+01
49	72	75	3.190814e-02
49	72	76	8.008917e-01
49	72	77	3.476767e-01
49	73	64	-1.739411e+02
49	73	65	-1.765566e+03
49	73	66	-4.600732e+02
49	73	75	1.103504e+03
49	73	76	2.769788e+04
49	73	77	1.202398e+04
49	74	64	-5.341386e+02
49	74	65	-5.679454e+03
49	74	66	-8.332643e+02
49	74	68	-6.984946e+01
49	74	69	5.503477e+03
49	74	70	2.312400e+02
49	74	75	1.127464e+03
49	74	76	2.829927e+04
49	74	77	1.228505e+04
49	75	64	2.022549e+03
49	75	65	5.552182e+03
49	75	66	3.927375e+04
49	75	67	4.361413e+04
49	75	68	4.927391e+04
49	75	69	7.985714e+04
49	75	70	4.844648e+04
49	75	73	1.557752e+00
49	75	74	1.397353e+03
49	75	75	1.660753e+03
49	75	76	2.046904e+01
49	76	62	1.274900e+03
49	76	63	-1.665343e+03
49	76	64	1.652346e+04
49	76	65	1.091495e+04
49	76	66	7.206068e+04
49	76	67	2.464743e+05
49	76	68	2.220605e+05
49	76	69	3.950689e+05
49	76	70	-2.687184e+04
49	76	73	1.734429e+01
49	76	74	1.688675e+04
49	76	75	3.367632e+04
49	76	76	4.526446e+03
49	77	61	1.085360e+02
49	77	62	1.014730e+04
49	77	63	2.735592e+04
49	77	64	3.279519e+04
49	77	65	1.675292e+05
49	77	66	1.032352e+05
49	77	67	1.927681e+06
49	77	68	1.503036e+06
49	77	69	1.155894e+06
49	77	70	1.679664e+05
49	77	71	5.297409e+02
49	77	72	1.385954e+02
49	77	73	5.167430e+01
49	77	74	4.796555e+04
49	77	75	7.351913e+04
49	77	76	5.895512e+03
49	78	55	6.095717e+03
49	78	56	4.854491e+04
49	78	57	1.047938e+04
49	78	61	-1.756122e+02
49	78	62	-7.875631e+03
49	78	63	-2.095996e+04
49	78	64	3.820390e+05
49	78	65	5.277135e+05
49	78	66	9.765988e+05
49	78	67	2.840619e+06
49	78	68	3.178223e+06
49	78	69	3.562106e+06
49	78	70	5.655736e+05
49	78	71	8.985256e+03
49	78	72	3.583203e+04
49	78	73	1.115507e+04
49	79	55	1.464237e+05
49	79	56	1.166085e+06
49	79	57	2.517226e+05
49	79	61	1.094511e+03
49	79	62	1.253794e+05
49	79	63	1.621278e+05
49	79	64	-1.198514e+05
49	79	65	8.614982e+05
49	79	66	3.580165e+06
49	79	67	7.565907e+06
49	79	68	7.425012e+06
49	79	69	2.671990e+06
49	79	70	7.344894e+05
49	79	71	1.587118e+05
49	79	72	9.594404e+05
49	79	73	2.774443e+05
49	80	55	6.234795e+04
49	80	56	4.965250e+05
49	80	57	1.071847e+05
49	80	62	2.571730e+02
49	80	63	2.242228e+05
49	80	64	2.000830e+06
49	80	65	4.087924e+06
49	80	66	5.913734e+06
49	80	67	7.482250e+06
49	80	68	8.421481e+06
49	80	69	3.796662e+06
49	80	70	1.050076e+06
49	80	71	6.564326e+05
49	80	72	3.734236e+05
49	80	73	1.199635e+05
49	81	56	1.705850e+02
49	81	57	1.891355e+03
49	81	58	2.283192e+03
49	81	59	1.096046e+03
49	81	60	5.705558e+04
49	81	61	6.686127e+04
49	81	62	3.070255e+03
49	81	63	3.286845e+05
49	81	64	1.035833e+06
49	81	65	2.278021e+06
49	81	66	3.345912e+06
49	81	67	2.561727e+06
49	81	68	3.935118e+06
49	81	69	2.464804e+06
49	81	70	2.043861e+06
49	81	71	4.897715e+05
49	81	73	8.447927e-01
49	81	74	-1.431608e+00
49	81	75	8.342744e+00
49	82	56	1.434710e+03
49	82	57	1.649400e+04
49	82	58	5.030388e+04
49	82	59	2.999811e+04
49	82	60	-1.112697e+05
49	82	61	-1.322125e+05
49	82	62	1.641050e+03
49	82	63	1.016102e+05
49	82	64	3.961891e+05
49	82	65	5.205262e+05
49	82	66	-6.797942e+02
49	82	67	2.253652e+06
49	82	68	1.482171e+06
49	82	69	8.371115e+05
49	82	70	1.657503e+06
49	82	71	2.470064e+05
49	82	73	1.208834e+02
49	82	74	-2.048522e+02
49	82	75	1.193783e+03
49	82	84	1.046146e+02
49	82	85	1.471098e+03
49	82	86	4.749052e+02
49	83	56	3.238965e+02
49	83	57	3.914585e+03
49	83	58	2.648802e+04
49	83	59	1.100097e+05
49	83	60	5.535595e+05
49	83	61	6.077786e+05
49	83	62	3.534735e+04
49	83	63	2.121019e+05
49	83	64	3.311353e+05
49	83	65	3.800609e+05
49	83	66	4.618772e+05
49	83	67	6.403426e+05
49	83	68	2.094667e+06
49	83	69	1.450635e+06
49	83	70	5.992126e+05
49	83	71	2.362126e+05
49	83	73	8.595339e+01
49	83	74	-1.456589e+02
49	83	75	8.488320e+02
49	83	84	1.489856e+03
49	83	85	2.095046e+04
49	83	86	6.763303e+03
49	84	57	7.527672e+02
49	84	58	2.417384e+03
49	84	59	5.159184e+04
49	84	60	1.513827e+04
49	84	61	8.870263e+02
49	84	62	1.947260e+04
49	84	63	3.040831e+05
49	84	64	9.850869e+05
49	84	65	1.539595e+06
49	84	66	1.292752e+05
49	84	67	4.131525e+04
49	84	68	4.742104e+01
49	84	69	8.707218e+03
49	84	70	4.455964e+05
49	84	71	7.626756e+05
49	84	84	3.959711e+03
49	84	85	5.568176e+04
49	84	86	1.797538e+04
49	85	57	5.389313e+02
49	85	58	1.168623e+02
49	85	59	7.755794e+03
49	85	62	1.086907e+02
49	85	63	2.686481e+05
49	85	64	2.440915e+05
49	85	65	7.148527e+04
49	85	67	2.788187e+03
49	85	68	2.165027e+04
49	85	69	1.085339e+04
49	85	70	3.216524e+05
49	85	71	5.505350e+05
49	86	67	3.354607e+03
49	86	68	2.604851e+04
49	86	69	5.504827e+03
49	88	31	2.575399e+02
49	88	32	9.919019e+03
49	88	33	5.084301e+03
49	88	63	9.345040e+01
49	88	64	-1.114836e+02
49	88	65	1.045155e+03
49	89	31	3.673218e+03
49	89	32	1.414722e+05
49	89	33	7.251594e+04
49	89	63	5.492687e+04
49	89	64	-6.552613e+04
49	89	65	6.143055e+05
49	90	31	1.195847e+03
49	90	32	4.605744e+04
49	90	33	2.360817e+04
49	90	63	4.649553e+04
49	90	64	-5.546779e+04
49	90	65	5.200089e+05
50	72	64	3.435947e+03
50	72	65	3.487614e+04
50	72	66	9.088063e+03
50	72	75	1.073226e-01
50	72	76	2.693789e+00
50	72	77	1.169406e+00
50	73	62	5.384146e+01
50	73	63	2.049737e+03
50	73	64	3.282170e+04
50	73	65	3.225307e+05
50	73	66	8.404541e+04
50	73	75	3.711624e+03
50	73	76	9.316146e+04
50	73	77	4.044251e+04
50	74	62	9.010608e+02
50	74	63	3.430326e+04
50	74	64	1.221041e+05
50	74	65	1.056778e+06
50	74	66	2.876340e+05
50	74	67	1.288157e+03
50	74	68	1.014987e+04
50	74	69	8.778095e+04
50	74	70	1.517282e+05
50	74	71	2.821760e+02
50	74	75	3.792212e+03
50	74	76	9.518423e+04
50	74	77	4.132062e+04
50	75	62	3.211970e+02
50	75	63	1.222793e+04
50	75	64	4.496049e+04
50	75	65	1.063571e+05
50	75	66	7.510164e+05
50	75	67	-4.079533e+02
50	75	68	-9.320439e+02
50	75	69	6.927706e+05
50	75	70	4.009054e+05
50	75	71	5.909932e+02
50	75	73	1.179155e-01
50	75	74	1.638428e+02
50	75	75	7.895228e+02
50	75	76	1.894572e+02
50	76	62	1.376276e+03
50	76	63	-1.677078e+03
50	76	64	4.043871e+04
50	76	65	1.543574e+05
50	76	66	1.133219e+06
50	76	67	4.656382e+05
50	76	68	1.671655e+05
50	76	69	5.804941e+05
50	76	70	1.648676e+06
50	76	71	5.785462e+03
50	76	73	1.312893e+00
50	76	74	1.411937e+04
50	76	75	1.493417e+05
50	76	76	4.189584e+04
50	77	61	6.325960e+02
50	77	62	6.999814e+04
50	77	63	1.197596e+05
50	77	64	1.618898e+05
50	77	65	6.514132e+05
50	77	66	2.488748e+06
50	77	67	3.936924e+06
50	77	68	2.578273e+06
50	77	69	1.617351e+06
50	77	70	1.146589e+06
50	77	71	4.026304e+04
50	77	72	4.688310e+03
50	77	73	3.911536e+00
50	77	74	2.035582e+04
50	77	75	1.967564e+05
50	77	76	5.456762e+04
50	78	36	7.454581e+01
50	78	37	1.287636e+03
50	78	38	4.668674e+02
50	78	61	-1.023546e+03
50	78	62	-1.040248e+05
50	78	63	-1.279773e+05
50	78	64	1.383932e+06
50	78	65	2.588433e+06
50	78	66	6.595450e+06
50	78	67	8.232482e+06
50	78	68	7.131494e+06
50	78	69	3.403834e+06
50	78	70	1.409273e+06
50	78	71	2.447671e+05
50	78	72	9.709901e+04
50	79	36	6.038299e+02
50	79	37	1.043000e+04
50	79	38	3.781682e+03
50	79	61	6.379333e+03
50	79	62	7.310463e+05
50	79	63	1.079774e+06
50	79	64	6.490026e+05
50	79	65	1.902706e+06
50	79	66	8.674208e+06
50	79	67	1.640070e+07
50	79	68	2.126535e+07
50	79	69	1.185660e+07
50	79	70	3.294643e+06
50	79	71	4.557357e+05
50	79	72	7.532206e+04
50	80	36	2.119103e+03
50	80	37	3.660344e+04
50	80	38	1.327157e+04
50	80	61	2.863819e+02
50	80	62	7.098679e+03
50	80	63	2.355434e+05
50	80	64	9.956156e+05
50	80	65	5.648504e+06
50	80	66	9.207531e+06
50	80	67	1.802683e+07
50	80	68	2.135110e+07
50	80	69	1.434982e+07
50	80	70	3.623928e+06
50	80	71	1.639396e+06
50	80	72	9.287358e+05
50	81	56	7.786717e+03
50	81	57	8.525827e+04
50	81	58	4.757876e+04
50	81	59	1.378805e+04
50	81	61	4.521497e+02
50	81	62	1.518571e+04
50	81	63	4.013440e+05
50	81	64	1.251579e+06
50	81	65	2.816729e+06
50	81	66	4.635461e+06
50	81	67	6.760071e+06
50	81	68	9.916786e+06
50	81	69	5.349579e+06
50	81	70	2.174960e+06
50	81	71	1.837582e+06
50	81	72	3.278016e+04
50	81	73	4.129360e+02
50	81	74	-6.997722e+02
50	81	75	4.077946e+03
50	82	56	6.549042e+04
50	82	57	7.251206e+05
50	82	58	8.234979e+05
50	82	59	3.495949e+05
50	82	60	-2.283789e+03
50	82	61	3.326716e+01
50	82	62	2.749450e+03
50	82	63	1.008636e+05
50	82	64	4.560831e+05
50	82	65	7.084794e+05
50	82	66	6.819450e+05
50	82	67	4.676396e+05
50	82	68	1.812742e+06
50	82	69	1.536497e+06
50	82	70	1.083196e+06
50	82	71	6.044545e+05
50	82	72	2.392639e+04
50	82	73	6.054578e+04
50	82	74	-9.937349e+04
50	82	75	5.835232e+05
50	82	84	1.416656e+03
50	82	85	1.992112e+04
50	82	86	6.431008e+03
50	83	56	1.478495e+04
50	83	57	1.665706e+05
50	83	58	3.182501e+05
50	83	59	1.944590e+04
50	83	60	3.009468e+04
50	83	61	-1.791084e+03
50	83	62	-3.575895e+04
50	83	63	-8.377299e+04
50	83	64	2.722211e+05
50	83	65	3.660037e+05
50	83	66	9.713207e+05
50	83	67	3.757781e+05
50	83	68	6.892902e+05
50	83	69	1.035350e+06
50	83	70	1.089347e+05
50	83	71	-3.375119e+05
50	83	72	2.724883e+02
50	83	73	5.298746e+04
50	83	74	-6.461234e+04
50	83	75	4.160186e+05
50	83	84	2.017513e+04
50	83	85	2.837042e+05
50	83	86	9.158640e+04
50	84	57	4.729677e+04
50	84	58	1.316458e+04
50	84	59	6.221985e+05
50	84	60	6.608805e+04
50	84	61	-9.838027e+02
50	84	62	-2.041302e+04
50	84	63	2.035289e+05
50	84	64	2.485707e+05
50	84	65	1.665615e+04
50	84	66	2.203759e+05
50	84	67	8.389867e+04
50	84	68	1.378867e+03
50	84	69	2.913956e+02
50	84	72	5.606054e+01
50	84	73	2.279961e+03
50	84	74	7.701220e+03
50	84	75	8.245554e+03
50	84	84	5.362109e+04
50	84	85	7.540239e+05
50	84	86	2.434167e+05
50	85	57	3.386134e+04
50	85	58	7.342520e+03
50	85	59	4.873007e+05
50	85	62	1.518474e+02
50	85	63	3.599206e+05
50	85	64	3.317273e+05
50	85	65	4.714598e+03
50	85	66	2.408297e+04
50	85	67	8.514472e+04
50	85	68	6.295271e+05
50	85	69	1.330378e+05
50	85	73	8.457824e+01
50	85	74	2.400372e+04
50	85	75	3.032521e+04
50	86	62	6.413696e-01
50	86	63	1.639427e+01
50	86	64	1.941183e+02
50	86	65	6.679310e+03
50	86	66	2.556056e+04
50	86	67	1.017658e+05
50	86	68	7.574154e+05
50	86	69	1.600644e+05
50	94	89	3.380283e-01
50	94	90	6.696052e-01
50	94	91	6.053445e+00
50	95	89	2.718212e+03
50	95	90	5.384545e+03
50	95	91	4.867801e+04
50	96	89	2.599306e+03
50	96	90	5.149004e+03
50	96	91	4.654864e+04
50	98	50	4.879038e+02
50	98	51	-2.868641e+02
50	98	52	6.159471e+03
50	99	50	1.522392e+02
50	99	51	-8.950934e+01
50	99	52	1.921921e+03
50	100	50	7.119306e+03
50	100	51	-4.185811e+03
50	100	52	8.987665e+04
51	68	62	1.396754e+02
51	68	63	3.006253e+03
51	68	64	1.217243e+03
51	69	62	1.903180e+03
51	69	63	4.096239e+04
51	69	64	1.658583e+04
51	70	62	6.028204e+02
51	70	63	1.297458e+04
51	70	64	5.253458e+03
51	71	65	1.306588e+02
51	71	66	1.313826e+02
51	71	67	2.091989e+03
51	72	65	5.209799e+01
51	72	66	5.238656e+01
51	72	67	8.341449e+02
51	72	75	6.526448e-01
51	72	76	1.638133e+01
51	72	77	7.111334e+00
51	73	62	2.320923e+02
51	73	63	8.835724e+03
51	73	64	4.510843e+03
51	73	65	2.068587e+03
51	73	66	3.091102e+03
51	73	67	3.489378e+04
51	73	68	4.615353e+02
51	73	69	4.153397e+03
51	73	70	1.187473e+03
51	73	75	2.257094e+04
51	73	76	5.665287e+05
51	73	77	2.459369e+05
51	74	62	3.884169e+03
51	74	63	1.478698e+05
51	74	64	7.628082e+04
51	74	65	9.275187e+03
51	74	66	1.755064e+03
51	74	67	9.833278e+04
51	74	68	3.130191e+04
51	74	69	1.905812e+04
51	74	70	1.332636e+04
51	74	71	3.238279e+04
51	74	75	2.306101e+04
51	74	76	5.788295e+05
51	74	77	2.512768e+05
51	75	62	1.384572e+03
51	75	63	5.274485e+04
51	75	64	4.223246e+04
51	75	65	4.610729e+04
51	75	66	3.163911e+05
51	75	67	1.030638e+05
51	75	68	1.801942e+04
51	75	69	3.190066e+05
51	75	70	1.733486e+05
51	75	71	6.782296e+04
51	75	73	2.194991e+01
51	75	74	1.979204e+04
51	75	75	2.457040e+04
51	75	76	6.193748e+02
51	76	62	2.060065e+04
51	76	63	-2.650593e+04
51	76	64	2.568242e+05
51	76	65	3.113232e+05
51	76	66	1.355999e+06
51	76	67	1.996218e+06
51	76	68	8.502766e+05
51	76	69	2.055960e+06
51	76	70	2.931487e+05
51	76	71	5.951168e+05
51	76	73	2.443942e+02
51	76	74	2.605634e+05
51	76	75	7.330616e+05
51	76	76	1.369662e+05
51	77	62	-3.693556e+04
51	77	63	6.219747e+04
51	77	64	-2.635028e+05
51	77	65	2.628564e+05
51	77	66	2.829263e+06
51	77	67	2.538350e+06
51	77	68	2.844240e+06
51	77	69	3.707182e+06
51	77	70	3.025568e+06
51	77	71	4.780826e+05
51	77	72	9.298442e+03
51	77	73	9.192479e+02
51	77	74	7.053278e+05
51	77	75	1.372674e+06
51	77	76	1.783929e+05
51	78	36	3.873268e+02
51	78	37	6.690328e+03
51	78	38	2.425761e+03
51	78	62	1.979728e+05
51	78	63	-1.963570e+05
51	78	64	2.864769e+06
51	78	65	3.036333e+06
51	78	66	9.541355e+06
51	78	67	6.605772e+06
51	78	68	9.633861e+06
51	78	69	4.135727e+06
51	78	70	5.674339e+06
51	78	71	5.280494e+05
51	78	72	4.128989e+04
51	78	73	1.702622e+02
51	79	36	3.137393e+03
51	79	37	5.419245e+04
51	79	38	1.964895e+04
51	79	58	1.262815e+02
51	79	59	1.942049e+03
51	79	60	1.675690e+03
51	79	61	1.572486e+04
51	79	62	4.463845e+03
51	79	63	4.235108e+05
51	79	64	1.158867e+06
51	79	65	4.344251e+06
51	79	66	1.342769e+07
51	79	67	2.870340e+07
51	79	68	2.603726e+07
51	79	69	1.791995e+07
51	79	70	6.648683e+06
51	79	71	1.199312e+06
51	79	72	1.661101e+05
51	79	73	3.078316e+03
51	79	74	1.134349e+01
51	80	36	1.101048e+04
51	80	37	1.901850e+05
51	80	38	6.895674e+04
51	80	58	1.094657e+03
51	80	59	8.554773e+03
51	80	60	3.068686e+03
51	80	61	1.026775e+03
51	80	62	2.206684e+05
51	80	63	7.798076e+05
51	80	64	1.437306e+06
51	80	65	5.000233e+06
51	80	66	1.665364e+07
51	80	67	2.785821e+07
51	80	68	3.776465e+07
51	80	69	2.634865e+07
51	80	70	1.027796e+07
51	80	71	2.632184e+06
51	80	72	-1.847875e+04
51	80	73	4.018650e+03
51	80	74	7.318497e+02
51	81	56	4.221661e+03
51	81	57	4.612007e+04
51	81	58	2.404347e+04
51	81	59	5.249921e+04
51	81	60	9.402760e+04
51	81	61	2.376510e+05
51	81	62	5.580110e+05
51	81	63	7.419931e+05
51	81	64	1.781806e+06
51	81	65	3.283122e+06
51	81	66	1.052784e+07
51	81	67	1.355532e+07
51	81	68	1.762188e+07
51	81	69	6.783887e+06
51	81	70	4.114812e+06
51	81	71	2.177525e+06
51	81	72	5.906014e+05
51	81	73	3.085009e+03
51	81	74	1.575680e+03
51	81	75	5.411805e+03
51	82	56	3.550641e+04
51	82	57	3.904566e+05
51	82	58	3.083393e+05
51	82	59	1.611821e+05
51	82	60	5.110388e+04
51	82	61	1.419020e+04
51	82	62	1.628363e+05
51	82	63	1.099185e+05
51	82	64	1.056153e+05
51	82	65	5.236846e+05
51	82	66	2.786443e+06
51	82	67	1.827923e+06
51	82	68	3.199331e+06
51	82	69	1.873814e+06
51	82	70	1.014439e+06
51	82	71	3.205627e+05
51	82	72	4.194934e+05
51	82	73	1.538756e+05
51	82	74	-6.876722e+04
51	82	75	6.999610e+05
51	82	84	4.470273e+02
51	82	85	6.286132e+03
51	82	86	2.029312e+03
51	83	56	8.015835e+03
51	83	57	8.914924e+04
51	83	58	1.618284e+05
51	83	59	1.078946e+06
51	83	60	2.848543e+05
51	83	61	1.839575e+04
51	83	62	4.191334e+05
51	83	63	9.032637e+05
51	83	64	7.352052e+05
51	83	65	3.448638e+05
51	83	66	8.551432e+05
51	83	67	7.166551e+05
51	83	68	9.416681e+05
51	83	69	1.342180e+06
51	83	70	1.378521e+06
51	83	71	1.575762e+06
51	83	72	1.541515e+04
51	83	73	6.749059e+05
51	83	74	2.983125e+05
51	83	75	5.299417e+05
51	83	84	6.366284e+03
51	83	85	8.952317e+04
51	83	86	2.890019e+04
51	84	57	2.813553e+04
51	84	58	2.257976e+04
51	84	59	8.324202e+05
51	84	60	5.635352e+04
51	84	61	1.010438e+04
51	84	62	2.286480e+05
51	84	63	5.741336e+05
51	84	64	4.331627e+05
51	84	65	2.636090e+05
51	84	66	2.429191e+05
51	84	67	2.282711e+05
51	84	68	2.560952e+02
51	84	72	3.171445e+03
51	84	73	1.281596e+05
51	84	74	1.970725e+05
51	84	75	1.647637e+05
51	84	84	1.692019e+04
51	84	85	2.379331e+05
51	84	86	7.681040e+04
51	85	57	2.014317e+04
51	85	58	4.367860e+03
51	85	59	2.898816e+05
51	85	62	1.979458e+04
51	85	63	5.063239e+05
51	85	64	2.567055e+05
51	85	65	2.707281e+05
51	85	66	5.668107e+05
51	85	67	1.329990e+05
51	85	68	4.733633e+04
51	85	73	1.689102e+03
51	85	74	4.793754e+05
51	85	75	6.056210e+05
51	86	62	3.603472e+03
51	86	63	9.210958e+04
51	86	64	7.263598e+04
51	86	65	5.493339e+05
51	86	66	6.887303e+05
51	86	67	1.248510e+05
51	86	68	3.508942e+04
51	88	59	4.660436e+00
51	88	60	4.033501e+01
51	88	61	1.365993e+02
51	89	59	1.847643e+02
51	89	60	1.599093e+03
51	89	61	5.415518e+03
51	90	59	9.565053e+01
51	90	60	8.278335e+02
51	90	61	2.803556e+03
51	94	89	3.877348e-01
51	94	90	7.680695e-01
51	94	91	6.943594e+00
51	95	89	3.117920e+03
51	95	90	6.176334e+03
51	95	91	5.583603e+04
51	96	89	2.981530e+03
51	96	90	5.906156e+03
51	96	91	5.339354e+04
51	98	50	7.069182e+03
51	98	51	-4.156341e+03
51	98	52	8.924386e+04
51	99	50	2.205775e+03
51	99	51	-1.296890e+03
51	99	52	2.784649e+04
51	100	50	1.031508e+05
51	100	51	-6.064773e+04
51	100	52	1.302212e+06
52	63	82	6.430168e+01
52	63	83	3.569256e+02
52	63	84	1.559155e+03
52	64	62	1.925583e+01
52	64	63	2.171718e+02
52	64	64	6.091803e+01
52	64	82	5.175215e+02
52	64	83	2.872657e+03
52	64	84	1.254860e+04
52	65	60	4.599743e-03
52	65	61	3.189491e+00
52	65	62	1.787520e+02
52	65	63	1.985149e+03
52	65	64	5.568466e+02
52	65	82	1.127029e+02
52	65	83	6.255909e+02
52	65	84	2.732763e+03
52	66	60	-3.034360e-03
52	66	61	-2.104044e+00
52	66	62	5.773803e+02
52	66	63	6.532189e+03
52	66	64	1.832319e+03
52	67	60	5.731078e-02
52	67	61	3.973966e+01
52	67	62	3.409122e+01
52	68	62	4.681882e+02
52	68	63	1.007688e+04
52	68	64	4.080166e+03
52	69	62	6.379406e+03
52	69	63	1.373048e+05
52	69	64	5.559523e+04
52	70	60	3.512796e+03
52	70	61	-6.981763e+03
52	70	62	3.376702e+04
52	70	63	4.349884e+04
52	70	64	1.771376e+04
52	70	65	2.950007e+02
52	71	60	-6.136705e+03
52	71	61	1.219684e+04
52	71	62	-5.545957e+04
52	71	63	1.631112e+03
52	71	64	2.026308e+04
52	71	65	5.920211e+04
52	71	66	1.908986e+03
52	71	67	3.039656e+04
52	72	60	3.418168e+04
52	72	61	-6.793687e+04
52	72	62	3.089119e+05
52	72	63	1.218163e+03
52	72	64	1.513306e+04
52	72	65	4.355303e+04
52	72	66	7.611759e+02
52	72	67	1.212011e+04
52	72	72	2.951637e+00
52	72	73	2.333693e+01
52	72	74	8.298938e+01
52	73	60	3.182984e+00
52	73	61	-5.863231e+00
52	73	62	1.221412e+03
52	73	63	4.535239e+04
52	73	64	2.315346e+04
52	73	65	2.823771e+04
52	73	66	2.979431e+04
52	73	67	4.552276e+05
52	73	68	1.917112e+04
52	73	69	9.613875e+04
52	73	70	2.544185e+04
52	73	72	5.195706e+02
52	73	73	4.107952e+03
52	73	74	1.460845e+04
52	74	60	6.044703e+01
52	74	61	-1.113467e+02
52	74	62	2.050880e+04
52	74	63	7.589925e+05
52	74	64	4.006977e+05
52	74	65	9.777030e+03
52	74	66	1.517523e+05
52	74	67	2.378902e+05
52	74	68	5.517109e+05
52	74	69	1.287738e+05
52	74	70	-1.759675e+04
52	74	71	4.660647e+04
52	74	72	3.822589e+02
52	74	73	3.022305e+03
52	74	74	1.074774e+04
52	75	60	1.424333e+02
52	75	61	-2.623700e+02
52	75	62	8.454533e+03
52	75	63	2.706963e+05
52	75	64	1.415615e+05
52	75	65	9.410286e+04
52	75	66	-3.002528e+03
52	75	67	1.291178e+06
52	75	68	9.177175e+05
52	75	69	1.151420e+06
52	75	70	3.022729e+05
52	75	71	1.029163e+05
52	75	72	4.861945e+03
52	76	63	1.580942e+04
52	76	64	2.917398e+05
52	76	65	5.006403e+04
52	76	66	2.347937e+06
52	76	67	1.528267e+06
52	76	68	2.109061e+06
52	76	69	1.705195e+06
52	76	70	2.455378e+05
52	76	71	9.102261e+05
52	76	72	4.446205e+04
52	76	76	5.084239e+00
52	76	77	2.323554e+03
52	76	78	1.922959e+03
52	77	63	2.584989e+04
52	77	64	2.460550e+05
52	77	65	2.393009e+05
52	77	66	6.803297e+05
52	77	67	1.060082e+06
52	77	68	1.623502e+06
52	77	69	2.169524e+06
52	77	70	6.891736e+05
52	77	71	7.970637e+05
52	77	72	5.036388e+04
52	77	73	2.748357e+04
52	77	76	3.498663e+01
52	77	77	1.598928e+04
52	77	78	1.323263e+04
52	78	36	1.762797e+03
52	78	37	3.044893e+04
52	78	38	1.104009e+04
52	78	62	7.596351e+01
52	78	63	5.660152e+04
52	78	64	5.681986e+05
52	78	65	8.809666e+05
52	78	66	3.611342e+06
52	78	67	6.202909e+06
52	78	68	6.772622e+06
52	78	69	3.979322e+06
52	78	70	2.459001e+06
52	78	71	9.596125e+05
52	78	72	4.088651e+04
52	78	73	2.448446e+04
52	78	76	1.345049e+02
52	78	77	6.147022e+04
52	78	78	5.087238e+04
52	79	36	1.427886e+04
52	79	37	2.466400e+05
52	79	38	8.942604e+04
52	79	58	3.261021e+03
52	79	59	2.477501e+04
52	79	60	3.127671e+03
52	79	61	-2.900066e+04
52	79	62	1.730157e+03
52	79	63	1.782195e+05
52	79	64	8.674803e+05
52	79	65	2.771418e+06
52	79	66	9.474138e+06
52	79	67	2.034871e+07
52	79	68	1.677493e+07
52	79	69	8.286887e+06
52	79	70	5.377668e+06
52	79	71	1.940440e+06
52	79	72	8.470695e+05
52	79	73	4.423177e+05
52	79	74	1.566109e+03
52	80	36	5.011077e+04
52	80	37	8.655674e+05
52	80	38	3.138350e+05
52	80	58	2.826779e+04
52	80	59	2.322254e+05
52	80	60	7.190806e+04
52	80	61	2.635091e+04
52	80	62	1.197296e+05
52	80	63	3.298253e+05
52	80	64	9.984013e+05
52	80	65	2.049893e+06
52	80	66	1.179774e+07
52	80	67	2.404659e+07
52	80	68	2.444816e+07
52	80	69	1.313442e+07
52	80	70	5.031929e+06
52	80	71	3.675142e+06
52	80	72	1.887659e+05
52	80	73	5.548241e+05
52	80	74	1.010409e+05
52	81	22	8.043120e+01
52	81	23	2.456251e+03
52	81	24	4.882457e+03
52	81	58	9.565225e+04
52	81	59	8.217433e+05
52	81	60	8.576882e+05
52	81	61	-1.515999e+05
52	81	62	6.614634e+05
52	81	63	6.805492e+05
52	81	64	3.817579e+05
52	81	65	3.113648e+06
52	81	66	7.447730e+06
52	81	67	1.253545e+07
52	81	68	1.157939e+07
52	81	69	5.350260e+06
52	81	70	1.832539e+06
52	81	71	3.180197e+06
52	81	72	5.004997e+05
52	81	73	3.332289e+05
52	81	74	6.972512e+04
52	81	75	2.494057e+03
52	82	22	1.159339e+03
52	82	23	3.540450e+04
52	82	24	7.037593e+04
52	82	58	1.521926e+01
52	82	59	3.344996e+04
52	82	60	3.608495e+05
52	82	61	1.052920e+05
52	82	62	2.561168e+05
52	82	63	1.741903e+05
52	82	64	2.833984e+05
52	82	65	1.247281e+06
52	82	66	1.224033e+06
52	82	67	3.978545e+06
52	82	68	1.763105e+06
52	82	69	9.908805e+05
52	82	70	5.324585e+05
52	82	71	9.558179e+05
52	82	72	1.534705e+05
52	82	73	5.217934e+04
52	82	74	7.689594e+04
52	82	75	1.492743e+04
52	83	22	3.797950e+02
52	83	23	1.159839e+04
52	83	24	2.305490e+04
52	83	58	6.553716e+04
52	83	59	9.415881e+03
52	83	60	9.329761e+05
52	83	62	7.930479e+04
52	83	63	3.542562e+03
52	83	64	1.487384e+06
52	83	65	8.309101e+05
52	83	66	3.281399e+05
52	83	67	4.098714e+05
52	83	68	1.416749e+05
52	83	69	2.564614e+05
52	83	70	6.724680e+05
52	83	72	8.910006e+03
52	83	73	3.916496e+05
52	83	74	5.978631e+05
52	83	75	1.295130e+05
52	84	58	6.963993e+04
52	84	59	1.000534e+04
52	84	60	9.913826e+05
52	84	62	2.597832e+04
52	84	63	8.875478e+04
52	84	64	9.245060e+05
52	84	65	8.680313e+05
52	84	66	1.386734e+05
52	84	67	7.959430e+04
52	84	68	-1.685528e+02
52	84	69	7.238868e+00
52	84	70	-1.367703e+00
52	84	71	9.785176e+01
52	84	72	1.833105e+03
52	84	73	1.123114e+05
52	84	74	6.371698e+05
52	84	75	2.430417e+05
52	84	76	4.233034e+01
52	85	62	2.087585e+04
52	85	63	5.396019e+05
52	85	64	4.582250e+05
52	85	65	6.132116e+05
52	85	66	2.758795e+05
52	85	67	7.041673e+03
52	85	68	-3.115509e+04
52	85	69	5.894837e+03
52	85	70	-1.113764e+03
52	85	71	7.968375e+04
52	85	73	6.596849e+02
52	85	74	1.893028e+05
52	85	75	2.586521e+05
52	85	76	5.958499e+03
52	86	62	3.800311e+03
52	86	63	9.856237e+04
52	86	64	9.028652e+04
52	86	65	6.860284e+05
52	86	66	4.220293e+05
52	86	67	1.591674e+04
52	86	68	-2.309461e+04
52	86	69	5.117701e+03
52	86	70	-9.669325e+02
52	86	71	6.917877e+04
52	86	74	1.475418e+03
52	86	75	1.568653e+04
52	86	76	4.224635e+03
52	88	59	5.098864e+02
52	88	60	4.412951e+03
52	88	61	1.494498e+04
52	89	59	2.021459e+04
52	89	60	1.749527e+05
52	89	61	5.924979e+05
52	90	59	1.046488e+04
52	90	60	9.057115e+04
52	90	61	3.067299e+05
52	94	89	5.507418e+00
52	94	90	1.090972e+01
52	94	91	9.862738e+01
52	95	89	4.428720e+04
52	95	90	8.772915e+04
52	95	91	7.930996e+05
52	96	89	4.234990e+04
52	96	90	8.389153e+04
52	96	91	7.584062e+05
52	98	50	2.322909e+03
52	98	51	-1.365760e+03
52	98	52	2.932523e+04
52	99	50	7.248104e+02
52	99	51	-4.261538e+02
52	99	52	9.150264e+03
52	100	50	3.389500e+04
52	100	51	-1.992864e+04
52	100	52	4.279026e+05
53	63	82	3.840133e+03
53	63	83	2.131580e+04
53	63	84	9.311361e+04
53	64	62	1.966984e+03
53	64	63	2.218412e+04
53	64	64	6.222782e+03
53	64	82	3.090668e+04
53	64	83	1.715567e+05
53	64	84	7.494095e+05
53	65	26	1.568404e+00
53	65	27	2.187849e+03
53	65	28	2.433393e+03
53	65	60	6.312294e+01
53	65	61	4.376985e+04
53	65	62	5.552861e+04
53	65	63	2.027831e+05
53	65	64	5.688192e+04
53	65	82	6.730680e+03
53	65	83	3.736064e+04
53	65	84	1.632021e+05
53	66	26	4.768204e+01
53	66	27	6.651418e+04
53	66	28	7.397913e+04
53	66	60	-4.164095e+01
53	66	61	-2.887410e+04
53	66	62	3.439377e+04
53	66	63	6.672636e+05
53	66	64	1.871716e+05
53	67	26	2.240304e+01
53	67	27	3.125118e+04
53	67	28	3.475852e+04
53	67	55	1.068467e+01
53	67	56	1.580272e+03
53	67	57	1.130055e+03
53	67	60	7.864841e+02
53	67	61	5.453531e+05
53	67	62	4.678387e+05
53	68	55	-1.494209e+01
53	68	56	-2.209948e+03
53	68	57	-1.580337e+03
53	68	62	2.854019e+03
53	68	63	6.142743e+04
53	68	64	2.487220e+04
53	69	55	1.139372e+02
53	69	56	1.685141e+04
53	69	57	1.205047e+04
53	69	62	3.888809e+04
53	69	63	8.369936e+05
53	69	64	3.389019e+05
53	70	60	-6.969807e+03
53	70	61	1.385265e+04
53	70	62	-5.067105e+04
53	70	63	2.652033e+05
53	70	64	1.084732e+05
53	70	65	3.190480e+03
53	71	60	1.217595e+04
53	71	61	-2.419999e+04
53	71	62	1.100384e+05
53	71	63	1.764074e+04
53	71	64	2.191484e+05
53	71	65	6.247494e+05
53	71	66	5.028998e+03
53	71	67	8.007612e+04
53	72	57	3.285155e+00
53	72	58	4.725697e+02
53	72	59	6.548061e+02
53	72	60	-6.782053e+04
53	72	61	1.347949e+05
53	72	62	-6.129182e+05
53	72	63	1.317462e+04
53	72	64	1.636665e+05
53	72	65	4.648403e+05
53	72	66	2.005227e+03
53	72	67	3.192899e+04
53	72	72	5.170133e+01
53	72	73	4.087733e+02
53	72	74	1.453655e+03
53	73	57	6.586717e+01
53	73	58	9.474995e+03
53	73	59	1.312882e+04
53	73	60	1.676032e+03
53	73	61	-3.087342e+03
53	73	62	1.746535e+04
53	73	63	1.164804e+04
53	73	64	2.399560e+03
53	73	65	7.885844e+04
53	73	66	9.486428e+04
53	73	67	1.251009e+06
53	73	68	4.610602e+04
53	73	69	8.550059e+04
53	73	70	1.027931e+04
53	73	72	9.100880e+03
53	73	73	7.195553e+04
53	73	74	2.559082e+05
53	73	75	1.550530e+02
53	73	76	2.745034e+01
53	74	50	1.538229e+01
53	74	51	1.469585e+03
53	74	52	2.188037e+03
53	74	57	2.577467e+01
53	74	58	3.707687e+03
53	74	59	5.137477e+03
53	74	60	3.182898e+04
53	74	61	-5.863072e+04
53	74	62	3.116598e+05
53	74	63	7.603661e+04
53	74	64	2.129688e+04
53	74	65	2.346812e+03
53	74	66	1.041554e+05
53	74	67	2.356669e+05
53	74	68	1.016830e+06
53	74	69	7.949061e+05
53	74	70	-1.030407e+04
53	74	72	6.695706e+03
53	74	73	5.293918e+04
53	74	74	1.887816e+05
53	74	75	3.334005e+03
53	74	76	5.902471e+02
53	75	50	1.662034e+02
53	75	51	1.587865e+04
53	75	52	2.364142e+04
53	75	60	7.499969e+04
53	75	61	-1.381535e+05
53	75	62	7.115635e+05
53	75	63	1.450532e+04
53	75	64	8.442456e+03
53	75	65	1.215391e+05
53	75	66	3.150314e+05
53	75	67	1.876025e+06
53	75	68	8.613934e+05
53	75	69	9.101470e+05
53	75	70	2.644870e+05
53	75	71	4.106737e+04
53	75	72	9.919797e+04
53	75	74	2.114518e+02
53	75	75	1.349336e+03
53	75	76	2.388843e+02
53	76	50	5.024903e+02
53	76	51	4.800665e+04
53	76	52	7.147617e+04
53	76	63	8.379644e+04
53	76	64	6.413718e+05
53	76	65	1.325428e+05
53	76	66	1.281929e+06
53	76	67	1.186939e+06
53	76	68	1.002141e+06
53	76	69	1.001138e+06
53	76	70	3.045225e+05
53	76	71	3.636651e+05
53	76	72	9.071565e+05
53	76	76	-1.432393e+00
53	76	77	-6.546197e+02
53	76	78	-5.417593e+02
53	77	63	1.266817e+05
53	77	64	1.236849e+06
53	77	65	9.425296e+05
53	77	66	1.103510e+06
53	77	67	1.069888e+06
53	77	68	1.277927e+06
53	77	69	2.105957e+06
53	77	70	1.442766e+06
53	77	71	1.045232e+05
53	77	72	2.469526e+05
53	77	73	1.955884e+04
53	77	76	-9.856857e+00
53	77	77	-4.504694e+03
53	77	78	-3.728057e+03
53	78	62	1.704187e+03
53	78	63	2.471321e+04
53	78	64	3.247464e+05
53	78	65	5.084262e+05
53	78	66	3.008144e+06
53	78	67	3.893169e+06
53	78	68	3.878869e+06
53	78	69	2.244281e+06
53	78	70	1.853816e+06
53	78	71	5.956217e+04
53	78	72	4.016375e+04
53	78	73	1.742451e+04
53	78	76	-3.789434e+01
53	78	77	-1.731814e+04
53	78	78	-1.433238e+04
53	79	58	1.433099e+03
53	79	59	2.030314e+04
53	79	60	1.626992e+04
53	79	61	1.486760e+05
53	79	62	1.814234e+04
53	79	63	2.413406e+05
53	79	64	8.587524e+05
53	79	65	1.245417e+06
53	79	66	5.050478e+06
53	79	67	8.136105e+06
53	79	68	1.160808e+07
53	79	69	6.004388e+06
53	79	70	1.672502e+06
53	79	71	8.740834e+05
53	79	72	6.718591e+05
53	79	73	3.147345e+05
53	79	74	1.106608e+03
53	80	58	1.242265e+04
53	80	59	9.651630e+04
53	80	60	1.986450e+04
53	80	61	-8.088963e+04
53	80	62	4.890484e+03
53	80	63	6.716295e+04
53	80	64	2.777026e+05
53	80	65	7.904177e+05
53	80	66	4.635786e+06
53	80	67	8.893638e+06
53	80	68	7.641856e+06
53	80	69	4.613533e+06
53	80	70	3.478023e+06
53	80	71	3.741344e+05
53	80	72	1.147411e+05
53	80	73	3.920372e+05
53	80	74	7.139519e+04
53	81	22	8.117457e+02
53	81	23	2.478953e+04
53	81	24	4.927582e+04
53	81	58	4.203564e+04
53	81	59	4.691257e+05
53	81	60	4.410889e+05
53	81	61	1.940745e+06
53	81	62	2.270802e+03
53	81	63	9.932514e+04
53	81	64	7.958717e+04
53	81	65	2.393329e+06
53	81	66	4.276056e+06
53	81	67	5.396996e+06
53	81	68	4.019165e+06
53	81	69	1.655723e+06
53	81	70	2.585933e+05
53	81	71	1.272856e+06
53	81	72	6.850593e+05
53	81	73	2.390312e+05
53	81	74	8.763546e+04
53	81	75	1.216852e+04
53	82	22	1.170053e+04
53	82	23	3.573172e+05
53	82	24	7.102637e+05
53	82	59	8.902015e+03
53	82	60	9.598125e+04
53	82	61	2.612117e+04
53	82	62	4.169697e+03
53	82	63	7.135902e+04
53	82	64	4.816592e+05
53	82	65	1.878061e+06
53	82	66	1.111102e+06
53	82	67	1.852446e+06
53	82	68	1.590893e+06
53	82	69	4.177171e+05
53	82	73	1.796198e+04
53	82	74	1.962171e+05
53	82	75	5.394777e+04
53	83	22	3.833052e+03
53	83	23	1.170558e+05
53	83	24	2.326798e+05
53	83	54	2.755687e-02
53	83	55	1.777889e+01
53	83	56	2.077809e+01
53	83	61	2.236249e+02
53	83	62	3.951444e+04
53	83	63	7.081375e+04
53	83	64	6.411462e+05
53	83	65	1.104838e+06
53	83	66	2.062633e+05
53	83	67	3.154811e+05
53	83	68	1.536307e+05
53	83	69	4.717953e+02
53	83	70	1.671781e+03
53	83	71	2.832458e+03
53	83	73	1.037894e+05
53	83	74	1.161071e+06
53	83	75	3.251278e+05
53	84	54	1.696402e+00
53	84	55	1.094470e+03
53	84	56	1.279101e+03
53	84	63	2.717996e+03
53	84	64	1.003680e+05
53	84	65	8.794185e+05
53	84	66	1.476824e+06
53	84	67	6.081934e+05
53	84	68	2.694571e+04
53	84	69	1.898830e+04
53	84	70	1.249975e+04
53	84	71	2.111720e+04
53	84	73	3.497477e+04
53	84	74	5.002520e+05
53	84	75	1.671242e+05
53	84	76	1.129442e+03
53	85	54	2.774970e+00
53	85	55	1.790330e+03
53	85	56	2.092349e+03
53	85	63	4.262193e+04
53	85	64	1.686265e+05
53	85	65	8.986875e+05
53	85	66	1.595963e+02
53	85	67	5.513027e+05
53	85	68	6.229655e+05
53	85	69	3.020500e+04
53	85	70	3.233348e+03
53	85	71	-4.405787e+04
53	85	74	5.552325e+04
53	85	75	5.903188e+05
53	85	76	1.589824e+05
53	86	63	1.873098e+04
53	86	64	5.562831e+04
53	86	65	3.698089e+05
53	86	66	1.183053e+02
53	86	67	4.086683e+05
53	86	68	4.373215e+05
53	86	69	-3.107862e+03
53	86	70	5.871958e+02
53	86	71	-4.201068e+04
53	86	74	3.936654e+04
53	86	75	4.185420e+05
53	86	76	1.127201e+05
53	88	59	3.448652e+02
53	88	60	2.984730e+03
53	88	61	1.010814e+04
53	89	59	1.367228e+04
53	89	60	1.183305e+05
53	89	61	4.007402e+05
53	90	59	7.077995e+03
53	90	60	6.125844e+04
53	90	61	2.074589e+05
54	63	82	2.253262e+03
54	63	83	1.250740e+04
54	63	84	5.463597e+04
54	64	62	1.311957e+03
54	64	63	1.479656e+04
54	64	64	4.150528e+03
54	64	82	1.813501e+04
54	64	83	1.006638e+05
54	64	84	4.397286e+05
54	65	26	1.137688e+01
54	65	27	1.587021e+04
54	65	28	1.765134e+04
54	65	60	6.099954e+01
54	65	61	4.229747e+04
54	65	62	4.827796e+04
54	65	63	1.352541e+05
54	65	64	3.793962e+04
54	65	82	3.949339e+03
54	65	83	2.192198e+04
54	65	84	9.576159e+04
54	66	26	3.458757e+02
54	66	27	4.824802e+05
54	66	28	5.366294e+05
54	66	60	-4.024019e+01
54	66	61	-2.790280e+04
54	66	62	1.552482e+04
54	66	63	4.450576e+05
54	66	64	1.248414e+05
54	67	26	1.625071e+02
54	67	27	2.266896e+05
54	67	28	2.521312e+05
54	67	55	4.998141e+02
54	67	56	7.392293e+04
54	67	57	5.286242e+04
54	67	60	7.600275e+02
54	67	61	5.270079e+05
54	67	62	4.521011e+05
54	68	55	-6.989704e+02
54	68	56	-1.033783e+05
54	68	57	-7.392602e+04
54	69	55	5.329827e+03
54	69	56	7.882859e+05
54	69	57	5.637047e+05
54	70	60	3.178208e+04
54	70	61	-6.316762e+04
54	70	62	2.872259e+05
54	70	63	2.475153e+01
54	70	64	3.074848e+02
54	70	65	8.695618e+02
54	71	60	-5.552194e+04
54	71	61	1.103511e+05
54	71	62	-5.017714e+05
54	71	63	4.807964e+03
54	71	64	5.972867e+04
54	71	65	1.689117e+05
54	72	57	1.332009e+02
54	72	58	1.916095e+04
54	72	59	2.654996e+04
54	72	60	3.092593e+05
54	72	61	-6.146600e+05
54	72	62	2.794886e+06
54	72	63	3.590729e+03
54	72	64	4.460713e+04
54	72	65	1.261482e+05
54	72	72	1.258403e+02
54	72	73	9.949481e+02
54	72	74	3.538174e+03
54	73	57	2.670669e+03
54	73	58	3.841759e+05
54	73	59	5.323251e+05
54	73	60	1.991302e+03
54	73	61	-3.668088e+03
54	73	62	3.658704e+04
54	73	63	1.286761e+05
54	73	64	2.810978e+04
54	73	65	8.278146e+04
54	73	66	4.030335e+04
54	73	67	7.884378e+01
54	73	68	6.912513e+03
54	73	69	1.046751e+04
54	73	72	2.215140e+04
54	73	73	1.751387e+05
54	73	74	6.272376e+05
54	73	75	2.820522e+04
54	73	76	4.993408e+03
54	74	50	-1.135085e+01
54	74	51	-1.084431e+03
54	74	52	-1.614589e+03
54	74	57	1.045067e+03
54	74	58	1.503330e+05
54	74	59	2.083057e+05
54	74	60	3.781618e+04
54	74	61	-6.965947e+04
54	74	62	4.736620e+05
54	74	63	8.399782e+05
54	74	64	1.642267e+05
54	74	65	-1.026099e+05
54	74	66	-4.995713e+04
54	74	67	1.128051e+03
54	74	68	9.873526e+04
54	74	69	1.492261e+05
54	74	72	1.629725e+04
54	74	73	1.288532e+05
54	74	74	5.532600e+05
54	74	75	6.064787e+05
54	74	76	1.073701e+05
54	75	50	-1.226443e+02
54	75	51	-1.171712e+04
54	75	52	-1.744540e+04
54	75	60	8.910752e+04
54	75	61	-1.641409e+05
54	75	62	8.641145e+05
54	75	63	1.519617e+05
54	75	64	5.772428e+04
54	75	65	9.196224e+05
54	75	66	4.429418e+05
54	75	67	4.063053e+04
54	75	68	5.327439e+04
54	75	69	1.112156e+05
54	75	70	1.995691e+05
54	75	71	2.134792e+05
54	75	72	3.914987e+04
54	75	74	3.846455e+04
54	75	75	2.454536e+05
54	75	76	4.345472e+04
54	76	50	-3.707960e+02
54	76	51	-3.542491e+04
54	76	52	-5.274346e+04
54	76	63	3.865298e+02
54	76	64	4.262578e+04
54	76	65	8.812630e+04
54	76	66	2.801284e+05
54	76	67	6.738579e+05
54	76	68	3.269544e+05
54	76	69	6.208262e+05
54	76	70	1.683457e+06
54	76	71	1.739811e+06
54	76	72	3.580220e+05
54	76	76	6.768716e+01
54	76	77	3.093379e+04
54	76	78	2.560061e+04
54	77	63	4.022869e+03
54	77	64	4.601691e+05
54	77	65	7.510073e+05
54	77	66	7.897685e+05
54	77	67	1.680445e+06
54	77	68	8.755643e+05
54	77	69	2.166791e+05
54	77	70	3.855871e+05
54	77	71	4.879235e+05
54	77	72	8.632901e+04
54	77	76	4.657818e+02
54	77	77	2.128675e+05
54	77	78	1.761678e+05
54	78	62	1.136535e+03
54	78	63	1.795579e+04
54	78	64	1.792051e+05
54	78	65	2.513150e+05
54	78	66	2.740587e+05
54	78	67	2.043838e+04
54	78	68	9.767658e+05
54	78	69	7.408883e+05
54	78	70	-2.669916e+03
54	78	71	1.222650e+05
54	78	72	1.446205e+04
54	78	76	1.790682e+03
54	78	77	8.183614e+05
54	78	78	6.772710e+05
54	79	62	1.209926e+04
54	79	63	1.933861e+05
54	79	64	6.100614e+05
54	79	65	1.268820e+06
54	79	66	1.218144e+06
54	79	67	1.750969e+06
54	79	68	2.991809e+06
54	79	69	1.486210e+06
54	79	70	-7.088368e+04
54	79	71	2.002491e+06
54	79	72	1.727418e+05
54	80	59	5.981469e-01
54	80	60	-1.932810e-01
54	80	61	7.908292e+00
54	80	62	3.261500e+03
54	80	63	5.534280e+04
54	80	64	1.870463e+05
54	80	65	5.485589e+05
54	80	66	1.076473e+06
54	80	67	1.539261e+06
54	80	68	2.407925e+06
54	80	69	5.767029e+05
54	80	70	1.037695e+04
54	80	71	1.521505e+05
54	80	72	5.034596e+04
54	81	22	2.106526e+02
54	81	23	6.433024e+03
54	81	24	1.278736e+04
54	81	59	3.823611e+02
54	81	60	1.825742e+03
54	81	61	7.421425e+03
54	81	62	4.346610e+04
54	81	63	3.080073e+04
54	81	64	3.690259e+04
54	81	65	1.339653e+04
54	81	66	9.407729e+05
54	81	67	8.105291e+05
54	81	68	7.663102e+05
54	81	69	2.840179e+05
54	81	70	4.530503e+00
54	81	71	5.997732e+01
54	82	22	3.036356e+03
54	82	23	9.272586e+04
54	82	24	1.843175e+05
54	82	59	3.250675e+02
54	82	60	-3.574599e+02
54	82	61	4.366214e+03
54	82	62	5.434342e+04
54	82	63	1.604307e+04
54	82	64	1.057962e+05
54	82	65	1.351359e+05
54	82	66	1.668533e+05
54	82	67	4.604799e+05
54	82	68	6.659965e+05
54	82	69	1.480529e+05
54	82	70	3.479978e+01
54	82	71	4.606989e+02
54	83	22	9.946990e+02
54	83	23	3.037665e+04
54	83	24	6.038174e+04
54	83	54	5.128058e+00
54	83	55	3.308474e+03
54	83	56	3.866595e+03
54	83	59	1.099629e+01
54	83	60	2.659953e+04
54	83	61	3.320974e+04
54	83	62	7.178975e+05
54	83	63	4.739672e+05
54	83	64	8.034000e+04
54	83	65	1.853482e+05
54	83	66	3.748240e+05
54	83	67	1.812208e+06
54	83	68	5.873584e+05
54	83	69	1.119543e+03
54	83	70	1.862690e+04
54	83	71	3.301069e+04
54	84	54	3.156836e+02
54	84	55	2.036699e+05
54	84	56	2.380278e+05
54	84	63	4.879785e+02
54	84	64	1.460879e+03
54	84	65	3.417190e+05
54	84	66	7.743402e+05
54	84	67	4.086202e+05
54	84	68	1.368337e+05
54	84	69	3.128823e+04
54	84	70	1.383051e+05
54	84	71	2.355871e+05
54	84	74	1.757654e+02
54	84	75	1.868724e+03
54	84	76	5.032776e+02
54	85	54	5.163942e+02
54	85	55	3.331626e+05
54	85	56	3.893653e+05
54	85	63	1.303711e+04
54	85	64	3.871835e+04
54	85	65	2.574331e+05
54	85	66	5.092182e+02
54	85	67	1.411776e+03
54	85	68	5.033429e+04
54	85	69	1.261309e+05
54	85	70	1.428623e+04
54	85	71	1.050373e+06
54	85	74	2.474106e+04
54	85	75	2.630451e+05
54	85	76	7.084230e+04
54	86	63	5.812510e+03
54	86	64	1.726232e+04
54	86	65	1.147574e+05
54	86	69	6.438116e+04
54	86	70	-1.216410e+04
54	86	71	8.702755e+05
54	86	74	1.754166e+04
54	86	75	1.865016e+05
54	86	76	5.022790e+04
55	65	26	2.266620e+00
55	65	27	3.161827e+03
55	65	28	3.516682e+03
55	66	26	6.890894e+01
55	66	27	9.612470e+04
55	66	28	1.069129e+05
55	67	26	3.237634e+01
55	67	27	4.516345e+04
55	67	28	5.023219e+04
55	67	55	2.730685e+02
55	67	56	4.038706e+04
55	67	57	2.888086e+04
55	68	55	-3.818755e+02
55	68	56	-5.647971e+04
55	68	57	-4.038875e+04
55	69	55	2.911898e+03
55	69	56	4.306722e+05
55	69	57	3.079744e+05
55	72	57	6.948249e+01
55	72	58	9.995060e+03
55	72	59	1.384944e+04
55	73	57	1.393120e+03
55	73	58	2.004004e+05
55	73	59	2.776805e+05
55	73	62	4.907692e+03
55	73	63	3.558801e+04
55	73	64	8.265290e+03
55	73	65	3.927723e+04
55	73	66	1.912268e+04
55	73	68	6.060078e+01
55	73	69	4.565650e+02
55	73	70	9.402467e+01
55	73	74	3.268447e+03
55	73	75	2.085691e+04
55	73	76	3.692476e+03
55	74	50	1.888664e+02
55	74	51	1.804382e+04
55	74	52	2.686509e+04
55	74	57	5.451458e+02
55	74	58	7.841924e+04
55	74	59	1.086599e+05
55	74	62	3.203667e+04
55	74	63	2.323131e+05
55	74	64	4.481171e+04
55	74	65	-4.868523e+04
55	74	66	-2.364005e+04
55	74	67	5.703463e+02
55	74	68	8.868698e+03
55	74	69	2.275666e+04
55	74	70	1.197553e+04
55	74	71	2.837643e+03
55	74	74	7.027932e+04
55	74	75	4.484729e+05
55	74	76	7.939695e+04
55	75	50	2.040674e+03
55	75	51	1.949608e+05
55	75	52	2.902734e+05
55	75	62	5.795803e+03
55	75	63	4.202812e+04
55	75	64	2.139862e+04
55	75	65	4.347118e+05
55	75	66	2.122570e+05
55	75	67	8.830385e+03
55	75	68	2.516409e+05
55	75	69	1.616987e+05
55	75	70	1.393086e+05
55	75	71	8.276520e+04
55	75	74	2.844339e+04
55	75	75	1.815056e+05
55	75	76	3.213347e+04
55	76	50	6.169663e+03
55	76	51	5.894340e+05
55	76	52	8.775968e+05
55	76	63	1.880905e+02
55	76	64	2.380067e+04
55	76	65	3.368311e+04
55	76	66	3.137225e+04
55	76	67	4.494758e+04
55	76	68	3.340098e+05
55	76	69	2.606237e+05
55	76	70	2.156223e+05
55	76	71	3.207536e+05
55	77	63	2.035348e+03
55	77	64	2.576311e+05
55	77	65	3.654302e+05
55	77	66	4.060398e+05
55	77	67	3.881030e+05
55	77	68	2.323177e+05
55	77	69	2.096959e+05
55	77	70	3.489901e+04
55	77	71	5.975391e+04
55	78	63	1.143231e+03
55	78	64	1.012945e+05
55	78	65	5.472454e+05
55	78	66	7.038838e+05
55	78	67	1.235103e+05
55	78	68	5.440394e+05
55	78	69	5.309384e+05
55	78	70	3.070235e+02
55	78	71	2.696272e+02
55	79	62	3.723217e-01
55	79	63	9.698616e+03
55	79	64	8.544908e+04
55	79	65	9.512803e+05
55	79	66	1.249383e+06
55	79	67	-1.200010e+03
55	79	68	6.017181e+05
55	79	69	4.962114e+05
55	79	70	1.197217e+04
55	79	71	1.051393e+04
55	80	59	7.333211e+01
55	80	60	-2.369603e+01
55	80	61	9.695474e+02
55	80	62	4.646659e+01
55	80	63	8.949061e+03
55	80	64	4.683005e+04
55	80	65	2.909950e+05
55	80	66	4.814777e+05
55	80	67	1.678615e+05
55	80	68	5.802572e+05
55	80	69	1.532472e+05
55	80	70	6.162915e+03
55	80	71	5.412255e+03
55	81	59	4.678391e+04
55	81	60	-1.416132e+03
55	81	61	6.334259e+05
55	81	62	1.729003e+04
55	81	63	2.209795e+04
55	81	64	3.234644e+04
55	81	65	3.138700e+05
55	81	66	6.604827e+05
55	81	67	7.460436e+05
55	81	68	3.917384e+05
55	81	69	1.340509e+05
55	81	70	1.675728e+03
55	81	71	2.218423e+04
55	82	59	3.986496e+04
55	82	60	-1.465590e+04
55	82	61	5.252852e+05
55	82	62	3.512179e+04
55	82	63	2.069266e+05
55	82	64	5.082934e+05
55	82	65	9.916703e+04
55	82	66	2.628632e+05
55	82	67	1.282280e+06
55	82	68	6.292982e+05
55	82	69	1.033546e+04
55	82	70	1.287164e+04
55	82	71	1.704019e+05
55	83	54	3.805218e+00
55	83	55	2.455016e+03
55	83	56	2.869164e+03
55	83	59	7.729120e+01
55	83	60	1.869639e+05
55	83	61	2.044076e+05
55	83	62	3.054879e+05
55	83	63	5.838833e+05
55	83	64	1.010753e+06
55	83	65	4.421512e+04
55	83	66	5.580812e+05
55	83	67	1.957187e+06
55	83	68	4.100881e+05
55	83	69	4.588355e+04
55	83	70	1.017924e+05
55	83	71	7.093692e+05
55	84	54	2.342494e+02
55	84	55	1.511309e+05
55	84	56	1.766259e+05
55	84	65	3.519434e+03
55	84	66	4.576827e+04
55	84	67	1.652652e+05
55	84	68	3.553401e+05
55	84	69	3.272704e+05
55	84	70	4.133269e+05
55	84	71	7.002897e+05
55	85	54	3.831846e+02
55	85	55	2.472195e+05
55	85	56	2.889241e+05
55	85	65	1.427404e+04
55	85	66	1.855232e+05
55	85	67	5.138231e+05
55	85	68	5.622752e+05
55	85	69	5.762412e+05
55	85	70	8.455693e+04
55	85	71	1.432628e+05
55	93	93	2.303765e+01
55	93	94	3.969056e+02
55	93	95	1.437110e+02
55	94	93	2.134813e+03
55	94	94	3.677977e+04
55	94	95	1.331716e+04
55	95	93	1.394760e+03
55	95	94	2.402971e+04
55	95	95	8.700642e+03
56	66	66	5.390728e+00
56	66	67	2.357246e+02
56	66	68	4.208589e+02
56	67	66	1.674416e+02
56	67	67	7.321848e+03
56	67	68	1.307231e+04
56	68	66	3.310217e+02
56	68	67	1.447485e+04
56	68	68	2.584316e+04
56	73	68	2.115714e+03
56	73	69	1.593974e+04
56	73	70	3.282619e+03
56	74	66	1.598960e+03
56	74	67	1.191067e+04
56	74	68	1.029167e+05
56	74	69	6.610768e+05
56	74	70	1.906907e+05
56	74	71	1.985553e+04
56	75	66	1.550022e+04
56	75	67	1.230064e+05
56	75	68	6.377240e+05
56	75	69	7.181159e+05
56	75	70	8.513779e+05
56	75	71	2.722394e+05
56	76	66	4.948040e+04
56	76	67	3.661906e+05
56	76	68	6.900740e+05
56	76	69	4.741715e+05
56	76	70	2.484868e+05
56	76	71	8.655762e+04
56	77	64	2.646130e+01
56	77	65	3.217333e+02
56	77	66	8.038620e+02
56	77	67	2.808188e+02
56	77	68	3.495754e+05
56	77	69	3.119426e+05
56	78	64	2.634627e+04
56	78	65	4.665032e+05
56	78	66	2.960414e+05
56	78	67	9.576361e+01
56	78	68	2.966129e+05
56	78	69	2.759598e+05
56	78	70	5.121089e+03
56	78	71	4.497325e+03
56	78	74	6.150520e-01
56	78	75	5.431088e+02
56	78	76	6.206453e+02
56	79	62	2.265426e+01
56	79	63	2.227382e+03
56	79	64	3.137006e+04
56	79	65	5.061655e+05
56	79	66	3.806212e+05
56	79	67	1.319649e+04
56	79	68	1.354532e+05
56	79	69	1.262265e+05
56	79	70	1.996933e+05
56	79	71	1.753701e+05
56	79	74	4.967570e+01
56	79	75	4.386508e+04
56	79	76	5.012745e+04
56	80	59	5.070520e+01
56	80	60	-1.638453e+01
56	80	61	6.703897e+02
56	80	62	2.827302e+03
56	80	63	2.726131e+05
56	80	64	2.032411e+05
56	80	65	8.319676e+04
56	80	66	7.333114e+04
56	80	67	1.265524e+04
56	80	69	1.066956e+02
56	80	70	1.027961e+05
56	80	71	9.027528e+04
56	80	74	3.146422e+01
56	80	75	2.778382e+04
56	80	76	3.175036e+04
56	81	59	3.236614e+04
56	81	60	4.158018e+04
56	81	61	4.840554e+05
56	81	62	1.961460e+03
56	81	63	1.888036e+05
56	81	64	1.382220e+05
56	81	65	3.445042e+05
56	81	66	9.608126e+05
56	81	67	2.094480e+05
56	81	69	1.652000e+03
56	81	70	2.057378e+03
56	81	71	2.723672e+04
56	82	59	2.756219e+04
56	82	60	-1.564490e+04
56	82	61	3.571398e+05
56	82	64	1.219538e+03
56	82	65	8.332426e+04
56	82	66	1.330589e+05
56	82	69	1.268937e+04
56	82	70	1.580317e+04
56	82	71	2.092112e+05
56	83	59	2.935589e+02
56	83	60	7.101059e+05
56	83	61	7.699489e+05
56	83	65	6.893428e+02
56	83	66	8.959559e+03
56	83	67	2.481349e+04
56	83	69	4.584973e+04
56	83	70	5.710063e+04
56	83	71	7.559300e+05
56	84	65	4.327624e+03
56	84	66	5.624720e+04
56	84	67	1.557766e+05
56	85	63	6.032836e+00
56	85	64	2.913660e+02
56	85	65	1.805831e+04
56	85	66	2.281261e+05
56	85	67	6.317951e+05
56	86	63	2.561594e+02
56	86	64	1.237165e+04
56	86	65	2.150340e+04
56	87	63	1.356845e+02
56	87	64	6.553111e+03
56	87	65	1.139008e+04
56	89	64	1.425891e+02
56	89	65	3.423806e+03
56	89	66	7.386231e+03
56	90	64	1.078527e+02
56	90	65	2.589726e+03
56	90	66	5.586857e+03
56	91	64	2.211408e+03
56	91	65	5.309964e+04
56	91	66	1.145527e+05
56	93	55	4.936812e+01
56	93	56	-5.074500e+01
56	93	57	5.721460e+02
56	93	93	6.721887e+01
56	93	94	1.158085e+03
56	93	95	4.193176e+02
56	94	55	-4.829847e+01
56	94	56	4.964553e+01
56	94	57	-5.597495e+02
56	94	93	6.228923e+03
56	94	94	1.073154e+05
56	94	95	3.885660e+04
56	95	55	5.780552e+02
56	95	56	-5.941773e+02
56	95	57	6.699303e+03
56	95	93	4.069607e+03
56	95	94	7.011348e+04
56	95	95	2.538659e+04
57	66	66	1.223176e+02
57	66	67	5.348678e+03
57	66	68	9.549442e+03
57	67	66	3.799310e+03
57	67	67	1.661354e+05
57	67	68	2.966154e+05
57	68	66	7.511004e+03
57	68	67	3.284396e+05
57	68	68	5.863907e+05
57	68	88	4.710436e+00
57	68	89	3.108481e+00
57	68	90	7.212748e+01
57	69	88	3.565477e+02
57	69	89	2.352907e+02
57	69	90	5.459557e+03
57	70	88	5.566643e+02
57	70	89	3.673504e+02
57	70	90	8.523797e+03
57	71	68	1.008964e+02
57	71	69	3.990661e+03
57	71	70	2.064269e+03
57	72	65	1.319403e+02
57	72	66	-2.117889e+02
57	72	67	1.335090e+03
57	72	68	9.132514e+02
57	72	69	3.612099e+04
57	72	70	1.868448e+04
57	73	65	1.575781e+03
57	73	66	-2.529424e+03
57	73	67	1.594517e+04
57	73	68	1.265846e+03
57	73	69	1.653201e+04
57	73	70	6.094887e+03
57	74	65	4.592309e+02
57	74	66	2.646313e+03
57	74	67	2.931539e+04
57	74	68	4.759280e+04
57	74	69	3.220540e+05
57	74	70	7.717867e+04
57	74	71	3.830412e+03
57	75	66	3.279909e+04
57	75	67	2.391347e+05
57	75	68	7.014202e+04
57	75	69	1.772834e+05
57	75	70	1.853440e+05
57	75	71	5.251883e+04
57	76	66	1.047025e+05
57	76	67	7.633749e+05
57	76	68	1.527740e+05
57	76	69	2.987320e+03
57	76	70	4.793661e+04
57	76	71	1.669819e+04
57	78	68	4.539818e+00
57	78	69	3.496109e+01
57	78	70	1.282255e+04
57	78	71	1.116919e+04
57	78	74	-3.244118e-01
57	78	75	-2.864650e+02
57	78	76	-3.273620e+02
57	79	62	3.716045e+01
57	79	63	4.389923e+03
57	79	64	1.999146e+04
57	79	65	4.146192e+04
57	79	66	4.716973e+04
57	79	67	2.080660e+04
57	79	68	6.426751e+00
57	79	69	5.455597e+02
57	79	70	4.960894e+05
57	79	71	4.355347e+05
57	79	74	-2.620166e+01
57	79	75	-2.313682e+04
57	79	76	-2.643993e+04
57	80	62	4.637708e+03
57	80	63	4.630565e+05
57	80	64	6.737264e+05
57	80	65	8.569890e+05
57	80	66	4.538548e+04
57	80	67	2.001956e+04
57	80	68	7.636432e+01
57	80	69	6.310111e+02
57	80	70	2.570493e+05
57	80	71	2.242003e+05
57	80	74	-1.659594e+01
57	80	75	-1.465469e+04
57	80	76	-1.674686e+04
57	81	62	3.217441e+03
57	81	63	3.161370e+05
57	81	64	3.576412e+05
57	81	65	3.754782e+05
57	81	66	7.511486e+05
57	81	67	3.339064e+05
57	81	68	2.131573e+03
57	82	66	1.976439e+02
57	82	67	8.992004e+04
57	82	68	7.438523e+04
57	83	66	9.782666e+01
57	83	67	4.450719e+04
57	83	68	3.681802e+04
57	85	63	1.575176e+02
57	85	64	7.607578e+03
57	85	65	1.322287e+04
57	86	63	6.688333e+03
57	86	64	3.230243e+05
57	86	65	5.614546e+05
57	86	70	1.101383e+02
57	86	71	-1.455001e+01
57	86	72	1.502488e+03
57	87	63	3.542727e+03
57	87	64	1.711020e+05
57	87	65	2.973955e+05
57	87	70	2.062010e+03
57	87	71	-2.724055e+02
57	87	72	2.812960e+04
57	88	70	7.796975e+02
57	88	71	-1.030033e+02
57	88	72	1.063650e+04
57	89	64	-1.765817e+02
57	89	65	-4.240025e+03
57	89	66	-9.147073e+03
57	90	64	-1.335643e+02
57	90	65	-3.207104e+03
57	90	66	-6.918737e+03
57	91	64	-2.738597e+03
57	91	65	-6.575833e+04
57	91	66	-1.418615e+05
57	93	55	8.674074e+03
57	93	56	-8.915995e+03
57	93	57	1.005272e+05
57	93	93	4.526525e+02
57	93	94	7.798553e+03
57	93	95	2.823689e+03
57	94	55	-8.486135e+03
57	94	56	8.722815e+03
57	94	57	-9.834907e+04
57	94	93	4.194563e+04
57	94	94	7.226629e+05
57	94	95	2.616607e+05
57	95	55	1.015654e+05
57	95	56	-1.043981e+05
57	95	57	1.177081e+06
57	95	93	2.740477e+04
57	95	94	4.721448e+05
57	95	95	1.709535e+05
58	17	98	3.934165e+00
58	17	99	3.775364e+00
58	17	100	6.262864e+01
58	18	98	2.328195e+02
58	18	99	2.234218e+02
58	18	100	3.706293e+03
58	19	98	1.362694e+02
58	19	99	1.307690e+02
58	19	100	2.169296e+03
58	66	66	5.075963e+01
58	66	67	2.219606e+03
58	66	68	3.962849e+03
58	67	66	1.576646e+03
58	67	67	6.894325e+04
58	67	68	1.230902e+05
58	68	66	3.116934e+03
58	68	67	1.362966e+05
58	68	68	2.433417e+05
58	68	88	2.238633e+02
58	68	89	1.477305e+02
58	68	90	3.427857e+03
58	69	88	1.694492e+04
58	69	89	1.118218e+04
58	69	90	2.594653e+05
58	70	88	2.645546e+04
58	70	89	1.745832e+04
58	70	90	4.050932e+05
58	71	68	4.276086e+02
58	71	69	1.691281e+04
58	71	70	8.748573e+03
58	72	65	8.150853e+03
58	72	66	-1.308365e+04
58	72	67	8.247766e+04
58	72	68	3.870449e+03
58	72	69	1.534650e+05
58	72	70	8.071806e+04
58	72	71	8.231987e+03
58	73	65	9.734678e+04
58	73	66	-1.562598e+05
58	73	67	9.850423e+05
58	73	68	9.306077e+02
58	73	69	3.607508e+04
58	73	70	1.654205e+04
58	73	71	-1.419179e+04
58	74	65	2.836983e+04
58	74	66	-4.553891e+04
58	74	67	2.870715e+05
58	74	68	8.239343e+02
58	74	69	2.295619e+04
58	74	70	5.690720e+04
58	74	71	8.062787e+04
58	75	68	6.060182e+02
58	75	69	1.414199e+04
58	75	70	3.082411e+04
58	77	73	3.117114e+01
58	77	74	5.655867e+02
58	77	75	2.104449e+02
58	78	68	1.659241e+03
58	78	69	7.953102e+03
58	78	70	3.809576e+04
58	78	73	2.062948e+02
58	78	74	3.750977e+03
58	78	75	8.324057e+03
58	78	76	7.920847e+03
58	79	68	2.348890e+03
58	79	69	1.125874e+04
58	79	70	5.392992e+04
58	79	73	8.111785e+02
58	79	74	1.535245e+04
58	79	75	5.652949e+05
58	79	76	6.397404e+05
58	80	68	2.791012e+04
58	80	69	1.337792e+05
58	80	70	6.408093e+05
58	80	74	4.015551e+02
58	80	75	3.545848e+05
58	80	76	4.052069e+05
58	81	66	3.471385e+01
58	81	67	1.579340e+04
58	81	68	1.306490e+04
58	82	66	1.211405e+03
58	82	67	5.511405e+05
58	82	68	4.559241e+05
58	83	66	5.996020e+02
58	83	67	2.727948e+05
58	83	68	2.256661e+05
58	85	63	6.954986e+01
58	85	64	3.359028e+03
58	85	65	5.838389e+03
58	86	63	2.953147e+03
58	86	64	1.426272e+05
58	86	65	2.479030e+05
58	86	70	3.490590e+03
58	86	71	-4.611306e+02
58	86	72	4.761806e+04
58	87	63	1.564245e+03
58	87	64	7.554788e+04
58	87	65	1.313112e+05
58	87	70	6.535086e+04
58	87	71	-8.633291e+03
58	87	72	8.915057e+05
58	88	70	2.471079e+04
58	88	71	-3.264463e+03
58	88	72	3.371006e+05
58	89	64	1.578551e+03
58	89	65	3.790367e+04
58	89	66	8.177019e+04
58	90	64	1.193997e+03
58	90	65	2.866988e+04
58	90	66	6.184999e+04
58	91	64	2.448166e+04
58	91	65	5.878461e+05
58	91	66	1.268170e+06
58	93	55	6.379850e+03
58	93	56	-6.557785e+03
58	93	57	7.393852e+04
58	94	55	-6.241619e+03
58	94	56	6.415699e+03
58	94	57	-7.233652e+04
58	95	55	7.470217e+04
58	95	56	-7.678563e+04
58	95	57	8.657520e+05
59	17	96	2.466796e+01
59	17	97	1.268777e+03
59	17	98	1.212251e+03
59	17	99	4.786615e+02
59	17	100	7.940405e+03
59	18	96	5.214522e+02
59	18	97	2.682047e+04
59	18	98	4.459978e+04
59	18	99	2.832665e+04
59	18	100	4.699043e+05
59	19	96	2.093404e+02
59	19	97	1.076725e+04
59	19	98	2.333161e+04
59	19	99	1.657961e+04
59	19	100	2.750353e+05
59	68	88	3.907652e+02
59	68	89	2.578713e+02
59	68	90	5.983504e+03
59	69	88	2.957825e+04
59	69	89	1.951909e+04
59	69	90	4.529103e+05
59	70	88	4.617939e+04
59	70	89	3.047441e+04
59	70	90	7.071115e+05
59	71	68	2.219678e+03
59	71	69	8.779288e+04
59	71	70	4.541305e+04
59	72	65	4.826799e+03
59	72	66	-7.747919e+03
59	72	67	4.884190e+04
59	72	68	2.009115e+04
59	72	69	7.955827e+05
59	72	70	4.148156e+05
59	72	71	2.023777e+04
59	73	65	5.764714e+04
59	73	66	-9.253448e+04
59	73	67	5.833256e+05
59	73	68	4.870392e+03
59	73	69	1.899822e+05
59	73	70	9.510114e+04
59	73	71	-3.488952e+04
59	74	65	1.680014e+04
59	74	66	-2.696738e+04
59	74	67	1.699990e+05
59	74	68	1.125144e+04
59	74	69	2.717299e+05
59	74	70	6.091599e+05
59	74	71	1.982180e+05
59	75	68	8.275629e+03
59	75	69	1.931194e+05
59	75	70	4.209261e+05
59	77	73	7.304378e+02
59	77	74	1.325347e+04
59	77	75	4.931386e+03
59	78	68	2.039605e+03
59	78	69	9.776269e+03
59	78	70	4.682883e+04
59	78	73	4.834134e+03
59	78	74	8.771324e+04
59	78	75	3.263657e+04
59	79	68	2.887349e+03
59	79	69	1.383968e+04
59	79	70	6.629280e+04
59	79	73	1.900846e+04
59	79	74	3.449001e+05
59	79	75	1.283313e+05
59	80	68	3.430823e+04
59	80	69	1.644467e+05
59	80	70	7.877082e+05
59	81	66	5.909366e+00
59	81	67	2.688524e+03
59	81	68	2.224048e+03
59	82	66	2.062184e+02
59	82	67	9.382108e+04
59	82	68	7.761232e+04
59	83	66	1.020707e+02
59	83	67	4.643807e+04
59	83	68	3.841531e+04
59	86	70	1.666674e+03
59	86	71	-2.201789e+02
59	86	72	2.273649e+04
59	87	70	3.120349e+04
59	87	71	-4.122192e+03
59	87	72	4.256729e+05
59	88	70	1.179882e+04
59	88	71	-1.558704e+03
59	88	72	1.609575e+05
60	17	96	1.603322e+02
60	17	97	8.246559e+03
60	17	98	5.342802e+03
60	17	99	6.771301e+02
60	17	100	1.123275e+04
60	18	96	3.389238e+03
60	18	97	1.743227e+05
60	18	98	1.397822e+05
60	18	99	4.007180e+04
60	18	100	6.647418e+05
60	19	96	1.360632e+03
60	19	97	6.998299e+04
60	19	98	6.379330e+04
60	19	99	2.345406e+04
60	19	100	3.890739e+05
60	72	69	7.158916e+03
60	72	70	2.879590e+04
60	72	71	1.547922e+05
60	73	68	2.030878e+01
60	73	69	-1.186791e+04
60	73	70	-4.861060e+04
60	73	71	-2.668587e+05
60	74	68	3.568594e+03
60	74	69	1.533942e+05
60	74	70	4.635509e+05
60	74	71	1.516106e+06
60	75	68	2.624764e+03
60	75	69	6.125129e+04
60	75	70	1.335043e+05
60	77	73	1.589679e+03
60	77	74	2.884402e+04
60	77	75	1.073236e+04
60	78	73	1.052070e+04
60	78	74	1.908936e+05
60	78	75	7.102816e+04
60	79	73	4.136881e+04
60	79	74	7.506189e+05
60	79	75	2.792922e+05
61	17	96	6.371288e+02
61	17	97	3.277021e+04
61	17	98	1.842728e+04
61	18	96	1.346817e+04
61	18	97	6.927244e+05
61	18	98	3.895315e+05
61	19	96	5.406883e+03
61	19	97	2.780987e+05
61	19	98	1.563799e+05
62	58	47	1.967592e+02
62	58	48	4.739705e+02
62	58	49	3.681697e+03
62	59	47	2.501226e+03
62	59	48	6.025170e+03
62	59	49	4.680217e+04
62	59	77	5.237992e+00
62	59	78	3.750162e+01
62	59	79	7.385187e+00
62	60	47	7.588438e+02
62	60	48	1.827969e+03
62	60	49	1.419925e+04
62	60	77	2.304582e+03
62	60	78	1.649975e+04
62	60	79	3.249292e+03
62	61	77	1.900272e+03
62	61	78	1.360508e+04
62	61	79	2.679246e+03
62	89	60	4.604707e+00
62	89	61	1.989215e+02
62	89	62	1.059611e+02
62	90	60	-2.632569e+00
62	90	61	-1.137259e+02
62	90	62	-6.057933e+01
62	91	60	5.830237e+01
62	91	61	2.518639e+03
62	91	62	1.341624e+03
63	58	47	8.016673e+02
63	58	48	1.931126e+03
63	58	49	1.500055e+04
63	59	47	1.019089e+04
63	59	48	2.454870e+04
63	59	49	1.906888e+05
63	59	77	1.755015e+02
63	59	78	1.256510e+03
63	59	79	2.474443e+02
63	60	47	3.091801e+03
63	60	48	7.447799e+03
63	60	49	5.785283e+04
63	60	77	7.721613e+04
63	60	78	5.528321e+05
63	60	79	1.088691e+05
63	61	77	6.366956e+04
63	61	78	4.558448e+05
63	61	79	8.976944e+04
63	89	60	1.008508e+03
63	89	61	4.356714e+04
63	89	62	2.320726e+04
63	90	60	-5.765767e+02
63	90	61	-2.490789e+04
63	90	62	-1.326789e+04
63	91	60	1.276919e+04
63	91	61	5.516241e+05
63	91	62	2.938381e+05
64	58	47	4.272315e+03
64	58	48	1.029152e+04
64	58	49	7.994225e+04
64	59	47	5.431019e+04
64	59	48	1.308271e+05
64	59	49	1.016235e+06
64	59	77	8.557610e+01
64	59	78	6.126857e+02
64	59	79	1.206561e+02
64	60	47	1.647710e+04
64	60	48	3.969146e+04
64	60	49	3.083144e+05
64	60	77	3.765129e+04
64	60	78	2.695659e+05
64	60	79	5.308557e+04
64	61	77	3.104585e+04
64	61	78	2.222741e+05
64	61	79	4.377239e+04
64	76	79	2.414249e+02
64	76	80	1.663018e+03
64	76	81	3.162787e+02
64	77	79	1.318329e+04
64	77	80	9.081105e+04
64	77	81	1.727077e+04
64	78	79	7.543724e+03
64	78	80	5.196379e+04
64	78	81	9.882657e+03
64	89	60	1.315185e+03
64	89	61	5.681549e+04
64	89	62	3.026437e+04
64	90	60	-7.519082e+02
64	90	61	-3.248214e+04
64	90	62	-1.730253e+04
64	91	60	1.665218e+04
64	91	61	7.193677e+05
64	91	62	3.831915e+05
65	76	79	1.911804e+03
65	76	80	1.316917e+04
65	76	81	2.504559e+03
65	77	79	1.043963e+05
65	77	80	7.191178e+05
65	77	81	1.367644e+05
65	78	79	5.973751e+04
65	78	80	4.114927e+05
65	78	81	7.825914e+04
65	101	48	1.822961e+02
65	101	49	1.615075e+03
65	101	50	3.799966e+02
65	102	48	1.133447e+03
65	102	49	1.004191e+04
65	102	50	2.362671e+03
65	103	48	1.956773e+02
65	103	49	1.733627e+03
65	103	50	4.078897e+02
66	69	65	3.248471e+02
66	69	66	5.593351e+03
66	69	67	2.024595e+03
66	70	65	2.465150e+03
66	70	66	4.244596e+04
66	70	67	1.536394e+04
66	71	65	5.108436e+02
66	71	66	8.795915e+03
66	71	67	3.183810e+03
66	76	79	4.107533e+02
66	76	80	2.829412e+03
66	76	81	5.381075e+02
66	77	79	2.242966e+04
66	77	80	1.545033e+05
66	77	81	2.938398e+04
66	78	79	1.283467e+04
66	78	80	8.840969e+04
66	78	81	1.681407e+04
66	101	48	1.272393e+04
66	101	49	1.127292e+05
66	101	50	2.652305e+04
66	102	48	7.911246e+04
66	102	49	7.009066e+05
66	102	50	1.649100e+05
66	103	48	1.365791e+04
66	103	49	1.210040e+05
66	103	50	2.846994e+04
67	62	72	4.635849e+01
67	62	73	3.397484e+02
67	62	74	6.830412e+01
67	63	72	9.786940e+02
67	63	73	7.172574e+03
67	63	74	1.441997e+03
67	64	72	3.926598e+02
67	64	73	2.877694e+03
67	64	74	5.785408e+02
67	69	65	1.158213e+03
67	69	66	1.994259e+04
67	69	67	7.218513e+03
67	70	65	8.789270e+03
67	70	66	1.513373e+05
67	70	67	5.477874e+04
67	71	65	1.821367e+03
67	71	66	3.136105e+04
67	71	67	1.135159e+04
67	101	48	7.778469e+03
67	101	49	6.891430e+04
67	101	50	1.621423e+04
67	102	48	4.836350e+04
67	102	49	4.284823e+05
67	102	50	1.008138e+05
67	103	48	8.349437e+03
67	103	49	7.397286e+04
67	103	50	1.740441e+04
68	32	125	1.060412e+02
68	32	126	1.757826e+03
68	32	127	6.767427e+02
68	33	125	9.631294e+03
68	33	126	7.252963e+04
68	33	127	1.592229e+04
68	34	125	1.233016e+04
68	34	126	8.554445e+04
68	34	127	1.656323e+04
68	62	72	2.527983e+03
68	62	73	1.852688e+04
68	62	74	3.724703e+03
68	63	72	5.336932e+04
68	63	73	3.911288e+05
68	63	74	7.863380e+04
68	64	72	2.141220e+04
68	64	73	1.569240e+05
68	64	74	3.154850e+04
68	69	65	6.761573e+03
68	69	66	1.164235e+05
68	69	67	4.214121e+04
68	70	65	5.131119e+04
68	70	66	8.834971e+05
68	70	67	3.197947e+05
68	71	65	1.063302e+04
68	71	66	1.830837e+05
68	71	67	6.626984e+04
69	32	125	2.689110e+03
69	32	126	5.935916e+04
69	32	127	2.488869e+04
69	33	125	8.671809e+04
69	33	126	8.564995e+05
69	33	127	2.497143e+05
69	34	125	9.780303e+04
69	34	126	7.160640e+05
69	34	127	1.509947e+05
69	62	72	4.258996e+03
69	62	73	3.121299e+04
69	62	74	6.275160e+03
69	63	72	8.991348e+04
69	63	73	6.589507e+05
69	63	74	1.324776e+05
69	64	72	3.607400e+04
69	64	73	2.643763e+05
69	64	74	5.315106e+04
70	12	120	2.762069e-01
70	12	121	3.335343e+00
70	12	122	9.790536e-01
70	13	120	6.773994e+02
70	13	121	8.179952e+03
70	13	122	2.401136e+03
70	14	120	7.340804e+02
70	14	121	8.864405e+03
70	14	122	2.602050e+03
70	32	125	4.335165e+03
70	32	126	1.048231e+05
70	32	127	4.489553e+04
70	33	125	4.251888e+04
70	33	126	7.738419e+05
70	33	127	3.074262e+05
70	34	125	2.496800e+04
70	34	126	2.568903e+05
70	34	127	7.727476e+04
71	12	120	1.515378e+01
71	12	121	1.829898e+02
71	12	122	5.371467e+01
71	13	120	3.716475e+04
71	13	121	4.487838e+05
71	13	122	1.317356e+05
71	14	120	4.027449e+04
71	14	121	4.863355e+05
71	14	122	1.427585e+05
72	12	120	8.682990e+00
72	12	121	1.048516e+02
72	12	122	3.077806e+01
72	13	120	2.129509e+04
72	13	121	2.571494e+05
72	13	122	7.548342e+04
72	14	120	2.307695e+04
72	14	121	2.786663e+05
72	14	122	8.179946e+04
73	99	55	8.106396e-04
73	99	56	3.376444e+02
73	99	57	3.355574e+02
73	100	55	1.153075e-01
73	100	56	4.802744e+04
73	100	57	4.773058e+04
73	101	55	1.600602e-01
73	101	56	6.666767e+04
73	101	57	6.625559e+04
74	99	55	5.424716e-03
74	99	56	2.259482e+03
74	99	57	2.245515e+03
74	100	55	7.716260e-01
74	100	56	3.213947e+05
74	100	57	3.194081e+05
74	101	55	1.071107e+00
74	101	56	4.461331e+05
74	101	57	4.433755e+05
75	99	55	1.004522e-03
75	99	56	4.183996e+02
75	99	57	4.158134e+02
75	100	55	1.428859e-01
75	100	56	5.951427e+04
75	100	57	5.914640e+04
75	101	55	1.983422e-01
75	101	56	8.261271e+04
75	101	57	8.210207e+04
75	112	64	2.499221e+01
75	112	65	1.693817e+01
75	112	66	3.835982e+02
75	113	64	4.184270e+02
75	113	65	2.835839e+02
75	113	66	6.422315e+03
75	114	64	1.491879e+02
75	114	65	1.011103e+02
75	114	66	2.289841e+03
76	112	64	1.983273e+03
76	112	65	1.344140e+03
76	112	66	3.044069e+04
76	113	64	3.320455e+04
76	113	65	2.250399e+04
76	113	66	5.096470e+05
76	114	64	1.183890e+04
76	114	65	8.023674e+03
76	114	66	1.817119e+05
77	112	64	3.065436e+03
77	112	65	2.077563e+03
77	112	66	4.705049e+04
77	113	64	5.132244e+04
77	113	65	3.478317e+04
77	113	66	7.877333e+05
77	114	64	1.829874e+04
77	114	65	1.240175e+04
77	114	66	2.808620e+05
