0.1192	-3.834498e+00	2
59	59	62	1.574396e-22
59	59	63	1.608464e+03
59	59	64	1.608464e+03
59	60	62	1.290009e-21
59	60	63	1.317924e+04
59	60	64	1.317924e+04
59	61	62	2.851068e-22
59	61	63	2.912763e+03
59	61	64	2.912763e+03
60	59	62	5.933699e-21
60	59	63	6.062100e+04
60	59	64	6.062100e+04
60	60	62	4.861883e-20
60	60	63	4.967090e+05
60	60	64	4.967090e+05
60	61	62	1.074532e-20
60	61	63	1.097784e+05
60	61	64	1.097784e+05
61	59	62	3.018691e-21
61	59	63	3.084014e+04
61	59	64	3.084014e+04
61	60	62	2.473419e-20
61	60	63	2.526942e+05
61	60	64	2.526942e+05
61	61	62	5.466539e-21
61	61	63	5.584830e+04
61	61	64	5.584830e+04
65	65	62	1.646720e-22
65	65	63	1.608464e+03
65	65	64	1.608464e+03
65	66	62	-1.958120e-22
65	66	63	-1.912630e+03
65	66	64	-1.912630e+03
65	67	62	1.843286e-21
65	67	63	1.800463e+04
65	67	64	1.800463e+04
66	65	62	2.663348e-21
66	65	63	2.601474e+04
66	65	64	2.601474e+04
66	66	62	-3.166996e-21
66	66	63	-3.093422e+04
66	66	64	-3.093422e+04
66	67	62	2.981267e-20
66	67	63	2.912007e+05
66	67	64	2.912007e+05
67	65	62	6.700298e-21
67	65	63	6.544639e+04
67	65	64	6.544639e+04
67	66	62	-7.967347e-21
67	66	63	-7.782252e+04
67	66	64	-7.782252e+04
67	67	62	7.500099e-20
67	67	63	7.325859e+05
67	67	64	7.325859e+05
