0.1646	-3.785361e+00	2
54	68	62	4.622794e-23
54	68	63	5.916157e+01
54	68	64	5.916157e+01
54	69	62	4.099406e-21
54	69	63	5.246336e+03
54	69	64	5.246336e+03
54	70	62	6.193507e-21
54	70	63	7.926324e+03
54	70	64	7.926324e+03
55	68	62	2.271825e-21
55	68	63	2.907436e+03
55	68	64	2.907436e+03
55	69	62	2.014612e-19
55	69	63	2.578259e+05
55	69	64	2.578259e+05
55	70	62	3.043737e-19
55	70	63	3.895312e+05
55	70	64	3.895312e+05
56	68	62	1.260158e-21
56	68	63	1.612725e+03
56	68	64	1.612725e+03
56	69	62	1.117485e-19
56	69	63	1.430134e+05
56	69	64	1.430134e+05
56	70	62	1.688330e-19
56	70	63	2.160690e+05
56	70	64	2.160690e+05
70	56	62	4.548775e-23
70	56	63	5.916157e+01
70	56	64	5.916157e+01
70	57	62	5.957875e-21
70	57	63	7.748839e+03
70	57	64	7.748839e+03
70	58	62	4.170230e-21
70	58	63	5.423821e+03
70	58	64	5.423821e+03
71	56	62	1.103518e-21
71	56	63	1.435240e+03
71	56	64	1.435240e+03
71	57	62	1.445361e-19
71	57	63	1.879843e+05
71	57	64	1.879843e+05
71	58	62	1.011684e-19
71	58	63	1.315801e+05
71	58	64	1.315801e+05
72	56	62	2.371913e-21
72	56	63	3.084921e+03
72	56	64	3.084921e+03
72	57	62	3.106674e-19
72	57	63	4.040554e+05
72	57	64	4.040554e+05
72	58	62	2.174525e-19
72	58	63	2.828197e+05
72	58	64	2.828197e+05
