0.2951	-3.797995e+00	2
59	54	62	6.982438e-21
59	54	63	9.411307e+02
59	54	64	9.411307e+02
59	55	62	1.390254e-19
59	55	63	1.873859e+04
59	55	64	1.873859e+04
59	56	62	3.215886e-19
59	56	63	4.334545e+04
59	56	64	4.334545e+04
60	54	62	8.257589e-20
60	54	63	1.113002e+04
60	54	64	1.113002e+04
60	55	62	1.644146e-18
60	55	63	2.216068e+05
60	55	64	2.216068e+05
60	56	62	3.803180e-18
60	56	63	5.126130e+05
60	56	64	5.126130e+05
61	54	62	2.390990e-20
61	54	63	3.222705e+03
61	54	64	3.222705e+03
61	55	62	4.760633e-19
61	55	63	6.416637e+04
61	55	64	6.416637e+04
61	56	62	1.101213e-18
61	56	63	1.484274e+05
61	56	64	1.484274e+05
65	70	62	6.312849e-21
65	70	63	9.411307e+02
65	70	64	9.411307e+02
65	71	62	2.718109e-19
65	71	63	4.052206e+04
65	71	64	4.052206e+04
65	72	62	1.446319e-19
65	72	63	2.156198e+04
65	72	64	2.156198e+04
66	70	62	2.678481e-21
66	70	63	3.993127e+02
66	70	64	3.993127e+02
66	71	62	1.153268e-19
66	71	63	1.719312e+04
66	71	64	1.719312e+04
66	72	62	6.136593e-20
66	72	63	9.148541e+03
66	72	64	9.148541e+03
67	70	62	9.359572e-20
67	70	63	1.395342e+04
67	70	64	1.395342e+04
67	71	62	4.029930e-18
67	71	63	6.007891e+05
67	71	64	6.007891e+05
67	72	62	2.144346e-18
67	72	63	3.196828e+05
67	72	64	3.196828e+05
