0.0213	-4.513658e+06	762
33	79	52	3.403746e+02
33	79	53	2.833713e+03
33	79	54	6.344781e+02
33	80	52	2.598207e+03
33	80	53	2.163080e+04
33	80	54	4.843210e+03
33	81	52	5.411388e+02
33	81	53	4.505132e+03
33	81	54	1.008714e+03
34	79	52	1.176411e+04
34	79	53	9.793951e+04
34	79	54	2.192899e+04
34	80	52	8.979990e+04
34	80	53	7.476092e+05
34	80	54	1.673923e+05
34	81	52	1.870298e+04
34	81	53	1.557075e+05
34	81	54	3.486344e+04
35	78	62	4.761139e+02
35	78	63	2.736789e+03
35	78	64	1.170246e+04
35	79	52	5.802376e+03
35	79	53	4.830640e+04
35	79	54	1.081597e+04
35	79	62	4.777031e+03
35	79	63	2.745924e+04
35	79	64	1.174152e+05
35	80	52	4.429172e+04
35	80	53	3.687410e+05
35	80	54	8.256236e+04
35	80	62	1.234406e+03
35	80	63	7.095591e+03
35	80	64	3.034061e+04
35	81	52	9.224811e+03
35	81	53	7.679912e+04
35	81	54	1.719559e+04
35	81	68	5.696484e+02
35	81	69	-3.420194e+02
35	81	70	7.175204e+03
35	82	68	6.641127e+03
35	82	69	-3.987362e+03
35	82	70	8.365062e+04
35	83	68	1.904808e+03
35	83	69	-1.143655e+03
35	83	70	2.399268e+04
36	78	62	3.584709e+03
36	78	63	2.060556e+04
36	78	64	8.810896e+04
36	79	62	3.596674e+04
36	79	63	2.067434e+05
36	79	64	8.840305e+05
36	80	62	9.293968e+03
36	80	63	5.342341e+04
36	80	64	2.284375e+05
36	81	68	7.135735e+03
36	81	69	-4.284327e+03
36	81	70	8.988062e+04
36	82	68	8.319047e+04
36	82	69	-4.994793e+04
36	82	70	1.047854e+06
36	83	68	2.386070e+04
36	83	69	-1.432607e+04
36	83	70	3.005457e+05
37	78	62	7.378194e+02
37	78	63	4.241120e+03
37	78	64	1.813494e+04
37	79	62	7.402821e+03
37	79	63	4.255276e+04
37	79	64	1.819548e+05
37	80	62	1.912922e+03
37	80	63	1.099582e+04
37	80	64	4.701793e+04
37	81	68	2.144759e+03
37	81	69	-1.287723e+03
37	81	70	2.701506e+04
37	82	68	2.500422e+04
37	82	69	-1.501265e+04
37	82	70	3.149494e+05
37	83	68	7.171713e+03
37	83	69	-4.305929e+03
37	83	70	9.033380e+04
39	80	69	5.774227e+01
39	80	70	2.119924e+03
39	80	71	1.068583e+03
39	81	69	-1.081352e+02
39	81	70	-3.970027e+03
39	81	71	-2.001158e+03
39	82	69	5.412884e+02
39	82	70	1.987262e+04
39	82	71	1.001713e+04
40	80	69	1.323877e+03
40	80	70	4.860422e+04
40	80	71	2.449977e+04
40	81	69	-2.479252e+03
40	81	70	-9.102215e+04
40	81	71	-4.588123e+04
40	82	62	6.467758e+00
40	82	63	1.380795e+02
40	82	64	3.110134e+02
40	82	69	1.241030e+04
40	82	70	4.556264e+05
40	82	71	2.296661e+05
40	83	62	2.328614e+02
40	83	63	4.971334e+03
40	83	64	1.119754e+04
40	84	62	4.397073e+02
40	84	63	9.387266e+03
40	84	64	2.114409e+04
41	76	63	3.808644e+01
41	76	64	1.742182e+03
41	76	65	3.072405e+03
41	77	63	-5.080202e+01
41	77	64	-2.323828e+03
41	77	65	-4.098161e+03
41	78	63	4.124495e+02
41	78	64	1.886661e+04
41	78	65	3.327199e+04
41	80	69	2.904141e+03
41	80	70	1.066214e+05
41	80	71	5.374428e+04
41	81	69	-5.438647e+03
41	81	70	-1.996721e+05
41	81	71	-1.006480e+05
41	82	62	1.854237e+02
41	82	63	3.958591e+03
41	82	64	8.916419e+03
41	82	69	2.722404e+04
41	82	70	9.994916e+05
41	82	71	5.038104e+05
41	83	62	6.675885e+03
41	83	63	1.425228e+05
41	83	64	3.210215e+05
41	84	62	1.260594e+04
41	84	63	2.691228e+05
41	84	64	6.061783e+05
42	71	77	2.747886e+01
42	71	78	2.262682e+03
42	71	79	1.439623e+03
42	72	77	3.133465e+02
42	72	78	2.580178e+04
42	72	79	1.641629e+04
42	73	77	8.855264e+01
42	73	78	7.291660e+03
42	73	79	4.639293e+03
42	76	63	1.031310e+03
42	76	64	4.717501e+04
42	76	65	8.319497e+04
42	77	59	5.506163e+01
42	77	60	5.737949e+02
42	77	61	1.523615e+02
42	77	63	-1.375624e+03
42	77	64	-6.292491e+04
42	77	65	-1.109705e+05
42	78	59	6.136064e+02
42	78	60	6.394367e+03
42	78	61	1.697915e+03
42	78	63	1.116836e+04
42	78	64	5.108723e+05
42	78	65	9.009432e+05
42	79	59	1.827352e+03
42	79	60	1.904276e+04
42	79	61	5.056480e+03
42	79	63	7.175159e+00
42	79	64	2.007990e+03
42	79	65	1.575522e+03
42	80	63	1.032073e+02
42	80	64	2.888288e+04
42	80	65	2.266227e+04
42	81	63	3.376873e+01
42	81	64	9.450279e+03
42	81	65	7.414938e+03
42	82	62	8.510835e+01
42	82	63	1.816969e+03
42	82	64	4.092583e+03
42	83	62	3.064191e+03
42	83	63	6.541710e+04
42	83	64	1.473470e+05
42	84	62	5.786049e+03
42	84	63	1.235258e+05
42	84	64	2.782322e+05
42	87	69	5.300909e-03
42	87	70	1.300291e-01
42	87	71	2.783881e-01
42	88	69	2.027980e+01
42	88	70	4.974552e+02
42	88	71	1.065035e+03
42	89	69	2.162892e+01
42	89	70	5.305485e+02
42	89	71	1.135887e+03
43	71	77	1.975534e+02
43	71	78	1.626707e+04
43	71	79	1.034987e+04
43	72	72	1.983069e+01
43	72	73	1.923412e+02
43	72	74	4.848232e+01
43	72	77	2.252738e+03
43	72	78	1.854965e+05
43	72	79	1.180215e+05
43	73	72	4.521884e+02
43	73	73	4.385853e+03
43	73	74	1.105516e+03
43	73	77	6.366305e+02
43	73	78	5.242184e+04
43	73	79	3.335321e+04
43	74	72	9.939320e+02
43	74	73	9.640317e+03
43	74	74	2.429978e+03
43	76	58	8.556750e-01
43	76	59	1.603306e+01
43	76	60	6.065029e+00
43	76	63	4.623967e+02
43	76	64	2.115133e+04
43	76	65	3.730119e+04
43	77	58	3.415208e+03
43	77	59	6.606639e+04
43	77	60	4.582553e+04
43	77	61	5.740429e+03
43	77	63	-6.167728e+02
43	77	64	-2.821293e+04
43	77	65	-4.975460e+04
43	78	58	3.637512e+03
43	78	59	9.127573e+04
43	78	60	2.666993e+05
43	78	61	6.397130e+04
43	78	63	5.007432e+03
43	78	64	2.290541e+05
43	78	65	4.039458e+05
43	78	72	6.344278e+02
43	78	73	3.251566e+03
43	78	74	1.492624e+04
43	79	59	6.884801e+04
43	79	60	7.174622e+05
43	79	61	1.905099e+05
43	79	63	3.344849e+01
43	79	64	9.360659e+03
43	79	65	7.344621e+03
43	79	72	-7.704676e+02
43	79	73	-3.948796e+03
43	79	74	-1.812685e+04
43	80	63	4.811223e+02
43	80	64	1.346435e+05
43	80	65	1.056449e+05
43	80	72	7.061551e+03
43	80	73	3.619182e+04
43	80	74	1.661377e+05
43	80	79	1.727393e-02
43	80	80	1.384424e-01
43	80	81	3.004403e-02
43	81	63	1.574199e+02
43	81	64	4.405443e+04
43	81	65	3.456627e+04
43	81	79	1.327213e-01
43	81	80	1.063698e+00
43	81	81	2.308381e-01
43	82	68	4.483499e+01
43	82	69	1.883383e+03
43	82	70	9.940858e+02
43	82	79	2.779693e-02
43	82	80	2.227792e-01
43	82	81	4.834635e-02
43	83	68	6.390981e+02
43	83	69	2.684659e+04
43	83	70	1.417014e+04
43	84	68	2.079922e+02
43	84	69	8.737126e+03
43	84	70	4.611622e+03
43	86	58	3.110362e+00
43	86	59	2.032334e+02
43	86	60	1.221544e+02
43	87	58	-3.117637e+00
43	87	59	-2.037088e+02
43	87	60	-1.224401e+02
43	87	69	1.836646e+00
43	87	70	4.505217e+01
43	87	71	9.645522e+01
43	88	58	3.623947e+01
43	88	59	2.367914e+03
43	88	60	1.423246e+03
43	88	69	7.026495e+03
43	88	70	1.723570e+05
43	88	71	3.690108e+05
43	89	69	7.493933e+03
43	89	70	1.838231e+05
43	89	71	3.935593e+05
43	92	40	1.325377e+00
43	92	41	-2.474190e+00
43	92	42	1.244705e+01
43	93	40	-2.471658e-01
43	93	41	4.614047e-01
43	93	42	-2.321214e+00
43	94	40	1.792297e+01
43	94	41	-3.345829e+01
43	94	42	1.683205e+02
44	71	77	7.407628e+02
44	71	78	6.099638e+04
44	71	79	3.880873e+04
44	72	72	1.303574e+03
44	72	73	1.264359e+04
44	72	74	3.186994e+03
44	72	77	8.447055e+03
44	72	78	6.955530e+05
44	72	79	4.425431e+05
44	73	72	2.972468e+04
44	73	73	2.883048e+05
44	73	74	7.267129e+04
44	73	77	2.387163e+03
44	73	78	1.965653e+05
44	73	79	1.250640e+05
44	74	67	4.977312e+01
44	74	68	3.915501e+02
44	74	69	8.366006e+01
44	74	72	6.533629e+04
44	74	73	6.337079e+05
44	74	74	1.597350e+05
44	75	67	1.595949e+03
44	75	68	1.255485e+04
44	75	69	2.682516e+03
44	76	58	-1.061252e+00
44	76	59	-1.988503e+01
44	76	60	-7.522161e+00
44	76	67	7.654295e+02
44	76	68	6.021403e+03
44	76	69	1.286555e+03
44	77	58	-4.235716e+03
44	77	59	-7.831074e+04
44	77	60	-1.902590e+04
44	77	61	2.920033e+03
44	77	71	4.414176e+00
44	77	72	-1.166434e+00
44	77	73	5.893719e+01
44	78	58	-4.511429e+03
44	78	59	-7.277227e+04
44	78	60	9.057207e+04
44	78	61	3.254083e+04
44	78	71	-4.529727e+00
44	78	72	-9.371955e+02
44	78	73	-4.869923e+03
44	78	74	-2.207764e+04
44	79	59	3.502150e+04
44	79	60	3.649576e+05
44	79	61	9.690828e+04
44	79	63	1.631174e+02
44	79	64	4.564888e+04
44	79	65	3.581732e+04
44	79	71	5.117591e+01
44	79	72	1.126088e+03
44	79	73	6.524017e+03
44	79	74	2.681172e+04
44	80	63	2.346276e+03
44	80	64	6.566124e+05
44	80	65	5.151955e+05
44	80	66	2.575441e+02
44	80	67	3.625354e+03
44	80	68	1.171074e+03
44	80	72	-1.044485e+04
44	80	73	-5.353190e+04
44	80	74	-2.457369e+05
44	80	79	9.278583e+03
44	80	80	7.436343e+04
44	80	81	1.613796e+04
44	81	63	7.676855e+02
44	81	64	2.148391e+05
44	81	65	1.685684e+05
44	81	66	2.133049e+03
44	81	67	3.002615e+04
44	81	68	9.699147e+03
44	81	79	7.129038e+04
44	81	80	5.713586e+05
44	81	81	1.239932e+05
44	82	66	4.755893e+02
44	82	67	6.694698e+03
44	82	68	3.239128e+03
44	82	69	4.522408e+04
44	82	70	2.387013e+04
44	82	79	1.493094e+04
44	82	80	1.196644e+05
44	82	81	2.596893e+04
44	83	68	1.534612e+04
44	83	69	6.446443e+05
44	83	70	3.402556e+05
44	84	68	4.994338e+03
44	84	69	2.097972e+05
44	84	70	1.107349e+05
44	86	58	9.280331e+02
44	86	59	6.063839e+04
44	86	60	3.644699e+04
44	87	58	-9.302039e+02
44	87	59	-6.078023e+04
44	87	60	-3.653224e+04
44	87	69	1.477365e+00
44	87	70	3.623915e+01
44	87	71	7.758684e+01
44	88	58	1.081271e+04
44	88	59	7.065104e+05
44	88	60	4.246514e+05
44	88	69	5.651985e+03
44	88	70	1.386409e+05
44	88	71	2.968256e+05
44	89	69	6.027984e+03
44	89	70	1.478640e+05
44	89	71	3.165720e+05
44	92	40	8.167045e+03
44	92	41	-1.524610e+04
44	92	42	7.669938e+04
44	93	40	-1.523049e+03
44	93	41	2.843200e+03
44	93	42	-1.430345e+04
44	94	40	1.104423e+05
44	94	41	-2.061718e+05
44	94	42	1.037200e+06
45	72	72	7.847499e+02
45	72	73	7.611425e+03
45	72	74	1.918567e+03
45	73	67	2.729293e+00
45	73	68	4.863930e+01
45	73	69	1.792901e+01
45	73	72	1.789423e+04
45	73	73	1.735592e+05
45	73	74	4.374804e+04
45	74	59	5.270796e+01
45	74	60	8.412014e+02
45	74	61	2.128176e+03
45	74	67	2.029335e+03
45	74	68	2.349107e+04
45	74	69	7.107135e+03
45	74	72	3.933238e+04
45	74	73	3.814915e+05
45	74	74	9.616031e+04
45	75	59	1.582138e+03
45	75	60	2.525040e+04
45	75	61	6.388159e+04
45	75	67	4.141720e+04
45	75	68	3.317151e+05
45	75	69	7.251170e+04
45	76	58	9.468874e+00
45	76	59	9.170655e+02
45	76	60	1.187159e+04
45	76	61	2.986442e+04
45	76	67	1.957982e+04
45	76	68	1.540285e+05
45	76	69	3.291031e+04
45	76	70	1.307148e+02
45	76	71	2.534557e+03
45	76	72	9.754929e+02
45	77	58	3.779258e+04
45	77	59	7.081321e+05
45	77	60	2.678740e+05
45	77	70	2.077015e+03
45	77	71	4.621642e+04
45	77	72	1.392981e+04
45	77	73	7.935153e+04
45	78	58	4.025260e+04
45	78	59	7.542262e+05
45	78	60	2.853106e+05
45	78	70	7.195551e+02
45	78	71	9.274225e+03
45	78	72	2.362883e+04
45	78	73	-4.549235e+04
45	78	74	1.560366e+05
45	79	65	8.319644e+02
45	79	66	8.757544e+03
45	79	67	2.342040e+03
45	79	71	8.162274e+04
45	79	72	6.340870e+04
45	79	73	8.960990e+05
45	79	74	-1.894954e+05
45	80	60	2.565210e+01
45	80	61	2.018259e+02
45	80	62	4.312801e+01
45	80	65	1.283385e+03
45	80	66	1.548598e+04
45	80	67	3.143712e+04
45	80	68	8.987897e+03
45	80	71	3.017633e+03
45	80	72	9.509198e+04
45	80	73	3.824748e+05
45	80	74	1.736778e+06
45	80	79	9.228063e+03
45	80	80	7.395854e+04
45	80	81	1.605009e+04
45	81	60	2.726696e+01
45	81	61	2.145313e+02
45	81	62	4.584302e+01
45	81	65	1.419992e+04
45	81	66	1.658442e+05
45	81	67	2.704221e+05
45	81	68	7.444017e+04
45	81	79	7.090223e+04
45	81	80	5.682476e+05
45	81	81	1.233181e+05
45	82	60	4.136571e+02
45	82	61	3.254576e+03
45	82	62	6.954675e+02
45	82	66	3.650110e+03
45	82	67	5.138127e+04
45	82	68	1.705569e+04
45	82	69	1.925357e+04
45	82	70	1.016240e+04
45	82	79	1.484965e+04
45	82	80	1.190128e+05
45	82	81	2.582754e+04
45	83	68	6.533412e+03
45	83	69	2.744490e+05
45	83	70	1.448594e+05
45	84	68	2.126275e+03
45	84	69	8.931844e+04
45	84	70	4.714398e+04
45	86	58	7.338226e+02
45	86	59	4.794853e+04
45	86	60	2.881969e+04
45	87	58	-7.355391e+02
45	87	59	-4.806069e+04
45	87	60	-2.888710e+04
45	88	58	8.549919e+03
45	88	59	5.586582e+05
45	88	60	3.357842e+05
45	92	40	8.592586e+03
45	92	41	-1.604049e+04
45	92	42	8.069577e+04
45	93	40	-1.602407e+03
45	93	41	2.991344e+03
45	93	42	-1.504872e+04
45	94	40	1.161969e+05
45	94	41	-2.169143e+05
45	94	42	1.091243e+06
46	67	73	6.154283e+01
46	67	74	-4.075823e+01
46	67	75	7.664282e+02
46	68	73	5.812152e+03
46	68	74	-3.849238e+03
46	68	75	7.238207e+04
46	69	73	8.672960e+03
46	69	74	-5.743878e+03
46	69	75	1.080094e+05
46	72	70	5.596268e-01
46	72	71	-2.537981e-01
46	72	72	7.235735e+00
46	73	63	1.592997e+02
46	73	64	5.902590e+03
46	73	65	2.985001e+03
46	73	67	4.618537e+01
46	73	68	8.230793e+02
46	73	69	3.033966e+02
46	73	70	1.494020e+01
46	73	71	-6.775575e+00
46	73	72	1.931704e+02
46	74	59	5.802283e+02
46	74	60	9.260250e+03
46	74	61	2.342773e+04
46	74	63	1.036302e+03
46	74	64	3.839847e+04
46	74	65	1.941851e+04
46	74	67	1.548128e+04
46	74	68	2.491576e+05
46	74	69	8.856836e+04
46	74	70	3.105626e+01
46	74	71	-1.408442e+01
46	74	72	4.015442e+02
46	75	55	7.146985e+01
46	75	56	-1.076917e+02
46	75	57	7.419306e+02
46	75	59	1.741675e+04
46	75	60	2.779655e+05
46	75	61	7.032317e+05
46	75	63	1.868672e+02
46	75	64	6.924297e+03
46	75	65	3.717344e+03
46	75	66	2.834178e+03
46	75	67	1.085605e+05
46	75	68	8.575165e+05
46	75	69	2.110865e+05
46	75	70	1.147787e+02
46	75	71	4.520761e+02
46	75	72	3.377090e+03
46	75	73	6.903730e+02
46	76	55	-3.982454e+01
46	76	56	6.000812e+01
46	76	57	-4.134197e+02
46	76	59	8.142270e+03
46	76	60	1.299479e+05
46	76	61	3.287584e+05
46	76	64	8.009253e+00
46	76	65	2.138105e+03
46	76	66	1.919664e+04
46	76	67	9.737548e+04
46	76	68	3.261772e+05
46	76	69	8.647148e+04
46	76	70	6.651592e+03
46	76	71	4.780319e+04
46	76	72	4.101278e+04
46	76	73	5.026548e+03
46	77	55	9.072765e+02
46	77	56	-1.367096e+03
46	77	57	9.418464e+03
46	77	64	1.544603e+01
46	77	65	6.226286e+02
46	77	66	1.289994e+04
46	77	67	7.599679e+04
46	77	68	1.402212e+04
46	77	69	8.677139e+03
46	77	70	3.887321e+04
46	77	71	7.237701e+05
46	77	72	3.177720e+05
46	77	73	9.758550e+04
46	78	67	-2.245649e+00
46	78	68	-1.118257e+02
46	78	69	-6.227653e+01
46	78	70	1.270029e+04
46	78	71	2.573187e+05
46	78	72	2.397051e+05
46	78	73	-5.968644e+04
46	79	65	-1.410768e+03
46	79	66	-1.600778e+04
46	79	67	-3.374034e+03
46	79	68	6.021810e+02
46	79	69	3.353590e+02
46	79	71	6.790894e+04
46	79	72	-8.281982e+04
46	79	73	1.013003e+06
46	79	75	2.820520e+01
46	79	76	1.696110e+02
46	79	77	2.833190e+01
46	80	60	6.026629e+03
46	80	61	4.741638e+04
46	80	62	1.013237e+04
46	80	65	3.686419e+03
46	80	66	-2.902339e+04
46	80	67	1.488674e+05
46	80	68	3.249018e+04
46	80	70	1.202596e+02
46	80	71	-1.840405e+03
46	80	72	-1.263152e+04
46	80	73	-2.880772e+03
46	80	75	4.488530e+02
46	80	76	2.699163e+03
46	80	77	4.508693e+02
46	81	60	6.406020e+03
46	81	61	5.040135e+04
46	81	62	1.077022e+04
46	81	65	-1.595343e+04
46	81	66	-2.299449e+05
46	81	67	8.494112e+05
46	81	68	2.690923e+05
46	81	70	1.191734e+01
46	81	71	2.615407e+01
46	81	72	2.182221e+02
46	81	75	1.556313e+02
46	81	76	9.358833e+02
46	81	77	1.563304e+02
46	82	60	9.718337e+04
46	82	61	7.646204e+05
46	82	62	1.633911e+05
46	82	66	1.319471e+04
46	82	67	1.857372e+05
46	82	68	5.999743e+04
46	82	70	1.700595e+03
46	82	71	4.006793e+03
46	82	72	3.142570e+04
46	83	70	1.384396e+00
46	83	71	1.329726e+04
46	83	72	1.384975e+04
46	84	70	2.404779e+00
46	84	71	2.309815e+04
46	84	72	2.405786e+04
46	85	60	3.734381e+00
46	85	61	1.273822e+01
46	85	62	7.670082e+01
46	86	60	2.693870e+03
46	86	61	9.188963e+03
46	86	62	5.532965e+04
46	87	60	3.122041e+03
46	87	61	1.064948e+04
46	87	62	6.412389e+04
46	110	94	8.752024e+00
46	110	95	5.118626e+02
46	110	96	2.986199e+02
46	111	94	9.443819e+02
46	111	95	5.523223e+04
46	111	96	3.222240e+04
46	112	94	6.369718e+02
46	112	95	3.725333e+04
46	112	96	2.173354e+04
47	67	69	2.046610e-02
47	67	70	2.662044e+00
47	67	71	1.860949e+00
47	67	73	-7.310919e+01
47	67	74	4.841833e+01
47	67	75	-9.104708e+02
47	68	69	1.350133e+00
47	68	70	1.756130e+02
47	68	71	1.227654e+02
47	68	73	-6.904488e+03
47	68	74	4.572664e+03
47	68	75	-8.598556e+04
47	69	69	2.173261e+00
47	69	70	2.826780e+02
47	69	71	1.976110e+02
47	69	73	-1.030296e+04
47	69	74	6.823382e+03
47	69	75	-1.283086e+05
47	70	67	1.976595e+00
47	70	68	1.810245e+01
47	70	69	4.369936e+00
47	71	67	7.858459e+03
47	71	68	7.197089e+04
47	71	69	1.737379e+04
47	72	67	7.373582e+03
47	72	68	6.753019e+04
47	72	69	1.630181e+04
47	72	70	8.672255e+02
47	72	71	-3.932981e+02
47	72	72	1.121657e+04
47	72	73	3.292860e+00
47	72	74	5.861293e+01
47	73	62	3.849039e+01
47	73	63	1.222982e+03
47	73	64	2.277010e+04
47	73	65	1.140680e+04
47	73	67	1.140183e+02
47	73	68	2.048288e+03
47	73	69	3.066012e+03
47	73	70	2.637009e+04
47	73	71	-1.049977e+04
47	73	72	2.994208e+05
47	73	73	6.591761e+01
47	73	74	1.173334e+03
47	74	59	1.600879e+02
47	74	60	2.554950e+03
47	74	61	6.463831e+03
47	74	62	4.754846e+01
47	74	63	4.738775e+03
47	74	64	1.470482e+05
47	74	65	7.420715e+04
47	74	66	7.941047e+02
47	74	67	3.224147e+04
47	74	68	5.629718e+05
47	74	69	2.127527e+05
47	74	70	5.541562e+04
47	74	71	-2.182592e+04
47	74	72	6.224246e+05
47	74	73	1.521608e+02
47	74	74	2.708464e+03
47	75	55	6.250049e+03
47	75	56	-9.417652e+03
47	75	57	6.488194e+04
47	75	59	4.805370e+03
47	75	60	7.669211e+04
47	75	61	1.940252e+05
47	75	62	6.327188e+02
47	75	63	1.081540e+04
47	75	64	3.122429e+04
47	75	65	2.367236e+04
47	75	66	6.869928e+04
47	75	67	1.643178e+05
47	75	68	4.635637e+05
47	75	69	2.192129e+05
47	75	70	6.128798e+04
47	75	71	6.288124e+03
47	75	72	4.697341e+04
47	75	73	9.602699e+03
47	76	55	-3.482662e+03
47	76	56	5.247719e+03
47	76	57	-3.615362e+04
47	76	59	2.246494e+03
47	76	60	3.585330e+04
47	76	61	9.070612e+04
47	76	64	4.148575e+04
47	76	65	2.787181e+05
47	76	66	3.141046e+05
47	76	67	8.153932e+05
47	76	68	4.963879e+05
47	76	69	4.750136e+05
47	76	70	7.414405e+04
47	76	71	4.840056e+04
47	76	72	2.522498e+05
47	76	73	5.155650e+04
47	77	55	7.934146e+04
47	77	56	-1.195527e+05
47	77	57	8.236461e+05
47	77	64	8.003129e+04
47	77	65	4.941795e+05
47	77	66	1.794223e+05
47	77	67	4.654703e+05
47	77	68	3.817243e+05
47	77	69	2.863939e+05
47	77	70	5.079010e+04
47	77	71	3.636895e+05
47	77	72	8.598782e+05
47	77	73	1.534570e+05
47	78	63	1.435653e+00
47	78	64	1.577749e+03
47	78	65	4.583419e+04
47	78	66	2.161141e+04
47	78	67	5.327628e+03
47	78	68	-1.040201e+05
47	78	69	-6.278427e+04
47	78	70	4.657823e+03
47	78	71	2.567165e+05
47	78	72	1.344020e+06
47	78	73	2.799730e+05
47	79	54	1.099754e+00
47	79	55	2.837565e+02
47	79	56	2.203840e+02
47	79	63	5.113457e+02
47	79	64	1.757445e+04
47	79	65	8.899371e+04
47	79	66	1.184591e+05
47	79	67	1.073073e+05
47	79	68	7.528529e+05
47	79	69	3.722078e+05
47	79	70	1.100887e+03
47	79	71	1.573876e+05
47	79	72	1.109441e+06
47	79	73	2.154594e+05
47	79	75	4.836559e+03
47	79	76	2.908449e+04
47	79	77	4.858286e+03
47	80	54	2.909999e+02
47	80	55	7.508328e+04
47	80	56	5.831463e+04
47	80	60	4.623438e+03
47	80	61	3.637634e+04
47	80	62	7.773228e+03
47	80	63	6.302289e+02
47	80	64	1.862649e+04
47	80	65	2.280865e+04
47	80	66	1.258911e+05
47	80	67	7.407342e+04
47	80	68	1.780914e+05
47	80	69	1.023635e+05
47	80	70	2.160003e+04
47	80	71	4.635647e+04
47	80	72	3.384501e+05
47	80	73	5.111137e+04
47	80	75	7.696822e+04
47	80	76	4.628458e+05
47	80	77	7.731397e+04
47	81	54	2.267364e+02
47	81	55	5.850211e+04
47	81	56	4.543660e+04
47	81	60	4.914494e+03
47	81	61	3.866631e+04
47	81	62	8.262571e+03
47	81	65	1.387923e+05
47	81	66	1.423789e+06
47	81	67	4.150981e+05
47	81	68	9.235528e+04
47	81	69	4.365349e+04
47	81	70	6.465754e+03
47	81	71	8.939457e+02
47	81	72	7.458828e+03
47	81	75	2.668727e+04
47	81	76	1.604830e+05
47	81	77	2.680715e+04
47	82	60	7.455598e+04
47	82	61	5.865924e+05
47	82	62	1.253484e+05
47	82	66	2.559164e-01
47	82	67	2.046226e+03
47	82	68	4.486658e+04
47	82	69	1.837045e+04
47	82	70	5.812547e+04
47	82	71	1.287397e+05
47	82	72	1.065576e+06
47	83	66	3.124623e+01
47	83	67	4.717717e+02
47	83	68	9.986754e+02
47	83	69	7.982806e+02
47	83	70	5.928986e+00
47	83	71	5.694853e+04
47	83	72	5.931469e+04
47	84	66	2.158835e+01
47	84	67	3.262810e+02
47	84	68	2.734615e+03
47	84	69	2.494689e+03
47	84	70	1.029901e+01
47	84	71	9.892303e+04
47	84	72	1.030332e+05
47	85	60	-9.639097e-01
47	85	61	-3.287958e+00
47	85	62	-1.979783e+01
47	86	31	3.951111e+01
47	86	32	-1.516305e+01
47	86	33	5.170481e+02
47	86	60	-6.953353e+02
47	86	61	-2.371834e+03
47	86	62	-1.428156e+04
47	87	31	7.779556e+02
47	87	32	-2.985534e+02
47	87	33	1.018044e+04
47	87	60	-8.058538e+02
47	87	61	-2.748819e+03
47	87	62	-1.655151e+04
47	88	31	3.017117e+02
47	88	32	-1.157869e+02
47	88	33	3.948243e+03
47	110	94	-3.197063e+00
47	110	95	-1.869804e+02
47	110	96	-1.090841e+02
47	111	94	-3.449772e+02
47	111	95	-2.017601e+04
47	111	96	-1.177065e+04
47	112	94	-2.326820e+02
47	112	95	-1.360842e+04
47	112	96	-7.939133e+03
48	67	69	2.807925e+01
48	67	70	3.652294e+03
48	67	71	2.553200e+03
48	67	73	6.890686e+02
48	67	74	-4.563524e+02
48	67	75	8.581368e+03
48	68	69	1.852367e+03
48	68	70	2.409390e+05
48	68	71	1.684326e+05
48	68	73	6.507617e+04
48	68	74	-4.309827e+04
48	68	75	8.104310e+05
48	69	69	2.981688e+03
48	69	70	3.878309e+05
48	69	71	2.711200e+05
48	69	73	9.710741e+04
48	69	74	-6.431173e+04
48	69	75	1.209334e+06
48	70	67	-2.426160e+00
48	70	68	-2.221974e+01
48	70	69	-5.363851e+00
48	71	67	-9.639933e+03
48	71	68	-8.820298e+04
48	71	69	-2.126768e+04
48	71	76	5.436377e-02
48	71	77	1.467494e+02
48	71	78	1.358256e+02
48	72	67	-6.316916e+03
48	72	68	-1.912708e+04
48	72	69	6.784873e+03
48	72	70	9.593483e+02
48	72	71	-4.350770e+02
48	72	72	1.337258e+04
48	72	73	8.582199e+02
48	72	74	1.527632e+04
48	72	76	2.242768e+01
48	72	77	6.054120e+04
48	72	78	5.603462e+04
48	73	58	5.224799e+01
48	73	59	1.777261e+03
48	73	60	3.414518e+03
48	73	62	3.079457e+03
48	73	63	5.567882e+04
48	73	64	1.504061e+05
48	73	65	6.348641e+04
48	73	67	3.283882e+03
48	73	68	7.660494e+04
48	73	69	3.373463e+04
48	73	70	2.776151e+04
48	73	71	-1.161513e+04
48	73	72	3.505353e+05
48	73	73	1.718014e+04
48	73	74	3.058067e+05
48	73	76	1.837541e+01
48	73	77	4.960250e+04
48	73	78	4.591018e+04
48	74	58	5.819119e+02
48	74	59	1.979424e+04
48	74	60	3.802919e+04
48	74	62	8.485202e+03
48	74	63	3.099403e+05
48	74	64	1.238605e+06
48	74	65	4.130042e+05
48	74	66	9.863669e+02
48	74	67	8.118080e+02
48	74	68	2.473523e+01
48	74	69	3.513650e+03
48	74	70	5.809665e+04
48	74	71	-2.407581e+04
48	74	72	7.331122e+05
48	74	73	3.965776e+04
48	74	74	7.059084e+05
48	75	55	9.469202e+03
48	75	56	-1.426831e+04
48	75	57	9.830006e+04
48	75	58	1.618409e+02
48	75	59	5.505159e+03
48	75	60	1.057665e+04
48	75	62	5.161928e+04
48	75	63	9.111594e+05
48	75	64	6.407525e+05
48	75	65	8.371255e+04
48	75	66	7.579417e+04
48	75	67	1.916668e+05
48	75	68	4.896884e+04
48	75	69	5.506096e+04
48	75	70	4.412359e+04
48	75	71	3.802428e+03
48	75	72	1.506520e+04
48	75	73	3.079755e+03
48	76	55	-5.276444e+03
48	76	56	7.950612e+03
48	76	57	-5.477492e+04
48	76	63	2.439020e-01
48	76	64	4.389435e+04
48	76	65	2.813279e+05
48	76	66	1.705034e+05
48	76	67	1.087875e+05
48	76	68	5.009816e+05
48	76	69	8.676342e+05
48	76	70	1.810351e+05
48	76	71	9.556823e+03
48	76	72	6.699593e+04
48	76	73	1.397030e+04
48	77	55	1.202071e+05
48	77	56	-1.811296e+05
48	77	57	1.247874e+06
48	77	62	9.050139e+01
48	77	63	1.562285e+03
48	77	64	9.535262e+04
48	77	65	5.403657e+05
48	77	66	4.914024e+05
48	77	67	1.406129e+06
48	77	68	5.630645e+05
48	77	69	4.595931e+05
48	77	70	9.231891e+04
48	77	71	3.514589e+04
48	77	72	2.604389e+05
48	77	73	5.285208e+04
48	78	62	2.639743e+03
48	78	63	4.027448e+04
48	78	64	7.391737e+04
48	78	65	-7.772866e+04
48	78	66	7.305230e+05
48	78	67	8.029778e+04
48	78	68	3.799508e+04
48	78	69	5.259126e+04
48	78	70	1.974255e+04
48	78	71	3.189854e+04
48	78	72	2.540660e+05
48	78	73	5.485114e+04
48	79	54	-2.033365e+00
48	79	55	-5.246452e+02
48	79	56	-4.025167e+02
48	79	57	2.611482e+01
48	79	58	1.178344e+02
48	79	62	5.326433e+03
48	79	63	8.620417e+04
48	79	64	2.188151e+05
48	79	65	1.976865e+04
48	79	66	1.769307e+05
48	79	67	8.258405e+04
48	79	68	9.455492e+05
48	79	69	6.188592e+05
48	79	70	6.146227e+04
48	79	71	2.194845e+03
48	79	75	6.524245e+03
48	79	76	3.923333e+04
48	79	77	6.553553e+03
48	80	54	-5.380378e+02
48	80	55	-1.388235e+05
48	80	56	-1.077504e+05
48	80	57	3.644006e+02
48	80	58	1.644236e+03
48	80	62	2.015310e+02
48	80	63	1.258444e+04
48	80	64	3.103556e+05
48	80	65	2.929942e+05
48	80	66	-1.102627e+05
48	80	67	1.245380e+06
48	80	68	1.791748e+06
48	80	69	1.688603e+06
48	80	70	6.227983e+05
48	80	71	2.703707e+04
48	80	72	3.698127e+04
48	80	73	2.522740e+02
48	80	74	5.003675e+02
48	80	75	1.038285e+05
48	80	76	6.243597e+05
48	80	77	1.043430e+05
48	81	54	-4.192191e+02
48	81	55	-1.081662e+05
48	81	56	-8.398676e+04
48	81	57	1.170935e+02
48	81	58	5.283455e+02
48	81	62	2.466340e+03
48	81	63	5.160688e+04
48	81	64	3.379229e+04
48	81	65	1.785513e+05
48	81	66	-2.068762e+05
48	81	67	1.872495e+06
48	81	68	-1.087484e+05
48	81	69	1.029322e+05
48	81	70	2.045837e+05
48	81	71	6.391788e+03
48	81	72	3.658301e+03
48	81	73	-1.724864e+02
48	81	74	-3.421146e+02
48	81	75	3.607939e+04
48	81	76	2.166856e+05
48	81	77	3.767437e+04
48	82	62	7.318667e+02
48	82	63	1.542439e+04
48	82	64	6.443465e+03
48	82	65	2.655322e+03
48	82	66	5.203877e+03
48	82	67	2.893994e+04
48	82	68	1.425540e+05
48	82	69	7.673162e+04
48	82	70	2.856068e+04
48	82	71	6.872580e+04
48	82	72	5.292468e+05
48	82	73	3.129205e+03
48	82	74	6.206557e+03
48	82	75	3.718679e+01
48	82	76	9.468841e+01
48	82	77	7.053039e+02
48	83	62	1.919911e+02
48	83	63	3.187366e+04
48	83	64	4.321395e+04
48	83	65	8.364273e+02
48	83	66	3.096464e+04
48	83	67	4.592122e+05
48	83	68	2.560580e+05
48	83	69	9.713339e+04
48	83	70	3.792654e+01
48	83	71	2.935681e+05
48	83	72	3.057656e+05
48	84	62	1.324131e+02
48	84	63	2.198274e+04
48	84	64	2.979544e+04
48	84	65	2.833622e+03
48	84	66	1.552205e+04
48	84	67	3.422361e+05
48	84	68	4.256672e+05
48	84	69	3.035108e+05
48	84	70	5.309111e+01
48	84	71	5.099456e+05
48	84	72	5.311334e+05
48	85	60	4.991125e+01
48	85	61	1.702505e+02
48	85	62	1.025132e+03
48	85	65	8.906480e+02
48	85	66	-1.699645e+03
48	85	67	8.257204e+03
48	86	31	3.205561e+03
48	86	32	-1.230187e+03
48	86	33	4.194843e+04
48	86	60	3.600447e+04
48	86	61	1.228136e+05
48	86	62	7.394993e+05
48	87	31	6.311602e+04
48	87	32	-2.422182e+04
48	87	33	8.259453e+05
48	87	60	4.172712e+04
48	87	61	1.423339e+05
48	87	62	8.570373e+05
48	88	31	2.447806e+04
48	88	32	-9.393864e+03
48	88	33	3.203234e+05
48	89	60	3.906658e-03
48	89	61	1.039552e-01
48	89	62	4.626974e-02
48	90	60	6.306647e-01
48	90	61	1.678184e+01
48	90	62	7.469478e+00
48	91	60	4.576286e-01
48	91	61	1.217739e+01
48	91	62	5.420070e+00
48	110	94	1.148915e+02
48	110	95	6.719434e+03
48	110	96	3.920108e+03
48	111	94	1.239729e+04
48	111	95	7.250565e+05
48	111	96	4.229969e+05
48	112	94	8.361794e+03
48	112	95	4.890400e+05
48	112	96	2.853052e+05
49	67	69	2.518692e+01
49	67	70	3.276085e+03
49	67	71	2.290205e+03
49	68	69	1.661561e+03
49	68	70	2.161207e+05
49	68	71	1.510830e+05
49	69	69	2.674556e+03
49	69	70	3.478819e+05
49	69	71	2.431930e+05
49	70	61	3.285273e+01
49	70	62	2.509745e+02
49	70	63	5.230666e+01
49	70	67	2.193636e+01
49	70	68	2.009019e+02
49	70	69	4.849777e+01
49	71	61	1.418624e+03
49	71	62	1.083741e+04
49	71	63	2.258671e+03
49	71	67	8.725740e+04
49	71	68	7.997586e+05
49	71	69	1.932447e+05
49	71	76	-8.534902e-02
49	71	77	-2.303908e+02
49	71	78	-2.132409e+02
49	72	61	2.541621e+03
49	72	62	1.941641e+04
49	72	63	4.174076e+03
49	72	64	-1.012622e+02
49	72	65	1.547565e+03
49	72	67	1.021902e+05
49	72	68	1.224284e+06
49	72	69	3.804529e+05
49	72	72	7.532636e+02
49	72	73	6.674091e+02
49	72	74	1.187989e+04
49	72	76	-3.521060e+01
49	72	77	-9.504735e+04
49	72	78	-8.797219e+04
49	73	58	9.394405e+02
49	73	59	3.195589e+04
49	73	60	6.139445e+04
49	73	61	2.567769e+01
49	73	62	1.933657e+03
49	73	63	3.613841e+04
49	73	64	1.826335e+04
49	73	65	1.359069e+04
49	73	66	1.927696e+03
49	73	67	3.721367e+04
49	73	68	5.732454e+05
49	73	69	2.752068e+05
49	73	70	4.932917e+04
49	73	72	1.507909e+04
49	73	73	1.336157e+04
49	73	74	2.378301e+05
49	73	75	4.348709e+00
49	73	76	-2.884868e+01
49	73	77	-7.787402e+04
49	73	78	-7.207721e+04
49	74	58	1.046302e+04
49	74	59	3.559086e+05
49	74	60	6.837805e+05
49	74	61	2.919863e+02
49	74	62	6.907233e+03
49	74	63	2.838493e+05
49	74	64	4.304804e+05
49	74	65	4.385396e+04
49	74	66	1.134333e+04
49	74	67	8.035338e+03
49	74	68	5.241115e+04
49	74	69	9.942342e+04
49	74	70	1.148449e+05
49	74	71	2.582538e+04
49	74	72	3.480780e+04
49	74	73	3.084844e+04
49	74	74	5.490614e+05
49	74	75	3.011101e+01
49	75	58	2.909966e+03
49	75	59	9.898503e+04
49	75	60	1.901725e+05
49	75	61	8.611002e+02
49	75	62	3.215404e+04
49	75	63	6.308931e+05
49	75	64	4.021381e+05
49	75	65	7.197278e+03
49	75	66	6.561344e+05
49	75	67	7.112749e+05
49	75	68	1.417119e+05
49	75	69	9.976109e+05
49	75	70	8.573573e+05
49	75	71	6.769444e+05
49	75	73	1.512565e+00
49	75	74	1.906660e+01
49	75	75	5.753749e+00
49	76	62	1.363300e+02
49	76	63	6.059597e+03
49	76	64	2.330595e+04
49	76	65	-1.251505e+04
49	76	66	6.881186e+05
49	76	67	4.806829e+05
49	76	68	7.248507e+05
49	76	69	5.044742e+05
49	76	70	-3.230523e+04
49	76	71	3.027313e+05
49	77	57	2.228578e+01
49	77	58	2.126151e+02
49	77	59	6.842928e+02
49	77	61	1.775620e+01
49	77	62	3.395103e+03
49	77	63	1.930947e+05
49	77	64	6.090785e+05
49	77	65	7.225587e+05
49	77	66	6.023209e+05
49	77	67	4.863654e+05
49	77	68	1.502151e+06
49	77	69	8.297142e+05
49	77	70	9.216838e+04
49	77	71	8.050561e+04
49	77	73	2.474138e+00
49	77	74	1.706927e+01
49	77	75	6.552555e+01
49	78	57	2.352777e+03
49	78	58	2.244643e+04
49	78	59	7.224289e+04
49	78	61	6.550064e+03
49	78	62	2.737282e+04
49	78	63	6.151292e+05
49	78	64	6.675869e+05
49	78	65	1.655196e+06
49	78	66	1.480468e+06
49	78	67	1.654219e+06
49	78	68	2.096755e+06
49	78	69	7.432499e+05
49	78	70	9.618009e+04
49	78	71	5.811700e+00
49	78	72	7.466301e+00
49	78	73	1.682339e+02
49	78	74	4.970306e+02
49	78	75	1.908002e+03
49	79	54	1.038453e+01
49	79	55	2.679397e+03
49	79	56	4.011789e+03
49	79	57	1.360875e+04
49	79	58	7.869014e+04
49	79	59	1.055538e+05
49	79	61	5.304685e+03
49	79	62	5.291095e+04
49	79	63	8.535374e+05
49	79	64	1.114254e+06
49	79	65	1.787270e+06
49	79	66	1.063989e+06
49	79	67	2.868947e+06
49	79	68	4.331664e+06
49	79	69	1.828313e+06
49	79	70	5.488351e+05
49	79	71	-8.092173e+02
49	79	72	5.370710e+03
49	79	73	5.169043e+04
49	79	74	1.003463e+03
49	79	75	3.852097e+03
49	80	54	2.747794e+03
49	80	55	7.089810e+05
49	80	56	5.775833e+05
49	80	57	1.419255e+05
49	80	58	6.403916e+05
49	80	62	3.426442e+02
49	80	63	4.011423e+04
49	80	64	1.376340e+06
49	80	65	9.546141e+05
49	80	66	2.864460e+05
49	80	67	1.843595e+06
49	80	68	2.641773e+06
49	80	69	7.319858e+05
49	80	70	1.114010e+05
49	80	71	-3.759768e+04
49	80	72	2.674234e+04
49	80	73	8.795783e+04
49	80	74	6.224528e+04
49	80	75	9.082306e+02
49	80	76	2.312620e+03
49	80	77	1.722597e+04
49	81	54	2.140979e+03
49	81	55	5.524117e+05
49	81	56	4.376967e+05
49	81	57	4.560520e+04
49	81	58	2.057782e+05
49	81	62	4.213548e+03
49	81	63	8.899443e+04
49	81	64	8.045748e+04
49	81	65	8.551761e+04
49	81	66	2.499207e+05
49	81	67	8.014277e+05
49	81	68	1.836933e+06
49	81	69	5.184054e+05
49	81	70	2.285948e+04
49	81	71	-1.058274e+04
49	81	72	5.994339e+03
49	81	73	-1.739904e+04
49	81	74	-4.255875e+04
49	81	75	2.706425e+04
49	81	76	6.891347e+04
49	81	77	5.133146e+05
49	82	62	1.243534e+03
49	82	63	2.589743e+04
49	82	64	1.683472e+04
49	82	65	3.266898e+05
49	82	66	5.706532e+05
49	82	67	1.047984e+05
49	82	68	2.585722e+05
49	82	69	3.716794e+05
49	82	70	1.980338e+05
49	82	71	5.727537e+03
49	82	72	1.500992e+04
49	82	73	3.892704e+05
49	82	74	7.720902e+05
49	82	75	1.261601e+04
49	82	76	3.212404e+04
49	82	77	2.392818e+05
49	83	59	1.091319e+03
49	83	60	8.333955e+02
49	83	61	1.694132e+04
49	83	62	6.761997e+01
49	83	63	1.122602e+04
49	83	64	1.673332e+04
49	83	65	8.084532e+04
49	83	66	1.928470e+05
49	83	67	4.936811e+05
49	83	68	3.181359e+05
49	83	69	4.640086e+05
49	83	70	1.856522e+05
49	83	71	-7.989497e+03
49	83	72	-3.276801e+03
49	84	59	6.643628e+03
49	84	60	5.073468e+03
49	84	61	1.031338e+05
49	84	62	4.663638e+01
49	84	63	7.742767e+03
49	84	64	1.049359e+04
49	84	65	5.100662e+04
49	84	66	-2.459114e+04
49	84	67	8.133680e+05
49	84	68	6.504305e+05
49	84	69	5.317326e+05
49	84	70	2.763357e+03
49	84	71	6.112847e+04
49	84	72	2.507114e+04
49	85	59	1.123379e+03
49	85	60	8.578785e+02
49	85	61	1.743902e+04
49	85	63	1.261573e+02
49	85	64	-1.638087e+02
49	85	65	1.737964e+04
49	85	66	-3.053718e+04
49	85	67	1.483555e+05
49	86	31	2.032512e+03
49	86	32	-7.800102e+02
49	86	33	2.659774e+04
49	86	63	1.013993e+02
49	86	64	-1.316617e+02
49	86	65	1.107209e+03
49	87	31	4.001922e+04
49	87	32	-1.535804e+04
49	87	33	5.236973e+05
49	87	65	5.617871e+00
49	87	66	4.909909e+01
49	87	67	1.654191e+02
49	88	31	1.552051e+04
49	88	32	-5.956255e+03
49	88	33	2.031037e+05
49	88	65	8.890783e+01
49	88	66	7.770370e+02
49	88	67	2.617905e+03
49	89	60	9.164106e+01
49	89	61	2.438546e+03
49	89	62	1.085380e+03
49	89	65	3.073182e+01
49	89	66	2.685901e+02
49	89	67	9.049034e+02
49	90	60	1.479392e+04
49	90	61	3.936626e+05
49	90	62	1.752165e+05
49	91	60	1.073490e+04
49	91	61	2.856530e+05
49	91	62	1.271422e+05
50	70	61	1.086845e+03
50	70	62	8.302822e+03
50	70	63	1.735303e+03
50	70	64	3.152986e+01
50	70	65	5.652535e+00
50	71	61	4.693140e+04
50	71	62	3.585269e+05
50	71	63	7.588046e+04
50	71	64	7.489582e+03
50	71	65	1.349295e+03
50	71	66	5.665052e+00
50	71	67	8.933369e+00
50	71	68	2.083640e+02
50	71	69	8.799684e+02
50	71	70	9.757217e+03
50	71	71	2.900569e+03
50	71	76	9.700623e+01
50	71	77	2.917286e+03
50	71	78	1.857437e+03
50	72	61	8.408272e+04
50	72	62	6.423400e+05
50	72	63	1.356223e+05
50	72	64	5.071482e+03
50	72	65	1.168550e+04
50	72	66	1.930060e+02
50	72	67	4.260522e+03
50	72	68	9.683873e+04
50	72	69	3.995148e+04
50	72	70	-8.969365e+03
50	72	71	-2.666361e+03
50	72	76	1.050401e+03
50	72	77	6.304111e+05
50	72	78	5.763084e+05
50	73	57	1.886001e-01
50	73	58	3.479978e+02
50	73	59	1.183701e+04
50	73	60	2.273612e+04
50	73	61	2.733046e+03
50	73	62	-4.243795e+03
50	73	63	3.525959e+04
50	73	64	-5.738113e+03
50	73	65	9.485130e+04
50	73	66	2.190894e+04
50	73	67	1.453024e+05
50	73	68	1.121450e+05
50	73	69	5.825692e+04
50	73	70	1.156295e+05
50	73	71	3.437366e+04
50	73	73	6.189027e+03
50	73	74	7.801561e+04
50	73	75	2.354286e+04
50	73	76	2.993383e+03
50	73	77	5.478732e+05
50	73	78	4.825771e+05
50	74	57	2.009511e+02
50	74	58	3.977202e+03
50	74	59	1.348181e+05
50	74	60	2.532235e+05
50	74	61	3.107803e+04
50	74	62	-4.825706e+04
50	74	63	3.436836e+05
50	74	64	-1.974081e+04
50	74	65	3.022802e+05
50	74	66	-3.107111e+04
50	74	67	-2.480148e+05
50	74	68	-7.205046e+04
50	74	69	5.669345e+04
50	74	70	7.237341e+04
50	74	71	3.165156e+04
50	74	73	4.285360e+04
50	74	74	5.401899e+05
50	74	75	1.630137e+05
50	75	57	2.269310e+02
50	75	58	1.193336e+03
50	75	59	4.006177e+04
50	75	60	7.042632e+04
50	75	61	9.165257e+04
50	75	62	-1.423155e+05
50	75	63	9.402878e+05
50	75	64	4.030552e+03
50	75	65	7.705128e+04
50	75	66	3.290950e+05
50	75	67	1.810795e+06
50	75	68	-1.765964e+05
50	75	69	1.374565e+06
50	75	70	4.586492e+05
50	75	71	8.175217e+05
50	75	73	8.235643e+03
50	75	74	1.044722e+05
50	75	75	3.375114e+04
50	76	61	2.544304e+02
50	76	62	6.249236e+03
50	76	63	3.830001e+04
50	76	64	1.639502e+05
50	76	65	6.083787e+04
50	76	66	2.334274e+06
50	76	67	1.540202e+06
50	76	68	1.013449e+06
50	76	69	1.081482e+06
50	76	70	5.894272e+04
50	76	71	3.550587e+05
50	76	72	2.685674e+03
50	76	73	1.951277e+03
50	76	74	1.003292e+04
50	76	75	2.087839e+04
50	77	57	-4.149165e+01
50	77	58	-3.958467e+02
50	77	59	-1.274016e+03
50	77	61	2.374761e+03
50	77	62	5.082464e+04
50	77	63	7.741750e+05
50	77	64	9.508145e+05
50	77	65	1.478584e+06
50	77	66	5.470479e+06
50	77	67	4.076160e+06
50	77	68	3.392875e+06
50	77	69	1.396859e+06
50	77	70	-8.297784e+04
50	77	71	-1.020013e+05
50	77	72	4.169941e+04
50	77	73	2.485429e+04
50	77	74	4.854234e+03
50	77	75	1.480310e+04
50	78	37	2.318068e+02
50	78	38	7.484714e+01
50	78	39	3.387717e+03
50	78	57	-4.380400e+03
50	78	58	-4.179075e+04
50	78	59	-1.345018e+05
50	78	61	6.611621e+04
50	78	62	1.601199e+05
50	78	63	1.329431e+06
50	78	64	8.420852e+05
50	78	65	3.885270e+06
50	78	66	6.157588e+06
50	78	67	9.711624e+06
50	78	68	5.960436e+06
50	78	69	2.528606e+06
50	78	70	5.794458e+05
50	78	71	2.003528e+04
50	78	72	1.198355e+05
50	78	73	1.218761e+05
50	78	74	7.805086e+04
50	78	75	3.007280e+05
50	78	76	5.430765e+03
50	79	37	4.447660e+02
50	79	38	1.436087e+02
50	79	39	6.499988e+03
50	79	56	1.572649e+03
50	79	57	1.884284e+03
50	79	58	-2.367940e+04
50	79	59	-1.965201e+05
50	79	61	4.691053e+04
50	79	62	2.702536e+04
50	79	63	8.918783e+05
50	79	64	4.474440e+05
50	79	65	3.004604e+06
50	79	66	6.780309e+06
50	79	67	1.067619e+07
50	79	68	1.072150e+07
50	79	69	3.652363e+06
50	79	70	9.110142e+05
50	79	71	1.796967e+05
50	79	72	9.255838e+04
50	79	73	7.951190e+05
50	79	74	1.605104e+05
50	79	75	6.374921e+05
50	79	76	1.046926e+05
50	80	37	4.123829e+03
50	80	38	1.331526e+03
50	80	39	6.026729e+04
50	80	56	2.194441e+04
50	80	57	1.155998e+05
50	80	58	5.216053e+05
50	80	61	2.816419e+03
50	80	62	6.234339e+04
50	80	63	1.581002e+05
50	80	64	1.207296e+06
50	80	65	2.025975e+06
50	80	66	3.266749e+06
50	80	67	8.535057e+06
50	80	68	9.131626e+06
50	80	69	2.511165e+06
50	80	70	1.396970e+06
50	80	71	4.630328e+05
50	80	72	4.063513e+05
50	80	73	1.469151e+06
50	80	74	4.441394e+04
50	80	75	1.413359e+04
50	80	76	4.304153e+04
50	80	77	2.133881e+04
50	81	56	7.051439e+03
50	81	57	3.714589e+04
50	81	58	1.676084e+05
50	81	62	5.904211e+04
50	81	63	1.282040e+06
50	81	64	1.400282e+06
50	81	65	1.646852e+05
50	81	66	1.951789e+06
50	81	67	3.114381e+06
50	81	68	2.604642e+06
50	81	69	1.312708e+05
50	81	70	3.552510e+05
50	81	71	1.157187e+05
50	81	72	8.182441e+04
50	81	73	2.242722e+04
50	81	74	-2.950760e+04
50	81	75	3.352606e+04
50	81	76	8.536711e+04
50	81	77	6.358725e+05
50	82	62	1.271244e+04
50	82	63	2.672987e+05
50	82	64	1.145412e+05
50	82	65	2.475728e+05
50	82	66	5.981774e+05
50	82	67	1.980867e+06
50	82	68	2.798884e+06
50	82	69	1.330380e+06
50	82	70	2.058820e+05
50	82	71	1.042409e+05
50	82	72	4.840756e+04
50	82	73	2.698959e+05
50	82	74	5.353194e+05
50	82	75	1.562818e+04
50	82	76	3.979391e+04
50	82	77	2.964122e+05
50	83	59	1.076075e+04
50	83	60	8.217548e+03
50	83	61	1.670469e+05
50	83	62	2.817626e+03
50	83	63	4.677719e+05
50	83	64	6.350689e+05
50	83	65	6.289640e+04
50	83	66	3.773956e+05
50	83	67	4.706731e+05
50	83	68	4.298779e+04
50	83	69	2.781898e+05
50	83	70	1.769155e+05
50	83	71	-1.333548e+05
50	83	72	-5.528001e+04
50	84	59	6.550831e+04
50	84	60	5.002602e+04
50	84	61	1.016933e+06
50	84	62	1.943270e+03
50	84	63	3.227539e+05
50	84	64	4.370915e+05
50	84	65	1.248422e+05
50	84	66	1.651856e+05
50	84	67	1.606774e+06
50	84	68	-1.912694e+05
50	84	69	-1.857753e+05
50	84	70	4.661815e+04
50	84	71	1.031244e+06
50	84	72	4.229531e+05
50	85	59	1.107688e+04
50	85	60	8.458958e+03
50	85	61	1.719543e+05
50	85	63	4.793374e+04
50	85	64	-6.223948e+04
50	85	65	5.619522e+05
50	85	66	-7.356506e+04
50	85	67	3.576153e+05
50	85	68	7.838929e+03
50	85	69	4.462937e+03
50	85	70	1.885798e+02
50	86	63	3.852690e+04
50	86	64	-5.002518e+04
50	86	65	4.206865e+05
50	86	68	1.532544e+01
50	86	69	2.084795e+02
50	86	70	6.596898e+01
50	87	65	9.987351e+02
50	87	66	8.728748e+03
50	87	67	2.940792e+04
50	87	68	6.427216e+02
50	87	69	8.743261e+03
50	87	70	2.766622e+03
50	87	72	4.485039e-02
50	87	73	4.249739e+00
50	87	74	2.789941e+00
50	88	65	1.580588e+04
50	88	66	1.381402e+05
50	88	67	4.654066e+05
50	88	72	1.216371e+02
50	88	73	1.152557e+04
50	88	74	7.566498e+03
50	89	60	9.406191e+01
50	89	61	2.502965e+03
50	89	62	1.114052e+03
50	89	65	5.463448e+03
50	89	66	4.774946e+04
50	89	67	1.608721e+05
50	89	72	1.126031e+02
50	89	73	1.066956e+04
50	89	74	7.004534e+03
50	90	60	1.518473e+04
50	90	61	4.040619e+05
50	90	62	1.798451e+05
50	91	60	1.101848e+04
50	91	61	2.931990e+05
50	91	62	1.305009e+05
50	98	50	2.932193e-02
50	98	51	1.148629e-01
50	98	52	6.285921e-01
50	99	50	5.492136e+01
50	99	51	2.151436e+02
50	99	52	1.177383e+03
50	100	50	5.004649e+01
50	100	51	1.960472e+02
50	100	52	1.072877e+03
51	62	82	2.000734e+01
51	62	83	1.098077e+03
51	62	84	6.292543e+02
51	63	82	1.875579e+02
51	63	83	1.029387e+04
51	63	84	5.898915e+03
51	64	82	6.091314e+02
51	64	83	3.343138e+04
51	64	84	1.915789e+04
51	70	61	5.274473e+02
51	70	62	4.029371e+03
51	70	63	1.186235e+03
51	70	64	2.240074e+03
51	70	65	4.015907e+02
51	70	66	1.201868e+01
51	70	67	1.171192e+02
51	70	68	2.962413e+01
51	71	61	2.277587e+04
51	71	62	1.739936e+05
51	71	63	1.185598e+05
51	71	64	5.321217e+05
51	71	65	1.071133e+05
51	71	66	1.185260e+04
51	71	67	1.743535e+04
51	71	68	4.435312e+03
51	71	69	7.996164e+03
51	71	70	9.324236e+04
51	71	71	2.736573e+04
51	71	76	1.801308e+03
51	71	77	2.649128e+04
51	71	78	8.781312e+03
51	72	60	3.873583e+00
51	72	61	4.084591e+04
51	72	62	3.117393e+05
51	72	63	1.315403e+05
51	72	64	4.067042e+05
51	72	65	4.950668e+05
51	72	66	3.313566e+05
51	72	67	4.397871e+04
51	72	68	1.216975e+04
51	72	69	-5.209585e+03
51	72	70	-8.082795e+04
51	72	71	-2.515607e+04
51	72	76	1.533922e+04
51	72	77	2.255892e+05
51	72	78	7.477815e+04
51	73	57	3.148876e+01
51	73	58	1.605339e+01
51	73	59	4.724451e+02
51	73	60	9.331065e+02
51	73	61	1.158177e+04
51	73	62	-2.635696e+02
51	73	63	4.693945e+04
51	73	64	-2.205338e+04
51	73	65	5.343771e+05
51	73	66	1.717830e+05
51	73	67	3.760821e+05
51	73	68	1.093112e+05
51	73	69	9.907876e+04
51	73	70	1.114839e+06
51	73	71	3.243020e+05
51	73	73	6.533582e+03
51	73	74	8.235889e+04
51	73	75	2.485353e+04
51	73	76	5.239907e+04
51	73	77	7.706170e+05
51	73	78	2.554436e+05
51	74	57	3.355090e+04
51	74	58	1.710470e+04
51	74	59	5.033846e+05
51	74	60	1.202196e+03
51	74	61	3.345711e+04
51	74	62	-2.912078e+04
51	74	63	3.110804e+05
51	74	64	-7.675391e+04
51	74	65	1.241277e+06
51	74	66	1.711764e+05
51	74	67	6.546868e+05
51	74	68	1.173110e+06
51	74	69	1.552738e+05
51	74	70	5.509830e+04
51	74	73	4.523934e+04
51	74	74	5.702633e+05
51	74	75	1.720890e+05
51	75	57	3.788850e+04
51	75	58	1.931607e+04
51	75	59	5.684644e+05
51	75	61	6.164773e+04
51	75	62	-9.572481e+04
51	75	63	6.324602e+05
51	75	64	7.500031e+02
51	75	65	1.672936e+04
51	75	66	5.996639e+04
51	75	67	2.499168e+06
51	75	68	3.238001e+06
51	75	69	1.502440e+06
51	75	70	5.938530e+05
51	75	71	5.786713e+04
51	75	73	1.016076e+04
51	75	74	1.493171e+05
51	75	75	1.168485e+05
51	76	61	-4.594636e+02
51	76	62	-5.514121e+03
51	76	63	1.885633e+03
51	76	64	6.960316e+04
51	76	65	9.305895e+05
51	76	66	1.994805e+06
51	76	67	5.197022e+05
51	76	68	3.037461e+06
51	76	69	1.011162e+06
51	76	70	1.183047e+05
51	76	71	6.099595e+04
51	76	72	1.725794e+04
51	76	73	2.229768e+04
51	76	74	3.237947e+05
51	76	75	6.738010e+05
51	77	57	2.096124e+02
51	77	58	1.999785e+03
51	77	59	6.436225e+03
51	77	61	-3.221235e+03
51	77	62	-5.956126e+04
51	77	63	1.084938e+05
51	77	64	2.225828e+05
51	77	65	1.994521e+06
51	77	66	5.715743e+06
51	77	67	9.301804e+06
51	77	68	5.837765e+06
51	77	69	3.470381e+06
51	77	70	2.289980e+06
51	77	71	9.508690e+05
51	77	72	3.287357e+05
51	77	73	1.947355e+05
51	77	74	7.382360e+04
51	77	75	1.537942e+05
51	78	37	9.433338e+02
51	78	38	3.045892e+02
51	78	39	1.378626e+04
51	78	57	2.212942e+04
51	78	58	2.111234e+05
51	78	59	6.794920e+05
51	78	61	3.767290e+03
51	78	62	-1.089968e+05
51	78	63	3.314366e+05
51	78	64	2.052968e+06
51	78	65	4.057247e+06
51	78	66	1.102904e+07
51	78	67	1.919210e+07
51	78	68	1.690203e+07
51	78	69	8.778682e+06
51	78	70	2.266966e+06
51	78	71	3.092727e+05
51	78	72	1.284508e+06
51	78	73	7.639939e+05
51	78	74	5.872256e+04
51	78	75	2.290938e+05
51	78	76	4.080537e+04
51	79	37	1.809968e+03
51	79	38	5.844132e+02
51	79	39	2.645159e+04
51	79	57	3.233322e+04
51	79	58	3.084717e+05
51	79	59	9.928033e+05
51	79	60	2.671979e+01
51	79	61	2.164457e+04
51	79	62	3.568183e+05
51	79	63	5.017720e+05
51	79	64	3.889495e+06
51	79	65	7.751048e+06
51	79	66	2.346617e+07
51	79	67	3.397484e+07
51	79	68	2.537287e+07
51	79	69	1.012986e+07
51	79	70	2.593822e+06
51	79	71	5.249497e+05
51	79	72	1.944482e+05
51	79	73	4.121555e+05
51	79	74	1.392637e+05
51	79	75	6.981914e+05
51	79	76	7.866332e+05
51	80	28	5.851257e+01
51	80	29	1.337512e+02
51	80	30	1.081444e+03
51	80	37	1.678185e+04
51	80	38	5.418625e+03
51	80	39	2.452567e+05
51	80	59	3.215663e+01
51	80	60	3.954651e+03
51	80	61	5.177194e+04
51	80	62	9.027568e+05
51	80	63	3.778125e+05
51	80	64	2.298513e+06
51	80	65	4.220923e+06
51	80	66	1.135079e+07
51	80	67	1.920222e+07
51	80	68	1.311654e+07
51	80	69	4.391272e+06
51	80	70	6.503456e+05
51	80	71	-1.558525e+05
51	80	72	7.524197e+05
51	80	73	1.385504e+06
51	80	74	1.062427e+04
51	80	75	1.058208e+05
51	80	76	3.018777e+05
51	81	28	3.658804e+02
51	81	29	8.363489e+02
51	81	30	6.762292e+03
51	81	59	5.217956e+02
51	81	60	6.189967e+04
51	81	61	6.511631e+04
51	81	62	1.095284e+05
51	81	63	5.894193e+05
51	81	64	9.473306e+05
51	81	65	9.728373e+05
51	81	66	4.834884e+06
51	81	67	6.594824e+06
51	81	68	4.808458e+06
51	81	69	2.543150e+06
51	81	70	9.592375e+05
51	81	71	1.784397e+04
51	81	72	1.807407e+05
51	81	73	1.330220e+05
51	82	28	1.487421e+03
51	82	29	3.400026e+03
51	82	30	2.749088e+04
51	82	59	1.828872e+02
51	82	60	2.144804e+04
51	82	61	1.470537e+04
51	82	64	3.200752e+01
51	82	65	7.591811e+04
51	82	66	5.062418e+05
51	82	67	2.017636e+06
51	82	68	1.771258e+06
51	82	69	2.270855e+05
51	82	70	7.134543e+05
51	82	71	5.031944e+05
51	82	72	-7.373494e+03
51	82	73	1.365152e+05
51	82	82	3.572143e+01
51	82	83	1.250149e+02
51	82	84	7.393455e+02
51	83	57	3.549964e-03
51	83	58	1.666547e-01
51	83	59	2.745837e+03
51	83	60	2.096661e+03
51	83	61	4.262108e+04
51	83	65	1.031075e+02
51	83	66	6.798717e+04
51	83	67	2.521941e+05
51	83	68	5.579447e+05
51	83	69	1.544512e+05
51	83	70	9.357037e+04
51	83	71	3.933703e+04
51	83	72	-1.831364e+04
51	83	82	1.314888e+03
51	83	83	4.601734e+03
51	83	84	2.721493e+04
51	84	57	5.265734e+00
51	84	58	2.472023e+02
51	84	59	1.714699e+04
51	84	60	1.276386e+04
51	84	61	2.594646e+05
51	84	63	1.706005e+02
51	84	64	-1.628153e+02
51	84	65	5.415227e+03
51	84	66	8.264264e+04
51	84	67	9.337103e+04
51	84	68	9.036535e+05
51	84	69	9.058674e+05
51	84	70	1.668999e+04
51	84	71	3.692008e+05
51	84	72	1.514235e+05
51	84	82	2.466472e+03
51	84	83	8.631951e+03
51	84	84	5.104988e+04
51	85	57	5.838028e+00
51	85	58	2.740689e+02
51	85	59	3.306172e+03
51	85	60	2.158255e+03
51	85	61	4.387317e+04
51	85	63	5.869201e+04
51	85	64	-7.589021e+04
51	85	65	6.594013e+05
51	85	66	1.079319e+04
51	85	67	1.485255e+04
51	85	68	5.255825e+05
51	85	69	3.139870e+05
51	85	70	1.749017e+04
51	86	63	4.717389e+04
51	86	64	-5.984217e+04
51	86	65	5.972030e+05
51	86	66	4.782989e+04
51	86	68	1.421385e+03
51	86	69	1.933581e+04
51	86	70	6.118410e+03
51	87	65	1.340198e+03
51	87	66	1.171307e+04
51	87	67	3.946234e+04
51	87	68	5.961036e+04
51	87	69	8.109093e+05
51	87	70	2.565953e+05
51	87	72	1.623436e+00
51	87	73	1.538266e+02
51	87	74	1.009867e+02
51	88	65	2.120983e+04
51	88	66	1.853697e+05
51	88	67	6.245268e+05
51	88	72	4.402864e+03
51	88	73	4.171875e+05
51	88	74	2.738823e+05
51	89	65	7.331374e+03
51	89	66	6.407477e+04
51	89	67	2.158735e+05
51	89	72	4.075863e+03
51	89	73	3.862030e+05
51	89	74	2.535411e+05
51	93	88	2.921836e+01
51	93	89	3.177530e+02
51	93	90	8.693595e+01
51	94	88	2.011715e+02
51	94	89	2.187763e+03
51	94	90	5.985633e+02
51	95	88	7.731571e+02
51	95	89	8.408170e+03
51	95	90	2.300442e+03
51	98	50	9.665758e+00
51	98	51	3.786369e+01
51	98	52	2.072107e+02
51	99	50	1.810442e+04
51	99	51	7.092048e+04
51	99	52	3.881154e+05
51	100	50	1.649745e+04
51	100	51	6.462551e+04
51	100	52	3.536659e+05
52	62	82	3.989067e+02
52	62	83	2.189347e+04
52	62	84	1.254608e+04
52	63	82	3.739531e+03
52	63	83	2.052393e+05
52	63	84	1.176126e+05
52	64	82	1.214487e+04
52	64	83	6.665553e+05
52	64	84	3.819703e+05
52	68	57	6.246617e-01
52	68	58	3.365797e+00
52	68	59	1.497510e+01
52	69	57	1.298089e+02
52	69	58	6.994352e+02
52	69	59	3.111927e+03
52	70	57	1.704599e+02
52	70	58	9.184703e+02
52	70	59	4.086458e+03
52	70	62	8.319761e+02
52	70	63	-1.169642e+03
52	70	64	9.667046e+03
52	70	65	2.465980e+02
52	70	66	9.188494e+01
52	70	67	8.953972e+02
52	70	68	2.264818e+02
52	71	62	-1.015539e+02
52	71	63	5.070351e+04
52	71	64	3.257439e+05
52	71	65	6.922947e+04
52	71	66	2.282594e+04
52	71	67	1.332964e+05
52	71	68	3.452627e+04
52	71	69	1.855964e+04
52	71	70	6.086960e+04
52	71	71	6.756912e+03
52	71	76	6.802630e+02
52	71	77	1.000442e+04
52	71	78	3.316258e+03
52	72	60	1.676421e+02
52	72	61	1.750512e+03
52	72	62	1.183338e+04
52	72	63	1.993745e+04
52	72	64	3.648224e+05
52	72	65	3.914790e+05
52	72	66	3.175289e+05
52	72	67	1.984458e+05
52	72	68	5.349877e+04
52	72	69	5.173959e+04
52	72	70	1.010457e+05
52	72	71	-6.211321e+03
52	72	76	5.792848e+03
52	72	77	8.519364e+04
52	72	78	2.823993e+04
52	73	57	2.297393e+01
52	73	58	1.171242e+01
52	73	59	3.446919e+02
52	73	60	4.038326e+04
52	73	61	4.216804e+05
52	73	62	1.121301e+05
52	73	64	2.380481e+02
52	73	65	1.777432e+05
52	73	66	1.413538e+05
52	73	67	3.057837e+05
52	73	68	8.502233e+04
52	73	69	3.587370e+05
52	73	70	1.038065e+06
52	73	71	8.007387e+04
52	73	76	1.978848e+04
52	73	77	2.910231e+05
52	73	78	9.646815e+04
52	74	57	2.447844e+04
52	74	58	1.247944e+04
52	74	59	3.672651e+05
52	74	60	5.202900e+04
52	74	61	5.432848e+05
52	74	62	1.444663e+05
52	74	64	6.566368e+00
52	74	65	4.386891e+03
52	74	66	1.120728e+05
52	74	67	3.705073e+05
52	74	68	7.933533e+05
52	75	57	2.764312e+04
52	75	58	1.409283e+04
52	75	59	4.147467e+05
52	75	63	1.912450e+00
52	75	64	4.762397e+02
52	75	65	1.184311e+05
52	75	66	-3.804638e+04
52	75	67	2.008456e+06
52	75	68	1.352921e+06
52	75	69	6.542016e+04
52	75	70	7.346677e+04
52	75	71	5.963468e+03
52	75	73	7.289820e+02
52	75	74	1.939916e+04
52	75	75	4.036942e+04
52	76	61	2.433685e+03
52	76	62	6.026926e+04
52	76	63	1.152535e+04
52	76	64	2.203436e+05
52	76	65	6.596260e+05
52	76	66	1.022409e+06
52	76	67	1.131053e+06
52	76	68	2.106151e+06
52	76	69	1.124352e+06
52	76	70	-2.808727e+03
52	76	71	-1.136057e+04
52	76	72	3.160934e+03
52	76	73	9.409076e+03
52	76	74	1.563700e+05
52	76	75	3.239561e+05
52	77	61	2.301730e+04
52	77	62	3.422524e+05
52	77	63	4.215332e+05
52	77	64	1.059044e+05
52	77	65	2.218745e+06
52	77	66	6.875486e+06
52	77	67	1.025224e+07
52	77	68	5.324090e+06
52	77	69	3.212959e+06
52	77	70	1.082432e+06
52	77	71	3.299119e+05
52	77	72	1.178989e+05
52	77	73	5.186214e+05
52	77	74	2.194279e+05
52	77	75	7.037804e+04
52	78	37	5.031339e+03
52	78	38	1.624549e+03
52	78	39	7.352999e+04
52	78	61	1.072325e+05
52	78	62	1.692199e+06
52	78	63	2.025338e+06
52	78	64	4.143149e+06
52	78	65	7.594360e+06
52	78	66	1.781850e+07
52	78	67	2.245734e+07
52	78	68	1.057373e+07
52	78	69	8.112452e+06
52	78	70	3.608490e+06
52	78	71	1.082811e+06
52	78	72	6.061561e+05
52	78	73	6.312641e+05
52	78	74	1.450586e+05
52	78	75	2.779697e+03
52	78	76	8.551603e+03
52	79	37	9.653594e+03
52	79	38	3.117010e+03
52	79	39	1.410815e+05
52	79	60	4.336731e+02
52	79	61	2.653892e+04
52	79	62	3.527786e+05
52	79	63	1.492418e+06
52	79	64	4.111939e+06
52	79	65	1.243089e+07
52	79	66	3.272451e+07
52	79	67	4.096631e+07
52	79	68	2.055498e+07
52	79	69	1.119719e+07
52	79	70	3.666369e+06
52	79	71	1.313503e+06
52	79	72	2.656027e+05
52	79	73	7.312226e+04
52	79	74	8.050112e+04
52	79	75	5.651123e+05
52	79	76	1.657555e+05
52	80	28	7.424345e+02
52	80	29	1.697097e+03
52	80	30	1.372186e+04
52	80	37	8.950723e+04
52	80	38	2.890063e+04
52	80	39	1.308094e+06
52	80	59	-9.453354e+00
52	80	60	1.869523e+03
52	80	61	1.115573e+05
52	80	62	5.951894e+05
52	80	63	2.294002e+05
52	80	64	2.757867e+06
52	80	65	8.491779e+06
52	80	66	1.529546e+07
52	80	67	2.655556e+07
52	80	68	1.883002e+07
52	80	69	5.949773e+06
52	80	70	8.577323e+05
52	80	71	1.768921e+06
52	80	72	4.576425e+05
52	80	73	1.139912e+05
52	80	74	8.207715e+04
52	80	75	5.607775e+05
52	80	76	7.085781e+04
52	81	28	4.642459e+03
52	81	29	1.061198e+04
52	81	30	8.580308e+04
52	81	59	-1.533966e+02
52	81	60	-6.526607e+03
52	81	61	3.635691e+05
52	81	62	9.036204e+05
52	81	63	1.067134e+06
52	81	64	4.387941e+05
52	81	65	2.953623e+06
52	81	66	2.979959e+06
52	81	67	5.874318e+06
52	81	68	6.602940e+06
52	81	69	4.398967e+06
52	81	70	4.618776e+05
52	81	71	7.406305e+05
52	81	72	2.312100e+05
52	81	73	1.113003e+05
52	82	28	1.887308e+04
52	82	29	4.314110e+04
52	82	30	3.488170e+05
52	82	59	-5.376490e+01
52	82	60	-6.305262e+03
52	82	61	-4.323061e+03
52	82	62	2.952674e+02
52	82	63	2.430002e+04
52	82	64	4.025786e+04
52	82	65	2.499581e+05
52	82	66	4.955817e+05
52	82	67	5.681580e+05
52	82	68	1.988403e+06
52	82	69	8.417538e+05
52	82	70	-2.966010e+04
52	82	71	9.593829e+05
52	82	72	-2.674392e+04
52	82	73	1.429931e+06
52	82	74	2.265274e+02
52	82	82	5.420789e+02
52	82	83	1.897122e+03
52	82	84	1.121969e+04
52	83	57	2.318819e+00
52	83	58	1.088580e+02
52	83	59	1.906401e+02
52	83	64	8.088907e-05
52	83	65	7.564247e+02
52	83	66	7.789565e+02
52	83	67	2.623784e+03
52	83	68	7.463042e+04
52	83	69	3.712927e+04
52	83	70	6.792985e+04
52	83	71	3.432295e+05
52	83	72	1.231794e+05
52	83	73	-8.551404e+02
52	83	74	-3.918662e+02
52	83	82	1.995365e+04
52	83	83	6.983210e+04
52	83	84	4.129913e+05
52	84	57	3.439551e+03
52	84	58	1.614713e+05
52	84	59	2.827803e+05
52	84	61	7.174783e+01
52	84	62	2.959230e+03
52	84	63	1.552490e+03
52	84	64	5.350407e+02
52	84	65	3.135068e+04
52	84	66	1.851549e+04
52	84	67	1.206677e+03
52	84	68	-8.823715e+04
52	84	69	-4.371185e+04
52	84	70	6.319978e+03
52	84	71	1.129738e+03
52	84	72	5.811586e+02
52	84	73	8.550914e+03
52	84	74	2.215005e+03
52	84	82	3.742913e+04
52	84	83	1.309913e+05
52	84	84	7.746907e+05
52	85	57	3.813370e+03
52	85	58	1.790204e+05
52	85	59	3.135136e+05
52	85	61	1.940362e+03
52	85	62	8.002999e+04
52	85	63	4.198583e+04
52	85	64	2.901526e+03
52	85	65	1.688590e+05
52	85	66	9.837718e+04
52	85	67	2.383097e+04
52	85	68	8.394347e+05
52	85	69	4.531723e+05
52	85	70	3.456861e+04
52	85	71	6.748078e+03
52	85	72	3.320436e+01
52	85	73	4.160663e+02
52	86	61	8.695236e+02
52	86	62	3.586338e+04
52	86	63	1.881487e+04
52	86	64	1.285808e+04
52	86	65	7.482969e+05
52	86	66	4.359573e+05
52	86	68	9.288236e+02
52	86	69	1.299581e+04
52	86	70	8.284499e+03
52	86	71	1.245384e+03
52	87	62	6.154760e+00
52	87	63	1.082299e+01
52	87	64	1.076101e+02
52	87	68	3.895321e+04
52	87	69	5.298999e+05
52	87	70	1.676757e+05
52	87	72	8.142048e-01
52	87	73	7.714891e+01
52	87	74	5.064802e+01
52	88	62	3.254558e+03
52	88	63	5.723058e+03
52	88	64	5.690284e+04
52	88	72	2.208176e+03
52	88	73	2.092328e+05
52	88	74	1.373607e+05
52	89	62	2.729914e+03
52	89	63	4.800484e+03
52	89	64	4.772994e+04
52	89	72	2.044175e+03
52	89	73	1.936931e+05
52	89	74	1.271589e+05
52	93	88	1.465101e+03
52	93	89	1.593314e+04
52	93	90	4.359244e+03
52	94	88	1.008738e+04
52	94	89	1.097014e+05
52	94	90	3.001386e+04
52	95	88	3.876855e+04
52	95	89	4.216123e+05
52	95	90	1.153515e+05
52	98	50	1.201016e+01
52	98	51	4.704743e+01
52	98	52	2.574692e+02
52	99	50	2.249560e+04
52	99	51	8.812206e+04
52	99	52	4.822518e+05
52	100	50	2.049887e+04
52	100	51	8.030026e+04
52	100	52	4.394467e+05
53	62	82	1.556682e+02
53	62	83	8.543648e+03
53	62	84	4.895947e+03
53	63	82	1.459304e+03
53	63	83	8.009202e+04
53	63	84	4.589682e+04
53	64	82	4.739379e+03
53	64	83	2.601147e+05
53	64	84	1.490590e+05
53	65	26	1.534008e+02
53	65	27	2.875375e+03
53	65	28	1.087908e+03
53	66	26	2.763219e+03
53	66	27	5.179434e+04
53	66	28	1.959656e+04
53	67	26	1.024267e+03
53	67	27	1.919907e+04
53	67	28	7.264030e+03
53	68	57	8.201017e+01
53	68	58	4.418865e+02
53	68	59	1.966041e+03
53	69	57	1.704357e+04
53	69	58	9.215036e+04
53	69	59	4.089717e+05
53	70	57	2.239402e+04
53	70	58	1.242611e+05
53	70	59	5.412203e+05
53	70	62	8.866111e+02
53	70	63	-1.473164e+03
53	70	64	8.836017e+03
53	70	66	3.328688e+02
53	70	67	3.243728e+03
53	70	68	8.204687e+02
53	71	57	4.365927e+01
53	71	58	1.084498e+04
53	71	59	1.391957e+04
53	71	62	-1.082229e+02
53	71	63	2.873945e+02
53	71	64	1.415958e+03
53	71	65	5.449587e+03
53	71	66	4.955365e+04
53	71	67	4.828888e+05
53	71	68	1.225308e+05
53	71	69	8.022820e+03
53	71	70	1.830776e+04
53	72	60	8.935208e+01
53	72	61	9.330109e+02
53	72	62	1.236251e+04
53	72	63	-2.024721e+04
53	72	64	1.179899e+05
53	72	65	-5.992464e+03
53	72	66	6.829216e+04
53	72	67	6.654911e+05
53	72	68	1.695728e+05
53	72	69	2.565027e+04
53	72	70	5.853292e+04
53	73	60	2.152400e+04
53	73	61	2.247528e+05
53	73	62	5.976459e+04
53	73	63	1.227920e+03
53	73	64	2.847376e+04
53	73	65	6.220462e+04
53	73	66	5.213535e+02
53	73	67	4.707318e+03
53	73	68	8.963121e+03
53	73	69	1.616984e+05
53	73	70	3.689894e+05
53	74	60	2.773110e+04
53	74	61	2.895670e+05
53	74	62	7.699952e+04
53	74	66	7.580476e+03
53	74	67	6.844436e+04
53	74	68	1.634255e+04
53	74	69	9.056443e+02
53	74	70	-4.273434e+02
53	74	71	1.167210e+04
53	75	63	1.459566e+02
53	75	64	2.288975e+03
53	75	65	9.115012e+04
53	75	66	1.575819e+05
53	75	67	3.540453e+05
53	75	68	1.771428e+05
53	75	69	2.776570e+04
53	75	70	1.298987e+05
53	75	71	2.325237e+05
53	76	62	-3.832387e-01
53	76	63	2.087606e+04
53	76	64	9.049207e+04
53	76	65	9.597787e+05
53	76	66	7.522666e+05
53	76	67	2.100024e+06
53	76	68	8.877512e+05
53	76	69	3.402725e+05
53	76	70	-2.622265e+05
53	76	71	-1.051376e+05
53	76	72	5.877875e+01
53	76	73	1.208944e+03
53	76	74	4.789921e+02
53	77	62	5.088770e+03
53	77	63	6.913888e+03
53	77	64	1.032076e+05
53	77	65	2.690391e+06
53	77	66	4.373718e+06
53	77	67	8.353642e+06
53	77	68	5.623295e+06
53	77	69	1.363440e+06
53	77	70	1.645755e+06
53	77	71	1.257439e+06
53	77	72	2.490087e+04
53	77	73	3.224534e+05
53	77	74	1.277584e+05
53	78	62	-6.269346e+02
53	78	63	5.794870e+04
53	78	64	1.364020e+05
53	78	65	3.969585e+06
53	78	66	8.011245e+06
53	78	67	1.328738e+07
53	78	68	5.560508e+06
53	78	69	2.692890e+06
53	78	70	2.900052e+06
53	78	71	1.336890e+06
53	78	72	1.351250e+05
53	78	73	2.514999e+05
53	78	74	1.007742e+05
53	78	75	-1.936899e+03
53	78	76	1.080281e+04
53	79	60	1.520199e+02
53	79	61	4.985178e+03
53	79	62	1.294740e+05
53	79	63	1.004970e+06
53	79	64	2.123711e+06
53	79	65	6.300561e+06
53	79	66	1.857200e+07
53	79	67	2.451540e+07
53	79	68	1.198287e+07
53	79	69	3.762031e+06
53	79	70	1.486451e+06
53	79	71	3.610186e+05
53	79	72	4.814781e+04
53	79	73	1.591639e+04
53	79	74	7.303172e+04
53	79	75	2.616725e+05
53	79	76	2.662563e+05
53	80	28	2.079064e+03
53	80	29	4.752437e+03
53	80	30	3.842578e+04
53	80	59	4.272335e+02
53	80	60	5.114764e+04
53	80	61	6.858716e+04
53	80	62	1.279038e+05
53	80	63	1.249343e+05
53	80	64	1.511113e+06
53	80	65	4.294307e+06
53	80	66	7.399422e+06
53	80	67	1.594963e+07
53	80	68	1.448424e+07
53	80	69	4.733805e+06
53	80	70	4.169480e+05
53	80	71	1.247191e+04
53	80	72	7.292515e+02
53	80	73	3.977907e+04
53	80	74	1.069959e+05
53	80	75	2.231677e+05
53	80	76	5.690822e+05
53	81	28	1.300044e+04
53	81	29	2.971709e+04
53	81	30	2.402773e+05
53	81	59	6.932585e+03
53	81	60	8.170349e+05
53	81	61	6.891959e+05
53	81	62	2.558105e+05
53	81	63	3.195106e+03
53	81	64	-6.056908e+04
53	81	65	8.028750e+05
53	81	66	1.684247e+06
53	81	67	4.773898e+06
53	81	68	4.749078e+06
53	81	69	3.231467e+06
53	81	70	1.037206e+06
53	81	71	2.164975e+05
53	81	72	-5.634198e+02
53	81	73	2.965180e+04
53	82	28	5.285093e+04
53	82	29	1.208095e+05
53	82	30	9.768039e+05
53	82	59	2.429843e+03
53	82	60	2.849591e+05
53	82	61	1.953758e+05
53	82	62	-1.635439e+02
53	82	63	-1.345940e+04
53	82	64	-1.869465e+04
53	82	65	4.593459e+05
53	82	66	7.477741e+05
53	82	67	3.767527e+05
53	82	68	5.496758e+05
53	82	69	9.051600e+05
53	82	70	2.524987e+06
53	82	71	5.459416e+05
53	82	72	8.344628e+04
53	82	73	4.744919e+05
53	82	74	3.212376e+04
53	82	82	1.829735e+02
53	82	83	6.403552e+02
53	82	84	3.787099e+03
53	83	57	2.707416e+00
53	83	58	1.271009e+02
53	83	59	2.225883e+02
53	83	64	1.100111e-02
53	83	65	1.054463e+05
53	83	66	1.110977e+05
53	83	67	1.148000e+05
53	83	68	-3.588687e+03
53	83	69	8.919880e+03
53	83	70	-2.067326e+05
53	83	71	1.938199e+05
53	83	72	7.641401e+04
53	83	73	-5.968976e+04
53	83	74	-5.557040e+04
53	83	82	6.735160e+03
53	83	83	2.357115e+04
53	83	84	1.394012e+05
53	84	57	4.015965e+03
53	84	58	1.885314e+05
53	84	59	3.301698e+05
53	84	61	5.941494e+02
53	84	62	2.450561e+04
53	84	63	1.285629e+04
53	84	64	1.286862e+02
53	84	65	5.574563e+04
53	84	66	8.922426e+04
53	84	67	8.437255e+05
53	84	68	7.745801e+04
53	84	69	-3.173925e+04
53	84	70	1.098580e+06
53	84	71	7.671424e+04
53	84	72	1.183049e+05
53	84	73	1.659205e+06
53	84	74	3.141091e+05
53	84	82	1.263384e+04
53	84	83	4.421486e+04
53	84	84	2.614893e+05
53	85	57	4.452431e+03
53	85	58	2.090215e+05
53	85	59	3.660535e+05
53	85	61	1.606829e+04
53	85	62	6.627345e+05
53	85	63	3.476879e+05
53	85	64	6.978654e+02
53	85	65	4.061342e+04
53	85	66	2.366135e+04
53	85	69	6.218669e+04
53	85	70	7.392799e+05
53	85	71	2.236729e+05
53	85	72	1.171740e+04
53	85	73	1.479131e+05
53	86	61	7.200592e+03
53	86	62	2.969875e+05
53	86	63	1.558074e+05
53	86	64	3.092582e+03
53	86	65	1.799779e+05
53	86	66	1.048550e+05
53	86	69	1.151945e+04
53	86	70	1.369440e+05
53	86	71	4.006985e+04
53	86	72	3.365894e+03
53	86	73	9.824874e+02
53	87	62	7.544643e+01
53	87	63	1.326706e+02
53	87	64	1.319109e+03
53	88	62	3.989510e+04
53	88	63	7.015453e+04
53	88	64	6.975278e+05
53	89	62	3.346389e+04
53	89	63	5.884541e+04
53	89	64	5.850843e+05
53	93	88	2.521630e+03
53	93	89	2.742301e+04
53	93	90	7.502826e+03
53	94	88	1.736169e+04
53	94	89	1.888103e+05
53	94	90	5.165776e+04
53	95	88	6.672571e+04
53	95	89	7.256496e+05
53	95	90	1.985349e+05
54	65	26	2.133528e+03
54	65	27	3.999127e+04
54	65	28	1.513083e+04
54	66	26	3.843139e+04
54	66	27	7.203657e+05
54	66	28	2.725527e+05
54	67	26	1.424570e+04
54	67	27	2.670243e+05
54	67	28	1.010295e+05
54	68	57	5.742788e+01
54	68	58	3.094324e+02
54	68	59	1.376727e+03
54	69	57	1.195626e+04
54	69	58	6.985613e+04
54	69	59	2.932216e+05
54	70	57	1.592539e+04
54	70	58	1.476011e+05
54	70	59	4.567547e+05
54	70	62	1.342067e+04
54	70	63	-2.229934e+04
54	70	64	1.337511e+05
54	71	57	7.498496e+02
54	71	58	1.862629e+05
54	71	59	2.390691e+05
54	71	62	-1.638174e+03
54	71	63	4.437518e+03
54	71	64	2.345584e+04
54	71	65	8.690887e+04
54	71	72	5.161823e+00
54	71	73	-1.942202e+00
54	71	74	6.763495e+01
54	72	62	1.833763e+05
54	72	63	-3.065787e+05
54	72	64	1.783794e+06
54	72	65	-9.556655e+04
54	72	72	5.242174e+02
54	72	73	-1.972435e+02
54	72	74	6.868777e+03
54	73	63	1.958260e+04
54	73	64	4.540935e+05
54	73	65	9.920262e+05
54	73	66	1.570037e+02
54	73	67	1.604350e+03
54	73	68	6.066551e+02
54	73	72	3.492255e+02
54	73	73	-1.314006e+02
54	73	74	4.575873e+03
54	74	66	2.266820e+03
54	74	67	2.081542e+04
54	74	68	5.387020e+03
54	74	69	6.287423e+03
54	74	70	-2.966826e+03
54	74	71	8.103341e+04
54	75	63	2.274739e+02
54	75	64	1.520622e+03
54	75	65	4.817893e+04
54	75	66	7.950694e+04
54	75	67	1.726800e+05
54	75	68	1.549836e+05
54	75	69	1.481852e+05
54	75	70	-3.892781e+04
54	75	71	1.063242e+06
54	76	62	1.538631e+03
54	76	63	2.805949e+04
54	76	64	1.267979e+05
54	76	65	8.476479e+05
54	76	66	3.506859e+05
54	76	67	1.096426e+06
54	76	68	1.953996e+05
54	76	69	-8.954553e+03
54	76	70	-1.158161e+04
54	76	71	3.290466e+05
54	77	62	1.568080e+03
54	77	63	6.556395e+05
54	77	64	6.582177e+05
54	77	65	1.698481e+06
54	77	66	2.340267e+06
54	77	67	3.575520e+06
54	77	68	3.438765e+06
54	77	69	1.534128e+06
54	77	70	4.391870e+05
54	78	62	2.381739e+04
54	78	63	4.380677e+05
54	78	64	6.793951e+05
54	78	65	1.052412e+06
54	78	66	1.963373e+06
54	78	67	2.986676e+06
54	78	68	2.732341e+06
54	78	69	8.167195e+05
54	78	70	9.595300e+05
54	78	71	2.810643e+04
54	78	72	8.989262e+03
54	78	74	1.814061e+03
54	78	75	-3.229003e+03
54	78	76	1.748426e+04
54	79	63	4.933039e+04
54	79	64	2.215755e+05
54	79	65	1.893270e+06
54	79	66	4.797572e+06
54	79	67	1.371388e+07
54	79	68	5.916715e+06
54	79	69	7.363080e+05
54	79	70	3.545208e+05
54	79	71	2.477143e+05
54	79	72	8.664038e+04
54	79	74	4.471106e+04
54	79	75	-7.958506e+04
54	79	76	4.309335e+05
54	80	62	5.587695e+01
54	80	63	1.495647e+04
54	80	64	-6.962891e+04
54	80	65	1.756567e+06
54	80	66	1.996656e+06
54	80	67	8.208407e+06
54	80	68	7.369672e+06
54	80	69	1.354261e+06
54	80	70	2.115943e+05
54	80	71	-2.223787e+04
54	80	72	6.034759e+05
54	80	74	9.556309e+04
54	80	75	-1.701009e+05
54	80	76	9.210546e+05
54	81	62	5.637549e+03
54	81	63	5.017269e+05
54	81	64	1.600147e+06
54	81	65	8.734610e+05
54	81	66	1.404547e+06
54	81	67	1.375813e+06
54	81	68	1.157850e+06
54	81	69	8.691030e+05
54	81	70	1.176018e+06
54	81	71	1.596982e+05
54	81	72	3.717830e+05
54	82	62	3.750528e+03
54	82	63	3.093526e+05
54	82	64	5.118252e+05
54	82	65	4.504343e+05
54	82	66	6.237406e+05
54	82	67	8.858143e+05
54	82	68	2.381596e+06
54	82	69	8.591648e+05
54	82	70	5.049807e+05
54	82	71	9.125064e+04
54	82	72	4.267148e+03
54	82	73	6.653210e+04
54	82	74	2.280562e+04
54	83	64	1.538204e-02
54	83	65	1.433514e+05
54	83	66	1.636259e+05
54	83	67	1.441185e+05
54	83	68	3.227376e+05
54	83	69	1.515705e+04
54	83	70	-2.656461e+05
54	83	71	4.962147e+03
54	83	72	-7.876847e+02
54	83	73	-3.246706e+04
54	83	74	-3.945109e+04
54	84	61	1.324574e+02
54	84	62	5.463186e+03
54	84	63	2.866131e+03
54	84	65	3.683622e+04
54	84	66	6.477803e+04
54	84	67	6.440509e+05
54	84	68	9.578018e+04
54	84	69	-4.628452e+04
54	84	70	1.274779e+06
54	84	71	5.642885e+04
54	84	72	1.503409e+05
54	84	73	1.267464e+06
54	84	74	2.229954e+05
54	85	61	3.582203e+03
54	85	62	1.477475e+05
54	85	63	7.751221e+04
54	85	69	2.978421e+04
54	85	70	3.540768e+05
54	85	71	1.082760e+05
54	85	72	-1.162998e+04
54	85	73	1.131626e+05
54	86	61	1.605272e+03
54	86	62	6.620924e+04
54	86	63	3.473510e+04
54	86	69	5.517220e+03
54	86	70	6.558911e+04
54	86	71	8.592039e+04
54	86	72	8.005034e+05
54	86	73	2.336629e+05
54	87	62	2.236340e+01
54	87	63	3.932548e+01
54	87	64	3.910028e+02
54	88	62	1.182548e+04
54	88	63	2.079481e+04
54	88	64	2.067572e+05
54	89	62	9.919178e+03
54	89	63	1.744262e+04
54	89	64	1.734274e+05
55	65	26	6.842233e+02
55	65	27	1.282522e+04
55	65	28	4.852464e+03
55	66	26	1.232496e+04
55	66	27	2.310216e+05
55	66	28	8.740778e+04
55	67	26	4.568603e+03
55	67	27	8.563482e+04
55	67	28	3.240022e+04
55	69	57	5.486150e+01
55	69	58	1.362762e+04
55	69	59	1.749110e+04
55	70	57	6.239051e+02
55	70	58	1.549782e+05
55	70	59	1.989152e+05
55	71	57	1.839875e+03
55	71	58	4.570257e+05
55	71	59	5.865942e+05
55	71	63	5.955525e+02
55	71	64	1.381004e+04
55	71	65	3.016982e+04
55	71	72	5.231673e+02
55	71	73	-1.968485e+02
55	71	74	6.855019e+03
55	72	63	-6.548802e+02
55	72	64	-1.518577e+04
55	72	65	-3.317528e+04
55	72	67	7.111330e+00
55	72	68	2.767445e+02
55	72	69	1.423615e+02
55	72	72	5.313111e+04
55	72	73	-1.999105e+04
55	72	74	6.961746e+05
55	72	75	4.794339e-01
55	73	63	6.797967e+03
55	73	64	1.576355e+05
55	73	65	3.443751e+05
55	73	66	7.750164e+03
55	73	67	9.365827e+04
55	73	68	6.652254e+04
55	73	69	8.443612e+03
55	73	72	3.539513e+04
55	73	73	-1.331431e+04
55	73	74	4.638122e+05
55	73	75	7.917792e+00
55	74	66	1.106930e+05
55	74	67	1.043517e+06
55	74	68	3.280077e+05
55	74	69	1.513953e+04
55	74	70	-5.682826e+02
55	74	71	1.552160e+04
55	74	73	8.879072e+00
55	74	74	8.158833e+01
55	74	75	1.974555e+01
55	74	77	1.391536e-05
55	74	78	1.299070e+00
55	74	79	1.282160e+00
55	75	64	7.057967e+02
55	75	65	1.524823e+02
55	75	66	4.929084e+04
55	75	67	7.648985e+05
55	75	68	6.914157e+05
55	75	69	4.938387e+04
55	75	70	-2.128265e+01
55	75	71	2.036593e+05
55	75	77	1.437746e-02
55	75	78	1.342209e+03
55	75	79	1.324737e+03
55	76	62	1.077430e+04
55	76	63	-2.026980e+04
55	76	64	1.754673e+05
55	76	65	2.324435e+04
55	76	66	1.136714e+06
55	76	67	1.406043e+04
55	76	68	-9.319168e+03
55	76	69	9.255120e+04
55	76	70	7.389198e+04
55	76	71	6.302744e+04
55	76	77	1.626662e-02
55	76	78	1.518571e+03
55	76	79	1.498804e+03
55	77	62	6.521684e+03
55	77	63	-1.226931e+04
55	77	64	1.111889e+05
55	77	65	7.241810e+04
55	77	66	1.256315e+06
55	77	67	1.411220e+05
55	77	68	2.451450e+05
55	77	69	3.866303e+05
55	77	70	1.144534e+05
55	78	62	1.637732e+05
55	78	63	-2.969776e+05
55	78	64	1.525504e+06
55	78	65	1.612443e+05
55	78	66	1.333712e+05
55	78	67	3.069107e+05
55	78	68	3.626215e+05
55	78	69	7.510466e+04
55	78	70	9.956540e+04
55	78	71	8.976422e+04
55	78	72	3.240399e+04
55	79	63	8.887445e+04
55	79	64	4.684183e+04
55	79	65	1.137512e+06
55	79	66	1.178095e+05
55	79	67	7.904372e+05
55	79	68	1.075024e+06
55	79	69	2.654444e+05
55	79	70	-7.317064e+04
55	79	71	7.920222e+05
55	79	72	2.960678e+05
55	79	73	1.504850e+02
55	80	63	9.579418e+03
55	80	64	-1.659488e+05
55	80	65	2.299176e+05
55	80	66	8.363616e+03
55	80	67	1.012298e+06
55	80	68	7.544450e+05
55	80	69	7.797332e+05
55	80	70	1.525127e+05
55	80	71	5.947952e+04
55	80	72	8.233180e+05
55	80	73	2.112149e+03
55	81	63	4.962164e+04
55	81	64	1.455271e+06
55	81	65	7.050869e+05
55	81	66	3.493478e+05
55	81	67	6.882457e+05
55	81	68	4.034713e+05
55	81	69	8.813182e+05
55	81	70	7.153378e+05
55	81	71	-5.646705e+04
55	81	72	4.794059e+05
55	81	73	6.812733e+02
55	81	74	2.220061e+02
55	81	75	2.493142e+02
55	82	63	5.310629e+03
55	82	64	2.955118e+05
55	82	65	1.779849e+05
55	82	66	6.741486e+04
55	82	67	6.540317e+05
55	82	68	8.966455e+05
55	82	69	3.597940e+05
55	82	70	1.304696e+05
55	82	71	5.456083e+03
55	82	73	5.258278e+01
55	82	74	6.158608e+04
55	82	75	6.916156e+04
55	83	64	5.522779e+03
55	83	65	8.681207e+04
55	83	66	3.706782e+04
55	83	67	2.573128e+04
55	83	68	2.018492e+05
55	83	69	6.755410e+04
55	83	73	4.121324e+01
55	83	74	4.826983e+04
55	83	75	5.420733e+04
55	84	71	3.902417e+03
55	84	72	4.672042e+04
55	84	73	1.363745e+04
55	85	71	-1.357740e+03
55	85	72	-1.625511e+04
55	85	73	-4.744783e+03
55	86	71	5.137984e+04
55	86	72	6.151284e+05
55	86	73	1.795529e+05
55	92	90	7.170026e+02
55	92	91	-8.863358e+02
55	92	92	7.941669e+03
55	93	90	1.184700e+04
55	93	91	-1.464489e+04
55	93	92	1.312198e+05
55	94	90	4.193778e+03
55	94	91	-5.184214e+03
55	94	92	4.645114e+04
56	67	76	2.279852e+01
56	67	77	6.373139e+02
56	67	78	2.895318e+02
56	68	45	4.816631e+02
56	68	46	5.024840e+03
56	68	47	1.545768e+04
56	68	76	1.711219e+02
56	68	77	4.783573e+03
56	68	78	2.173178e+03
56	69	45	-9.066697e+02
56	69	46	-9.458625e+03
56	69	47	-2.909711e+04
56	69	65	5.951014e+00
56	69	66	3.652812e+02
56	69	67	2.159394e+02
56	69	76	6.262962e+02
56	69	77	1.750760e+04
56	69	78	7.953704e+03
56	70	45	4.501788e+03
56	70	46	4.696387e+04
56	70	47	1.444727e+05
56	70	65	5.370427e+00
56	70	66	3.296440e+02
56	70	67	1.948721e+02
56	71	65	9.405146e+01
56	71	66	5.773005e+03
56	71	67	3.412765e+03
56	71	72	3.483810e+02
56	71	73	-1.310828e+02
56	71	74	4.564807e+03
56	72	67	3.836542e+01
56	72	68	1.493028e+03
56	72	69	7.680360e+02
56	72	72	3.538040e+04
56	72	73	-1.194192e+04
56	72	74	4.761789e+05
56	72	75	3.047548e+03
56	72	80	2.025569e+02
56	72	81	1.308578e+03
56	72	82	2.344108e+02
56	73	66	1.091127e+02
56	73	67	1.939128e+04
56	73	68	1.119510e+05
56	73	69	4.555304e+04
56	73	72	2.356987e+04
56	73	73	1.376360e+04
56	73	74	5.167965e+05
56	73	75	5.032988e+04
56	73	80	1.666361e+04
56	73	81	1.076519e+05
56	73	82	1.928412e+04
56	74	66	2.034522e+02
56	74	67	3.566964e+04
56	74	68	1.897745e+05
56	74	69	7.517998e+04
56	74	73	5.644030e+04
56	74	74	5.186207e+05
56	74	75	1.255137e+05
56	74	77	2.851751e-03
56	74	78	2.662255e+02
56	74	79	2.627601e+02
56	74	80	1.059989e+04
56	74	81	6.847843e+04
56	74	82	1.226682e+04
56	75	66	1.929870e+03
56	75	67	3.031257e+05
56	75	68	4.143035e+05
56	75	69	6.886084e+04
56	75	70	4.703964e+04
56	75	77	2.946451e+00
56	75	78	2.750662e+05
56	75	79	2.714857e+05
56	76	62	2.083886e+03
56	76	63	-3.920435e+03
56	76	64	1.948312e+04
56	76	67	-5.661310e+02
56	76	68	3.122927e+03
56	76	69	6.364265e+05
56	76	70	4.814358e+05
56	76	77	3.333607e+00
56	76	78	3.112092e+05
56	76	79	3.071582e+05
56	77	62	1.261376e+03
56	77	63	-2.373039e+03
56	77	64	1.179313e+04
56	77	66	2.775404e+03
56	77	67	3.622265e+04
56	77	68	1.012586e+05
56	77	69	2.355905e+05
56	77	70	1.262018e+05
56	77	71	1.622833e+02
56	77	72	2.360097e+02
56	77	73	2.742003e+03
56	78	62	3.167580e+04
56	78	63	-5.959199e+04
56	78	64	2.961502e+05
56	78	66	2.018916e+04
56	78	67	1.404203e+05
56	78	68	6.939297e+05
56	78	69	9.137127e+04
56	78	70	1.285341e+05
56	78	71	2.981465e+04
56	78	72	4.404999e+03
56	78	73	5.117808e+04
56	79	66	7.874400e+04
56	79	67	1.223072e+06
56	79	68	2.994464e+06
56	79	69	3.496788e+05
56	79	70	1.154882e+06
56	79	71	2.484124e+05
56	79	72	3.718171e+04
56	79	73	1.361547e+05
56	80	60	3.038264e+02
56	80	61	-1.598015e+02
56	80	62	3.878546e+03
56	80	63	8.437814e+01
56	80	64	4.690559e+03
56	80	65	6.884982e+03
56	80	66	5.823306e+03
56	80	67	1.804334e+05
56	80	68	4.096360e+05
56	80	69	1.740717e+05
56	80	70	2.901751e+05
56	80	71	6.504578e+04
56	80	72	3.751805e+05
56	80	73	2.067700e+05
56	81	60	2.750023e+03
56	81	61	-1.446411e+03
56	81	62	3.510587e+04
56	81	63	2.424011e+03
56	81	64	1.347394e+05
56	81	65	2.174084e+05
56	81	66	1.532014e+05
56	81	67	4.911917e+04
56	81	68	1.117851e+06
56	81	69	6.214218e+05
56	81	70	1.081155e+05
56	81	71	2.514375e+03
56	81	72	1.209807e+05
56	81	73	6.667630e+04
56	81	74	1.457891e+03
56	81	75	1.637221e+03
56	82	60	6.578770e+02
56	82	61	-3.460191e+02
56	82	62	8.398237e+03
56	82	63	1.113532e+03
56	82	64	6.198203e+04
56	82	65	3.059757e+05
56	82	66	2.958329e+05
56	82	67	1.845634e+03
56	82	68	4.580324e+05
56	82	69	6.129118e+05
56	82	70	2.084248e+04
56	82	73	3.453056e+02
56	82	74	4.044294e+05
56	82	75	4.541768e+05
56	83	64	-3.434311e+02
56	83	65	-5.398363e+03
56	83	66	-1.858913e+03
56	83	67	5.308672e+02
56	83	68	1.317311e+05
56	83	69	1.690988e+05
56	83	73	2.706431e+02
56	83	74	3.169830e+05
56	83	75	3.559739e+05
56	89	68	9.088332e-02
56	89	69	2.939300e-01
56	89	70	1.837793e+00
56	90	68	-1.106756e-01
56	90	69	-3.579412e-01
56	90	70	-2.238022e+00
56	91	68	1.010824e+00
56	91	69	3.269155e+00
56	91	70	2.044034e+01
56	92	90	-7.964674e+02
56	92	91	9.845675e+02
56	92	92	-8.821836e+03
56	93	90	-1.316000e+04
56	93	91	1.626797e+04
56	93	92	-1.457628e+05
56	94	90	-4.658570e+03
56	94	91	5.758776e+03
56	94	92	-5.159928e+04
57	67	76	3.881976e+02
57	67	77	1.085175e+04
57	67	78	4.929950e+03
57	68	45	-4.975457e+02
57	68	46	-5.190531e+03
57	68	47	-1.596738e+04
57	68	76	2.913747e+03
57	68	77	8.145143e+04
57	68	78	3.700340e+04
57	69	45	9.365666e+02
57	69	46	9.770517e+03
57	69	47	3.005657e+04
57	69	65	4.561995e+02
57	69	66	2.800213e+04
57	69	67	1.655372e+04
57	69	76	1.066414e+04
57	69	77	2.981074e+05
57	69	78	1.354303e+05
57	70	45	-4.650232e+03
57	70	46	-4.851248e+04
57	70	47	-1.492366e+05
57	70	65	4.116922e+02
57	70	66	2.527022e+04
57	70	67	1.493872e+04
57	70	87	2.586059e+00
57	70	88	-3.270137e+00
57	70	89	2.845950e+01
57	71	65	7.209902e+03
57	71	66	4.425535e+05
57	71	67	2.616196e+05
57	71	87	8.943451e+00
57	71	88	-1.130922e+01
57	71	89	9.842242e+01
57	72	63	1.572472e+00
57	72	64	4.276450e+01
57	72	65	8.833515e+01
57	72	67	1.705624e+02
57	72	68	6.637606e+03
57	72	69	3.414483e+03
57	72	73	1.440684e+03
57	72	74	1.323821e+04
57	72	75	3.203837e+03
57	72	80	-3.713307e+02
57	72	81	-2.398907e+03
57	72	82	-4.297258e+02
57	72	87	5.333392e+01
57	72	88	-6.744209e+01
57	72	89	5.869383e+02
57	73	63	4.516735e+01
57	73	64	1.228358e+03
57	73	65	2.537319e+03
57	73	67	1.011624e+04
57	73	68	3.936835e+05
57	73	69	2.025167e+05
57	73	73	2.379272e+04
57	73	74	2.186274e+05
57	73	75	5.291098e+04
57	73	80	-3.054801e+04
57	73	81	-1.973493e+05
57	73	82	-3.535197e+04
57	74	63	2.074757e+01
57	74	64	5.642448e+02
57	74	65	1.165514e+03
57	74	67	1.669567e+04
57	74	68	6.497287e+05
57	74	69	3.342302e+05
57	74	71	1.592091e-02
57	74	72	3.423144e-01
57	74	73	5.933491e+04
57	74	74	5.452175e+05
57	74	75	1.319505e+05
57	74	77	2.146523e-03
57	74	78	2.003888e+02
57	74	79	1.977804e+02
57	74	80	-1.943189e+04
57	74	81	-1.255358e+05
57	74	82	-2.248773e+04
57	75	67	8.629341e+03
57	75	68	3.098011e+03
57	75	69	1.377068e+05
57	75	70	8.290117e+03
57	75	71	1.151817e+04
57	75	72	1.447436e+04
57	75	73	2.169949e+03
57	75	77	2.217804e+00
57	75	78	2.070432e+05
57	75	79	2.043482e+05
57	76	64	6.220548e+01
57	76	65	3.628741e+02
57	76	66	1.537840e+03
57	76	67	-1.222330e+04
57	76	68	-3.724190e+03
57	76	69	-6.619043e+04
57	76	70	8.473462e+04
57	76	71	7.479630e+04
57	76	72	6.548197e+04
57	76	73	2.101559e+03
57	76	77	2.509217e+00
57	76	78	2.342482e+05
57	76	79	2.311990e+05
57	77	64	7.078710e+02
57	77	65	4.129347e+03
57	77	66	1.749994e+04
57	77	67	9.222817e+04
57	77	68	3.791227e+04
57	77	69	1.375582e+06
57	77	70	2.219584e+04
57	77	71	1.489550e+04
57	77	72	1.284343e+04
57	77	73	2.088577e+04
57	78	64	1.997669e+02
57	78	65	1.165335e+03
57	78	66	5.090875e+03
57	78	67	3.100226e+04
57	78	68	1.091233e+05
57	78	69	2.250954e+04
57	78	71	2.307132e+04
57	78	72	3.355277e+04
57	78	73	3.898222e+05
57	79	59	1.187382e+00
57	79	60	3.612672e+00
57	79	61	2.359944e+01
57	79	66	1.608302e+03
57	79	67	2.417424e+05
57	79	68	3.835278e+05
57	79	69	5.504913e+04
57	79	71	5.556128e+04
57	79	72	1.192187e+05
57	79	73	9.467064e+05
57	80	59	4.786556e+02
57	80	60	4.406772e+03
57	80	61	7.961553e+03
57	80	62	3.766428e+04
57	80	64	2.823328e+00
57	80	65	5.656282e+03
57	80	66	6.613091e+03
57	80	67	5.788490e+04
57	80	68	4.069752e+04
57	80	71	1.155531e+04
57	80	72	5.559908e+05
57	80	73	3.064184e+05
57	81	59	5.826816e+02
57	81	60	2.847812e+04
57	81	61	-2.465082e+03
57	81	62	3.409106e+05
57	81	64	4.697688e+03
57	81	65	2.617798e+05
57	81	66	2.319418e+05
57	81	71	3.726125e+03
57	81	72	1.792849e+05
57	81	73	9.880794e+04
57	81	74	2.652387e+02
57	81	75	2.978648e+02
57	82	60	6.388597e+03
57	82	61	-3.360167e+03
57	82	62	8.155469e+04
57	82	64	6.061412e+03
57	82	65	4.580967e+05
57	82	66	4.314906e+05
57	82	73	6.282255e+01
57	82	74	7.357913e+04
57	82	75	8.262983e+04
57	83	52	1.061079e+01
57	83	53	7.883494e+01
57	83	54	2.901808e+02
57	83	59	7.023689e-04
57	83	60	8.187016e-03
57	83	61	2.347933e-03
57	83	64	7.618032e+04
57	83	65	1.197472e+06
57	83	66	4.123465e+05
57	83	73	4.923895e+01
57	83	74	5.766972e+04
57	83	75	6.476346e+04
57	84	52	8.351161e+01
57	84	53	6.204658e+02
57	84	54	2.283851e+03
57	84	59	5.152861e+00
57	84	60	1.469091e+02
57	84	61	2.035812e+03
57	84	62	8.469236e+02
57	85	52	1.785054e+01
57	85	53	1.326241e+02
57	85	54	4.881714e+02
57	85	59	4.917089e+00
57	85	60	3.458867e+03
57	85	61	7.907983e+04
57	85	62	3.317204e+04
57	86	60	1.753681e+03
57	86	61	4.076139e+04
57	86	62	1.710195e+04
57	89	68	3.877785e+03
57	89	69	1.254133e+04
57	89	70	7.841447e+04
57	90	68	-4.722277e+03
57	90	69	-1.527254e+04
57	90	70	-9.549131e+04
57	91	68	4.312958e+04
57	91	69	1.394874e+05
57	91	70	8.721430e+05
57	92	90	8.164549e+03
57	92	91	-1.009275e+04
57	92	92	9.043222e+04
57	93	90	1.349025e+05
57	93	91	-1.667622e+05
57	93	92	1.494208e+06
57	94	90	4.775478e+04
57	94	91	-5.903294e+04
57	94	92	5.289418e+05
58	20	97	1.796600e+00
58	20	98	8.169181e+03
58	20	99	7.697007e+03
58	21	97	1.185536e+01
58	21	98	5.390658e+04
58	21	99	5.079081e+04
58	22	97	2.166734e+00
58	22	98	9.852186e+03
58	22	99	9.282735e+03
58	67	76	9.558979e+02
58	67	77	2.672135e+04
58	67	78	1.213951e+04
58	68	45	5.576239e+03
58	68	46	5.817284e+04
58	68	47	1.789543e+05
58	68	76	7.174812e+03
58	68	77	2.005660e+05
58	68	78	9.111717e+04
58	69	45	-1.049656e+04
58	69	46	-1.095030e+05
58	69	47	-3.368588e+05
58	69	65	7.103124e+02
58	69	66	4.359993e+04
58	69	67	2.577450e+04
58	69	76	2.625939e+04
58	69	77	7.340599e+05
58	69	78	3.334835e+05
58	70	45	5.211744e+04
58	70	46	5.437033e+05
58	70	47	1.672568e+06
58	70	65	6.410136e+02
58	70	66	3.934627e+04
58	70	67	2.325991e+04
58	70	87	3.598387e+03
58	70	88	-4.550251e+03
58	70	89	3.960014e+04
58	71	65	1.122597e+04
58	71	66	6.890653e+05
58	71	67	4.073473e+05
58	71	87	1.244442e+04
58	71	88	-1.573628e+04
58	71	89	1.369505e+05
58	72	63	3.218765e+02
58	72	64	8.753660e+03
58	72	65	1.808172e+04
58	72	80	1.921757e+03
58	72	81	1.241512e+04
58	72	82	2.223971e+03
58	72	87	7.421180e+04
58	72	88	-9.384270e+04
58	72	89	8.166988e+05
58	73	63	9.245509e+03
58	73	64	2.514382e+05
58	73	65	5.193754e+05
58	73	80	1.580959e+05
58	73	81	1.021347e+06
58	73	82	1.829579e+05
58	74	63	4.246913e+03
58	74	64	1.154978e+05
58	74	65	2.385744e+05
58	74	71	7.723253e-01
58	74	72	1.660571e+01
58	74	73	6.720437e+00
58	74	80	1.005663e+05
58	74	81	6.496886e+05
58	74	82	1.163813e+05
58	75	67	3.499242e+03
58	75	68	1.233147e+03
58	75	69	5.135569e+04
58	75	70	2.618122e+02
58	75	71	1.073358e+05
58	75	72	3.371162e+05
58	75	73	1.052645e+05
58	76	64	1.237650e+03
58	76	65	7.219799e+03
58	76	66	3.059711e+04
58	76	67	-4.956609e+03
58	76	68	-1.746728e+03
58	76	69	-7.274435e+04
58	76	70	1.732160e+03
58	76	71	6.418184e+05
58	76	72	7.614394e+05
58	76	73	1.019469e+05
58	77	64	1.408391e+04
58	77	65	8.215814e+04
58	77	66	3.481816e+05
58	77	67	3.715159e+04
58	77	68	1.309236e+04
58	77	69	5.452453e+05
58	77	70	3.173540e+02
58	77	71	1.156999e+05
58	77	72	9.372730e+04
58	77	73	4.341950e+03
58	78	64	3.974594e+03
58	78	65	2.318569e+04
58	78	66	9.825968e+04
58	78	71	4.796304e+03
58	78	72	6.975296e+03
58	78	73	8.104025e+04
58	79	59	3.040274e+01
58	79	60	9.250195e+01
58	79	61	6.042604e+02
58	79	71	1.137950e+04
58	79	72	1.654928e+04
58	79	73	1.922725e+05
58	80	59	1.225591e+04
58	80	60	4.669933e+04
58	80	61	2.386393e+05
58	80	62	1.201259e+05
58	81	59	1.491948e+04
58	81	60	1.305667e+05
58	81	61	2.517295e+05
58	81	62	1.087295e+06
58	82	60	2.037569e+04
58	82	61	-1.071686e+04
58	82	62	2.601092e+05
58	83	52	2.352193e+03
58	83	53	1.747608e+04
58	83	54	6.432709e+04
58	83	59	4.575284e+00
58	83	60	5.333084e+01
58	83	61	1.529461e+01
58	84	52	1.851280e+04
58	84	53	1.375444e+05
58	84	54	5.062826e+05
58	84	59	3.356613e+04
58	84	60	3.919984e+05
58	84	61	1.294500e+05
58	84	62	7.234332e+03
58	85	52	3.957095e+03
58	85	53	2.940001e+04
58	85	54	1.082175e+05
58	85	59	3.203029e+04
58	85	60	4.024101e+05
58	85	61	7.824245e+05
58	85	62	2.833521e+05
58	86	60	1.497976e+04
58	86	61	3.481795e+05
58	86	62	1.460831e+05
58	89	68	3.803327e+03
58	89	69	1.230052e+04
58	89	70	7.690881e+04
58	90	68	-4.631603e+03
58	90	69	-1.497929e+04
58	90	70	-9.365776e+04
58	91	68	4.230144e+04
58	91	69	1.368091e+05
58	91	70	8.553967e+05
59	20	95	1.988845e+00
59	20	96	3.189252e+02
59	20	97	2.310168e+02
59	20	98	-6.895495e+02
59	20	99	-6.496939e+02
59	21	95	9.635969e+01
59	21	96	1.545195e+04
59	21	97	1.119913e+04
59	21	98	-4.550181e+03
59	21	99	-4.287183e+03
59	22	95	5.321869e+01
59	22	96	8.533990e+03
59	22	97	6.185560e+03
59	22	98	-8.316096e+02
59	22	99	-7.835431e+02
59	63	74	5.577268e+00
59	63	75	1.297287e+02
59	63	76	5.444727e+01
59	64	74	1.274030e+01
59	64	75	2.963427e+02
59	64	76	1.243753e+02
59	65	74	1.030645e+02
59	65	75	2.397308e+03
59	65	76	1.006152e+03
59	70	87	4.002768e+03
59	70	88	-5.061601e+03
59	70	89	4.405035e+04
59	71	87	1.384290e+04
59	71	88	-1.750470e+04
59	71	89	1.523407e+05
59	72	63	2.422364e+02
59	72	64	6.587790e+03
59	72	65	1.360786e+04
59	72	87	8.255161e+04
59	72	88	-1.043886e+05
59	72	89	9.084781e+05
59	73	63	6.957944e+03
59	73	64	1.892262e+05
59	73	65	3.908692e+05
59	74	63	3.196123e+03
59	74	64	8.692084e+04
59	74	65	1.795453e+05
59	74	71	1.340833e+00
59	74	72	2.882915e+01
59	74	73	1.166734e+01
59	75	70	5.933814e+01
59	75	71	4.258717e+04
59	75	72	4.690158e+05
59	75	73	1.827495e+05
59	76	64	2.863699e+03
59	76	65	1.670532e+04
59	76	66	7.079620e+04
59	76	70	3.925834e+02
59	76	71	1.631489e+05
59	76	72	5.528122e+05
59	76	73	1.769898e+05
59	77	64	3.258764e+04
59	77	65	1.900992e+05
59	77	66	8.056297e+05
59	77	70	7.192634e+01
59	77	71	2.616442e+04
59	77	72	2.115802e+04
59	78	64	9.196497e+03
59	78	65	5.364753e+04
59	78	66	2.273552e+05
59	78	71	2.540568e+00
59	78	72	1.143656e+03
59	78	73	1.377769e+03
59	79	59	6.411655e+01
59	79	60	1.950780e+02
59	79	61	1.274329e+03
59	79	71	2.528884e+01
59	79	72	1.138396e+04
59	79	73	1.371433e+04
59	80	59	2.584657e+04
59	80	60	7.863957e+04
59	80	61	5.137057e+05
59	80	71	7.964854e+01
59	80	72	3.585439e+04
59	80	73	4.319401e+04
59	81	59	3.146379e+04
59	81	60	9.573027e+04
59	81	61	6.253491e+05
59	83	52	3.062662e+03
59	83	53	2.275464e+04
59	83	54	8.375679e+04
59	83	59	4.353396e+00
59	83	60	5.074445e+01
59	83	61	1.455287e+01
59	84	52	2.410450e+04
59	84	53	1.790891e+05
59	84	54	6.592029e+05
59	84	59	3.193827e+04
59	84	60	3.724513e+05
59	84	61	1.107071e+05
59	84	62	1.653660e+03
59	85	52	5.152317e+03
59	85	53	3.828015e+04
59	85	54	1.409041e+05
59	85	59	3.047691e+04
59	85	60	3.618895e+05
59	85	61	2.562557e+05
59	85	62	6.477004e+04
59	86	60	3.424148e+03
59	86	61	7.958861e+04
59	86	62	3.339240e+04
59	89	69	4.016469e+02
59	89	70	6.913096e+03
59	89	71	2.501789e+03
59	90	69	-1.030589e+01
59	90	70	-1.773836e+02
59	90	71	-6.419359e+01
59	91	69	5.571988e+03
59	91	70	9.590436e+04
59	91	71	3.470695e+04
60	20	95	2.481127e+01
60	20	96	3.978661e+03
60	20	97	2.908572e+03
60	20	98	1.122906e+05
60	20	99	1.058002e+05
60	21	95	1.202108e+03
60	21	96	1.927664e+05
60	21	97	1.398870e+05
60	21	98	7.409801e+05
60	21	99	6.981518e+05
60	22	95	6.639147e+02
60	22	96	1.064634e+05
60	22	97	7.719826e+04
60	22	98	1.354245e+05
60	22	99	1.275971e+05
60	63	74	1.547694e+03
60	63	75	3.599977e+04
60	63	76	1.510914e+04
60	64	71	1.652964e+01
60	64	72	6.035957e+03
60	64	73	4.883015e+03
60	64	74	3.535438e+03
60	64	75	8.223521e+04
60	64	76	3.451420e+04
60	65	71	2.477422e+02
60	65	72	9.046546e+04
60	65	73	7.318546e+04
60	65	74	2.860044e+04
60	65	75	6.652538e+05
60	65	76	2.792077e+05
60	66	71	8.302784e+01
60	66	72	3.031841e+04
60	66	73	2.452723e+04
60	78	71	3.551228e+00
60	78	72	1.598612e+03
60	78	73	1.925858e+03
60	79	71	3.534897e+01
60	79	72	1.591261e+04
60	79	73	1.917002e+04
60	80	71	1.113334e+02
60	80	72	5.011759e+04
60	80	73	6.037697e+04
60	89	69	-1.102961e+02
60	89	70	-1.898403e+03
60	89	71	-6.870155e+02
60	90	69	2.830096e+00
60	90	70	4.871125e+01
60	90	71	1.762818e+01
60	91	69	-1.530122e+03
60	91	70	-2.633626e+04
60	91	71	-9.530864e+03
61	20	95	7.002849e+01
61	20	96	1.122956e+04
61	20	97	8.139589e+03
61	21	95	3.392886e+03
61	21	96	5.440730e+05
61	21	97	3.943637e+05
61	22	95	1.873864e+03
61	22	96	3.004872e+05
61	22	97	2.178040e+05
61	63	74	1.213099e+03
61	63	75	2.821701e+04
61	63	76	1.184271e+04
61	64	71	1.104215e+02
61	64	72	4.032146e+04
61	64	73	3.261957e+04
61	64	74	2.771114e+03
61	64	75	6.445684e+04
61	64	76	2.705260e+04
61	65	71	1.654970e+03
61	65	72	6.043283e+05
61	65	73	4.888942e+05
61	65	74	2.241734e+04
61	65	75	5.214331e+05
61	65	76	2.188460e+05
61	66	71	5.546434e+02
61	66	72	2.025334e+05
61	66	73	1.638470e+05
61	78	71	4.264645e+01
61	78	72	1.919762e+04
61	78	73	2.312749e+04
61	79	71	4.245034e+02
61	79	72	1.910934e+05
61	79	73	2.302114e+05
61	80	71	1.336996e+03
61	80	72	6.018587e+05
61	80	73	7.250628e+05
61	89	69	5.353508e+03
61	89	70	9.214392e+04
61	89	71	3.334608e+04
61	90	69	-1.373660e+02
61	90	70	-2.364327e+03
61	90	71	-8.556295e+02
61	91	69	7.426843e+04
61	91	70	1.278299e+06
61	91	71	4.626053e+05
62	64	71	2.041403e+01
62	64	72	7.454381e+03
62	64	73	6.030503e+03
62	65	71	3.059606e+02
62	65	72	1.117245e+05
62	65	73	9.038373e+04
62	66	71	1.025390e+02
62	66	72	3.744311e+04
62	66	73	3.029102e+04
62	69	60	4.283659e+01
62	69	61	1.014454e+03
62	69	62	4.292278e+02
62	70	60	3.916760e+02
62	70	61	9.275651e+03
62	70	62	3.924641e+03
62	71	60	1.288632e+03
62	71	61	3.051731e+04
62	71	62	1.291224e+04
62	96	50	4.208767e-04
62	96	51	6.427559e-03
62	96	52	1.656994e-02
62	97	50	-8.338537e-04
62	97	51	-1.273447e-02
62	97	52	-3.282887e-02
62	98	50	3.811516e-03
62	98	51	5.820884e-02
62	98	52	1.500596e-01
63	69	60	2.934618e+02
63	69	61	6.949748e+03
63	69	62	2.940523e+03
63	70	60	2.683265e+03
63	70	61	6.354496e+04
63	70	62	2.688664e+04
63	71	60	8.828064e+03
63	71	61	2.090658e+05
63	71	62	8.845827e+04
63	74	81	1.874311e-01
63	74	82	3.305561e+00
63	74	83	1.211804e+00
63	75	81	4.276909e+03
63	75	82	7.542817e+04
63	75	83	2.765164e+04
63	76	81	4.391480e+03
63	76	82	7.744877e+04
63	76	83	2.839238e+04
63	96	50	2.277552e+03
63	96	51	3.478240e+04
63	96	52	8.966737e+04
63	97	50	-4.512356e+03
63	97	51	-6.891195e+04
63	97	52	-1.776517e+05
63	98	50	2.062582e+04
63	98	51	3.149941e+05
63	98	52	8.120397e+05
64	54	46	7.041826e+00
64	54	47	4.331129e+02
64	54	48	7.086327e+02
64	55	46	2.011791e+01
64	55	47	1.237368e+03
64	55	48	2.024505e+03
64	56	46	1.375786e+02
64	56	47	8.461876e+03
64	56	48	1.384480e+04
64	61	69	9.895134e-02
64	61	70	2.197637e+02
64	61	71	2.017907e+02
64	62	69	3.507551e+00
64	62	70	7.790012e+03
64	62	71	7.152921e+03
64	63	69	6.654434e+00
64	63	70	1.477901e+04
64	63	71	1.357034e+04
64	69	60	1.131103e+03
64	69	61	2.678674e+04
64	69	62	1.133379e+04
64	70	60	1.034223e+04
64	70	61	2.449243e+05
64	70	62	1.036304e+05
64	71	60	3.402641e+04
64	71	61	8.058119e+05
64	71	62	3.409488e+05
64	74	81	1.320633e+00
64	74	82	2.329087e+01
64	74	83	8.538332e+00
64	75	81	3.013495e+04
64	75	82	5.314642e+05
64	75	83	1.948325e+05
64	76	81	3.094222e+04
64	76	82	5.457013e+05
64	76	83	2.000517e+05
64	96	50	2.281472e+03
64	96	51	3.484225e+04
64	96	52	8.982167e+04
64	97	50	-4.520121e+03
64	97	51	-6.903053e+04
64	97	52	-1.779574e+05
64	98	50	2.066131e+04
64	98	51	3.155361e+05
64	98	52	8.134371e+05
65	54	46	3.412185e+02
65	54	47	2.098690e+04
65	54	48	3.433748e+04
65	55	46	9.748328e+02
65	55	47	5.995784e+04
65	55	48	9.809934e+04
65	56	46	6.666502e+03
65	56	47	4.100284e+05
65	56	48	6.708632e+05
65	61	69	3.077745e+00
65	61	70	6.835446e+03
65	61	71	6.276422e+03
65	62	69	1.090975e+02
65	62	70	2.422976e+05
65	62	71	2.224818e+05
65	63	69	2.069770e+02
65	63	70	4.596807e+05
65	63	71	4.220866e+05
65	74	81	2.563714e-01
65	74	82	4.521403e+00
65	74	83	1.657527e+00
65	75	81	5.850028e+03
65	75	82	1.031719e+05
65	75	83	3.782238e+04
65	76	81	6.006741e+03
65	76	82	1.059357e+05
65	76	83	3.883558e+04
66	54	46	1.884592e+02
66	54	47	1.159133e+04
66	54	48	1.896502e+04
66	55	46	5.384124e+02
66	55	47	3.311547e+04
66	55	48	5.418150e+04
66	56	46	3.681993e+03
66	56	47	2.264638e+05
66	56	48	3.705262e+05
66	61	69	1.458968e+00
66	61	70	3.240261e+03
66	61	71	2.975263e+03
66	62	69	5.171638e+01
66	62	70	1.148583e+05
66	62	71	1.054648e+05
66	63	69	9.811497e+01
66	63	70	2.179061e+05
66	63	71	2.000851e+05
69	30	123	8.797878e+01
69	30	124	3.484240e+03
69	30	125	6.397081e+03
69	31	123	9.062324e+01
69	31	124	3.588969e+03
69	31	125	6.589364e+03
69	32	123	1.413299e+03
69	32	124	5.609427e+04
69	32	125	1.028492e+05
69	33	123	6.548584e+01
69	33	124	2.534999e+04
69	33	125	2.063472e+04
69	34	123	4.854210e+01
69	34	124	1.879096e+04
69	34	125	1.529571e+04
69	67	63	7.810997e+02
69	67	64	-1.197213e+03
69	67	65	8.055101e+03
69	68	63	9.620620e+02
69	68	64	-1.474579e+03
69	68	65	9.921276e+03
69	69	63	1.285697e+04
69	69	64	-1.970624e+04
69	69	65	1.325877e+05
69	96	56	3.266127e+01
69	96	57	1.013465e+03
69	96	58	4.799774e+02
69	97	56	3.854041e+02
69	97	57	1.195892e+04
69	97	58	5.663751e+03
69	98	56	1.116635e+03
69	98	57	3.464870e+04
69	98	58	1.640964e+04
70	30	123	-9.564224e+01
70	30	124	-3.787737e+03
70	30	125	-6.954303e+03
70	31	123	-9.851704e+01
70	31	124	-3.901589e+03
70	31	125	-7.163335e+03
70	32	123	-1.529688e+03
70	32	124	-5.838010e+04
70	32	125	-1.096913e+05
70	33	123	1.170229e+03
70	33	124	4.530031e+05
70	33	125	3.687414e+05
70	34	123	8.674450e+02
70	34	124	3.357935e+05
70	34	125	2.733336e+05
70	67	63	8.224480e+03
70	67	64	-1.260589e+04
70	67	65	8.481505e+04
70	68	63	1.012990e+04
70	68	64	-1.552638e+04
70	68	65	1.044647e+05
70	69	63	1.353757e+05
70	69	64	-2.074941e+05
70	69	65	1.396063e+06
70	96	56	1.542957e+02
70	96	57	4.787727e+03
70	96	58	2.267470e+03
70	97	56	1.820694e+03
70	97	57	5.649534e+04
70	97	58	2.675622e+04
70	98	56	5.275116e+03
70	98	57	1.636845e+05
70	98	58	7.752107e+04
71	13	118	1.131039e+01
71	13	119	1.578875e+02
71	13	120	4.233738e+02
71	14	118	2.405493e+02
71	14	119	3.357951e+03
71	14	120	9.004310e+03
71	15	118	9.685054e+01
71	15	119	1.351986e+03
71	15	120	3.625337e+03
71	30	123	1.006934e+03
71	30	124	3.987779e+04
71	30	125	7.321581e+04
71	31	123	1.037200e+03
71	31	124	4.107644e+04
71	31	125	7.541653e+04
71	32	123	1.617376e+04
71	32	124	6.413446e+05
71	32	125	1.176587e+06
71	33	123	4.319771e+02
71	33	124	1.672211e+05
71	33	125	1.361168e+05
71	34	123	3.202077e+02
71	34	124	1.239545e+05
71	34	125	1.008981e+05
71	67	63	2.199927e+03
71	67	64	-3.371890e+03
71	67	65	2.268678e+04
71	68	63	2.709598e+03
71	68	64	-4.153076e+03
71	68	65	2.794276e+04
71	69	63	3.621100e+04
71	69	64	-5.550161e+04
71	69	65	3.734264e+05
71	96	56	7.460172e+02
71	96	57	2.314859e+04
71	96	58	1.096318e+04
71	97	56	8.803030e+03
71	97	57	2.731541e+05
71	97	58	1.293659e+05
71	98	56	2.550511e+04
71	98	57	7.914122e+05
71	98	58	3.748132e+05
72	13	118	4.420708e+02
72	13	119	6.171092e+03
72	13	120	1.654772e+04
72	14	118	9.401957e+03
72	14	119	1.312467e+05
72	14	120	3.519367e+05
72	15	118	3.785439e+03
72	15	119	5.284288e+04
72	15	120	1.416976e+05
73	13	118	8.147402e+02
73	13	119	1.137338e+04
73	13	120	3.049758e+04
73	14	118	1.732789e+04
73	14	119	2.418889e+05
73	14	120	6.486224e+05
73	15	118	6.976596e+03
73	15	119	9.738987e+04
73	15	120	2.611499e+05
74	109	66	8.655206e+01
74	109	67	6.338603e+01
74	109	68	1.338100e+03
74	110	66	2.259622e+03
74	110	67	1.654824e+03
74	110	68	3.493388e+04
74	111	66	4.733313e+03
74	111	67	3.466422e+03
74	111	68	7.317730e+04
75	109	66	1.057357e+03
75	109	67	7.743510e+02
75	109	68	1.634680e+04
75	110	66	2.760451e+04
75	110	67	2.021604e+04
75	110	68	4.267672e+05
75	111	66	5.782418e+04
75	111	67	4.234729e+04
75	111	68	8.939652e+05
76	1	106	1.216984e-02
76	1	107	1.250086e+00
76	1	108	1.835797e+00
76	2	106	2.308651e+01
76	2	107	2.371447e+03
76	2	108	3.482557e+03
76	3	106	2.104980e+01
76	3	107	2.162236e+03
76	3	108	3.175323e+03
76	109	66	3.127241e+02
76	109	67	2.290221e+02
76	109	68	4.834732e+03
76	110	66	8.164312e+03
76	110	67	5.979099e+03
76	110	68	1.262207e+05
76	111	66	1.710209e+04
76	111	67	1.252464e+04
76	111	68	2.643993e+05
77	1	106	8.523460e-01
77	1	107	8.755300e+01
77	1	108	1.285748e+02
77	2	106	1.616923e+03
77	2	107	1.660904e+05
77	2	108	2.439099e+05
77	3	106	1.474277e+03
77	3	107	1.514378e+05
77	3	108	2.223919e+05
78	1	106	1.353559e+00
78	1	107	1.390376e+02
78	1	108	2.041818e+02
78	2	106	2.567737e+03
78	2	107	2.637580e+05
78	2	108	3.873383e+05
78	3	106	2.341209e+03
78	3	107	2.404891e+05
78	3	108	3.531670e+05
