0.3525	-3.798789e+00	2
62	56	62	4.640930e-21
62	56	63	2.880208e+02
62	56	64	2.880208e+02
62	57	62	9.977368e-19
62	57	63	6.192055e+04
62	57	64	6.192055e+04
62	58	62	7.561419e-19
62	58	63	4.692692e+04
62	58	64	4.692692e+04
62	68	62	4.656860e-21
62	68	63	2.880208e+02
62	68	64	2.880208e+02
62	69	62	7.447667e-19
62	69	63	4.606286e+04
62	69	64	4.606286e+04
62	70	62	1.015132e-18
62	70	63	6.278461e+04
62	70	64	6.278461e+04
63	56	62	-7.611343e-21
63	56	63	-4.723676e+02
63	56	64	-4.723676e+02
63	57	62	-1.636335e-18
63	57	63	-1.015526e+05
63	57	64	-1.015526e+05
63	58	62	-1.240108e-18
63	58	63	-7.696235e+04
63	58	64	-7.696235e+04
63	68	62	3.271274e-20
63	68	63	2.023240e+03
63	68	64	2.023240e+03
63	69	62	5.231714e-18
63	69	63	3.235747e+05
63	69	64	3.235747e+05
63	70	62	7.130932e-18
63	70	63	4.410389e+05
63	70	64	4.410389e+05
64	56	62	4.652362e-20
64	56	63	2.887303e+03
64	56	64	2.887303e+03
64	57	62	1.000195e-17
64	57	63	6.207308e+05
64	57	64	6.207308e+05
64	58	62	7.580045e-18
64	58	63	4.704252e+05
64	58	64	4.704252e+05
64	68	62	6.333111e-21
64	68	63	3.916947e+02
64	68	64	3.916947e+02
64	69	62	1.012848e-18
64	69	63	6.264332e+04
64	69	64	6.264332e+04
64	70	62	1.380532e-18
64	70	63	8.538412e+04
64	70	64	8.538412e+04
