0.0153	-4.558746e+06	767
9	7	116	7.299338e+01
9	7	117	6.128734e+03
9	7	118	3.916921e+03
9	8	116	9.532914e+02
9	8	117	8.004108e+04
9	8	118	5.115487e+04
9	9	116	2.941643e+02
9	9	117	2.469888e+04
9	9	118	1.578524e+04
10	7	116	6.077519e+02
10	7	117	5.102860e+04
10	7	118	3.261277e+04
10	8	116	7.937223e+03
10	8	117	6.664320e+05
10	8	118	4.259218e+05
10	9	116	2.449249e+03
10	9	117	2.056459e+05
10	9	118	1.314299e+05
11	7	116	1.360889e+02
11	7	117	1.142642e+04
11	7	118	7.302712e+03
11	8	116	1.777318e+03
11	8	117	1.492287e+05
11	8	118	9.537321e+04
11	9	116	5.484403e+02
11	9	117	4.604862e+04
11	9	118	2.943003e+04
35	70	34	2.747173e-01
35	70	35	4.177045e+00
35	70	36	1.411501e+00
35	71	34	3.086733e+00
35	71	35	4.693342e+01
35	71	36	1.585967e+01
35	72	34	8.636470e-01
35	72	35	1.313165e+01
35	72	36	4.437428e+00
36	67	66	1.628086e+01
36	67	67	1.453528e+03
36	67	68	9.419080e+02
36	68	66	2.586346e+02
36	68	67	2.309047e+04
36	68	68	1.496297e+04
36	69	66	8.958845e+01
36	69	67	7.998310e+03
36	69	68	5.183024e+03
36	70	34	3.178168e+03
36	70	35	4.832367e+04
36	70	36	1.632946e+04
36	71	34	3.571000e+04
36	71	35	5.429663e+05
36	71	36	1.834784e+05
36	72	34	9.991415e+03
36	72	35	1.519183e+05
36	72	36	5.133600e+04
37	67	66	1.344445e+02
37	67	67	1.200299e+04
37	67	68	7.778114e+03
37	68	66	2.135760e+03
37	68	67	1.906771e+05
37	68	68	1.235616e+05
37	69	66	7.398060e+02
37	69	67	6.604867e+04
37	69	68	4.280052e+04
37	70	34	3.061882e+03
37	70	35	4.655557e+04
37	70	36	1.573199e+04
37	71	34	3.440341e+04
37	71	35	5.230999e+05
37	71	36	1.767651e+05
37	72	34	9.625842e+03
37	72	35	1.463598e+05
37	72	36	4.945768e+04
38	67	66	4.669171e+02
38	67	67	4.168559e+04
38	67	68	2.701289e+04
38	68	66	7.417356e+03
38	68	67	6.622094e+05
38	68	68	4.291216e+05
38	69	66	2.569298e+03
38	69	67	2.293828e+05
38	69	68	1.486435e+05
42	68	52	3.093992e-02
42	68	53	6.997107e-01
42	68	54	2.899250e-01
42	69	52	2.687426e+01
42	69	53	6.077651e+02
42	69	54	2.518273e+02
42	70	52	3.074457e+01
42	70	53	6.952927e+02
42	70	54	2.880944e+02
43	65	73	2.060405e+01
43	65	74	1.369035e+02
43	65	75	5.370802e+02
43	66	73	-2.859836e+01
43	66	74	-1.900217e+02
43	66	75	-7.454658e+02
43	67	73	2.202694e+02
43	67	74	1.463579e+03
43	67	75	5.741704e+03
43	68	52	1.803811e+01
43	68	53	4.079343e+02
43	68	54	1.690275e+02
43	69	52	1.566781e+04
43	69	53	3.543297e+05
43	69	54	1.468164e+05
43	70	52	1.792422e+04
43	70	53	4.053586e+05
43	70	54	1.679603e+05
43	75	57	4.010930e+02
43	75	58	2.682602e+03
43	75	59	4.964974e+02
43	76	57	5.904750e+03
43	76	58	3.949232e+04
43	76	59	7.309259e+03
43	77	57	1.958462e+03
43	77	58	1.309864e+04
43	77	59	2.424304e+03
44	65	73	2.414704e+03
44	65	74	1.604449e+04
44	65	75	6.294345e+04
44	66	73	-3.351603e+03
44	66	74	-2.226971e+04
44	66	75	-8.736533e+04
44	67	73	2.581461e+04
44	67	74	1.715251e+05
44	67	75	6.729025e+05
44	68	52	1.525877e+01
44	68	53	3.450793e+02
44	68	54	1.429835e+02
44	69	52	1.325369e+04
44	69	53	2.997341e+05
44	69	54	1.241948e+05
44	70	52	1.516243e+04
44	70	53	3.429004e+05
44	70	54	1.420807e+05
44	75	57	1.777535e+03
44	75	58	1.188856e+04
44	75	59	2.200341e+03
44	76	57	2.616825e+04
44	76	58	1.750192e+05
44	76	59	3.239265e+04
44	77	57	8.679371e+03
44	77	58	5.804962e+04
44	77	59	1.074385e+04
45	65	73	3.462492e+03
45	65	74	2.300652e+04
45	65	75	9.025586e+04
45	66	73	-4.805929e+03
45	66	74	-3.193298e+04
45	66	75	-1.252749e+05
45	67	73	3.701608e+04
45	67	74	2.459532e+05
45	67	75	9.648883e+05
45	75	57	8.958896e+03
45	75	58	5.991915e+04
45	75	59	1.108987e+04
45	76	57	1.318897e+05
45	76	58	8.821086e+05
45	76	59	1.632611e+05
45	77	57	4.374461e+04
45	77	58	2.925740e+05
45	77	59	5.414975e+04
45	83	78	5.831148e+00
45	83	79	1.907189e+03
45	83	80	2.371764e+03
45	84	78	7.358779e+01
45	84	79	2.406830e+04
45	84	80	2.993113e+04
45	85	78	2.222269e+01
45	85	79	7.268359e+03
45	85	80	9.038868e+03
45	87	43	2.114593e+01
45	87	44	4.401141e+01
45	87	45	3.826997e+02
45	88	43	3.269617e+03
45	88	44	6.805114e+03
45	88	45	5.917363e+04
45	89	43	2.355712e+03
45	89	44	4.902986e+03
45	89	45	4.263374e+04
46	72	66	3.595957e+00
46	72	67	9.463529e+03
46	72	68	8.750386e+03
46	73	65	9.290131e+00
46	73	66	2.211674e+02
46	73	67	-1.855021e+04
46	73	68	-1.724309e+04
46	74	65	2.576579e+02
46	74	66	6.363193e+03
46	74	67	8.872638e+04
46	74	68	7.952278e+04
46	75	65	1.166754e+02
46	75	66	2.866651e+03
46	75	67	1.232886e+03
46	77	55	1.176345e+02
46	77	56	4.992365e+01
46	77	57	1.744101e+03
46	78	55	1.033394e+03
46	78	56	4.385688e+02
46	78	57	1.532157e+04
46	79	55	2.415269e+02
46	79	56	1.025031e+02
46	79	57	3.580985e+03
46	83	78	2.511380e+01
46	83	79	8.213951e+03
46	83	80	1.021480e+04
46	84	51	4.693781e+01
46	84	52	3.807213e+02
46	84	53	8.344640e+01
46	84	78	3.169306e+02
46	84	79	1.036582e+05
46	84	80	1.289085e+05
46	85	51	9.039371e+03
46	85	52	7.332002e+04
46	85	53	1.607026e+04
46	85	78	9.570950e+01
46	85	79	3.130363e+04
46	85	80	3.892893e+04
46	86	51	6.742223e+03
46	86	52	5.468743e+04
46	86	53	1.198638e+04
46	87	43	1.504164e+01
46	87	44	3.130644e+01
46	87	45	2.722241e+02
46	88	43	2.325762e+03
46	88	44	4.840652e+03
46	88	45	4.209172e+04
46	89	43	1.675678e+03
46	89	44	3.487619e+03
46	89	45	3.032647e+04
47	72	66	3.664043e+01
47	72	67	9.642711e+04
47	72	68	8.916066e+04
47	73	65	8.274890e+02
47	73	66	2.025875e+04
47	73	67	-1.812707e+05
47	73	68	-1.756957e+05
47	73	75	3.717874e+01
47	73	76	8.269202e+02
47	73	77	3.400101e+02
47	74	65	2.295007e+04
47	74	66	5.642034e+05
47	74	67	1.118830e+06
47	74	68	8.102846e+05
47	74	75	3.652620e+02
47	74	76	8.124067e+03
47	74	77	3.340425e+03
47	75	65	1.039249e+04
47	75	66	2.553379e+05
47	75	67	1.098154e+05
47	75	75	1.158081e+03
47	75	76	2.575774e+04
47	75	77	1.059098e+04
47	76	70	4.720658e+00
47	76	71	8.955211e+01
47	76	72	3.408920e+01
47	77	55	6.671345e+03
47	77	56	2.831295e+03
47	77	57	9.891233e+04
47	77	70	2.353008e+03
47	77	71	4.463717e+04
47	77	72	1.699173e+04
47	78	55	5.860637e+04
47	78	56	2.487233e+04
47	78	57	8.689242e+05
47	78	70	1.963212e+03
47	78	71	3.724265e+04
47	78	72	1.417691e+04
47	79	55	1.369759e+04
47	79	56	5.813209e+03
47	79	57	2.030866e+05
47	80	66	2.540543e-02
47	80	67	4.980892e+01
47	80	68	4.548368e+01
47	81	66	1.861133e+00
47	81	67	3.648867e+03
47	81	68	3.332012e+03
47	82	66	2.926387e+00
47	82	67	5.737363e+03
47	82	68	5.239150e+03
47	83	78	1.289809e+02
47	83	79	4.218569e+04
47	83	80	5.246176e+04
47	84	51	-4.379678e+01
47	84	52	-3.552439e+02
47	84	53	-7.786227e+01
47	84	78	1.627710e+03
47	84	79	5.323740e+05
47	84	80	6.620557e+05
47	85	51	-8.434467e+03
47	85	52	-6.841353e+04
47	85	53	-1.499486e+04
47	85	78	4.915504e+02
47	85	79	1.607710e+05
47	85	80	1.999334e+05
47	86	51	-6.291042e+03
47	86	52	-5.102781e+04
47	86	53	-1.118426e+04
47	87	43	3.260120e+02
47	87	44	6.785348e+02
47	87	45	5.900175e+03
47	88	43	5.040850e+04
47	88	44	1.049161e+05
47	88	45	9.122945e+05
47	89	43	3.631859e+04
47	89	44	7.559054e+04
47	89	45	6.572949e+05
48	59	57	3.531152e-01
48	59	58	2.389992e-01
48	59	59	5.419208e+00
48	60	57	2.469797e+02
48	60	58	1.671635e+02
48	60	59	3.790363e+03
48	61	57	2.868866e+02
48	61	58	1.941736e+02
48	61	59	4.402807e+03
48	72	66	3.221079e+01
48	72	67	2.662803e+04
48	72	68	2.562469e+04
48	72	74	1.913756e+02
48	72	75	-2.273769e+01
48	72	76	2.616260e+03
48	73	61	1.079082e-04
48	73	62	2.793480e+01
48	73	63	2.771594e+01
48	73	65	5.359496e+02
48	73	66	1.328601e+04
48	73	67	-3.533087e+04
48	73	68	-3.183781e+04
48	73	74	2.333566e+03
48	73	75	7.365333e+02
48	73	76	5.445018e+04
48	73	77	9.271385e+03
48	74	57	3.284943e+01
48	74	58	4.096855e+02
48	74	59	1.227920e+02
48	74	61	4.061684e-03
48	74	62	1.051471e+03
48	74	63	1.043233e+03
48	74	65	1.486434e+04
48	74	66	3.658633e+05
48	74	67	4.222789e+05
48	74	68	2.733725e+05
48	74	69	8.534280e+02
48	74	74	6.657049e+03
48	74	75	9.169018e+03
48	74	76	3.125341e+05
48	74	77	9.108660e+04
48	75	57	3.338403e+01
48	75	58	4.163528e+02
48	75	59	1.247904e+02
48	75	61	7.568685e-03
48	75	62	1.959348e+03
48	75	63	1.943997e+03
48	75	65	6.731030e+03
48	75	66	1.653777e+05
48	75	67	8.267200e+04
48	75	68	1.165698e+05
48	75	69	3.025752e+04
48	75	75	3.157851e+04
48	75	76	7.023613e+05
48	75	77	2.887944e+05
48	76	57	5.266595e+02
48	76	58	6.568296e+03
48	76	59	1.968667e+03
48	76	67	5.748035e+03
48	76	68	5.803010e+04
48	76	69	1.506262e+04
48	76	70	3.833706e+00
48	76	71	7.272641e+01
48	76	72	2.768428e+01
48	77	55	3.858758e+03
48	77	56	1.637643e+03
48	77	57	5.721167e+04
48	77	70	1.910908e+03
48	77	71	3.625042e+04
48	77	72	1.379920e+04
48	78	55	3.389839e+04
48	78	56	1.438635e+04
48	78	57	5.025926e+05
48	78	70	1.594350e+03
48	78	71	3.024523e+04
48	78	72	1.151325e+04
48	79	55	7.922794e+03
48	79	56	3.362405e+03
48	79	57	1.174669e+05
48	80	66	1.007479e+00
48	80	67	1.975224e+03
48	80	68	1.803703e+03
48	81	66	7.380516e+01
48	81	67	1.446996e+05
48	81	68	1.321344e+05
48	82	66	1.160489e+02
48	82	67	2.275211e+05
48	82	68	2.077639e+05
48	84	51	5.546937e+02
48	84	52	4.499224e+03
48	84	53	9.861388e+02
48	85	51	1.068240e+05
48	85	52	8.664690e+05
48	85	53	1.899125e+05
48	86	51	7.967711e+04
48	86	52	6.462759e+05
48	86	53	1.416506e+05
48	87	74	8.194713e+01
48	87	75	5.542352e+03
48	87	76	3.361129e+03
48	88	74	-1.302795e+02
48	88	75	-8.811224e+03
48	88	76	-5.343519e+03
48	89	74	8.326056e+02
48	89	75	5.631183e+04
48	89	76	3.415000e+04
48	91	50	5.113288e+00
48	91	51	-6.082320e+00
48	91	52	5.723131e+01
48	92	50	7.766838e+03
48	92	51	-9.238751e+03
48	92	52	8.693160e+04
48	93	50	8.600554e+03
48	93	51	-1.023047e+04
48	93	52	9.626309e+04
49	59	57	3.156627e+01
49	59	58	2.136502e+01
49	59	59	4.844430e+02
49	60	57	2.207843e+04
49	60	58	1.494336e+04
49	60	59	3.388345e+05
49	61	57	2.564585e+04
49	61	58	1.735790e+04
49	61	59	3.935832e+05
49	72	61	5.512868e+01
49	72	62	1.556147e+02
49	72	63	1.073626e+03
49	72	65	2.534628e+00
49	72	66	1.132223e+02
49	72	67	9.897495e+02
49	72	68	1.381429e+03
49	72	69	4.625834e+02
49	72	74	2.448817e+01
49	72	75	-2.909485e+00
49	72	76	3.347732e+02
49	73	61	3.580609e+03
49	73	62	1.550408e+04
49	73	63	7.508630e+04
49	73	65	2.291439e+02
49	73	66	9.044076e+03
49	73	67	1.046666e+04
49	73	68	8.081243e+03
49	73	69	4.578650e+03
49	73	74	2.986001e+02
49	73	75	4.203875e+02
49	73	76	1.422134e+04
49	73	77	4.169012e+03
49	74	57	3.889844e+03
49	74	58	4.851264e+04
49	74	59	1.454034e+04
49	74	61	5.793219e+03
49	74	62	2.194635e+05
49	74	63	3.142984e+05
49	74	65	1.489012e+02
49	74	66	6.381384e+03
49	74	67	2.453372e+04
49	74	68	3.201942e+04
49	74	69	-4.324455e+02
49	74	74	8.518272e+02
49	74	75	4.377430e+03
49	74	76	1.112579e+05
49	74	77	4.095841e+04
49	75	57	3.953148e+03
49	75	58	4.930215e+04
49	75	59	1.477697e+04
49	75	61	5.439377e+03
49	75	62	3.744318e+05
49	75	63	4.421159e+05
49	75	66	9.890967e+03
49	75	67	-3.973824e+04
49	75	68	-1.249712e+05
49	75	69	-5.686593e+04
49	75	73	2.775292e+02
49	75	74	8.415656e+03
49	75	75	1.814978e+04
49	75	76	3.158269e+05
49	75	77	1.298606e+05
49	76	57	6.236405e+04
49	76	58	7.777805e+05
49	76	59	2.331185e+05
49	76	61	4.648430e+03
49	76	62	-3.513906e+03
49	76	63	5.687888e+04
49	76	66	5.450817e+03
49	76	67	-2.074324e+04
49	76	68	-5.719862e+04
49	76	69	-2.830866e+04
49	76	70	7.374595e+01
49	76	71	1.398980e+03
49	76	72	5.325404e+02
49	76	73	-1.629494e+02
49	76	74	-4.941197e+03
49	76	75	-2.319242e+03
49	77	70	3.675860e+04
49	77	71	6.973203e+05
49	77	72	2.654443e+05
49	77	73	3.504141e+03
49	77	74	1.062578e+05
49	77	75	4.987406e+04
49	78	65	3.952207e-02
49	78	66	5.438609e-01
49	78	67	1.733000e-01
49	78	70	3.066924e+04
49	78	71	5.818034e+05
49	78	72	2.214712e+05
49	79	65	2.646638e+01
49	79	66	2.934677e+03
49	79	67	4.130732e+03
49	79	70	1.749566e+01
49	79	71	3.160555e+03
49	79	72	2.334642e+03
49	80	65	5.748260e+02
49	80	66	7.036265e+04
49	80	67	1.036838e+05
49	80	68	3.310333e+03
49	80	70	4.869621e+02
49	80	71	8.796871e+04
49	80	72	6.498083e+04
49	81	65	2.452395e+02
49	81	66	3.023640e+04
49	81	67	3.083845e+05
49	81	68	2.425060e+05
49	81	70	2.208339e+02
49	81	71	3.989319e+04
49	81	72	2.946835e+04
49	81	73	2.752354e-01
49	81	74	1.263572e+03
49	81	75	1.190879e+03
49	82	57	4.259995e-03
49	82	58	2.557217e-01
49	82	59	1.502603e-01
49	82	66	2.129844e+02
49	82	67	4.175691e+05
49	82	68	3.813089e+05
49	82	73	8.421849e+00
49	82	74	3.866368e+04
49	82	75	3.643936e+04
49	83	57	3.102900e+00
49	83	58	1.862629e+02
49	83	59	1.094468e+02
49	83	73	1.673004e+01
49	83	74	7.680556e+04
49	83	75	7.238694e+04
49	84	57	2.671890e+00
49	84	58	1.603899e+02
49	84	59	9.424401e+01
49	84	68	5.721703e+01
49	84	69	-8.945163e+01
49	84	70	5.853874e+02
49	85	68	3.722374e+02
49	85	69	-5.819463e+02
49	85	70	3.808360e+03
49	86	68	6.712572e+01
49	86	69	-1.049426e+02
49	86	70	6.867631e+02
49	87	74	2.464779e+02
49	87	75	1.667011e+04
49	87	76	1.010950e+04
49	88	74	-3.918503e+02
49	88	75	-2.650211e+04
49	88	76	-1.607206e+04
49	89	74	2.504284e+03
49	89	75	1.693729e+05
49	89	76	1.027153e+05
49	91	50	4.322770e+01
49	91	51	-5.141988e+01
49	91	52	4.838330e+02
49	92	50	6.566079e+04
49	92	51	-7.810432e+04
49	92	52	7.349190e+05
49	93	50	7.270901e+04
49	93	51	-8.648827e+04
49	93	52	8.138074e+05
50	59	57	4.761488e+01
50	59	58	3.222721e+01
50	59	59	7.307387e+02
50	60	57	3.330333e+04
50	60	58	2.254071e+04
50	60	59	5.111014e+05
50	61	57	3.868446e+04
50	61	58	2.618283e+04
50	61	59	5.936848e+05
50	63	59	5.952236e+01
50	63	60	1.183633e+03
50	63	61	4.612982e+02
50	64	59	1.400146e+03
50	64	60	2.784265e+04
50	64	61	1.085113e+04
50	65	59	5.906300e+02
50	65	60	1.174499e+04
50	65	61	4.577382e+03
50	65	63	3.017017e+02
50	65	64	6.218158e+03
50	65	65	1.419400e+04
50	66	63	2.387079e+03
50	66	64	4.919838e+04
50	66	65	1.123036e+05
50	67	63	5.124986e+02
50	67	64	1.056274e+04
50	67	65	2.411124e+04
50	67	76	7.700092e+01
50	67	77	-1.307221e+01
50	67	78	1.044098e+03
50	68	76	1.128605e+03
50	68	77	-1.915999e+02
50	68	78	1.530338e+04
50	69	76	2.961851e+03
50	69	77	-5.028245e+02
50	69	78	4.016138e+04
50	71	65	6.127934e+01
50	71	66	2.193538e+03
50	71	67	4.149236e+03
50	72	61	-9.116894e+01
50	72	62	-2.573475e+02
50	72	63	-1.775507e+03
50	72	65	1.132259e+03
50	72	66	4.134379e+04
50	72	67	9.833381e+04
50	72	68	2.510755e+04
50	72	69	6.758136e+04
50	72	74	2.717988e+03
50	72	75	-3.229292e+02
50	72	76	3.715710e+04
50	73	61	-5.921375e+03
50	73	62	-1.268727e+04
50	73	63	-1.113202e+05
50	73	64	8.581643e-02
50	73	65	1.322363e+04
50	73	66	5.165367e+05
50	73	67	4.794706e+05
50	73	68	1.119750e+05
50	73	69	6.689202e+05
50	73	74	3.314218e+04
50	73	75	-3.937684e+03
50	73	76	4.530805e+05
50	74	57	2.671942e+03
50	74	58	3.332344e+04
50	74	59	9.987791e+03
50	74	61	-9.561561e+03
50	74	62	1.256294e+05
50	74	63	-3.197481e+04
50	74	64	2.155672e+04
50	74	65	1.923399e+04
50	74	66	3.447775e+05
50	74	67	7.308119e+05
50	74	68	9.155179e+05
50	74	69	1.791325e+05
50	74	74	9.454590e+04
50	74	75	-1.123317e+04
50	74	76	1.292519e+06
50	75	40	3.620487e+02
50	75	41	3.748912e+03
50	75	42	9.909541e+02
50	75	57	2.715426e+03
50	75	58	3.386575e+04
50	75	59	1.015033e+04
50	75	61	2.326524e+03
50	75	62	2.877827e+05
50	75	63	3.335701e+05
50	75	64	1.471427e+05
50	75	65	2.021730e+03
50	75	66	1.082886e+05
50	75	67	-9.122935e+04
50	75	68	2.134139e+06
50	75	69	2.830573e+05
50	75	73	2.552627e+03
50	75	74	7.740456e+04
50	75	75	3.633126e+04
50	76	40	3.694640e+03
50	76	41	3.825694e+04
50	76	42	1.011250e+04
50	76	57	4.283800e+04
50	76	58	5.342591e+05
50	76	59	1.601296e+05
50	76	61	1.987977e+03
50	76	62	7.411821e+02
50	76	63	2.760361e+04
50	76	64	3.697460e+04
50	76	65	9.956939e+04
50	76	66	1.635968e+05
50	76	67	-4.778185e+04
50	76	68	1.121938e+06
50	76	69	1.409099e+05
50	76	73	-1.498758e+03
50	76	74	-4.544758e+04
50	76	75	-2.133166e+04
50	77	40	9.664681e+02
50	77	41	1.000750e+04
50	77	42	2.645294e+03
50	77	62	6.468834e+03
50	77	63	-1.282681e+04
50	77	64	5.855115e+04
50	77	66	8.026832e+01
50	77	67	2.533814e+03
50	77	68	1.207989e+03
50	77	73	3.222999e+04
50	77	74	9.773259e+05
50	77	75	4.587260e+05
50	78	62	1.350799e+03
50	78	63	-2.678448e+03
50	78	64	1.222644e+04
50	78	65	4.414425e+02
50	78	66	6.074666e+03
50	78	67	1.935678e+03
50	79	65	3.211896e+04
50	79	66	4.369467e+05
50	79	67	1.329658e+05
50	79	70	1.174936e+02
50	79	71	2.122498e+04
50	79	72	1.567849e+04
50	80	65	1.875179e+04
50	80	66	1.355830e+05
50	80	67	-1.090377e+05
50	80	70	3.270236e+03
50	80	71	5.907615e+05
50	80	72	4.363844e+05
50	81	65	-4.808892e+02
50	81	66	-5.902483e+04
50	81	67	-8.396072e+04
50	81	70	1.483029e+03
50	81	71	2.679062e+05
50	81	72	1.978972e+05
50	81	73	-4.772593e-01
50	81	74	-2.191039e+03
50	81	75	-2.064989e+03
50	82	57	7.465740e+00
50	82	58	4.481583e+02
50	82	59	2.633347e+02
50	82	73	-1.460352e+01
50	82	74	-6.704299e+04
50	82	75	-6.318601e+04
50	83	57	5.437905e+03
50	83	58	3.264301e+05
50	83	59	1.918080e+05
50	83	73	-2.900996e+01
50	83	74	-1.331812e+05
50	83	75	-1.255193e+05
50	84	57	4.682549e+03
50	84	58	2.810871e+05
50	84	59	1.651648e+05
50	84	68	1.042080e+04
50	84	69	-1.629161e+04
50	84	70	1.066152e+05
50	85	68	6.779469e+04
50	85	69	-1.059885e+05
50	85	70	6.936074e+05
50	86	68	1.222544e+04
50	86	69	-1.911294e+04
50	86	70	1.250785e+05
50	87	74	1.623542e+03
50	87	75	1.098054e+05
50	87	76	6.659092e+04
50	88	74	-2.581105e+03
50	88	75	-1.745686e+05
50	88	76	-1.058662e+05
50	89	74	1.649564e+04
50	89	75	1.115654e+06
50	89	76	6.765821e+05
50	91	50	9.799582e+00
50	91	51	-1.165672e+01
50	91	52	1.096834e+02
50	92	50	1.488509e+04
50	92	51	-1.770600e+04
50	92	52	1.666038e+05
50	93	50	1.648290e+04
50	93	51	-1.960662e+04
50	93	52	1.844876e+05
51	63	59	1.416503e+03
51	63	60	2.816792e+04
51	63	61	1.097790e+04
51	64	59	3.332046e+04
51	64	60	6.625949e+05
51	64	61	2.582335e+05
51	65	59	1.405572e+04
51	65	60	2.795054e+05
51	65	61	1.089318e+05
51	65	63	2.105041e+03
51	65	64	4.338550e+04
51	65	65	9.903472e+04
51	66	63	1.665519e+04
51	66	64	3.434114e+05
51	66	65	7.894511e+05
51	66	66	3.082556e+03
51	67	63	3.575819e+03
51	67	64	7.605565e+04
51	67	65	2.650588e+05
51	67	66	5.073193e+04
51	67	76	5.246420e+02
51	67	77	-8.906688e+01
51	67	78	7.113910e+03
51	68	64	8.326442e+02
51	68	65	3.422180e+04
51	68	66	1.794429e+04
51	68	76	7.689694e+03
51	68	77	-1.305456e+03
51	68	78	1.042688e+05
51	69	64	8.397425e+02
51	69	65	4.103839e+04
51	69	66	4.509604e+04
51	69	76	2.018043e+04
51	69	77	-3.425970e+03
51	69	78	2.736375e+05
51	70	64	5.065939e+03
51	70	65	8.443283e+04
51	70	66	5.394725e+04
51	70	67	4.109441e+00
51	70	68	6.071148e+03
51	70	69	5.467462e+03
51	71	62	3.469838e+02
51	71	63	4.049994e+03
51	71	64	9.052453e+03
51	71	65	2.281609e+04
51	71	66	3.122441e+04
51	71	67	5.228542e+04
51	71	68	1.194849e+04
51	71	69	1.076039e+04
51	72	61	5.505908e+02
51	72	62	1.531530e+03
51	72	63	9.384362e+03
51	72	64	2.862533e+03
51	72	65	5.044461e+03
51	72	66	4.411789e+05
51	72	67	8.101219e+05
51	72	68	9.426612e+04
51	72	69	1.911916e+05
51	73	61	3.576068e+04
51	73	62	1.058735e+05
51	73	63	7.530886e+05
51	73	64	1.446350e+05
51	73	65	2.163903e+05
51	73	66	5.485287e+05
51	73	67	5.302007e+05
51	73	68	-1.416282e+05
51	73	69	9.246005e+05
51	74	60	8.967974e-01
51	74	61	5.801145e+04
51	74	62	1.642837e+05
51	74	63	1.156959e+06
51	74	64	5.941256e+04
51	74	65	7.920695e+05
51	74	66	8.223958e+05
51	74	67	2.583730e+05
51	74	68	-3.002916e+04
51	74	69	2.365667e+05
51	75	40	7.268715e+03
51	75	41	7.526547e+04
51	75	42	1.989501e+04
51	75	60	1.102593e+01
51	75	61	8.570902e+04
51	75	62	1.186914e+05
51	75	63	1.345500e+06
51	75	64	4.078085e+05
51	75	65	5.379855e+05
51	75	66	3.579867e+05
51	75	67	2.397347e+05
51	75	68	3.181373e+05
51	75	69	1.282836e+03
51	75	73	6.182274e+02
51	75	74	1.874681e+04
51	75	75	8.799164e+03
51	76	40	7.417588e+04
51	76	41	7.680701e+05
51	76	42	2.030248e+05
51	76	60	3.274535e+00
51	76	61	7.271519e+04
51	76	62	1.539914e+05
51	76	63	1.155221e+06
51	76	64	5.011913e+05
51	76	65	8.521163e+05
51	76	66	9.506928e+05
51	76	67	4.270431e+05
51	76	68	3.941872e+05
51	76	69	1.054099e+04
51	76	73	-3.629881e+02
51	76	74	-1.100707e+04
51	76	75	-5.166371e+03
51	77	40	1.940341e+04
51	77	41	2.009168e+05
51	77	42	5.310857e+04
51	77	61	5.703302e+03
51	77	62	1.965239e+05
51	77	63	-2.361095e+05
51	77	64	1.189035e+06
51	77	65	2.034921e+04
51	77	66	1.001523e+05
51	77	67	1.750688e+05
51	77	68	9.555260e+04
51	77	69	2.335094e+03
51	77	73	7.805866e+03
51	77	74	2.367011e+05
51	77	75	1.111000e+05
51	78	61	6.007562e+03
51	78	62	7.969872e+04
51	78	63	-4.226309e+04
51	78	64	2.482650e+05
51	78	65	1.263208e+03
51	78	66	3.401178e+04
51	78	67	3.458574e+04
51	78	68	1.193212e+04
51	78	69	2.095582e+03
51	78	70	3.783331e+02
51	79	65	3.361795e+04
51	79	66	4.860486e+05
51	79	67	1.840111e+05
51	79	68	3.104780e+03
51	79	69	2.022338e+04
51	79	70	3.672926e+03
51	79	71	3.943274e+03
51	79	72	2.912822e+03
51	80	65	2.586449e+04
51	80	66	9.252550e+05
51	80	67	1.002626e+06
51	80	68	7.796875e+02
51	80	69	5.078594e+03
51	80	70	1.524441e+03
51	80	71	1.097544e+05
51	80	72	8.107348e+04
51	81	65	2.235741e+03
51	81	66	2.744171e+05
51	81	67	3.903487e+05
51	81	70	2.755239e+02
51	81	71	4.977283e+04
51	81	72	3.676625e+04
51	81	73	2.688129e+00
51	81	74	1.234087e+04
51	81	75	1.163090e+04
51	82	57	8.209517e+00
51	82	58	4.928062e+02
51	82	59	2.895695e+02
51	82	73	8.225329e+01
51	82	74	3.776148e+05
51	82	75	3.558907e+05
51	83	57	5.979658e+03
51	83	58	3.589508e+05
51	83	59	2.109170e+05
51	83	73	1.633965e+02
51	83	74	7.501333e+05
51	83	75	7.069783e+05
51	84	57	5.149050e+03
51	84	58	3.090905e+05
51	84	59	1.816194e+05
51	84	68	1.393533e+04
51	84	69	-2.178614e+04
51	84	70	1.425724e+05
51	85	68	9.065924e+04
51	85	69	-1.417343e+05
51	85	70	9.275345e+05
51	86	68	1.634862e+04
51	86	69	-2.555901e+04
51	86	70	1.672627e+05
52	63	59	6.006512e+02
52	63	60	1.194427e+04
52	63	61	4.655047e+03
52	63	66	9.434343e+01
52	63	67	1.291878e+03
52	63	68	4.104273e+02
52	64	59	1.412914e+04
52	64	60	2.809654e+05
52	64	61	1.095008e+05
52	64	66	3.745763e+02
52	64	67	5.129206e+03
52	64	68	1.629539e+03
52	65	59	5.960158e+03
52	65	60	1.185209e+05
52	65	61	4.619122e+04
52	65	63	4.050428e+02
52	65	64	8.348047e+03
52	65	65	1.905583e+04
52	65	66	2.031300e+03
52	65	67	2.781532e+04
52	65	68	8.836876e+03
52	66	63	3.204719e+03
52	66	64	6.582608e+04
52	66	65	1.415650e+05
52	66	66	-4.823108e+03
52	67	63	6.880434e+02
52	67	64	1.049289e+04
52	67	65	-1.191334e+05
52	67	66	-7.937750e+04
52	67	76	2.028514e+03
52	67	77	-3.443747e+02
52	67	78	2.750574e+04
52	68	64	-1.301865e+03
52	68	65	-5.332158e+04
52	68	66	-2.778858e+04
52	68	76	2.973199e+04
52	68	77	-5.047511e+03
52	68	78	4.031525e+05
52	69	63	1.843728e+02
52	69	64	1.724410e+04
52	69	65	4.601697e+05
52	69	66	4.744330e+05
52	69	76	7.802707e+04
52	69	77	-1.324642e+04
52	69	78	1.058012e+06
52	70	56	6.418487e+02
52	70	57	1.017548e+03
52	70	58	1.100816e+04
52	70	60	4.933514e+00
52	70	61	8.186472e+01
52	70	62	6.619228e+02
52	70	63	9.134771e+03
52	70	64	1.690490e+05
52	70	65	1.165421e+06
52	70	66	6.268369e+05
52	70	67	-7.686225e+00
52	70	68	-1.135537e+04
52	70	69	-1.022624e+04
52	71	56	7.634526e+03
52	71	57	1.210332e+04
52	71	58	1.309375e+05
52	71	59	5.574613e+02
52	71	60	-1.055033e+03
52	71	61	5.476691e+03
52	71	62	2.137638e+03
52	71	63	1.487899e+04
52	71	64	9.372178e+04
52	71	65	3.861197e+05
52	71	66	5.136011e+04
52	71	67	6.763290e+03
52	71	68	-2.234268e+04
52	71	69	-2.007675e+04
52	71	70	1.915602e+03
52	71	71	3.420147e+03
52	72	56	2.218990e+03
52	72	57	3.517853e+03
52	72	58	3.805724e+04
52	72	59	5.935614e+03
52	72	60	-1.015917e+04
52	72	61	5.799225e+04
52	72	62	1.353817e+04
52	72	63	1.049915e+05
52	72	64	1.737383e+05
52	72	65	9.914474e+04
52	72	66	-3.898406e+04
52	72	67	9.625695e+05
52	72	68	-1.455396e+05
52	72	69	-1.683806e+05
52	72	70	7.505924e+01
52	72	71	-8.521762e+02
52	73	59	1.806055e+04
52	73	60	-3.597939e+04
52	73	61	1.660172e+05
52	73	62	2.827953e+04
52	73	63	3.660451e+05
52	73	64	5.966136e+05
52	73	65	2.173494e+06
52	73	66	7.070618e+05
52	73	67	1.119541e+06
52	73	68	1.128055e+05
52	73	69	3.437845e+04
52	73	70	2.679943e+04
52	73	71	4.641755e+04
52	73	72	1.442629e+02
52	74	59	4.390743e+01
52	74	60	1.002329e+04
52	74	61	5.217068e+04
52	74	62	1.361915e+05
52	74	63	2.480711e+05
52	74	64	2.647090e+06
52	74	65	1.472931e+06
52	74	66	1.489207e+06
52	74	67	1.234357e+06
52	74	68	1.675437e+05
52	74	69	2.308383e+04
52	74	70	4.894670e+04
52	74	71	4.619113e+04
52	74	72	1.199791e+04
52	75	40	2.846198e+03
52	75	41	2.947157e+04
52	75	42	7.790254e+03
52	75	60	3.646421e+03
52	75	61	4.866355e+05
52	75	62	7.826221e+05
52	75	63	7.075632e+05
52	75	64	4.639276e+06
52	75	65	2.098120e+06
52	75	66	9.244754e+05
52	75	67	1.056680e+06
52	75	68	4.439846e+05
52	75	69	3.239256e+04
52	75	70	3.768778e+04
52	75	71	3.091559e+04
52	75	72	1.789707e+04
52	75	75	1.396493e-01
52	75	76	5.934143e+01
52	75	77	4.876354e+01
52	76	40	2.904492e+04
52	76	41	3.007519e+05
52	76	42	7.949809e+04
52	76	60	1.082932e+03
52	76	61	1.486635e+05
52	76	62	5.903711e+05
52	76	63	8.292240e+05
52	76	64	2.268132e+06
52	76	65	1.076413e+06
52	76	66	2.192177e+06
52	76	67	1.444925e+06
52	76	68	5.745746e+05
52	76	69	3.518495e+04
52	76	70	3.745928e+02
52	76	71	4.212289e+02
52	76	72	6.086399e+03
52	76	75	3.244696e+01
52	76	76	1.378775e+04
52	76	77	1.133002e+04
52	77	40	7.597761e+03
52	77	41	7.867265e+04
52	77	42	2.079563e+04
52	77	61	1.264944e+03
52	77	62	1.514215e+05
52	77	63	-2.278591e+04
52	77	64	6.186165e+05
52	77	65	2.951360e+05
52	77	66	1.075688e+06
52	77	67	4.302095e+05
52	77	68	1.712185e+05
52	77	69	2.680919e+03
52	77	75	4.199394e+01
52	77	76	1.784457e+04
52	77	77	1.466369e+04
52	78	61	2.565203e+03
52	78	62	1.930531e+04
52	78	63	3.887326e+04
52	78	64	2.956194e+05
52	78	65	2.772723e+04
52	78	66	4.335788e+05
52	78	67	2.276053e+05
52	78	68	2.170219e+04
52	78	69	3.234431e+04
52	78	70	5.839390e+03
52	79	61	1.074322e+04
52	79	62	-1.003569e+04
52	79	63	1.269322e+05
52	79	64	3.513057e+02
52	79	65	2.246477e+03
52	79	66	1.169989e+03
52	79	67	1.487913e+04
52	79	68	8.276842e+04
52	79	69	3.121382e+05
52	79	70	5.635294e+04
52	80	64	8.432443e+02
52	80	65	5.392252e+03
52	80	66	1.166901e+03
52	80	67	4.056884e+03
52	80	68	2.153552e+04
52	80	69	7.838566e+04
52	80	70	1.468322e+04
52	80	71	2.723377e+02
52	80	72	7.978575e+03
52	80	79	1.019849e+00
52	80	80	2.652865e+03
52	80	81	2.451825e+03
52	81	70	1.041947e+04
52	81	71	5.337927e+03
52	81	72	1.563832e+05
52	81	79	3.991351e+00
52	81	80	1.038243e+04
52	81	81	9.595628e+03
52	82	70	4.031851e+03
52	82	71	2.065531e+03
52	82	72	6.051309e+04
52	82	79	2.185660e+01
52	82	80	5.685410e+04
52	82	81	5.254558e+04
53	63	66	9.655721e+02
53	63	67	1.322192e+04
53	63	68	4.200581e+03
53	64	66	3.833657e+03
53	64	67	5.249563e+04
53	64	68	1.667777e+04
53	65	66	2.078965e+04
53	65	67	2.846801e+05
53	65	68	9.044235e+04
53	66	61	1.850487e+02
53	66	62	9.699016e+03
53	66	63	5.484338e+03
53	66	64	1.473393e+03
53	66	65	6.326707e+04
53	66	66	3.533721e+04
53	67	61	2.111012e+03
53	67	62	1.106452e+05
53	67	63	6.256464e+04
53	67	64	2.419218e+04
53	67	65	1.020991e+06
53	67	66	5.566347e+05
53	68	60	1.412390e+01
53	68	61	1.122842e+03
53	68	62	3.226070e+04
53	68	63	1.768585e+04
53	68	64	8.842035e+03
53	68	65	3.573418e+05
53	68	66	1.963929e+05
53	69	60	8.346602e+02
53	69	61	3.109014e+04
53	69	62	5.811376e+04
53	69	63	-2.473250e+02
53	69	64	3.329536e+03
53	69	65	1.166970e+05
53	69	66	2.023174e+05
53	69	67	2.042352e+00
53	69	68	1.910607e+00
53	69	69	6.293769e-01
53	70	43	3.900098e+00
53	70	44	8.601229e+01
53	70	45	3.522701e+01
53	70	56	-9.645311e+02
53	70	57	-1.529110e+03
53	70	58	-1.654239e+04
53	70	60	2.352579e+03
53	70	61	6.751549e+04
53	70	62	1.457915e+05
53	70	63	7.852411e+03
53	70	64	-1.937610e+04
53	70	65	3.027532e+05
53	70	66	2.763139e+05
53	70	67	4.278986e+03
53	70	68	7.906989e+04
53	70	69	5.858019e+04
53	70	70	5.785634e+01
53	70	71	1.634238e+02
53	71	43	9.258633e+02
53	71	44	2.041888e+04
53	71	45	8.362713e+03
53	71	55	1.291880e+02
53	71	56	-4.837602e+03
53	71	57	-6.838744e+03
53	71	58	-1.967649e+05
53	71	59	-8.349683e+02
53	71	60	1.710559e+03
53	71	61	8.306555e+03
53	71	62	1.681120e+05
53	71	63	4.761631e+05
53	71	64	-8.266538e+04
53	71	65	3.778331e+05
53	71	66	8.197014e+05
53	71	67	1.193637e+05
53	71	68	1.376900e+05
53	71	69	1.136353e+05
53	71	70	3.731289e+04
53	71	71	6.569955e+04
53	72	43	1.195043e+03
53	72	44	2.635534e+04
53	72	45	1.079403e+04
53	72	55	-4.799005e+01
53	72	56	-5.799333e+03
53	72	57	-9.502424e+03
53	72	58	-5.719009e+04
53	72	59	-8.732248e+03
53	72	60	6.419586e+04
53	72	61	2.054101e+05
53	72	62	8.635782e+05
53	72	63	5.627352e+05
53	72	64	8.178898e+05
53	72	65	1.049270e+06
53	72	66	1.296516e+06
53	72	67	1.896630e+06
53	72	68	1.144578e+06
53	72	69	1.364857e+06
53	72	70	2.099768e+05
53	72	71	-1.134296e+04
53	73	55	1.694122e+03
53	73	56	8.701012e+04
53	73	57	1.488315e+05
53	73	59	-2.732913e+04
53	73	60	-7.684688e+03
53	73	61	-3.258915e+05
53	73	62	1.776206e+05
53	73	63	7.126922e+05
53	73	64	4.131124e+06
53	73	65	2.959684e+06
53	73	66	6.053690e+06
53	73	67	3.168963e+06
53	73	68	7.767024e+05
53	73	69	4.739433e+05
53	73	70	6.669493e+05
53	73	71	8.642595e+05
53	73	72	7.953283e+02
53	74	59	1.468367e+03
53	74	60	3.255210e+05
53	74	61	4.722631e+05
53	74	62	3.888073e+05
53	74	63	1.375719e+06
53	74	64	5.678980e+06
53	74	65	7.382530e+06
53	74	66	1.412079e+07
53	74	67	5.148829e+06
53	74	68	1.402999e+06
53	74	69	8.498225e+05
53	74	70	4.034979e+05
53	74	71	2.469711e+05
53	74	72	7.175449e+04
53	75	60	2.917924e+03
53	75	61	3.939478e+05
53	75	62	4.665912e+05
53	75	63	1.654574e+05
53	75	64	3.599142e+06
53	75	65	5.700818e+06
53	75	66	1.008612e+07
53	75	67	6.246170e+06
53	75	68	1.233481e+06
53	75	69	1.686558e+06
53	75	70	5.575283e+05
53	75	71	2.220698e+05
53	75	72	4.399410e+05
53	75	75	3.370462e+00
53	75	76	1.432217e+03
53	75	77	1.176918e+03
53	76	60	8.665794e+02
53	76	61	1.066787e+05
53	76	62	6.056631e+05
53	76	63	3.807176e+05
53	76	64	2.816417e+06
53	76	65	3.563563e+06
53	76	66	5.892040e+06
53	76	67	3.537908e+06
53	76	68	1.370693e+06
53	76	69	8.624270e+05
53	76	70	1.824237e+04
53	76	71	4.906795e+03
53	76	72	2.227993e+05
53	76	75	7.831138e+02
53	76	76	3.327701e+05
53	76	77	2.734523e+05
53	77	61	1.610234e+05
53	77	62	1.036033e+06
53	77	63	1.327832e+06
53	77	64	8.691695e+05
53	77	65	4.784394e+05
53	77	66	1.564093e+06
53	77	67	1.422780e+06
53	77	68	8.500112e+05
53	77	69	3.851596e+04
53	77	70	2.487680e+03
53	77	71	1.509146e+05
53	77	72	8.893137e+04
53	77	75	1.013532e+03
53	77	76	4.306821e+05
53	77	77	3.539110e+05
53	78	61	8.211954e+04
53	78	62	7.288242e+05
53	78	63	5.691931e+05
53	78	64	6.117003e+05
53	78	65	8.143786e+05
53	78	66	2.328494e+06
53	78	67	1.530692e+06
53	78	68	5.784079e+05
53	78	69	9.320683e+04
53	78	70	1.498528e+04
53	79	61	-7.651464e+03
53	79	62	7.147552e+03
53	79	63	-8.748959e+04
53	79	64	1.080152e+05
53	79	65	2.100881e+05
53	79	66	4.600726e+04
53	79	67	3.134525e+05
53	79	68	9.034643e+05
53	79	69	8.237932e+05
53	79	70	1.446037e+05
53	79	71	6.051883e+01
53	80	59	2.360202e+02
53	80	60	1.598422e+04
53	80	61	9.696872e+03
53	80	64	6.495452e+04
53	80	65	4.163479e+05
53	80	66	7.646382e+04
53	80	67	9.352277e+04
53	80	68	2.262963e+05
53	80	69	2.012390e+05
53	80	70	3.514085e+04
53	80	71	2.621033e+02
53	80	72	-1.540364e+04
53	80	78	9.504731e-01
53	80	79	5.182547e+01
53	80	80	2.828758e+02
53	80	81	2.341086e+02
53	81	59	-4.052822e+02
53	81	60	-2.744731e+04
53	81	61	-1.665099e+04
53	81	69	3.050251e+01
53	81	70	-1.954639e+04
53	81	71	-9.184567e+03
53	81	72	-3.019175e+05
53	81	78	4.010649e+01
53	81	79	2.183118e+03
53	81	80	2.239151e+03
53	81	81	9.162229e+02
53	82	59	2.316152e+03
53	82	60	1.568590e+05
53	82	61	9.515896e+04
53	82	66	4.227161e+00
53	82	67	1.075235e+03
53	82	68	8.335675e+02
53	82	69	1.074888e+02
53	82	70	5.188991e+03
53	82	71	1.451946e+04
53	82	72	-1.168281e+05
53	82	78	2.120036e+01
53	82	79	1.155885e+03
53	82	80	6.088211e+03
53	82	81	5.017229e+03
53	83	66	-7.364792e+00
53	83	67	-1.873334e+03
53	83	68	-1.452287e+03
53	83	69	4.308593e+01
53	83	70	5.200107e+03
53	83	71	7.418458e+03
53	84	66	4.118825e+01
53	84	67	1.047678e+04
53	84	68	8.122044e+03
54	63	66	2.998841e+03
54	63	67	4.106420e+04
54	63	68	1.304602e+04
54	64	66	1.190644e+04
54	64	67	1.630392e+05
54	64	68	5.179725e+04
54	65	60	2.683403e+02
54	65	61	8.176745e+02
54	65	62	5.335554e+03
54	65	66	6.456780e+04
54	65	67	8.841498e+05
54	65	68	2.808928e+05
54	66	53	1.811963e+02
54	66	54	1.856124e+03
54	66	55	5.762130e+03
54	66	60	2.616791e+03
54	66	61	7.628396e+03
54	66	62	3.392895e+04
54	66	63	-1.023589e+04
54	66	64	2.054314e+01
54	66	65	7.354306e+03
54	66	66	9.059373e+03
54	67	53	2.142991e+03
54	67	54	2.195219e+04
54	67	55	6.814815e+04
54	67	60	6.622420e+02
54	67	61	-1.922009e+03
54	67	62	-1.933389e+05
54	67	63	-1.167698e+05
54	67	64	2.036418e+02
54	67	65	7.290240e+04
54	67	66	8.980453e+04
54	67	71	2.935090e+02
54	67	72	-5.795746e+02
54	67	73	2.663818e+03
54	68	53	6.205276e+02
54	68	54	6.356510e+03
54	68	55	1.973308e+04
54	68	60	9.027109e+01
54	68	61	2.248741e+03
54	68	62	-5.209036e+04
54	68	63	-3.300863e+04
54	68	64	4.731191e+02
54	68	65	1.815204e+04
54	68	66	2.766315e+04
54	68	70	2.041434e+01
54	68	71	6.240454e+02
54	68	72	-7.913572e+02
54	68	73	3.866609e+03
54	69	60	5.334625e+03
54	69	61	1.987087e+05
54	69	62	3.714268e+05
54	69	63	2.127872e+03
54	69	64	6.821943e+04
54	69	65	1.570323e+04
54	69	66	1.041438e+05
54	69	67	7.263283e+01
54	69	68	4.263702e+01
54	69	69	1.404515e+01
54	69	70	3.216974e+02
54	69	71	8.077956e+03
54	69	72	-9.003053e+03
54	69	73	4.499452e+04
54	70	43	8.102187e+01
54	70	44	1.786847e+03
54	70	45	7.318171e+02
54	70	56	6.669941e+03
54	70	57	1.057413e+04
54	70	58	1.143942e+05
54	70	60	1.009965e+04
54	70	61	3.496015e+05
54	70	62	6.856788e+05
54	70	63	1.897354e+05
54	70	64	1.225416e+06
54	70	65	6.430523e+05
54	70	66	6.570115e+05
54	70	67	1.331539e+05
54	70	68	4.935780e+05
54	70	69	1.632301e+05
54	70	70	8.167076e+03
54	70	71	2.383175e+04
54	70	72	2.712228e+02
54	71	43	1.923418e+04
54	71	44	4.241883e+05
54	71	45	1.737297e+05
54	71	55	-2.509258e+02
54	71	56	6.644865e+04
54	71	57	1.037306e+05
54	71	58	1.360672e+06
54	71	59	5.800250e+03
54	71	60	-1.081315e+04
54	71	61	6.466947e+04
54	71	62	9.825633e+04
54	71	63	1.192027e+05
54	71	64	1.809220e+06
54	71	65	1.259079e+06
54	71	66	1.285181e+06
54	71	67	2.421640e+05
54	71	68	5.311589e+05
54	71	69	1.809350e+05
54	71	70	8.095731e+04
54	71	71	2.126010e+05
54	72	43	2.482620e+04
54	72	44	5.475141e+05
54	72	45	2.242387e+05
54	72	55	9.321255e+01
54	72	56	2.784662e+04
54	72	57	4.474559e+04
54	72	58	3.954819e+05
54	72	59	6.200388e+04
54	72	60	-3.380200e+04
54	72	61	9.741454e+05
54	72	62	1.141733e+06
54	72	63	1.963934e+06
54	72	64	3.013220e+06
54	72	65	2.362249e+06
54	72	66	1.645686e+06
54	72	67	2.794849e+06
54	72	68	1.549245e+06
54	72	69	6.228139e+05
54	72	70	4.136604e+05
54	72	71	6.572310e+05
54	73	55	-3.280219e+03
54	73	56	-1.686581e+05
54	73	57	-2.889124e+05
54	73	59	1.874857e+05
54	73	60	-4.697435e+05
54	73	61	1.622291e+06
54	73	62	3.983435e+05
54	73	63	1.682021e+06
54	73	64	7.940108e+06
54	73	65	1.264123e+07
54	73	66	1.139704e+07
54	73	67	8.427933e+06
54	73	68	3.692401e+06
54	73	69	8.660702e+05
54	73	70	3.270862e+05
54	73	71	3.317607e+05
54	73	72	3.488840e+03
54	74	55	3.719353e+01
54	74	56	1.240438e+03
54	74	57	6.038079e+02
54	74	59	2.865505e+03
54	74	60	6.310342e+05
54	74	61	9.230263e+05
54	74	62	6.315775e+05
54	74	63	3.344097e+06
54	74	64	1.161023e+07
54	74	65	1.988525e+07
54	74	66	2.515008e+07
54	74	67	1.685437e+07
54	74	68	4.894209e+06
54	74	69	8.523149e+05
54	74	70	1.265106e+06
54	74	71	1.219960e+06
54	74	72	2.981798e+05
54	75	55	2.155896e+02
54	75	56	7.190109e+03
54	75	57	3.499929e+03
54	75	59	1.329525e+01
54	75	60	1.419727e+03
54	75	61	5.709395e+04
54	75	62	7.402989e+05
54	75	63	3.599482e+06
54	75	64	9.898139e+06
54	75	65	2.252244e+07
54	75	66	2.272963e+07
54	75	67	1.093900e+07
54	75	68	2.747891e+06
54	75	69	2.257616e+06
54	75	70	1.610064e+06
54	75	71	7.774565e+05
54	75	72	8.961529e+05
54	75	75	1.438194e+00
54	75	76	6.111345e+02
54	75	77	5.021970e+02
54	76	61	8.988824e+03
54	76	62	9.914330e+05
54	76	63	2.325580e+06
54	76	64	4.238145e+06
54	76	65	9.493530e+06
54	76	66	1.329690e+07
54	76	67	6.450180e+06
54	76	68	1.964195e+06
54	76	69	6.457241e+05
54	76	70	1.311045e+05
54	76	71	5.047825e+04
54	76	72	4.394432e+05
54	76	75	3.341588e+02
54	76	76	1.419947e+05
54	76	77	1.166835e+05
54	77	61	1.158453e+05
54	77	62	4.625209e+04
54	77	63	1.275214e+06
54	77	64	2.478588e+06
54	77	65	3.442138e+06
54	77	66	2.153262e+06
54	77	67	2.278692e+06
54	77	68	7.176416e+05
54	77	69	5.253363e+03
54	77	70	-4.748113e+03
54	77	71	-2.880433e+05
54	77	72	-1.697389e+05
54	77	75	4.324794e+02
54	77	76	1.837743e+05
54	77	77	1.510157e+05
54	78	61	3.047858e+04
54	78	62	1.000041e+05
54	78	63	1.270369e+06
54	78	64	2.738809e+06
54	78	65	1.458372e+06
54	78	66	1.356569e+06
54	78	67	6.721070e+05
54	78	68	4.967615e+05
54	78	69	1.150420e+05
54	79	61	1.325495e+05
54	79	62	-1.238200e+05
54	79	63	1.560740e+06
54	79	64	-1.064323e+05
54	79	65	2.429258e+05
54	79	66	1.116443e+05
54	79	67	5.624831e+05
54	79	68	1.003443e+06
54	79	69	2.635613e+05
54	79	70	-1.247608e+04
54	79	71	6.583169e+04
54	80	59	1.537224e+03
54	80	60	1.041069e+05
54	80	61	6.315675e+04
54	80	64	1.010316e+05
54	80	65	7.378499e+05
54	80	66	-2.743250e+04
54	80	67	9.714641e+05
54	80	68	7.742280e+04
54	80	69	8.972013e+04
54	80	70	-1.575305e+05
54	80	71	8.595598e+05
54	80	72	7.344914e+04
54	80	78	1.525795e+02
54	80	79	8.318325e+03
54	80	80	4.224023e+04
54	80	81	3.465184e+04
54	81	59	-2.639646e+03
54	81	60	-1.787672e+05
54	81	61	-1.084497e+05
54	81	69	2.768692e+04
54	81	70	5.262345e+04
54	81	71	3.226823e+05
54	81	72	1.439632e+06
54	81	78	6.438296e+03
54	81	79	3.504511e+05
54	81	80	3.470452e+05
54	81	81	1.356158e+05
54	82	59	1.508534e+04
54	82	60	1.021639e+06
54	82	61	6.197803e+05
54	82	64	2.818997e+01
54	82	65	2.133448e+02
54	82	66	2.218700e+02
54	82	67	4.521625e+04
54	82	68	3.505353e+04
54	82	69	1.174248e+03
54	82	70	1.788382e+05
54	82	71	2.211948e+05
54	82	72	5.570712e+05
54	82	78	3.403293e+03
54	82	79	1.855281e+05
54	82	80	9.094073e+05
54	82	81	7.426307e+05
54	83	61	1.124902e+00
54	83	62	3.689514e+01
54	83	63	7.169145e+01
54	83	64	1.371339e+03
54	83	65	1.037844e+04
54	83	66	1.835968e+03
54	83	67	-7.877822e+04
54	83	68	-6.107219e+04
54	83	69	4.706869e+02
54	83	70	5.680792e+04
54	83	71	8.104203e+04
54	84	61	5.867904e+01
54	84	62	1.924587e+03
54	84	63	3.739691e+03
54	84	64	2.379022e+03
54	84	65	1.800470e+04
54	84	66	5.454421e+03
54	84	67	4.405742e+05
54	84	68	3.415516e+05
54	85	61	3.313375e+01
54	85	62	1.086739e+03
54	85	63	2.111657e+03
54	87	61	2.266276e-03
54	87	62	5.771275e-01
54	87	63	4.474806e-01
54	88	61	3.934294e+01
54	88	62	1.001903e+04
54	88	63	7.768340e+03
54	89	61	3.816430e+01
54	89	62	9.718882e+03
54	89	63	7.535615e+03
55	48	56	1.054642e+00
55	48	57	7.133828e+02
55	48	58	6.108053e+02
55	49	56	4.490118e+01
55	49	57	3.037214e+04
55	49	58	2.600493e+04
55	50	56	8.076285e+01
55	50	57	5.462976e+04
55	50	58	4.677454e+04
55	64	73	1.455456e+00
55	64	74	1.472976e+03
55	64	75	1.668645e+03
55	65	60	8.629548e+02
55	65	61	1.190620e+04
55	65	62	2.418400e+04
55	65	73	4.777425e+01
55	65	74	4.834933e+04
55	65	75	5.477203e+04
55	66	53	2.131841e+03
55	66	54	2.183798e+04
55	66	55	6.779358e+04
55	66	60	8.136646e+03
55	66	61	1.869106e+04
55	66	62	2.469451e+05
55	66	63	5.151146e+04
55	66	64	1.611628e+02
55	66	65	5.769521e+04
55	66	66	7.107161e+04
55	66	67	4.431032e+02
55	66	68	3.042232e+03
55	66	69	5.768453e+02
55	66	73	2.311687e+01
55	66	74	2.339514e+04
55	66	75	2.650294e+04
55	67	53	2.521307e+04
55	67	54	2.582756e+05
55	67	55	8.017880e+05
55	67	60	2.381078e+03
55	67	61	1.386486e+05
55	67	62	1.171066e+06
55	67	63	5.887397e+05
55	67	64	6.740484e+03
55	67	65	5.970103e+05
55	67	66	7.045247e+05
55	67	67	7.470100e+03
55	67	68	5.134147e+04
55	67	69	9.826685e+03
55	67	70	2.138832e+03
55	67	71	1.290060e+04
55	67	72	-1.721746e+04
55	67	73	7.913420e+04
55	67	83	3.086372e+02
55	67	84	6.020964e+03
55	67	85	2.324375e+03
55	68	53	7.300736e+03
55	68	54	7.478668e+04
55	68	55	2.321669e+05
55	68	60	1.600568e+01
55	68	61	6.201086e+03
55	68	62	2.948855e+05
55	68	63	1.639097e+05
55	68	64	-4.757366e+03
55	68	65	9.007054e+04
55	68	66	2.369821e+05
55	68	67	1.853448e+04
55	68	68	1.314489e+05
55	68	69	2.765920e+04
55	68	70	2.751602e+04
55	68	71	8.917710e+04
55	68	72	-1.781630e+04
55	68	73	1.148656e+05
55	68	83	3.821866e+03
55	68	84	7.455783e+04
55	68	85	2.878283e+04
55	69	60	9.458655e+02
55	69	61	3.523241e+04
55	69	62	6.585736e+04
55	69	63	1.102508e+04
55	69	64	1.609743e+05
55	69	65	8.524762e+04
55	69	66	1.258772e+06
55	69	67	1.377809e+02
55	69	68	7.220947e+03
55	69	69	4.644689e+03
55	69	70	5.323049e+04
55	69	71	6.095025e+05
55	69	72	-1.777480e+05
55	69	73	1.336655e+06
55	69	83	1.140276e+03
55	69	84	2.224476e+04
55	69	85	8.587524e+03
55	70	43	3.225674e+01
55	70	44	7.113863e+02
55	70	45	2.913539e+02
55	70	54	1.030692e+00
55	70	55	-2.014200e+00
55	70	56	9.416720e+00
55	70	60	1.562409e+03
55	70	61	5.819797e+04
55	70	62	1.090653e+05
55	70	63	3.823017e+05
55	70	64	3.784239e+05
55	70	65	2.701515e+05
55	70	66	7.914884e+05
55	70	67	9.372821e+04
55	70	68	2.435221e+05
55	70	69	6.741142e+04
55	70	70	2.164853e+04
55	70	71	1.707860e+05
55	70	72	3.899087e+04
55	71	43	7.657586e+03
55	71	44	1.688795e+05
55	71	45	6.916592e+04
55	71	54	5.914997e+02
55	71	55	2.891192e+01
55	71	56	6.625720e+04
55	71	57	1.040897e+05
55	71	62	2.605903e+04
55	71	63	6.553730e+05
55	71	64	1.096724e+06
55	71	65	3.633657e+06
55	71	66	6.412442e+05
55	71	67	2.541116e+05
55	71	68	3.437857e+05
55	71	69	1.216835e+05
55	71	70	4.715198e+04
55	71	71	1.331877e+05
55	72	43	9.883904e+03
55	72	44	2.179784e+05
55	72	45	8.927479e+04
55	72	54	4.996920e+02
55	72	55	-1.416645e+03
55	72	56	-1.804003e+04
55	72	57	-3.866666e+04
55	72	61	5.196112e+03
55	72	62	4.724385e+04
55	72	63	2.896557e+05
55	72	64	9.972053e+05
55	72	65	5.045282e+06
55	72	66	3.099989e+06
55	72	67	3.277863e+06
55	72	68	2.163343e+06
55	72	69	8.323867e+05
55	72	70	1.485563e+05
55	72	71	4.443955e+05
55	73	55	1.649249e+04
55	73	56	8.298554e+05
55	73	57	1.380496e+06
55	73	59	1.376172e+02
55	73	60	1.254806e+04
55	73	61	5.856304e+04
55	73	62	6.321210e+05
55	73	63	1.970929e+06
55	73	64	1.295499e+07
55	73	65	1.601475e+07
55	73	66	1.605674e+07
55	73	67	1.092020e+07
55	73	68	5.971611e+06
55	73	69	5.130330e+05
55	73	70	5.111355e+04
55	73	71	1.593958e+04
55	74	55	3.440299e+03
55	74	56	1.147371e+05
55	74	57	5.585057e+04
55	74	59	3.756804e+03
55	74	60	3.425427e+05
55	74	61	4.120916e+05
55	74	62	8.834302e+05
55	74	63	5.124711e+06
55	74	64	1.722925e+07
55	74	65	3.195488e+07
55	74	66	3.145230e+07
55	74	67	1.901114e+07
55	74	68	8.736410e+06
55	74	69	2.060133e+06
55	74	70	4.328739e+05
55	74	71	-2.114545e+05
55	74	72	9.684691e+00
55	75	55	1.994145e+04
55	75	56	6.650653e+05
55	75	57	3.237338e+05
55	75	59	1.690098e+03
55	75	60	1.544085e+05
55	75	61	2.007451e+05
55	75	62	5.000652e+05
55	75	63	4.075663e+06
55	75	64	1.530969e+07
55	75	65	3.020451e+07
55	75	66	2.327588e+07
55	75	67	1.626439e+07
55	75	68	8.457737e+06
55	75	69	1.647854e+06
55	75	70	3.906370e+05
55	75	71	1.168930e+05
55	75	72	6.894870e+04
55	76	60	2.433690e+01
55	76	61	2.886070e+04
55	76	62	3.036008e+05
55	76	63	1.786700e+06
55	76	64	8.268434e+06
55	76	65	1.340159e+07
55	76	66	1.197893e+07
55	76	67	4.968990e+06
55	76	68	2.081333e+06
55	76	69	1.750006e+05
55	76	70	4.469077e+04
55	76	71	-1.015878e+05
55	76	72	-5.843429e+04
55	76	73	1.849561e+03
55	77	60	1.020939e+02
55	77	61	5.789936e+04
55	77	62	8.990775e+04
55	77	63	9.252282e+05
55	77	64	4.226094e+06
55	77	65	4.095157e+06
55	77	66	4.093018e+06
55	77	67	1.638297e+06
55	77	68	6.751339e+05
55	77	69	8.373758e+04
55	77	70	5.620918e+04
55	77	71	1.399060e+06
55	77	72	8.406073e+05
55	77	73	2.111618e+04
55	78	58	4.755537e+01
55	78	59	8.162280e+02
55	78	60	2.949441e+02
55	78	61	1.772265e+04
55	78	62	-9.030349e+03
55	78	63	4.301633e+05
55	78	64	1.041135e+06
55	78	65	7.257335e+05
55	78	66	6.421865e+05
55	78	67	1.829402e+05
55	78	68	4.759590e+05
55	78	69	6.174949e+04
55	78	70	1.273745e+04
55	78	71	2.161510e+02
55	78	72	4.770874e+04
55	78	73	6.215390e+04
55	79	58	1.659448e+03
55	79	59	2.848233e+04
55	79	60	1.029209e+04
55	79	61	9.037585e+00
55	79	62	2.520037e+02
55	79	63	3.476678e+04
55	79	64	7.726718e+05
55	79	65	9.256968e+05
55	79	66	3.850919e+05
55	79	67	2.974313e+05
55	79	68	3.447749e+05
55	79	69	7.808113e+04
55	79	70	-1.103790e+04
55	79	71	5.936372e+04
55	79	72	8.845550e+02
55	80	58	8.213515e+02
55	80	59	1.437497e+04
55	80	60	2.388798e+04
55	80	61	1.140135e+04
55	80	64	1.740523e+02
55	80	65	8.967906e+04
55	80	66	-6.034420e+04
55	80	67	6.317520e+05
55	80	69	7.940127e+04
55	80	70	-1.437255e+05
55	80	71	7.645542e+05
55	80	72	4.867962e+03
55	80	78	2.078509e+02
55	80	79	1.131198e+04
55	80	80	6.466699e+03
55	81	59	-4.765212e+02
55	81	60	-3.227189e+04
55	81	61	-1.957784e+04
55	81	69	2.462086e+04
55	81	70	-2.396408e+04
55	81	71	2.891111e+05
55	81	72	2.137744e+04
55	81	78	8.770550e+03
55	81	79	4.773242e+05
55	81	80	2.728711e+05
55	82	59	2.723277e+03
55	82	60	1.844311e+05
55	82	61	1.118856e+05
55	82	64	4.061082e+02
55	82	65	3.073472e+03
55	82	66	9.562657e+02
55	82	67	8.161128e+04
55	82	68	6.326850e+04
55	82	69	3.531064e+03
55	82	70	4.261695e+05
55	82	71	6.079722e+05
55	82	72	4.039675e+02
55	82	73	3.182945e+03
55	82	74	1.134045e+04
55	82	78	4.636127e+03
55	82	79	2.523143e+05
55	82	80	1.442401e+05
55	83	61	1.009413e+02
55	83	62	3.310727e+03
55	83	63	6.433120e+03
55	83	64	1.975567e+04
55	83	65	1.496806e+05
55	83	66	3.012787e+04
55	83	67	-1.403753e+05
55	83	68	-1.102298e+05
55	83	69	1.415396e+03
55	83	70	1.708263e+05
55	83	71	2.437003e+05
55	83	72	3.293738e+03
55	83	73	2.595206e+04
55	83	74	9.246404e+04
55	84	61	5.265472e+03
55	84	62	1.726998e+05
55	84	63	3.355753e+05
55	84	64	3.427248e+04
55	84	65	2.652970e+05
55	84	66	4.883489e+04
55	84	67	8.592434e+05
55	84	68	6.164702e+05
55	84	72	7.250195e+02
55	84	73	5.712582e+03
55	84	74	2.035323e+04
55	85	61	2.973205e+03
55	85	62	9.751678e+04
55	85	63	1.894862e+05
55	85	65	1.123995e+04
55	85	66	-1.503206e+04
55	85	67	1.216199e+05
55	87	61	8.603399e-02
55	87	62	2.190933e+01
55	87	63	1.698758e+01
55	88	61	1.493565e+03
55	88	62	3.803497e+05
55	88	63	2.949073e+05
55	89	61	1.448821e+03
55	89	62	3.689552e+05
55	89	63	2.860724e+05
56	48	56	-6.752253e-01
56	48	57	-4.567373e+02
56	48	58	-3.910629e+02
56	49	56	-2.874760e+01
56	49	57	-1.944551e+04
56	49	58	-1.664943e+04
56	50	56	-5.170772e+01
56	50	57	-3.497624e+04
56	50	58	-2.994700e+04
56	51	57	3.087770e+00
56	51	58	1.682472e+02
56	51	59	2.835087e+02
56	52	57	1.905781e+02
56	52	58	1.038427e+04
56	52	59	1.749825e+04
56	53	57	1.128294e+02
56	53	58	6.147877e+03
56	53	59	1.035962e+04
56	57	67	1.268277e+01
56	57	68	-1.919342e+01
56	57	69	1.314416e+02
56	58	67	4.255701e+03
56	58	68	-6.440348e+03
56	58	69	4.410520e+04
56	59	67	3.411043e+03
56	59	68	-5.162088e+03
56	59	69	3.535134e+04
56	64	73	1.408338e+01
56	64	74	1.425291e+04
56	64	75	1.614626e+04
56	65	60	5.330719e+03
56	65	61	2.412263e+03
56	65	62	9.551886e+04
56	65	73	4.622766e+02
56	65	74	4.678413e+05
56	65	75	5.299891e+05
56	66	53	6.151750e+02
56	66	54	6.301680e+03
56	66	55	1.956286e+04
56	66	60	5.239942e+04
56	66	61	1.713594e+05
56	66	62	1.050739e+06
56	66	67	2.813915e+03
56	66	68	1.931962e+04
56	66	69	3.663241e+03
56	66	73	2.236851e+02
56	66	74	2.263777e+05
56	66	75	2.564496e+05
56	67	53	7.275615e+03
56	67	54	7.452935e+04
56	67	55	2.313681e+05
56	67	60	1.278099e+04
56	67	61	-1.273960e+05
56	67	62	1.281572e+05
56	67	63	-2.162206e+03
56	67	64	-1.007705e+04
56	67	65	-4.915043e+04
56	67	67	4.748812e+04
56	67	68	3.295508e+05
56	67	69	6.425484e+04
56	67	70	3.842586e+03
56	67	71	1.157160e+04
56	67	72	-8.016111e+03
56	67	73	3.684334e+04
56	67	83	-1.033697e+02
56	67	84	-2.016559e+03
56	67	85	-7.784865e+02
56	68	53	2.106738e+03
56	68	54	2.158083e+04
56	68	55	6.699529e+04
56	68	62	1.497596e+02
56	68	63	6.222798e+03
56	68	64	2.204505e+04
56	68	65	1.011391e+05
56	68	67	1.215667e+05
56	68	68	1.108926e+06
56	68	69	3.404661e+05
56	68	70	4.822914e+04
56	68	71	1.316743e+05
56	68	72	-1.692269e+03
56	68	73	5.347917e+04
56	68	83	-1.280031e+03
56	68	84	-2.497112e+04
56	68	85	-9.640027e+03
56	69	62	3.140457e+03
56	69	63	1.937534e+04
56	69	64	-8.134108e+04
56	69	65	-4.477276e+05
56	69	67	6.636290e+03
56	69	68	4.708749e+05
56	69	69	2.894390e+05
56	69	70	7.663395e+04
56	69	71	7.147145e+05
56	69	72	2.129121e+04
56	69	73	6.223203e+05
56	69	83	-3.819046e+02
56	69	84	-7.450280e+03
56	69	85	-2.876158e+03
56	70	54	1.381296e+02
56	70	55	-2.699359e+02
56	70	56	1.261995e+03
56	70	62	1.317122e+03
56	70	63	9.421078e+04
56	70	64	8.800492e+04
56	70	65	2.946728e+04
56	70	66	1.126053e+04
56	70	67	1.434748e+05
56	70	68	7.672897e+04
56	70	69	1.797023e-01
56	70	70	2.252629e+04
56	70	71	2.147471e+05
56	70	72	5.403227e+04
56	71	54	7.927067e+04
56	71	55	-1.549125e+05
56	71	56	7.242414e+05
56	71	62	2.723780e+03
56	71	63	1.051735e+05
56	71	64	1.476071e+05
56	71	65	1.186150e+05
56	71	66	2.134086e+05
56	71	67	7.844456e+05
56	71	68	2.029112e+05
56	71	69	7.055900e+02
56	71	70	6.982917e+03
56	71	71	5.834271e+03
56	72	54	6.696694e+04
56	72	55	-1.308682e+05
56	72	56	6.118307e+05
56	72	61	1.332687e+03
56	72	62	3.681792e+04
56	72	63	8.427043e+04
56	72	64	6.759842e+05
56	72	65	2.144317e+06
56	72	66	2.616186e+06
56	72	67	4.652514e+06
56	72	68	1.399148e+06
56	72	69	2.058259e+05
56	72	70	8.594878e+04
56	72	71	1.025919e+05
56	72	72	3.932478e+02
56	73	55	6.237193e+02
56	73	56	2.080160e+04
56	73	57	1.012559e+04
56	73	59	1.945910e+02
56	73	60	1.779983e+04
56	73	61	3.874622e+04
56	73	62	2.909648e+05
56	73	63	6.846795e+05
56	73	64	4.302667e+06
56	73	65	8.362168e+06
56	73	66	1.049189e+07
56	73	67	5.942484e+06
56	73	68	3.267108e+06
56	73	69	7.588454e+05
56	73	70	-6.790691e+04
56	73	71	-7.585940e+04
56	73	72	6.283894e+03
56	74	49	1.438575e+01
56	74	50	4.111995e+02
56	74	51	1.885112e+02
56	74	55	2.246793e+03
56	74	56	7.493258e+04
56	74	57	3.647493e+04
56	74	59	5.312129e+03
56	74	60	4.858567e+05
56	74	61	6.811671e+05
56	74	62	1.184449e+06
56	74	63	1.308713e+06
56	74	64	8.485443e+06
56	74	65	1.735530e+07
56	74	66	1.784432e+07
56	74	67	8.215183e+06
56	74	68	3.616166e+06
56	74	69	2.683988e+06
56	74	70	1.016902e+06
56	74	71	1.210781e+06
56	74	72	8.445844e+04
56	75	49	2.057174e+03
56	75	50	5.880190e+04
56	75	51	2.695726e+04
56	75	55	1.302338e+04
56	75	56	4.343413e+05
56	75	57	2.114243e+05
56	75	59	2.389802e+03
56	75	60	2.236986e+05
56	75	61	8.168417e+05
56	75	62	9.874510e+05
56	75	63	1.157765e+06
56	75	64	8.876049e+06
56	75	65	1.959509e+07
56	75	66	1.399464e+07
56	75	67	7.756404e+06
56	75	68	3.652674e+06
56	75	69	1.527563e+06
56	75	70	3.136994e+04
56	75	71	1.232596e+05
56	75	72	6.301923e+05
56	76	49	1.462578e+03
56	76	50	4.180606e+04
56	76	51	1.916566e+04
56	76	60	1.328452e+04
56	76	61	7.568109e+03
56	76	62	2.230392e+05
56	76	63	4.491309e+05
56	76	64	1.992848e+06
56	76	65	7.732182e+06
56	76	66	5.417773e+06
56	76	67	5.227234e+06
56	76	68	9.072511e+05
56	76	69	1.765611e+05
56	76	70	3.021301e+04
56	76	71	2.565786e+04
56	76	72	1.458454e+05
56	76	73	1.850829e+04
56	77	58	3.918285e+01
56	77	59	2.339542e+03
56	77	60	5.710156e+04
56	77	61	7.100491e+04
56	77	62	7.661617e+05
56	77	63	9.580556e+05
56	77	64	7.392806e+05
56	77	65	1.356155e+06
56	77	66	2.124849e+06
56	77	67	2.693054e+06
56	77	68	1.300100e+06
56	77	69	1.265545e+06
56	77	70	3.717754e+05
56	77	71	7.348556e+02
56	77	72	1.621969e+05
56	77	73	2.113066e+05
56	78	58	6.539431e+02
56	78	59	2.595510e+04
56	78	60	1.403843e+04
56	78	61	5.106433e+04
56	78	62	4.060118e+04
56	78	63	3.174153e+06
56	78	64	1.398709e+06
56	78	65	-2.285465e+04
56	78	66	3.124184e+06
56	78	67	2.192838e+06
56	78	68	3.813344e+05
56	78	69	5.637870e+05
56	78	70	2.591649e+05
56	78	71	2.173985e+03
56	78	72	4.774145e+05
56	78	73	6.219651e+05
56	79	58	1.189678e+04
56	79	59	2.535346e+05
56	79	60	1.072219e+05
56	79	61	4.790333e+04
56	79	62	-2.685572e+04
56	79	63	9.203601e+05
56	79	64	1.560660e+05
56	79	65	8.593672e+05
56	79	66	1.944323e+06
56	79	67	1.028684e+06
56	79	68	3.126725e+05
56	79	69	6.516449e+04
56	79	70	2.646999e+04
56	79	71	2.592336e+04
56	79	72	2.030925e+04
56	80	58	5.314342e+03
56	80	59	9.121399e+04
56	80	60	3.296018e+04
56	80	64	2.117797e+03
56	80	65	3.638542e+05
56	80	66	6.843126e+05
56	80	67	6.328465e+05
56	80	68	3.660475e+01
56	80	69	5.420869e+01
56	80	70	7.201341e+02
56	80	71	1.397596e+05
56	80	72	1.117677e+05
56	81	67	1.149893e+02
56	81	68	1.148232e+04
56	81	69	1.695202e+04
56	81	70	1.822433e+03
56	81	71	6.122773e+05
56	81	72	4.908227e+05
56	82	64	1.073880e+03
56	82	65	8.127238e+03
56	82	66	1.680254e+03
56	82	67	1.436492e+02
56	82	68	1.434417e+04
56	82	69	2.117714e+04
56	82	72	3.746270e+03
56	82	73	2.951766e+04
56	82	74	1.052650e+05
56	82	75	5.852692e+01
56	82	76	1.477170e+03
56	83	61	1.521460e+02
56	83	62	4.990167e+03
56	83	63	9.696463e+03
56	83	64	5.224030e+04
56	83	65	3.951743e+05
56	83	66	8.198694e+04
56	83	67	-2.012498e+03
56	83	72	3.054512e+04
56	83	73	2.406715e+05
56	83	74	8.624967e+05
56	83	75	3.018139e+03
56	83	76	7.617530e+04
56	84	61	7.936500e+03
56	84	62	2.603056e+05
56	84	63	5.058034e+05
56	84	64	9.062736e+04
56	84	65	6.793050e+05
56	84	66	1.505911e+05
56	84	67	-7.111928e+04
56	84	72	6.723608e+03
56	84	73	5.297673e+04
56	84	74	1.973167e+05
56	84	75	5.157191e+03
56	84	76	1.301632e+05
56	85	61	4.481430e+03
56	85	62	1.469843e+05
56	85	63	2.856073e+05
56	85	65	-1.248123e+04
56	85	66	1.669212e+04
56	85	67	-1.350510e+05
56	87	61	4.387933e-02
56	87	62	1.117427e+01
56	87	63	8.664060e+00
56	88	61	7.617528e+02
56	88	62	1.939872e+05
56	88	63	1.504096e+05
56	89	61	7.389321e+02
56	89	62	1.881757e+05
56	89	63	1.459036e+05
56	96	59	2.590331e+01
56	96	60	1.581522e+02
56	96	61	2.681940e+01
56	97	59	5.227495e+03
56	97	60	3.191637e+04
56	97	61	5.412367e+03
56	98	59	6.891639e+03
56	98	60	4.207677e+04
56	98	61	7.135365e+03
57	48	56	1.318762e+01
57	48	57	8.920396e+03
57	48	58	7.637730e+03
57	49	56	5.614605e+02
57	49	57	3.797843e+05
57	49	58	3.251750e+05
57	50	56	1.009888e+03
57	50	57	6.831103e+05
57	50	58	5.848857e+05
57	51	57	9.328410e+01
57	51	58	5.082888e+03
57	51	59	8.565034e+03
57	52	57	5.757526e+03
57	52	58	3.137175e+05
57	52	59	5.286367e+05
57	53	57	3.408671e+03
57	53	58	1.857325e+05
57	53	59	3.129728e+05
57	57	67	5.301586e+01
57	57	68	-8.023133e+01
57	57	69	5.494453e+02
57	58	67	1.778946e+04
57	58	68	-2.692161e+04
57	58	69	1.843663e+05
57	59	67	1.425867e+04
57	59	68	-2.157829e+04
57	59	69	1.477738e+05
57	62	62	8.452911e+00
57	62	63	5.213402e+02
57	62	64	3.085930e+02
57	63	62	5.590497e+01
57	63	63	3.447984e+03
57	63	64	2.040940e+03
57	64	62	2.199116e+02
57	64	63	1.356323e+04
57	64	64	8.028379e+03
57	64	73	3.543701e+00
57	64	74	3.586359e+03
57	64	75	4.062769e+03
57	65	60	2.741017e+02
57	65	61	9.752307e+04
57	65	62	7.867387e+04
57	65	73	1.163194e+02
57	65	74	1.177196e+05
57	65	75	1.333574e+05
57	66	60	-2.316711e+02
57	66	61	-8.242661e+04
57	66	62	-6.649525e+04
57	66	67	4.958574e+02
57	66	68	3.404429e+03
57	66	69	6.455224e+02
57	66	73	5.628429e+01
57	66	74	5.696181e+04
57	66	75	6.452859e+04
57	67	60	3.296482e+03
57	67	61	1.172860e+06
57	67	62	9.461707e+05
57	67	63	1.006495e+04
57	67	64	4.690812e+04
57	67	65	2.287926e+05
57	67	67	8.391444e+03
57	67	68	5.972320e+04
57	67	69	1.348240e+04
57	67	70	3.755152e+04
57	67	71	7.341137e+04
57	67	83	4.072500e+03
57	67	84	7.944724e+04
57	67	85	3.067037e+04
57	68	62	5.952288e+02
57	68	63	-1.084015e+04
57	68	64	-4.602005e+04
57	68	65	-3.582785e+05
57	68	67	2.324048e+04
57	68	68	3.244390e+05
57	68	69	1.523732e+05
57	68	70	4.315738e+05
57	68	71	8.437055e+05
57	68	83	5.042992e+04
57	68	84	9.837982e+05
57	68	85	3.797923e+05
57	69	62	1.248120e+04
57	69	63	2.413058e+05
57	69	64	3.920350e+05
57	69	65	1.895437e+06
57	69	67	3.989216e+03
57	69	68	2.830530e+05
57	69	69	1.775646e+05
57	69	70	1.226079e+05
57	69	71	2.396924e+05
57	69	83	1.504606e+04
57	69	84	2.935219e+05
57	69	85	1.133133e+05
57	70	54	9.708582e+01
57	70	55	-1.897272e+02
57	70	56	8.870062e+02
57	70	62	4.991347e+03
57	70	63	8.063505e+04
57	70	64	4.697034e+05
57	70	65	9.794051e+05
57	70	66	2.563067e+03
57	70	67	3.074289e+04
57	70	68	8.985736e+03
57	70	69	7.649612e+00
57	70	70	1.816622e+04
57	70	71	1.672771e+04
57	71	54	5.571620e+04
57	71	55	-1.088818e+05
57	71	56	5.090405e+05
57	71	64	7.756674e+02
57	71	65	-3.453359e+02
57	71	66	8.812023e+04
57	71	67	3.388724e+05
57	71	68	1.088329e+05
57	71	69	2.013259e+04
57	71	70	3.247686e+05
57	71	71	2.483546e+05
57	72	54	4.706840e+04
57	72	55	-9.198209e+04
57	72	56	4.300315e+05
57	72	63	3.789150e+03
57	72	64	8.546180e+04
57	72	65	1.500362e+05
57	72	66	5.170466e+05
57	72	67	8.991296e+05
57	72	68	2.474598e+05
57	72	69	4.877502e+05
57	72	70	2.315351e+04
57	72	71	1.215748e+05
57	72	72	1.799515e+04
57	73	62	3.806579e+03
57	73	63	4.394543e+04
57	73	64	7.870260e+05
57	73	65	1.677325e+06
57	73	66	3.025748e+06
57	73	67	2.227892e+06
57	73	68	1.802899e+06
57	73	69	9.570456e+05
57	73	70	6.560537e+05
57	73	71	6.290792e+05
57	73	72	2.875532e+05
57	73	77	3.267736e-01
57	73	78	1.052380e+00
57	73	79	6.599815e+00
57	74	49	-6.074538e+00
57	74	50	-1.736335e+02
57	74	51	-7.960090e+01
57	74	62	2.190682e+04
57	74	63	9.233298e+05
57	74	64	3.196597e+06
57	74	65	4.637604e+06
57	74	66	7.234470e+06
57	74	67	6.190429e+06
57	74	68	7.945377e+05
57	74	69	1.161134e+06
57	74	70	4.013156e+05
57	74	71	3.727123e+05
57	74	72	1.787037e+05
57	74	77	1.932326e+03
57	74	78	6.223088e+03
57	74	79	3.902699e+04
57	75	49	-8.686643e+02
57	75	50	-2.482974e+04
57	75	51	-1.138300e+04
57	75	60	1.883509e+03
57	75	61	2.793992e+03
57	75	62	1.493454e+05
57	75	63	1.278594e+06
57	75	64	4.898875e+06
57	75	65	4.520556e+06
57	75	66	3.835032e+06
57	75	67	3.082020e+06
57	75	68	3.622947e+06
57	75	69	1.273656e+06
57	75	70	1.709664e+05
57	75	71	1.658103e+05
57	75	72	6.033576e+05
57	75	77	1.834074e+03
57	75	78	5.906668e+03
57	75	79	3.704262e+04
57	76	49	-6.175895e+02
57	76	50	-1.765307e+04
57	76	51	-8.092908e+03
57	76	60	1.117424e+04
57	76	61	6.652472e+04
57	76	62	1.167540e+05
57	76	63	1.305900e+06
57	76	64	3.727601e+06
57	76	65	3.732093e+06
57	76	66	2.571850e+06
57	76	67	1.668988e+06
57	76	68	1.940517e+06
57	76	69	4.713592e+05
57	76	70	1.126635e+05
57	76	71	2.452028e+04
57	76	72	1.296973e+05
57	76	73	4.773436e+03
57	77	58	-1.329275e+01
57	77	59	-7.936878e+02
57	77	60	4.641053e+04
57	77	61	3.898965e+04
57	77	62	6.474709e+05
57	77	63	4.518161e+05
57	77	64	1.010060e+06
57	77	65	1.033116e+06
57	77	66	1.873505e+06
57	77	67	3.902658e+05
57	77	68	8.962827e+05
57	77	69	5.366897e+05
57	77	70	3.375486e+05
57	77	71	1.895252e+02
57	77	72	4.183189e+04
57	77	73	5.449767e+04
57	78	58	1.108501e+03
57	78	59	1.402854e+04
57	78	60	3.488463e+03
57	78	61	3.502603e+04
57	78	62	-1.677957e+04
57	78	63	7.150643e+05
57	78	64	2.992463e+05
57	78	65	5.349999e+04
57	78	66	2.664900e+06
57	78	67	2.098140e+05
57	78	68	5.675438e+04
57	78	69	8.822008e+03
57	78	70	-2.487857e+04
57	78	71	6.351238e+03
57	78	72	1.231290e+05
57	78	73	1.604098e+05
57	79	58	4.238669e+04
57	79	59	7.107751e+05
57	79	60	2.515439e+05
57	79	61	5.098928e+04
57	79	62	-3.285993e+04
57	79	63	8.084089e+05
57	79	64	1.177688e+05
57	79	65	3.877471e+05
57	79	66	6.345320e+05
57	79	67	8.754272e+05
57	79	68	2.199113e+06
57	79	69	2.140750e+05
57	79	70	2.441753e+05
57	79	71	3.193868e+05
57	79	72	8.473617e+03
57	80	58	2.117423e+04
57	80	59	3.634290e+05
57	80	60	1.313251e+05
57	80	61	1.970086e+02
57	80	62	8.245890e+02
57	80	63	6.066514e+03
57	80	64	-2.491135e+03
57	80	65	1.251274e+05
57	80	66	2.862664e+05
57	80	67	3.133929e+05
57	80	68	2.176256e+02
57	80	69	5.443174e+02
57	80	70	1.637148e+05
57	80	71	2.352042e+05
57	80	72	4.663276e+04
57	81	63	-2.949126e+03
57	81	64	5.249503e+03
57	81	65	-2.842394e+04
57	81	67	6.836438e+02
57	81	68	6.826562e+04
57	81	69	1.007846e+05
57	81	70	7.603726e+02
57	81	71	2.554601e+05
57	81	72	2.047857e+05
57	82	63	1.733418e+04
57	82	64	-3.085518e+04
57	82	65	1.670683e+05
57	82	67	8.540349e+02
57	82	68	8.528012e+04
57	82	69	1.259041e+05
57	82	72	9.130313e+02
57	82	73	7.193967e+03
57	82	74	2.545966e+04
57	82	75	-1.032791e+02
57	82	76	-2.606677e+03
57	83	65	1.907438e+03
57	83	66	-2.550966e+03
57	83	67	2.063911e+04
57	83	72	7.444378e+03
57	83	73	5.865583e+04
57	83	74	2.001362e+05
57	83	75	-5.325936e+03
57	83	76	-1.344221e+05
57	84	65	6.740658e+04
57	84	66	-9.014809e+04
57	84	67	7.293614e+05
57	84	72	1.638661e+03
57	84	73	1.291135e+04
57	84	74	3.088388e+04
57	84	75	-9.100597e+03
57	84	76	-2.296914e+05
57	85	65	1.280008e+05
57	85	66	-1.711855e+05
57	85	67	1.385011e+06
57	96	59	4.978192e+01
57	96	60	3.039426e+02
57	96	61	5.154248e+01
57	97	59	1.004639e+04
57	97	60	6.133804e+04
57	97	61	1.040168e+04
57	98	59	1.324460e+04
57	98	60	8.086466e+04
57	98	61	1.371300e+04
58	40	86	9.897220e+00
58	40	87	6.530715e+03
58	40	88	7.619249e+03
58	41	86	-1.485611e+01
58	41	87	-9.802856e+03
58	41	88	-1.143679e+04
58	42	86	1.028939e+02
58	42	87	6.789491e+04
58	42	88	7.921157e+04
58	43	84	4.807709e+01
58	43	85	9.509600e+03
58	43	86	1.257122e+04
58	44	84	3.537235e+02
58	44	85	6.996614e+04
58	44	86	9.249175e+04
58	45	84	7.135806e+01
58	45	85	1.411455e+04
58	45	86	1.865873e+04
58	48	77	5.477107e+00
58	48	78	1.587830e+03
58	48	79	1.251220e+03
58	49	77	1.772261e+02
58	49	78	5.137839e+04
58	49	79	4.048649e+04
58	50	77	8.529338e+01
58	50	78	2.472681e+04
58	50	79	1.948488e+04
58	51	57	4.372065e+01
58	51	58	2.382262e+03
58	51	59	4.014284e+03
58	52	57	2.698453e+03
58	52	58	1.470340e+05
58	52	59	2.477629e+05
58	53	57	1.597586e+03
58	53	58	8.704964e+04
58	53	59	1.466850e+05
58	57	67	2.777332e+02
58	57	68	-4.203064e+02
58	57	69	2.878369e+03
58	58	67	9.319334e+04
58	58	68	-1.410338e+05
58	58	69	9.658363e+05
58	59	67	7.469662e+04
58	59	68	-1.130418e+05
58	59	69	7.741401e+05
58	62	62	3.920442e+02
58	62	63	2.417964e+04
58	62	64	1.431248e+04
58	63	62	2.592860e+03
58	63	63	1.599168e+05
58	63	64	9.465834e+04
58	64	62	1.019945e+04
58	64	63	6.290595e+05
58	64	64	3.723545e+05
58	68	62	3.225570e+03
58	68	63	4.070078e+04
58	68	64	3.394409e+04
58	68	65	4.798096e+04
58	69	62	6.763617e+04
58	69	63	8.322530e+05
58	69	64	2.109762e+05
58	69	65	-8.047132e+04
58	70	62	2.704832e+04
58	70	63	3.427394e+05
58	70	64	3.186495e+05
58	70	65	4.761369e+05
58	70	69	1.375980e+01
58	70	70	3.267662e+04
58	70	71	3.008909e+04
58	71	61	6.003997e+00
58	71	62	1.235505e+02
58	71	63	2.821935e+02
58	71	64	2.629196e+03
58	71	65	-4.605570e+03
58	71	66	2.554892e+04
58	71	68	2.634855e+03
58	71	69	2.725005e+04
58	71	70	5.690213e+05
58	71	71	4.467298e+05
58	72	61	5.611019e+02
58	72	62	1.155152e+04
58	72	63	2.660564e+04
58	72	64	-1.986368e+03
58	72	65	6.313630e+03
58	72	66	1.761974e+04
58	72	67	6.648998e+04
58	72	68	3.492317e+03
58	72	69	-2.426597e+04
58	72	70	6.827824e+04
58	72	71	1.699504e+05
58	72	72	9.763911e+03
58	73	61	3.673815e+02
58	73	62	8.551850e+03
58	73	63	3.499214e+04
58	73	64	1.065528e+05
58	73	65	-9.679178e+04
58	73	66	1.391213e+06
58	73	67	4.177125e+05
58	73	68	2.003921e+05
58	73	69	3.112655e+05
58	73	70	9.908042e+05
58	73	71	3.511039e+05
58	73	72	1.560222e+05
58	73	77	8.044044e-01
58	73	78	2.590598e+00
58	73	79	1.624648e+01
58	74	49	1.870129e+02
58	74	50	5.345542e+03
58	74	51	2.450622e+03
58	74	61	1.441623e+00
58	74	62	1.418705e+04
58	74	63	1.981923e+05
58	74	64	2.843204e+05
58	74	65	4.779872e+05
58	74	66	2.725472e+06
58	74	67	1.641961e+06
58	74	68	1.286285e+06
58	74	69	4.176962e+04
58	74	70	6.326061e+05
58	74	71	3.454605e+05
58	74	72	5.422193e+04
58	74	77	4.756722e+03
58	74	78	1.531911e+04
58	74	79	9.607105e+04
58	75	49	2.674301e+04
58	75	50	7.644173e+05
58	75	51	3.504411e+05
58	75	61	1.938057e+03
58	75	62	3.264530e+04
58	75	63	5.934745e+05
58	75	64	8.139933e+05
58	75	65	1.045353e+06
58	75	66	3.242938e+06
58	75	67	8.109862e+05
58	75	68	3.437983e+05
58	75	69	3.590683e+04
58	75	70	2.439354e+05
58	75	71	7.809657e+04
58	75	77	4.514861e+03
58	75	78	1.454019e+04
58	75	79	9.118620e+04
58	76	49	1.901333e+04
58	76	50	5.434736e+05
58	76	51	2.491512e+05
58	76	61	5.197128e+04
58	76	62	-1.720578e+04
58	76	63	8.691112e+05
58	76	64	1.438197e+05
58	76	65	5.589353e+05
58	76	66	2.005551e+06
58	76	67	9.439998e+05
58	76	68	2.760337e+05
58	76	69	1.708252e+05
58	76	70	2.409451e+05
58	77	58	5.166444e+02
58	77	59	3.084796e+04
58	77	60	1.809954e+04
58	77	61	2.646996e+04
58	77	62	4.217565e+04
58	77	63	3.688437e+05
58	77	64	8.857559e+05
58	77	65	2.703804e+05
58	77	66	3.767794e+05
58	77	67	5.684377e+04
58	77	68	7.998548e+04
58	77	69	3.957697e+05
58	77	70	1.074727e+06
58	78	58	4.565448e+03
58	78	59	2.725952e+05
58	78	60	1.599408e+05
58	78	61	3.008998e+04
58	78	62	5.787805e+05
58	78	63	2.385867e+05
58	78	64	1.891099e+04
58	78	65	4.099115e+05
58	78	66	3.534167e+05
58	78	67	6.242258e+05
58	78	68	2.689753e+05
58	78	69	2.049175e+06
58	78	70	1.271731e+06
58	78	71	1.079185e+04
58	79	58	1.529193e+04
58	79	59	9.130551e+05
58	79	60	5.357202e+05
58	79	61	3.670815e+04
58	79	62	2.615711e+05
58	79	63	7.039492e+05
58	79	64	2.661087e+04
58	79	65	5.642654e+05
58	79	66	2.976955e+05
58	79	67	4.049603e+05
58	79	68	9.590659e+05
58	79	69	8.666767e+05
58	79	70	7.653210e+05
58	79	71	4.396132e+05
58	80	61	1.558844e+04
58	80	62	6.524615e+04
58	80	63	3.599239e+05
58	80	64	-3.277733e+04
58	80	65	1.774760e+05
58	80	67	9.130975e+00
58	80	68	9.117784e+02
58	80	69	1.507028e+04
58	80	70	5.729538e+05
58	80	71	3.828468e+05
58	81	63	-3.102326e+04
58	81	64	5.522203e+04
58	81	65	-2.990050e+05
58	81	67	2.864239e+03
58	81	68	2.860102e+05
58	81	69	4.222537e+05
58	82	63	1.823465e+05
58	82	64	-3.245803e+05
58	82	65	1.757471e+06
58	82	67	3.578121e+03
58	82	68	3.572952e+05
58	82	69	5.274961e+05
58	82	74	9.412432e+02
58	82	75	5.666122e+02
58	82	76	1.430082e+04
58	83	74	4.853840e+04
58	83	75	2.921928e+04
58	83	76	7.374701e+05
58	84	74	8.293912e+04
58	84	75	4.992792e+04
58	84	76	1.260139e+06
58	96	59	4.609733e+02
58	96	60	2.814464e+03
58	96	61	4.772758e+02
58	97	59	9.302808e+04
58	97	60	5.679812e+05
58	97	61	9.631806e+04
58	98	59	1.226431e+05
58	98	60	7.487949e+05
58	98	61	1.269804e+05
59	40	86	-9.661151e-01
59	40	87	-6.374944e+02
59	40	88	-7.437514e+02
59	41	86	1.450176e+00
59	41	87	9.569038e+02
59	41	88	1.116400e+03
59	42	86	-1.004397e+01
59	42	87	-6.627548e+03
59	42	88	-7.732221e+03
59	43	84	-7.857764e+01
59	43	85	-1.554258e+04
59	43	86	-2.054651e+04
59	44	84	-5.781289e+02
59	44	85	-1.143533e+05
59	44	86	-1.511694e+05
59	45	84	-1.166283e+02
59	45	85	-2.306895e+04
59	45	86	-3.049601e+04
59	48	77	-3.657112e-01
59	48	78	-1.060208e+02
59	48	79	-8.354505e+01
59	49	77	-1.183354e+01
59	49	78	-3.430580e+03
59	49	79	-2.703318e+03
59	50	77	-5.695113e+00
59	50	78	-1.651031e+03
59	50	79	-1.301022e+03
59	62	62	2.136176e+02
59	62	63	1.317504e+04
59	62	64	7.798603e+03
59	63	62	1.412801e+03
59	63	63	8.713568e+04
59	63	64	5.157757e+04
59	64	62	5.557492e+03
59	64	63	3.427628e+05
59	64	64	2.028891e+05
59	68	59	9.117966e+00
59	68	60	1.420612e+03
59	68	61	1.944046e+03
59	68	65	1.483216e+02
59	68	66	2.893652e+01
59	68	67	2.127677e+03
59	69	59	-1.215680e+01
59	69	60	-1.894074e+03
59	69	61	-2.591959e+03
59	69	65	1.266953e+03
59	69	66	2.471738e+02
59	69	67	1.817448e+04
59	70	59	9.875468e+01
59	70	60	1.538634e+04
59	70	61	2.105554e+04
59	70	65	4.320802e+03
59	70	66	8.429585e+02
59	70	67	6.198201e+04
59	71	61	1.319637e+02
59	71	62	2.715556e+03
59	71	63	6.231905e+03
59	71	64	1.590465e+04
59	71	65	-2.743798e+04
59	71	66	1.545228e+05
59	71	68	2.604225e-03
59	71	69	1.811033e+01
59	71	70	1.899743e+01
59	72	61	1.233263e+04
59	72	62	2.542045e+05
59	72	63	5.992235e+05
59	72	64	-4.462303e+03
59	72	65	3.119638e+04
59	72	66	-1.446257e+05
59	72	67	3.745484e+01
59	72	68	4.639286e+01
59	72	69	3.226258e+05
59	72	70	3.384290e+05
59	73	61	8.092957e+03
59	73	62	2.097423e+05
59	73	63	7.765399e+05
59	73	64	4.108112e+05
59	73	65	-3.378028e+05
59	73	66	2.304310e+06
59	73	67	1.975881e+05
59	73	68	4.720420e+04
59	73	69	3.324221e+05
59	73	70	3.487052e+05
59	73	77	6.146524e+00
59	73	78	1.979499e+01
59	73	79	1.241407e+02
59	74	61	2.576430e+02
59	74	62	4.469511e+05
59	74	63	8.275366e+05
59	74	64	4.823727e+05
59	74	65	-1.933027e+05
59	74	66	2.470862e+06
59	74	67	3.807256e+05
59	74	68	3.210758e+05
59	74	77	3.634653e+04
59	74	78	1.170546e+05
59	74	79	7.340873e+05
59	75	59	7.217571e-01
59	75	60	7.079097e+01
59	75	61	9.552315e+02
59	75	62	1.929085e+05
59	75	63	1.100239e+06
59	75	64	6.430200e+05
59	75	65	-2.240265e+04
59	75	66	1.538250e+06
59	75	67	6.820909e+05
59	75	68	3.108441e+05
59	75	77	3.449844e+04
59	75	78	1.111028e+05
59	75	79	6.967617e+05
59	76	59	9.791034e+01
59	76	60	4.496413e+03
59	76	61	4.756604e+04
59	76	62	9.216762e+04
59	76	63	5.936777e+05
59	76	64	1.241855e+05
59	76	65	1.322790e+05
59	76	66	2.363977e+05
59	76	67	2.818881e+05
59	76	68	1.174594e+05
59	76	69	5.570348e+04
59	76	70	1.528966e+05
59	77	59	6.896728e+01
59	77	60	2.722985e+03
59	77	61	3.048057e+04
59	77	62	7.127133e+04
59	77	63	6.641836e+04
59	77	64	4.816064e+00
59	77	65	4.897141e+03
59	77	66	1.643368e+04
59	77	67	8.875335e+04
59	77	68	-6.617959e+03
59	77	69	-8.771721e+04
59	77	70	-2.407688e+05
59	78	61	2.487253e+04
59	78	62	4.806013e+05
59	78	63	1.951934e+05
59	78	65	1.679813e+04
59	78	66	2.117312e+05
59	78	67	5.861332e+05
59	78	68	4.286977e+04
59	78	69	5.686690e+05
59	78	70	1.572448e+06
59	78	71	5.828431e+03
59	79	61	2.454625e+04
59	79	62	1.924720e+05
59	79	63	4.544079e+05
59	79	65	4.711836e+03
59	79	66	7.600369e+04
59	79	67	1.915163e+05
59	79	68	5.394571e+01
59	79	69	8.449490e+03
59	79	70	2.376515e+05
59	79	71	1.082364e+05
59	80	61	9.826076e+03
59	80	62	4.112751e+04
59	80	63	2.201909e+05
59	80	64	-8.761641e+03
59	80	65	4.744075e+04
59	80	66	4.216348e+02
59	80	67	8.983332e+03
59	80	68	4.327472e+03
59	80	69	2.008722e+04
59	80	70	5.649759e+05
59	80	71	2.573136e+05
59	81	63	-8.292767e+03
59	81	64	1.476129e+04
59	81	65	-7.992642e+04
59	81	66	4.719021e+03
59	81	67	3.295101e+04
59	81	68	7.358070e+03
59	82	63	4.874267e+04
59	82	64	-8.676292e+04
59	82	65	4.697862e+05
59	82	66	1.136937e+04
59	82	67	6.980097e+04
59	82	68	1.190168e+04
59	83	61	1.491559e+02
59	83	62	5.605397e+03
59	83	63	2.848814e+03
59	84	61	2.061548e+03
59	84	62	7.747464e+04
59	84	63	3.937470e+04
59	85	61	6.586512e+02
59	85	62	2.475264e+04
59	85	63	1.257996e+04
60	40	86	1.357596e+02
60	40	87	8.958143e+04
60	40	88	1.045128e+05
60	41	86	-2.037804e+02
60	41	87	-1.344652e+05
60	41	88	-1.568777e+05
60	42	86	1.411390e+03
60	42	87	9.313105e+05
60	42	88	1.086540e+06
60	43	84	4.826907e+02
60	43	85	9.547573e+04
60	43	86	1.262142e+05
60	44	84	3.551359e+03
60	44	85	7.024552e+05
60	44	86	9.286108e+05
60	45	84	7.164300e+02
60	45	85	1.417091e+05
60	45	86	1.873324e+05
60	48	77	7.549589e+01
60	48	78	2.188649e+04
60	48	79	1.724669e+04
60	49	77	2.442867e+03
60	49	78	7.081945e+05
60	49	79	5.580617e+05
60	50	77	1.175675e+03
60	50	78	3.408318e+05
60	50	79	2.685776e+05
60	61	62	1.536610e-05
60	61	63	2.688625e-03
60	61	64	3.616158e-03
60	62	62	4.527927e+00
60	62	63	7.922567e+02
60	62	64	1.065573e+03
60	63	62	4.494669e+00
60	63	63	7.864376e+02
60	63	64	1.057746e+03
60	68	59	3.435097e+02
60	68	60	5.352006e+04
60	68	61	7.323989e+04
60	68	65	4.020211e+02
60	68	66	7.843153e+01
60	68	67	5.767002e+03
60	69	59	-4.579947e+02
60	69	60	-7.135724e+04
60	69	61	-9.764930e+04
60	69	65	3.434037e+03
60	69	66	6.699568e+02
60	69	67	4.926134e+04
60	69	70	2.098267e+02
60	69	71	-3.841160e+02
60	69	72	1.992274e+03
60	70	54	2.170439e+01
60	70	55	5.323315e+01
60	70	56	4.078907e+02
60	70	59	3.720478e+03
60	70	60	5.796639e+05
60	70	61	7.932451e+05
60	70	65	1.171140e+04
60	70	66	2.284812e+03
60	70	67	1.680003e+05
60	70	70	2.408976e+03
60	70	71	-4.409954e+03
60	70	72	2.287287e+04
60	71	54	4.128991e+02
60	71	55	1.012695e+03
60	71	56	7.759614e+03
60	71	61	5.396145e+01
60	71	62	1.110421e+03
60	71	63	3.482471e+03
60	71	64	9.500871e+01
60	71	65	1.338312e+04
60	71	68	1.296389e-03
60	71	69	9.015360e+00
60	71	70	7.081086e+03
60	71	71	-1.294557e+04
60	71	72	6.714408e+04
60	72	54	1.573995e+02
60	72	55	3.860451e+02
60	72	56	2.958010e+03
60	72	61	5.042953e+03
60	72	62	1.044228e+05
60	72	63	2.778745e+05
60	72	64	1.710348e+04
60	72	65	1.608076e+05
60	72	68	2.309446e+01
60	72	69	1.606038e+05
60	72	70	1.684707e+05
60	72	71	6.742915e+00
60	72	72	5.700933e+02
60	72	73	8.696583e+02
60	73	61	3.316107e+03
60	73	62	1.148596e+05
60	73	63	8.236499e+05
60	73	64	3.144570e+05
60	73	65	4.634224e+05
60	73	66	1.708639e+04
60	73	67	5.524298e+03
60	73	68	2.379571e+01
60	73	69	1.654804e+05
60	73	70	1.735862e+05
60	73	71	2.726392e+02
60	73	72	2.305083e+04
60	73	73	3.516327e+04
60	74	61	1.900005e+02
60	74	62	4.781961e+05
60	74	63	1.620319e+06
60	74	64	3.885640e+05
60	74	65	1.548147e+04
60	74	66	1.687561e+05
60	74	67	8.421628e+04
60	74	68	4.520317e+03
60	74	71	1.420855e+02
60	74	72	1.201290e+04
60	74	73	1.832528e+04
60	75	59	2.031310e+02
60	75	60	3.686149e+03
60	75	61	1.375441e+04
60	75	62	1.552521e+05
60	75	63	5.656087e+05
60	75	64	1.610303e+05
60	75	65	2.521609e+04
60	75	66	9.038284e+04
60	75	67	3.604478e+05
60	75	68	1.209987e+05
60	76	59	2.755585e+04
60	76	60	4.252974e+05
60	76	61	8.079784e+05
60	76	62	3.393633e+05
60	76	63	7.176853e+05
60	76	64	1.249707e+05
60	76	65	2.515294e+05
60	76	66	3.742602e+05
60	76	67	1.345737e+05
60	76	68	5.398984e+04
60	77	59	1.941012e+04
60	77	60	2.930735e+05
60	77	61	4.842111e+05
60	77	62	2.507019e+05
60	77	63	6.025790e+05
60	77	64	7.412768e+02
60	77	65	1.175293e+05
60	77	66	1.561492e+05
60	77	67	6.411445e+05
60	78	65	4.268424e+04
60	78	66	4.552467e+04
60	78	67	6.886106e+05
60	79	65	2.832237e+02
60	79	66	3.601165e+03
60	79	67	1.642589e+04
60	79	68	3.620478e+03
60	80	65	2.045076e+02
60	80	66	1.568531e+04
60	80	67	5.172343e+05
60	80	68	2.746089e+05
60	81	66	5.829171e+04
60	81	67	6.249264e+05
60	81	68	2.233080e+05
60	82	66	1.277814e+05
60	82	67	7.845000e+05
60	82	68	1.337642e+05
60	83	61	1.366791e+03
60	83	62	5.136509e+04
60	83	63	2.610513e+04
60	84	61	1.889101e+04
60	84	62	7.099393e+05
60	84	63	3.608103e+05
60	85	61	6.035554e+03
60	85	62	2.268210e+05
60	85	63	1.152765e+05
61	56	53	5.463763e+01
61	56	54	-6.857588e+01
61	56	55	6.025808e+02
61	57	53	-5.784441e+01
61	57	54	7.260072e+01
61	57	55	-6.379474e+02
61	58	53	6.291272e+02
61	58	54	-7.896198e+02
61	58	55	6.938442e+03
61	58	85	9.321222e+02
61	58	86	2.566854e+03
61	58	87	1.803525e+04
61	59	85	6.007326e+03
61	59	86	1.654282e+04
61	59	87	1.162333e+05
61	60	85	1.073653e+03
61	60	86	2.956597e+03
61	60	87	2.077366e+04
61	61	62	3.699531e-03
61	61	63	6.473113e-01
61	61	64	8.706236e-01
61	62	62	1.090140e+03
61	62	63	1.907431e+05
61	62	64	2.565466e+05
61	63	62	1.082133e+03
61	63	63	1.893421e+05
61	63	64	2.546622e+05
61	65	71	4.357536e-01
61	65	72	2.185574e+01
61	65	73	1.219800e+01
61	66	71	-6.830112e-01
61	66	72	-3.425724e+01
61	66	73	-1.911945e+01
61	67	71	4.453482e+00
61	67	72	2.233697e+02
61	67	73	1.246658e+02
61	68	59	1.747321e+02
61	68	60	2.722389e+04
61	68	61	3.725472e+04
61	68	65	2.858025e+03
61	68	66	5.575808e+02
61	68	67	4.099843e+04
61	69	59	-2.329668e+02
61	69	60	-3.629707e+04
61	69	61	-4.967098e+04
61	69	65	2.441306e+04
61	69	66	4.762818e+03
61	69	67	3.502058e+05
61	69	70	3.605631e+03
61	69	71	-6.600593e+03
61	69	72	3.423493e+04
61	70	54	2.027352e+03
61	70	55	4.972374e+03
61	70	56	3.810004e+04
61	70	59	1.892484e+03
61	70	60	2.948559e+05
61	70	61	4.034976e+05
61	70	65	8.325798e+04
61	70	66	1.624305e+04
61	70	67	1.194338e+06
61	70	70	4.139548e+04
61	70	71	-7.578000e+04
61	70	72	3.930440e+05
61	71	54	3.856786e+04
61	71	55	9.459325e+04
61	71	56	7.248060e+05
61	71	63	1.851316e+03
61	71	64	1.858858e+02
61	71	65	2.618426e+04
61	71	70	1.215178e+05
61	71	71	-2.224547e+05
61	71	72	1.153794e+06
61	72	54	1.470229e+04
61	72	55	3.605950e+04
61	72	56	2.763003e+05
61	72	60	1.472832e+01
61	72	61	1.815368e+02
61	72	62	5.400103e+01
61	72	63	2.224486e+04
61	72	64	2.233549e+03
61	72	65	3.146223e+05
61	72	71	1.082861e+02
61	72	72	9.155263e+03
61	72	73	1.396605e+04
61	73	60	3.411694e+03
61	73	61	4.205149e+04
61	73	62	1.250889e+04
61	73	63	6.389954e+04
61	73	64	6.415988e+03
61	73	65	9.043290e+05
61	73	66	1.507963e+03
61	73	67	1.084249e+04
61	73	68	6.551926e+01
61	73	71	4.378378e+03
61	73	72	3.701788e+05
61	73	73	5.646953e+05
61	74	60	2.612357e+03
61	74	61	3.219911e+04
61	74	62	9.711930e+03
61	74	63	8.377721e+04
61	74	64	7.129019e+04
61	74	65	2.205728e+04
61	74	66	5.945471e+04
61	74	67	4.560017e+05
61	74	68	2.790336e+04
61	74	71	2.281784e+03
61	74	72	1.929180e+05
61	74	73	2.942900e+05
61	75	59	2.568740e+02
61	75	60	3.829387e+03
61	75	61	5.359816e+03
61	75	62	1.189194e+03
61	75	63	-1.256468e+05
61	75	64	-1.066914e+05
61	75	65	6.686461e+04
61	75	66	1.477672e+05
61	75	67	8.062424e+05
61	75	68	2.293453e+04
61	76	59	3.484638e+04
61	76	60	4.947681e+05
61	76	61	3.794367e+05
61	76	62	1.109507e+05
61	76	63	1.048878e+06
61	76	64	7.446134e+05
61	76	65	3.448382e+05
61	76	66	5.044048e+05
61	76	67	5.622451e+01
61	77	59	2.454552e+04
61	77	60	3.463613e+05
61	77	61	2.390224e+05
61	77	62	8.019879e+04
61	77	63	1.866654e+05
61	77	64	1.016306e+03
61	77	65	1.175066e+05
61	77	66	1.675725e+05
61	77	67	1.752108e+05
61	78	65	1.176305e+04
61	78	66	1.364483e+04
61	78	67	1.916110e+05
61	79	65	1.549185e+04
61	79	66	1.896594e+05
61	79	67	5.438771e+05
61	79	68	2.191268e+03
61	80	65	1.118621e+04
61	80	66	1.438778e+05
61	80	67	6.925177e+05
61	80	68	1.651694e+05
61	81	66	1.836625e+04
61	81	67	2.743882e+05
61	81	68	1.174492e+05
61	82	62	3.587240e+02
61	82	63	2.196675e+03
61	82	64	3.736018e+02
61	82	66	3.575901e+04
61	82	67	2.195385e+05
61	82	68	3.743325e+04
61	83	61	3.300848e+02
61	83	62	1.895135e+04
61	83	63	4.639251e+04
61	83	64	6.818014e+03
61	84	61	4.562245e+03
61	84	62	1.738959e+05
61	84	63	1.020976e+05
61	84	64	2.544445e+03
61	85	61	1.457607e+03
61	85	62	5.477806e+04
61	85	63	2.783969e+04
62	54	54	4.842873e+00
62	54	55	3.493147e+02
62	54	56	5.511218e+02
62	55	54	3.228376e+00
62	55	55	2.328616e+02
62	55	56	3.673911e+02
62	56	53	9.535825e+03
62	56	54	-1.189423e+04
62	56	55	1.105211e+05
62	56	56	8.446491e+03
62	57	53	-1.009550e+04
62	57	54	1.267090e+04
62	57	55	-1.113400e+05
62	58	53	1.098007e+05
62	58	54	-1.378112e+05
62	58	55	1.210956e+06
62	58	85	-1.092198e+03
62	58	86	-3.007667e+03
62	58	87	-2.113249e+04
62	59	85	-7.038982e+03
62	59	86	-1.938376e+04
62	59	87	-1.361943e+05
62	60	85	-1.258034e+03
62	60	86	-3.464342e+03
62	60	87	-2.434119e+04
62	61	62	4.766724e-03
62	61	63	8.340394e-01
62	61	64	1.121770e+00
62	62	56	9.178876e+01
62	62	57	-9.052051e+01
62	62	58	1.073027e+03
62	62	62	1.404610e+03
62	62	63	2.457663e+05
62	62	64	3.305518e+05
62	63	56	1.430414e+03
62	63	57	-1.410650e+03
62	63	58	1.672179e+04
62	63	62	1.394293e+03
62	63	63	2.439611e+05
62	63	64	3.281239e+05
62	64	56	4.901708e+02
62	64	57	-4.833981e+02
62	64	58	5.730184e+03
62	64	66	4.827415e+00
62	64	67	1.499275e+03
62	64	68	1.875003e+03
62	65	66	8.295881e+01
62	65	67	2.576494e+04
62	65	68	3.222181e+04
62	65	71	1.291343e+03
62	65	72	6.476884e+04
62	65	73	3.614840e+04
62	66	66	2.999696e+01
62	66	67	9.316309e+03
62	66	68	1.165104e+04
62	66	71	-2.024084e+03
62	66	72	-1.015203e+05
62	66	73	-5.665991e+04
62	67	71	1.319776e+04
62	67	72	6.619495e+05
62	67	73	3.694433e+05
62	69	70	1.303711e+03
62	69	71	-2.386618e+03
62	69	72	1.237854e+04
62	70	54	1.326845e+03
62	70	55	3.254279e+03
62	70	56	2.493540e+04
62	70	70	1.496763e+04
62	70	71	-2.740026e+04
62	70	72	1.421154e+05
62	71	54	2.524158e+04
62	71	55	6.190861e+04
62	71	56	4.743650e+05
62	71	70	4.393797e+04
62	71	71	-8.043438e+04
62	71	72	4.171846e+05
62	72	54	9.622236e+03
62	72	55	2.359992e+04
62	72	56	1.808307e+05
62	72	60	2.448730e+01
62	72	61	3.018230e+02
62	72	62	8.978210e+01
62	72	71	3.773660e+01
62	72	72	3.190517e+03
62	72	73	4.867027e+03
62	73	60	5.672281e+03
62	73	61	6.991480e+04
62	73	62	2.079728e+04
62	73	65	1.976485e+02
62	73	66	5.334601e+02
62	73	67	4.810276e+03
62	73	68	8.886498e+02
62	73	71	1.525821e+03
62	73	72	1.290036e+05
62	73	73	1.967906e+05
62	74	60	4.343304e+03
62	74	61	5.353423e+04
62	74	62	1.594710e+04
62	74	63	1.407429e+04
62	74	64	1.197652e+04
62	74	65	7.789057e+03
62	74	66	2.140198e+04
62	74	67	5.790220e+05
62	74	68	3.784584e+05
62	74	71	7.951789e+02
62	74	72	6.722999e+04
62	74	73	1.025571e+05
62	75	62	-3.371565e+01
62	75	63	-2.111279e+04
62	75	64	-1.796592e+04
62	75	65	1.432110e+04
62	75	66	3.892538e+04
62	75	67	6.282685e+05
62	75	68	3.110652e+05
62	76	62	2.337182e+02
62	76	63	1.468263e+05
62	76	64	1.245355e+05
62	76	65	6.557284e+03
62	76	71	2.995647e+01
62	76	72	5.534633e+02
62	76	73	2.078644e+02
62	77	63	1.355878e+02
62	77	64	-1.449765e+00
62	77	65	1.885369e+03
62	77	71	1.564294e+03
62	77	72	2.890125e+04
62	77	73	1.085445e+04
62	78	63	6.856723e+03
62	78	64	-7.331512e+01
62	78	65	9.540039e+04
62	78	66	6.927053e+02
62	78	67	1.972798e+03
62	78	71	2.664409e+03
62	78	72	4.922650e+04
62	78	73	1.848801e+04
62	79	65	8.869013e+03
62	79	66	1.085367e+05
62	79	67	3.111370e+05
62	79	68	1.691394e+03
62	80	65	6.404055e+03
62	80	66	7.842303e+04
62	80	67	2.486817e+05
62	80	68	2.112498e+04
62	81	66	1.552196e+02
62	81	67	7.191262e+04
62	81	68	5.959198e+04
62	82	62	1.467853e+03
62	82	63	8.988515e+03
62	82	64	1.528731e+03
62	83	62	2.678746e+04
62	83	63	1.640351e+05
62	83	64	2.789844e+04
62	84	62	9.996928e+03
62	84	63	6.121699e+04
62	84	64	1.041154e+04
62	90	63	4.916251e-02
62	90	64	4.182522e+00
62	90	65	2.681128e+00
62	91	63	8.342639e+02
62	91	64	7.097536e+04
62	91	65	4.549744e+04
62	92	63	8.602273e+02
62	92	64	7.318421e+04
62	92	65	4.691338e+04
63	54	54	3.917804e+02
63	54	55	2.825898e+04
63	54	56	4.458484e+04
63	55	54	2.611703e+02
63	55	55	1.883812e+04
63	55	56	2.972133e+04
63	56	53	7.006325e+03
63	56	54	-2.789237e+03
63	56	55	5.103676e+05
63	56	56	6.833071e+05
63	57	53	-7.417539e+03
63	57	54	9.309780e+03
63	57	55	-8.180565e+04
63	58	53	8.067462e+04
63	58	54	-1.012550e+05
63	58	55	8.897344e+05
63	58	85	1.047408e+04
63	58	86	2.884323e+04
63	58	87	2.026585e+05
63	59	85	6.750315e+04
63	59	86	1.858884e+05
63	59	87	1.306090e+06
63	60	85	1.206443e+04
63	60	86	3.322270e+04
63	60	87	2.334296e+05
63	62	56	2.597281e+03
63	62	57	-2.561394e+03
63	62	58	3.036267e+04
63	63	56	4.047539e+04
63	63	57	-3.991614e+04
63	63	58	4.731646e+05
63	64	56	1.387001e+04
63	64	57	-1.367837e+04
63	64	58	1.621429e+05
63	64	66	1.628491e+01
63	64	67	5.057687e+03
63	64	68	6.325177e+03
63	65	66	2.798551e+02
63	65	67	8.691602e+04
63	65	68	1.086978e+05
63	65	71	1.389327e+03
63	65	72	6.968335e+04
63	65	73	3.889126e+04
63	66	66	1.011924e+02
63	66	67	3.142784e+04
63	66	68	3.930387e+04
63	66	71	-2.177666e+03
63	66	72	-1.092234e+05
63	66	73	-6.095914e+04
63	67	71	1.419918e+04
63	67	72	7.121767e+05
63	67	73	3.974758e+05
63	67	75	5.906867e-03
63	67	76	-1.025735e-02
63	67	77	5.764918e-02
63	68	75	1.419099e-01
63	68	76	-2.464283e-01
63	68	77	1.384996e+00
63	69	75	6.043022e-02
63	69	76	-1.049378e-01
63	69	77	5.897800e-01
63	72	60	2.547973e+02
63	72	61	3.140554e+03
63	72	62	9.342082e+02
63	73	60	5.902169e+04
63	73	61	7.274832e+05
63	73	62	2.164016e+05
63	73	66	3.097929e-01
63	73	67	3.182959e+02
63	73	68	2.806863e+02
63	74	60	4.519331e+04
63	74	61	5.570389e+05
63	74	62	1.657002e+05
63	74	66	1.319347e+02
63	74	67	1.355559e+05
63	74	68	1.195387e+05
63	75	66	1.084407e+02
63	75	67	1.114171e+05
63	75	68	9.825214e+04
63	76	63	5.386675e+02
63	76	64	-5.759672e+00
63	76	65	7.490254e+03
63	76	71	3.936138e+02
63	76	72	7.272243e+03
63	76	73	2.731239e+03
63	77	63	1.548793e+02
63	77	64	-1.656038e+00
63	77	65	2.153620e+03
63	77	71	2.055408e+04
63	77	72	3.797486e+05
63	77	73	1.426223e+05
63	78	63	7.832298e+03
63	78	64	-8.374641e+01
63	78	65	1.089093e+05
63	78	71	3.500906e+04
63	78	72	6.468127e+05
63	78	73	2.429237e+05
63	79	66	3.686953e+01
63	79	67	1.708151e+04
63	79	68	1.415497e+04
63	80	66	4.604891e+02
63	80	67	2.133428e+05
63	80	68	1.767912e+05
63	81	66	1.299005e+03
63	81	67	6.018238e+05
63	81	68	4.987146e+05
63	82	62	7.800131e+03
63	82	63	4.776473e+04
63	82	64	8.123636e+03
63	83	62	1.423478e+05
63	83	63	8.716783e+05
63	83	64	1.482516e+05
63	84	62	5.312341e+04
63	84	63	3.253054e+05
63	84	64	5.532666e+04
63	90	63	3.168495e-01
63	90	64	2.695611e+01
63	90	65	1.727971e+01
63	91	63	5.376782e+03
63	91	64	4.574321e+05
63	91	65	2.932283e+05
63	92	63	5.544115e+03
63	92	64	4.716680e+05
63	92	65	3.023540e+05
64	54	54	2.482453e+02
64	54	55	1.790585e+04
64	54	56	2.825046e+04
64	55	54	1.654863e+02
64	55	55	1.193647e+04
64	55	56	1.883244e+04
64	56	54	3.804607e+03
64	56	55	2.744250e+05
64	56	56	4.329665e+05
64	62	56	5.293780e+03
64	62	57	-5.220636e+03
64	62	58	6.188523e+04
64	63	56	8.249700e+04
64	63	57	-8.135713e+04
64	63	58	9.644046e+05
64	64	56	2.826987e+04
64	64	57	-2.787927e+04
64	64	58	3.304799e+05
64	64	66	9.882528e+01
64	64	67	3.069267e+04
64	64	68	3.838446e+04
64	65	66	1.698306e+03
64	65	67	5.274516e+05
64	65	68	6.596345e+05
64	66	66	6.140881e+02
64	66	67	1.907205e+05
64	66	68	2.385163e+05
64	67	75	3.210854e+03
64	67	76	-5.575687e+03
64	67	77	3.133693e+04
64	68	75	7.713937e+04
64	68	76	-1.339535e+05
64	68	77	7.528561e+05
64	69	75	3.284865e+04
64	69	76	-5.704208e+04
64	69	77	3.205925e+05
64	76	63	7.678759e+03
64	76	64	-8.210471e+01
64	76	65	1.067743e+05
64	76	71	1.219202e+02
64	76	72	2.252547e+03
64	76	73	8.459899e+02
64	77	63	2.207819e+03
64	77	64	-2.360698e+01
64	77	65	3.070006e+04
64	77	71	6.366541e+03
64	77	72	1.176255e+05
64	77	73	4.417666e+04
64	78	63	1.116502e+05
64	78	64	-1.193813e+03
64	78	65	1.552513e+06
64	78	71	1.084391e+04
64	78	72	2.003476e+05
64	78	73	7.524460e+04
64	79	66	8.290197e+00
64	79	67	3.840816e+03
64	79	68	3.182777e+03
64	80	66	1.035420e+02
64	80	67	4.797060e+04
64	80	68	3.975190e+04
64	81	66	2.920841e+02
64	81	67	1.353214e+05
64	81	68	1.121371e+05
64	90	63	5.662991e-02
64	90	64	4.817814e+00
64	90	65	3.088371e+00
64	91	63	9.609820e+02
64	91	64	8.175596e+04
64	91	65	5.240814e+04
64	92	63	9.908891e+02
64	92	64	8.430032e+04
64	92	65	5.403915e+04
65	48	85	1.126900e-01
65	48	86	3.748739e+00
65	48	87	7.252101e+00
65	49	83	6.185373e+01
65	49	84	1.809526e+03
65	49	85	8.377723e+02
65	49	86	1.411294e+01
65	49	87	2.730210e+01
65	50	83	8.252577e+02
65	50	84	2.414284e+04
65	50	85	1.117435e+04
65	50	86	7.935460e+01
65	50	87	1.535150e+02
65	51	83	2.258417e+03
65	51	84	6.606980e+04
65	51	85	3.057344e+04
65	67	75	3.228316e+03
65	67	76	-5.606009e+03
65	67	77	3.150735e+04
65	68	75	7.755887e+04
65	68	76	-1.346819e+05
65	68	77	7.569503e+05
65	69	75	3.302729e+04
65	69	76	-5.735229e+04
65	69	77	3.223360e+05
65	76	66	4.836222e-02
65	76	67	9.137996e+02
65	76	68	9.407314e+02
65	77	66	-2.354285e-02
65	77	67	-4.448399e+02
65	77	68	-4.579504e+02
65	78	66	6.216685e-01
65	78	67	1.174637e+04
65	78	68	1.209256e+04
66	48	85	3.868007e+02
66	48	86	1.286729e+04
66	48	87	2.489234e+04
66	49	83	6.735010e+02
66	49	84	1.970321e+04
66	49	85	1.057375e+04
66	49	86	4.844169e+04
66	49	87	9.371257e+04
66	50	83	8.985906e+03
66	50	84	2.628819e+05
66	50	85	1.298351e+05
66	50	86	2.723792e+05
66	50	87	5.269295e+05
66	51	83	2.459102e+04
66	51	84	7.194081e+05
66	51	85	3.329021e+05
66	76	66	1.279546e+00
66	76	67	2.417690e+04
66	76	68	2.488945e+04
66	77	66	-6.228860e-01
66	77	67	-1.176937e+04
66	77	68	-1.211624e+04
66	78	66	1.644782e+01
66	78	67	3.107801e+05
66	78	68	3.199395e+05
67	48	85	4.140097e+02
67	48	86	1.377242e+04
67	48	87	2.664336e+04
67	49	83	1.844255e+02
67	49	84	5.395351e+03
67	49	85	4.055298e+03
67	49	86	5.184926e+04
67	49	87	1.003047e+05
67	50	83	2.460620e+03
67	50	84	7.198523e+04
67	50	85	4.207467e+04
67	50	86	2.915394e+05
67	50	87	5.639957e+05
67	51	83	6.733783e+03
67	51	84	1.969963e+05
67	51	85	9.115893e+04
67	54	80	3.105509e+00
67	54	81	6.620465e+03
67	54	82	6.092902e+03
67	55	80	7.167185e+01
67	55	81	8.573288e+04
67	55	82	7.748758e+04
67	56	80	3.458880e+01
67	56	81	2.839303e+04
67	56	82	2.517468e+04
67	69	79	4.069704e+01
67	69	80	1.253709e+03
67	69	81	5.920919e+02
67	70	79	3.065526e+02
67	70	80	9.443633e+03
67	70	81	4.459964e+03
67	71	79	1.119743e+03
67	71	80	3.449470e+04
67	71	81	1.629088e+04
67	76	66	2.668021e+00
67	76	67	5.041201e+04
67	76	68	5.189778e+04
67	77	54	4.269436e+00
67	77	55	7.675466e+02
67	77	56	5.665500e+02
67	77	66	-1.298799e+00
67	77	67	-2.454069e+04
67	77	68	-2.526397e+04
67	78	54	3.093142e+01
67	78	55	5.560760e+03
67	78	56	4.104570e+03
67	78	66	3.429588e+01
67	78	67	6.480174e+05
67	78	68	6.671160e+05
67	79	54	6.155754e+00
67	79	55	1.106663e+03
67	79	56	8.168626e+02
68	54	80	5.859963e+00
68	54	81	-5.545184e+03
68	54	82	-5.483512e+03
68	55	80	6.012507e+02
68	55	81	9.679067e+04
68	55	82	6.410023e+04
68	56	80	3.803738e+02
68	56	81	9.022185e+04
68	56	82	6.784169e+04
68	69	79	8.474327e+02
68	69	80	2.610593e+04
68	69	81	1.232910e+04
68	70	79	6.383332e+03
68	70	80	1.966444e+05
68	70	81	9.286963e+04
68	71	79	2.331636e+04
68	71	80	7.182816e+05
68	71	81	3.392243e+05
68	77	54	2.528547e+02
68	77	55	4.545747e+04
68	77	56	3.355357e+04
68	78	54	1.831894e+03
68	78	55	3.293325e+05
68	78	56	2.430906e+05
68	79	51	2.860486e+00
68	79	52	8.744598e+01
68	79	53	4.117487e+01
68	79	54	3.645707e+02
68	79	55	6.554144e+04
68	79	56	4.837817e+04
68	80	51	8.489164e+00
68	80	52	2.595164e+02
68	80	53	1.221961e+02
68	81	51	5.646404e+01
68	81	52	1.726124e+03
68	81	53	8.127636e+02
69	54	80	5.102838e+01
69	54	81	7.765269e+04
69	54	82	7.080859e+04
69	55	80	1.981982e+03
69	55	81	1.296568e+06
69	55	82	1.131516e+06
69	56	80	1.112201e+03
69	56	81	5.297895e+05
69	56	82	4.487617e+05
69	69	79	3.377630e+02
69	69	80	1.040510e+04
69	69	81	4.914037e+03
69	70	79	2.544218e+03
69	70	80	7.837696e+04
69	70	81	3.701524e+04
69	71	79	9.293250e+03
69	71	80	2.862870e+05
69	71	81	1.352054e+05
69	77	54	4.174541e+02
69	77	55	7.504867e+04
69	77	56	5.539575e+04
69	78	54	3.024392e+03
69	78	55	5.437163e+05
69	78	56	4.013339e+05
69	79	51	8.304717e+02
69	79	52	2.538778e+04
69	79	53	1.195411e+04
69	79	54	6.018933e+02
69	79	55	1.082066e+05
69	79	56	7.987065e+04
69	80	51	2.464620e+03
69	80	52	7.534420e+04
69	80	53	3.547662e+04
69	81	51	1.639294e+04
69	81	52	5.011374e+05
69	81	53	2.359659e+05
70	79	51	1.046458e+03
70	79	52	3.199057e+04
70	79	53	1.506310e+04
70	79	58	1.493427e+02
70	79	59	2.098894e+03
70	79	60	6.773457e+02
70	80	51	3.105611e+03
70	80	52	9.493951e+04
70	80	53	4.470327e+04
70	80	58	2.922420e+03
70	80	59	4.107231e+04
70	80	60	1.325468e+04
70	81	51	2.065637e+04
70	81	52	6.314718e+05
70	81	53	2.973352e+05
70	81	58	1.129927e+03
70	81	59	1.588024e+04
70	81	60	5.124801e+03
71	79	58	2.613207e+03
71	79	59	3.672657e+04
71	79	60	1.185224e+04
71	80	58	5.113669e+04
71	80	59	7.186859e+05
71	80	60	2.319312e+05
71	81	58	1.977154e+04
71	81	59	2.778734e+05
71	81	60	8.967410e+04
72	72	59	1.707367e+01
72	72	60	2.235148e+02
72	72	61	6.907431e+01
72	73	59	1.872737e+03
72	73	60	2.451636e+04
72	73	61	7.576461e+03
72	74	59	1.267280e+03
72	74	60	1.659022e+04
72	74	61	5.126990e+03
72	79	58	9.540231e+02
72	79	59	1.340804e+04
72	79	60	4.326985e+03
72	80	58	1.866885e+04
72	80	59	2.623760e+05
72	80	60	8.467284e+04
72	81	58	7.218144e+03
72	81	59	1.014453e+05
72	81	60	3.273799e+04
73	72	59	1.268270e+02
73	72	60	1.660317e+03
73	72	61	5.130993e+02
73	73	59	1.391110e+04
73	73	60	1.821130e+05
73	73	61	5.627964e+04
73	74	59	9.413641e+03
73	74	60	1.232358e+05
73	74	61	3.808442e+04
73	81	79	8.996160e+01
73	81	80	1.360058e+03
73	81	81	4.580856e+02
73	82	79	5.401786e+02
73	82	80	8.166533e+03
73	82	81	2.750597e+03
73	83	79	9.009798e+01
73	83	80	1.362120e+03
73	83	81	4.587801e+02
74	9	100	1.003390e+02
74	9	101	6.465155e+02
74	9	102	1.155226e+02
74	10	100	4.485112e+02
74	10	101	2.889897e+03
74	10	102	5.163812e+02
74	11	100	2.247839e+03
74	11	101	1.448353e+04
74	11	102	2.587989e+03
74	44	93	2.645682e+02
74	44	94	6.218288e+01
74	44	95	3.817592e+03
74	45	93	1.846859e+03
74	45	94	4.340771e+02
74	45	95	2.664928e+04
74	46	93	7.042150e+03
74	46	94	1.655154e+03
74	46	95	1.016148e+05
74	72	59	4.668850e+02
74	72	60	6.112084e+03
74	72	61	1.888860e+03
74	73	59	5.121059e+04
74	73	60	6.704079e+05
74	73	61	2.071808e+05
74	74	59	3.465420e+04
74	74	60	4.536649e+05
74	74	61	1.401992e+05
74	81	79	4.378243e+03
74	81	80	6.619119e+04
74	81	81	2.229407e+04
74	82	79	2.628936e+04
74	82	80	3.974481e+05
74	82	81	1.338658e+05
74	83	79	4.384880e+03
74	83	80	6.629153e+04
74	83	81	2.232786e+04
75	9	100	5.384697e+03
75	9	101	3.469528e+04
75	9	102	6.199524e+03
75	10	100	2.406937e+04
75	10	101	1.550864e+05
75	10	102	2.771241e+04
75	10	103	6.722015e+00
75	10	104	1.516630e+00
75	11	100	1.206304e+05
75	11	101	7.772591e+05
75	11	102	1.400795e+05
75	11	103	1.004319e+04
75	11	104	2.265958e+03
75	12	102	1.324401e+03
75	12	103	1.113059e+04
75	12	104	2.511300e+03
75	28	112	4.815114e+01
75	28	113	1.284298e+03
75	28	114	5.721960e+02
75	29	112	-7.212154e+01
75	29	113	-1.923641e+03
75	29	114	-8.570443e+02
75	30	112	6.492441e+02
75	30	113	1.765723e+04
75	30	114	7.932961e+03
75	31	112	3.069744e+03
75	31	113	8.892660e+04
75	31	114	4.098837e+04
75	32	112	1.220237e+03
75	32	113	3.534872e+04
75	32	114	1.629306e+04
75	44	93	2.774815e+03
75	44	94	6.521797e+02
75	44	95	4.003925e+04
75	45	93	1.937002e+04
75	45	94	4.552639e+03
75	45	95	2.795001e+05
75	46	93	7.385871e+04
75	46	94	1.735941e+04
75	46	95	1.065745e+06
75	81	79	7.594564e+03
75	81	80	1.148162e+05
75	81	81	3.867162e+04
75	82	79	4.560191e+04
75	82	80	6.894192e+05
75	82	81	2.322055e+05
75	83	79	7.606077e+03
75	83	80	1.149903e+05
75	83	81	3.873024e+04
76	9	100	3.065815e+03
76	9	101	1.975400e+04
76	9	102	3.529743e+03
76	10	100	1.370406e+04
76	10	101	8.829955e+04
76	10	102	1.581456e+04
76	10	103	3.089180e+02
76	10	104	6.969850e+01
76	11	100	6.868175e+04
76	11	101	4.425379e+05
76	11	102	1.339931e+05
76	11	103	4.615463e+05
76	11	104	1.041347e+05
76	12	102	6.086437e+04
76	12	103	5.115194e+05
76	12	104	1.154097e+05
76	28	112	1.807777e+03
76	28	113	4.821743e+04
76	28	114	2.148242e+04
76	29	112	-2.707718e+03
76	29	113	-7.222084e+04
76	29	114	-3.217671e+04
76	30	112	1.998692e+04
76	30	113	5.357997e+05
76	30	114	2.392410e+05
76	31	112	2.438259e+04
76	31	113	7.063329e+05
76	31	114	3.255655e+05
76	32	112	9.692187e+03
76	32	113	2.807704e+05
76	32	114	1.294137e+05
76	44	93	7.401656e+02
76	44	94	1.739651e+02
76	44	95	1.068023e+04
76	45	93	5.166839e+03
76	45	94	1.214390e+03
76	45	95	7.455499e+04
76	46	93	1.970137e+04
76	46	94	4.630519e+03
76	46	95	2.842813e+05
77	10	102	1.997084e+01
77	10	103	1.678399e+02
77	10	104	3.786827e+01
77	11	102	2.983790e+04
77	11	103	2.507652e+05
77	11	104	5.657799e+04
77	12	102	3.306855e+04
77	12	103	2.779163e+05
77	12	104	6.270387e+04
77	17	108	5.592897e+02
77	17	109	1.011099e+04
77	17	110	3.754981e+03
77	18	108	-1.003153e+03
77	18	109	-1.813527e+04
77	18	110	-6.735007e+03
77	19	108	5.369066e+03
77	19	109	9.706343e+04
77	19	110	3.604705e+04
77	28	112	3.371226e+03
77	28	113	8.991808e+04
77	28	114	4.006140e+04
77	29	112	-5.049476e+03
77	29	113	-1.346807e+05
77	29	114	-6.000461e+04
77	30	112	3.533032e+04
77	30	113	9.429205e+05
77	30	114	4.202146e+05
77	31	112	5.251927e+03
77	31	113	1.521417e+05
77	31	114	7.012572e+04
77	32	112	2.087664e+03
77	32	113	6.047700e+04
77	32	114	2.787528e+04
78	17	108	2.145419e+02
78	17	109	3.878547e+03
78	17	110	1.440400e+03
78	18	108	-3.848066e+02
78	18	109	-6.956637e+03
78	18	110	-2.583529e+03
78	19	108	2.059559e+03
78	19	109	3.723325e+04
78	19	110	1.382754e+04
79	17	108	8.244724e+03
79	17	109	1.490503e+05
79	17	110	5.535375e+04
79	18	108	-1.478790e+04
79	18	109	-2.673396e+05
79	18	110	-9.928356e+04
79	19	108	7.914766e+04
79	19	109	1.430853e+06
79	19	110	5.313846e+05
81	91	41	4.848581e+00
81	91	42	1.609562e+02
81	91	43	7.821305e+01
81	92	41	3.031817e+01
81	92	42	1.006459e+03
81	92	43	4.890660e+02
81	93	41	1.232533e+02
81	93	42	4.091585e+03
81	93	43	1.988214e+03
82	91	41	7.230535e+02
82	91	42	2.400288e+04
82	91	43	1.166366e+04
82	92	41	4.521252e+03
82	92	42	1.500900e+05
82	92	43	7.293286e+04
82	93	41	1.838038e+04
82	93	42	6.101651e+05
82	93	43	2.964961e+05
83	91	41	5.177845e+02
83	91	42	1.718866e+04
83	91	43	8.352445e+03
83	92	41	3.237706e+03
83	92	42	1.074807e+05
83	92	43	5.222782e+04
83	93	41	1.316234e+04
83	93	42	4.369442e+05
83	93	43	2.123233e+05
96	6	98	2.174742e+01
96	6	99	-3.607005e+01
96	6	100	2.169127e+02
96	7	98	7.486533e+03
96	7	99	-1.241709e+04
96	7	100	7.467203e+04
96	8	98	6.017745e+03
96	8	99	-9.980971e+03
96	8	100	6.002208e+04
97	6	98	2.572797e+02
97	6	99	-4.267215e+02
97	6	100	2.566154e+03
97	7	98	8.856835e+04
97	7	99	-1.468986e+05
97	7	100	8.833967e+05
97	8	98	7.119207e+04
97	8	99	-1.180784e+05
97	8	100	7.100825e+05
98	6	98	7.451264e+01
98	6	99	-1.235859e+02
98	6	100	7.432026e+02
98	7	98	2.565092e+04
98	7	99	-4.254436e+04
98	7	100	2.558470e+05
98	8	98	2.061845e+04
98	8	99	-3.419756e+04
98	8	100	2.056522e+05
123	6	100	2.351392e+00
123	6	101	1.465321e+02
123	6	102	8.697699e+01
123	7	100	-2.804088e+00
123	7	101	-1.747429e+02
123	7	102	-1.037220e+02
123	8	100	2.630073e+01
123	8	101	1.638988e+03
123	8	102	9.728529e+02
124	6	100	8.306843e+02
124	6	101	5.176592e+04
124	6	102	3.072666e+04
124	7	100	-9.906098e+02
124	7	101	-6.173203e+04
124	7	102	-3.664224e+04
124	8	100	9.291350e+03
124	8	101	5.790109e+05
124	8	102	3.436831e+05
125	6	100	1.024676e+03
125	6	101	6.385495e+04
125	6	102	3.790234e+04
125	7	100	-1.221949e+03
125	7	101	-7.614847e+04
125	7	102	-4.519939e+04
125	8	100	1.146118e+04
125	8	101	7.142288e+05
125	8	102	4.239443e+05
