0.0114	-3.711389e+00	2
49	60	60	2.199878e+03
49	60	61	-2.924189e+03
49	60	62	2.384898e+04
49	61	60	-2.924189e+03
49	61	61	3.886981e+03
49	61	62	-3.170127e+04
49	62	60	2.384898e+04
49	62	61	-3.170127e+04
49	62	62	2.585479e+05
50	60	60	-4.162022e+03
50	60	61	5.532371e+03
50	60	62	-4.512068e+04
50	61	60	5.532371e+03
50	61	61	-7.353909e+03
50	61	62	5.997670e+04
50	62	60	-4.512068e+04
50	62	61	5.997670e+04
50	62	62	-4.891555e+05
51	60	60	2.049990e+04
51	60	61	-2.724951e+04
51	60	62	2.222404e+05
51	61	60	-2.724951e+04
51	61	61	3.622144e+04
51	61	62	-2.954133e+05
51	62	60	2.222404e+05
51	62	61	-2.954133e+05
51	62	62	2.409319e+06
75	64	64	2.199878e+03
75	64	65	1.724935e+04
75	64	66	3.675444e+03
75	65	64	1.724935e+04
75	65	65	1.352529e+05
75	65	66	2.881933e+04
75	66	64	3.675444e+03
75	66	65	2.881933e+04
75	66	66	6.140745e+03
76	64	64	1.390027e+04
76	64	65	1.089927e+05
76	64	66	2.322387e+04
76	65	64	1.089927e+05
76	65	65	8.546169e+05
76	65	66	1.820994e+05
76	66	64	2.322387e+04
76	66	65	1.820994e+05
76	66	66	3.880126e+04
77	64	64	2.437611e+03
77	64	65	1.911342e+04
77	64	66	4.072636e+03
77	65	64	1.911342e+04
77	65	65	1.498693e+05
77	65	66	3.193374e+04
77	66	64	4.072636e+03
77	66	65	3.193374e+04
77	66	66	6.804354e+03
