0.3241	-3.833059e+00	2
58	65	62	7.356300e-22
58	65	63	6.717870e+01
58	65	64	6.717870e+01
58	66	62	2.690946e-19
58	66	63	2.457407e+04
58	66	64	2.457407e+04
58	67	62	2.177353e-19
58	67	63	1.988387e+04
58	67	64	1.988387e+04
59	65	62	1.999862e-21
59	65	63	1.826300e+02
59	65	64	1.826300e+02
59	66	62	7.315526e-19
59	66	63	6.680635e+04
59	66	64	6.680635e+04
59	67	62	5.919286e-19
59	67	63	5.405570e+04
59	67	64	5.405570e+04
60	65	62	1.418588e-20
60	65	63	1.295473e+03
60	65	64	1.295473e+03
60	66	62	5.189216e-18
60	66	63	4.738860e+05
60	66	64	4.738860e+05
60	67	62	4.198803e-18
60	67	63	3.834402e+05
60	67	64	3.834402e+05
66	59	62	7.386936e-22
66	59	63	6.717870e+01
66	59	64	6.717870e+01
66	60	62	2.164259e-19
66	60	63	1.968233e+04
66	60	64	1.968233e+04
66	61	62	2.724314e-19
66	61	63	2.477561e+04
66	61	64	2.477561e+04
67	59	62	1.202887e-20
67	59	63	1.093937e+03
67	59	64	1.093937e+03
67	60	62	3.524277e-18
67	60	63	3.205068e+05
67	60	64	3.205068e+05
67	61	62	4.436268e-18
67	61	63	4.034456e+05
67	61	64	4.034456e+05
68	59	62	4.224271e-21
68	59	63	3.841661e+02
68	59	64	3.841661e+02
68	60	62	1.237647e-18
68	60	63	1.125548e+05
68	60	64	1.125548e+05
68	61	62	1.557918e-18
68	61	63	1.416811e+05
68	61	64	1.416811e+05
