0.0168	-4.585751e+06	765
5	3	120	2.073907e+02
5	3	121	4.454790e+02
5	3	122	3.779430e+03
5	4	120	3.773650e+03
5	4	121	8.105868e+03
5	4	122	6.876993e+04
5	5	120	1.406165e+03
5	5	121	3.020467e+03
5	5	122	2.562555e+04
6	3	120	2.667205e+03
6	3	121	5.729203e+03
6	3	122	4.860638e+04
6	4	120	4.853205e+04
6	4	121	1.042477e+05
6	4	122	8.844342e+05
6	5	120	1.808436e+04
6	5	121	3.884553e+04
6	5	122	3.295643e+05
7	3	120	8.151570e+02
7	3	121	1.750972e+03
7	3	122	1.485519e+04
7	4	120	1.483247e+04
7	4	121	3.186042e+04
7	4	122	2.703027e+05
7	5	120	5.526983e+03
7	5	121	1.187206e+04
7	5	122	1.007222e+05
31	65	67	1.417446e+02
31	65	68	-2.401896e+02
31	65	69	1.399838e+03
31	66	67	1.523411e+04
31	66	68	-2.581456e+04
31	66	69	1.504487e+05
31	67	67	1.026696e+04
31	67	68	-1.739760e+04
31	67	69	1.013942e+05
32	65	67	9.244148e+02
32	65	68	-1.566442e+03
32	65	69	9.129313e+03
32	66	67	9.935218e+04
32	66	68	-1.683546e+05
32	66	69	9.811797e+05
32	67	67	6.695793e+04
32	67	68	-1.134618e+05
32	67	69	6.612614e+05
33	65	67	1.670880e+02
33	65	68	-2.831346e+02
33	65	69	1.650124e+03
33	66	67	1.795791e+04
33	66	68	-3.043010e+04
33	66	69	1.773483e+05
33	67	67	1.210265e+04
33	67	68	-2.050822e+04
33	67	69	1.195231e+05
36	72	36	1.502832e+03
36	72	37	-5.756994e+02
36	72	38	1.966859e+04
36	73	36	-1.439902e+03
36	73	37	5.515924e+02
36	73	38	-1.884498e+04
36	74	36	1.766975e+04
36	74	37	-6.768867e+03
36	74	38	2.312562e+05
37	72	36	-2.842425e+03
37	72	37	1.088866e+03
37	72	38	-3.720077e+04
37	73	36	2.723401e+03
37	73	37	-1.043271e+03
37	73	38	3.564301e+04
37	74	36	-3.342021e+04
37	74	37	1.280250e+04
37	74	38	-4.373933e+05
38	72	36	1.400678e+04
38	72	37	-5.365669e+03
38	72	38	1.833164e+05
38	73	36	-1.342026e+04
38	73	37	5.140986e+03
38	73	38	-1.756402e+05
38	74	36	1.646867e+05
38	74	37	-6.308761e+04
38	74	38	2.155368e+06
40	76	63	8.004048e+01
40	76	64	3.102303e+03
40	76	65	5.731516e+03
40	77	63	1.667706e+00
40	77	64	6.463890e+01
40	77	65	1.194206e+02
40	78	63	1.118410e+03
40	78	64	4.334866e+04
40	78	65	8.008680e+04
41	76	63	1.013307e+01
41	76	64	3.927494e+02
41	76	65	7.256058e+02
41	77	63	2.111303e-01
41	77	64	8.183238e+00
41	77	65	1.511856e+01
41	78	63	1.415899e+02
41	78	64	5.487909e+03
41	78	65	1.013893e+04
42	76	63	1.136533e+03
42	76	64	4.405108e+04
42	76	65	8.138453e+04
42	77	63	2.368055e+01
42	77	64	9.178385e+02
42	77	65	1.695710e+03
42	78	63	1.588084e+04
42	78	64	6.155283e+05
42	78	65	1.137191e+06
43	65	57	3.431831e+02
43	65	58	5.577062e+03
43	65	59	1.956351e+03
43	66	57	5.834523e+03
43	66	58	9.481673e+04
43	66	59	3.326032e+04
43	67	57	2.097575e+03
43	67	58	3.408766e+04
43	67	59	1.195745e+04
43	73	61	7.635894e+01
43	73	62	-1.483162e+02
43	73	63	7.003122e+02
43	74	61	3.947686e+03
43	74	62	-7.667809e+03
43	74	63	3.620549e+04
43	75	61	6.741165e+03
43	75	62	-1.309374e+04
43	75	63	6.182538e+04
43	77	74	1.796322e+02
43	77	75	2.181573e+02
43	77	76	2.950663e+03
43	78	74	4.803137e+02
43	78	75	5.833248e+02
43	78	76	7.889697e+03
43	79	74	3.449268e+03
43	79	75	4.189019e+03
43	79	76	5.665813e+04
43	91	39	5.410183e+01
43	91	40	3.626678e+03
43	91	41	2.194354e+03
43	92	39	1.038637e+03
43	92	40	6.962433e+04
43	92	41	4.212682e+04
43	93	39	3.977565e+02
43	93	40	2.666333e+04
43	93	41	1.613289e+04
44	65	57	-4.296251e+02
44	65	58	-6.981831e+03
44	65	59	-2.449124e+03
44	66	57	-7.304141e+03
44	66	58	-1.186995e+05
44	66	59	-4.163803e+04
44	67	57	-2.625919e+03
44	67	58	-4.267377e+04
44	67	59	-1.496933e+04
44	73	61	2.108306e+02
44	73	62	-4.095079e+02
44	73	63	1.933594e+03
44	73	66	5.314318e+00
44	73	67	4.744498e+01
44	73	68	1.580606e+02
44	74	61	1.089974e+04
44	74	62	-2.117118e+04
44	74	63	9.996503e+04
44	74	66	2.627370e+02
44	74	67	2.345654e+03
44	74	68	7.814429e+03
44	75	61	1.861267e+04
44	75	62	-3.615242e+04
44	75	63	1.707027e+05
44	75	66	4.538720e+02
44	75	67	4.052061e+03
44	75	68	1.349924e+04
44	77	74	3.356289e+03
44	77	75	4.076100e+03
44	77	76	5.513085e+04
44	78	60	5.546133e-03
44	78	61	1.811412e-01
44	78	62	8.748551e-02
44	78	74	8.974290e+03
44	78	75	1.089897e+04
44	78	76	1.474129e+05
44	79	60	2.780469e+01
44	79	61	9.081240e+02
44	79	62	4.385953e+02
44	79	74	6.444689e+04
44	79	75	7.826857e+04
44	79	76	1.058613e+06
44	80	60	2.941476e+01
44	80	61	9.607102e+02
44	80	62	4.639927e+02
44	89	67	1.941036e+01
44	89	68	7.065829e+02
44	89	69	3.550900e+02
44	90	67	2.907689e+02
44	90	68	1.058468e+04
44	90	69	5.319281e+03
44	91	39	-3.804957e+01
44	91	40	-2.550626e+03
44	91	41	-1.543279e+03
44	91	67	9.741896e+01
44	91	68	3.546280e+03
44	91	69	1.782167e+03
44	92	39	-7.304689e+02
44	92	40	-4.896647e+04
44	92	41	-2.962760e+04
44	93	39	-2.797403e+02
44	93	40	-1.875220e+04
44	93	41	-1.134618e+04
45	65	57	3.787633e+03
45	65	58	6.155276e+04
45	65	59	2.159180e+04
45	66	57	6.439430e+04
45	66	58	1.046471e+06
45	66	59	3.670865e+05
45	67	57	2.315046e+04
45	67	58	3.762177e+05
45	67	59	1.319716e+05
45	73	61	1.478456e+03
45	73	62	-2.871686e+03
45	73	63	1.355939e+04
45	73	66	2.429849e+02
45	73	67	2.169312e+03
45	73	68	7.226954e+03
45	74	61	7.643477e+04
45	74	62	-1.484635e+05
45	74	63	7.010077e+05
45	74	66	1.201304e+04
45	74	67	1.072496e+05
45	74	68	3.572967e+05
45	75	61	1.305219e+05
45	75	62	-2.535199e+05
45	75	63	1.197058e+06
45	75	66	2.075224e+04
45	75	67	1.852711e+05
45	75	68	6.172216e+05
45	77	74	1.267790e+03
45	77	75	1.539688e+03
45	77	76	2.082488e+04
45	78	60	1.785793e+00
45	78	61	5.832547e+01
45	78	62	2.816936e+01
45	78	72	3.456372e+00
45	78	73	8.798588e+01
45	78	74	3.428337e+03
45	78	75	4.116929e+03
45	78	76	5.568308e+04
45	79	60	8.952803e+03
45	79	61	2.924059e+05
45	79	62	1.412228e+05
45	79	72	4.696744e+01
45	79	73	1.195610e+03
45	79	74	2.486608e+04
45	79	75	2.956482e+04
45	79	76	3.998758e+05
45	80	60	9.471227e+03
45	80	61	3.093380e+05
45	80	62	1.494005e+05
45	80	72	1.274721e+02
45	80	73	3.244948e+03
45	80	74	1.417289e+03
45	89	67	5.761318e+02
45	89	68	2.097256e+04
45	89	69	1.053966e+04
45	90	67	8.630506e+03
45	90	68	3.141708e+05
45	90	69	1.578851e+05
45	91	39	6.686260e+02
45	91	40	4.482087e+04
45	91	41	2.711927e+04
45	91	67	2.891557e+03
45	91	68	1.052595e+05
45	91	69	5.289768e+04
45	92	39	1.283616e+04
45	92	40	8.604633e+05
45	92	41	5.206310e+05
45	93	39	4.915737e+03
45	93	40	3.295230e+05
45	93	41	1.993808e+05
45	93	50	2.111104e+02
45	93	51	-2.406336e+02
45	93	52	2.388851e+03
45	94	50	5.626840e+03
45	94	51	-6.413738e+03
45	94	52	6.367135e+04
45	95	50	1.170302e+04
45	95	51	-1.333966e+04
45	95	52	1.324273e+05
46	72	59	1.115487e+01
46	72	60	4.069717e+02
46	72	61	2.046843e+02
46	73	59	8.528084e+01
46	73	60	3.111367e+03
46	73	61	1.564846e+03
46	73	66	1.318059e+02
46	73	67	1.176732e+03
46	73	68	3.920223e+03
46	74	59	1.778526e+01
46	74	60	6.488736e+02
46	74	61	3.263477e+02
46	74	66	6.516825e+03
46	74	67	5.834330e+04
46	74	68	1.940163e+05
46	75	66	1.128282e+04
46	75	67	1.108861e+05
46	75	68	3.474579e+05
46	76	60	4.699245e-01
46	76	61	1.103941e+01
46	76	62	2.400374e+01
46	76	66	4.218343e+01
46	76	67	1.693343e+04
46	76	68	2.062200e+04
46	77	37	9.191702e-03
46	77	38	-1.487522e-02
46	77	39	9.268402e-02
46	77	60	1.679866e+01
46	77	61	3.946322e+02
46	77	62	8.580754e+02
46	78	37	1.099352e-03
46	78	38	-1.779116e-03
46	78	39	1.108526e-02
46	78	60	1.061202e+01
46	78	61	2.696930e+02
46	78	62	4.635223e+02
46	78	72	4.371116e+02
46	78	73	1.112718e+04
46	78	74	4.859992e+03
46	79	37	1.303803e-01
46	79	38	-2.109985e-01
46	79	39	1.314682e+00
46	79	60	1.115243e+04
46	79	61	3.642474e+05
46	79	62	1.759200e+05
46	79	72	5.939759e+03
46	79	73	1.512033e+05
46	79	74	6.604075e+04
46	80	60	1.179822e+04
46	80	61	3.853396e+05
46	80	62	1.861069e+05
46	80	72	1.612082e+04
46	80	73	4.103738e+05
46	80	74	1.792381e+05
46	89	67	1.155864e+03
46	89	68	4.207618e+04
46	89	69	2.114519e+04
46	90	67	1.731495e+04
46	90	68	6.303049e+05
46	90	69	3.167569e+05
46	91	67	5.801184e+03
46	91	68	2.111768e+05
46	91	69	1.061259e+05
46	93	50	-2.843458e+02
46	93	51	3.241108e+02
46	93	52	-3.217558e+03
46	94	50	-7.578825e+03
46	94	51	8.638702e+03
46	94	52	-8.575933e+04
46	95	50	-1.576287e+04
46	95	51	1.796727e+04
46	95	52	-1.783672e+05
47	57	65	2.333918e+02
47	57	66	1.199581e+03
47	57	67	5.496819e+03
47	58	65	7.632829e+02
47	58	66	3.923101e+03
47	58	67	1.797675e+04
47	59	65	4.734749e+03
47	59	66	2.433554e+04
47	59	67	1.115123e+05
47	64	62	7.990094e-02
47	64	63	-1.508856e-01
47	64	64	7.453857e-01
47	65	62	5.453759e+00
47	65	63	-1.029892e+01
47	65	64	5.087743e+01
47	66	62	3.315176e+00
47	66	63	-6.260407e+00
47	66	64	3.092686e+01
47	67	65	1.823743e+02
47	67	66	1.437263e+03
47	67	67	5.120211e+03
47	68	65	2.932550e+02
47	68	66	2.311097e+03
47	68	67	8.233221e+03
47	69	65	3.135829e+03
47	69	66	2.471298e+04
47	69	67	8.803932e+04
47	69	69	5.597820e+00
47	69	70	1.051140e+04
47	69	71	9.579521e+03
47	70	64	6.942657e+02
47	70	65	1.723436e+03
47	70	66	1.308565e+04
47	70	69	-1.053555e+01
47	70	70	-1.978330e+04
47	70	71	-1.802944e+04
47	71	64	6.786142e+03
47	71	65	1.684583e+04
47	71	66	1.279065e+05
47	71	69	5.232386e+01
47	71	70	9.825197e+04
47	71	71	8.954156e+04
47	72	59	1.486427e+03
47	72	60	5.423048e+04
47	72	61	2.727494e+04
47	72	64	1.720358e+03
47	72	65	4.745520e+03
47	72	66	3.698060e+04
47	72	67	1.462027e+04
47	73	59	1.136399e+04
47	73	60	4.146012e+05
47	73	61	2.085216e+05
47	73	65	3.551270e+03
47	73	66	3.405998e+04
47	73	67	1.093237e+05
47	74	59	2.369952e+03
47	74	60	8.646481e+04
47	74	61	4.348703e+04
47	74	65	7.266016e+02
47	74	66	6.971516e+03
47	74	67	2.346393e+04
47	74	68	1.334648e+03
47	75	66	1.704865e+02
47	75	67	6.843734e+04
47	75	68	8.334487e+04
47	76	60	2.256920e+02
47	76	61	5.301929e+03
47	76	62	1.152834e+04
47	76	66	2.779423e+02
47	76	67	1.123000e+05
47	76	68	1.347284e+05
47	76	69	7.412682e+03
47	77	37	7.054287e+03
47	77	38	-1.141617e+04
47	77	39	7.113151e+04
47	77	60	8.067940e+03
47	77	61	1.895311e+05
47	77	62	4.121103e+05
47	77	67	-4.765488e+02
47	77	68	7.520794e+02
47	77	69	-4.856712e+03
47	78	37	8.437116e+02
47	78	38	-1.365405e+03
47	78	39	8.507520e+03
47	78	60	4.028275e+03
47	78	61	9.463176e+04
47	78	62	2.057642e+05
47	78	67	9.069933e+03
47	78	68	-1.431398e+04
47	78	69	9.243555e+04
47	78	72	6.186166e+02
47	78	73	1.574759e+04
47	78	74	6.878041e+03
47	79	37	1.000620e+05
47	79	38	-1.619334e+05
47	79	39	1.008969e+06
47	79	72	8.406168e+03
47	79	73	2.139886e+05
47	79	74	9.346332e+04
47	80	72	2.281478e+04
47	80	73	5.807763e+05
47	80	74	2.536644e+05
47	88	71	8.625229e+01
47	88	72	1.867351e+02
47	88	73	1.574590e+03
47	89	71	5.062516e+03
47	89	72	1.096028e+04
47	89	73	9.241942e+04
47	90	71	2.956383e+03
47	90	72	6.400530e+03
47	90	73	5.397064e+04
47	93	50	2.279148e+03
47	93	51	-2.597880e+03
47	93	52	2.579004e+04
47	94	50	6.074738e+04
47	94	51	-6.924273e+04
47	94	52	6.873960e+05
47	95	50	1.263459e+05
47	95	51	-1.440150e+05
47	95	52	1.429686e+06
47	95	69	1.144755e+01
47	95	70	7.683235e+02
47	95	71	4.650284e+02
47	96	69	2.388644e+02
47	96	70	1.603183e+04
47	96	71	9.703276e+03
47	97	69	9.529920e+01
47	97	70	6.396181e+03
47	97	71	3.871294e+03
48	57	65	-2.072659e+02
48	57	66	-1.065300e+03
48	57	67	-4.881504e+03
48	58	65	-6.778410e+02
48	58	66	-3.483949e+03
48	58	67	-1.596444e+04
48	59	65	-4.204741e+03
48	59	66	-2.161141e+04
48	59	67	-9.902958e+04
48	62	57	1.953607e+01
48	62	58	3.500777e+02
48	62	59	8.442457e+02
48	63	57	1.194913e+02
48	63	58	2.141230e+03
48	63	59	5.163780e+03
48	64	57	2.029922e+01
48	64	58	3.637530e+02
48	64	59	8.772250e+02
48	64	62	1.114225e+03
48	64	63	-2.104112e+03
48	64	64	1.039447e+04
48	65	62	7.605312e+04
48	65	63	-1.436193e+05
48	65	64	7.094899e+05
48	66	62	4.623041e+04
48	66	63	-8.730189e+04
48	66	64	4.312776e+05
48	67	65	2.045174e+03
48	67	66	1.611770e+04
48	67	67	5.741887e+04
48	68	65	3.288609e+03
48	68	66	2.591701e+04
48	68	67	9.232866e+04
48	69	65	3.516569e+04
48	69	66	2.771353e+05
48	69	67	9.872871e+05
48	69	69	-4.964583e+00
48	69	70	-9.322326e+03
48	69	71	-8.495866e+03
48	70	64	5.172482e+03
48	70	65	1.284010e+04
48	70	66	9.749191e+04
48	70	69	9.343749e+00
48	70	70	1.754538e+04
48	70	71	1.598991e+04
48	71	64	5.055874e+04
48	71	65	1.255064e+05
48	71	66	9.529431e+05
48	71	67	8.865190e+01
48	71	68	1.687596e+02
48	71	69	-4.640488e+01
48	71	70	-8.713751e+04
48	71	71	-7.941243e+04
48	72	59	2.085344e+03
48	72	60	7.608124e+04
48	72	61	3.826467e+04
48	72	64	1.281717e+04
48	72	65	3.551611e+04
48	72	66	2.783525e+05
48	72	67	1.491067e+05
48	72	68	6.693747e+04
48	73	59	1.594281e+04
48	73	60	5.818368e+05
48	73	61	2.937588e+05
48	73	62	2.249162e+02
48	73	65	2.790859e+04
48	73	66	2.802499e+05
48	73	67	8.872507e+05
48	73	68	5.495058e+04
48	74	59	3.324863e+03
48	74	60	1.324922e+05
48	74	61	1.355955e+05
48	74	62	1.376229e+04
48	74	65	5.807234e+03
48	74	66	6.194740e+04
48	74	67	1.864596e+05
48	74	68	8.131288e+03
48	75	60	6.608631e+03
48	75	61	4.405505e+04
48	75	62	8.223479e+03
48	75	63	6.968692e+02
48	75	64	1.406208e+02
48	75	66	1.621856e+03
48	75	67	3.000376e+05
48	75	68	3.878787e+05
48	76	60	2.703037e+02
48	76	61	6.349943e+03
48	76	62	1.788159e+04
48	76	63	2.998701e+04
48	76	64	6.051059e+03
48	76	66	1.632876e+03
48	76	67	4.687299e+05
48	76	68	5.506194e+05
48	76	69	1.200274e+05
48	77	37	7.086561e+03
48	77	38	-1.146840e+04
48	77	39	7.145694e+04
48	77	60	9.662702e+03
48	77	61	2.269950e+05
48	77	62	4.957383e+05
48	77	63	1.595313e+04
48	77	64	3.219171e+03
48	77	67	-7.716358e+03
48	77	68	1.217780e+04
48	77	69	-7.864069e+04
48	78	37	8.475717e+02
48	78	38	-1.371652e+03
48	78	39	8.546442e+03
48	78	60	4.824530e+03
48	78	61	1.133373e+05
48	78	62	2.464369e+05
48	78	67	1.468619e+05
48	78	68	-2.317743e+05
48	78	69	1.496732e+06
48	78	70	3.304823e-02
48	78	71	1.474888e+00
48	79	37	1.005198e+05
48	79	38	-1.626743e+05
48	79	39	1.013585e+06
48	79	69	4.504112e+03
48	79	70	1.475975e+03
48	79	71	6.587031e+04
48	80	69	4.590073e+03
48	80	70	1.504144e+03
48	80	71	6.712744e+04
48	82	67	5.906694e+00
48	82	68	-9.767089e+00
48	82	69	5.899535e+01
48	83	65	1.583211e+01
48	83	66	1.179723e+03
48	83	67	1.850250e+03
48	83	68	-3.543599e+00
48	83	69	2.140411e+01
48	84	65	1.124653e+02
48	84	66	8.380308e+03
48	84	67	1.321507e+04
48	84	68	-1.435566e+02
48	84	69	8.671135e+02
48	85	65	2.199308e+01
48	85	66	1.638806e+03
48	85	67	2.567287e+03
48	88	71	-8.267231e+01
48	88	72	-1.789844e+02
48	88	73	-1.509235e+03
48	89	71	-4.852392e+03
48	89	72	-1.050536e+04
48	89	73	-8.858346e+04
48	90	71	-2.833676e+03
48	90	72	-6.134870e+03
48	90	73	-5.173054e+04
48	95	69	1.695580e+02
48	95	70	1.138020e+04
48	95	71	6.887874e+03
48	96	69	3.537995e+03
48	96	70	2.374590e+05
48	96	71	1.437223e+05
48	97	69	1.411546e+03
48	97	70	9.473849e+04
48	97	71	5.734055e+04
49	57	65	2.783185e+03
49	57	66	1.430494e+04
49	57	67	6.554927e+04
49	58	65	9.102108e+03
49	58	66	4.678277e+04
49	58	67	2.143718e+05
49	59	65	5.646162e+04
49	59	66	2.902000e+05
49	59	67	1.329778e+06
49	62	57	2.379499e+03
49	62	58	4.263956e+04
49	62	59	1.028294e+05
49	63	57	1.455407e+04
49	63	58	2.608024e+05
49	63	59	6.289499e+05
49	64	57	2.472451e+03
49	64	58	4.430521e+04
49	64	59	1.068463e+05
49	64	62	1.077039e+03
49	64	63	-2.033889e+03
49	64	64	1.004756e+04
49	65	62	7.351490e+04
49	65	63	-1.388261e+05
49	65	64	6.858112e+05
49	66	62	4.468750e+04
49	66	63	-8.438824e+04
49	66	64	4.168840e+05
49	67	65	5.714683e+02
49	67	66	4.503653e+03
49	67	67	1.604414e+04
49	68	65	9.189123e+02
49	68	66	7.241804e+03
49	68	67	2.609452e+04
49	68	68	3.207800e+03
49	68	69	8.759613e+02
49	69	65	9.826095e+03
49	69	66	7.743793e+04
49	69	67	2.789206e+05
49	69	68	3.192172e+04
49	69	69	8.619313e+03
49	69	70	1.253774e+05
49	69	71	1.142622e+05
49	70	64	1.054956e+03
49	70	65	2.618809e+03
49	70	66	1.988400e+04
49	70	67	9.645042e+02
49	70	68	9.287671e+03
49	70	69	2.243919e+03
49	70	70	-2.359704e+05
49	70	71	-2.150507e+05
49	71	64	1.031173e+04
49	71	65	2.559770e+04
49	71	66	1.943543e+05
49	71	67	-1.071326e+02
49	71	68	-2.039399e+02
49	71	69	6.241061e+02
49	71	70	1.171925e+06
49	71	71	1.068030e+06
49	72	61	4.459490e+00
49	72	62	5.492482e+02
49	72	63	7.808254e+02
49	72	64	2.614131e+03
49	72	65	7.390933e+03
49	72	66	6.205931e+04
49	72	67	1.013516e+04
49	72	68	-6.817809e+04
49	73	60	1.730489e+03
49	73	61	1.210807e+04
49	73	62	1.305775e+04
49	73	63	1.160557e+04
49	73	64	5.193112e+00
49	73	65	1.083798e+04
49	73	66	2.950008e+05
49	73	67	4.151029e+05
49	73	68	2.350362e+03
49	74	60	1.060020e+05
49	74	61	7.252457e+05
49	74	62	2.455742e+05
49	74	63	2.290086e+04
49	74	64	8.624085e+03
49	74	65	-5.918295e+03
49	74	66	2.737317e+05
49	74	67	8.127642e+05
49	74	68	3.149664e+05
49	75	60	7.323338e+04
49	75	61	5.325972e+05
49	75	62	1.607538e+05
49	75	63	1.587604e+04
49	75	64	8.701003e+03
49	75	65	-1.006251e+04
49	75	66	1.063454e+05
49	75	67	3.585672e+05
49	75	68	6.219673e+05
49	76	60	6.978079e+03
49	76	61	6.957916e+04
49	76	62	4.327949e+04
49	76	63	1.905021e+05
49	76	64	3.820474e+04
49	76	65	1.516870e+03
49	76	66	2.217102e+04
49	76	67	1.883120e+05
49	76	68	3.452589e+05
49	76	69	4.201968e+04
49	77	61	1.028579e+02
49	77	62	1.380176e+04
49	77	63	1.023952e+05
49	77	64	2.129366e+04
49	77	65	4.021058e+04
49	77	66	1.654284e+04
49	77	67	-3.513097e+03
49	77	68	4.263253e+03
49	77	69	-2.753086e+04
49	78	62	3.120053e+01
49	78	63	6.730073e+02
49	78	64	1.187873e+03
49	78	65	5.584596e+04
49	78	66	1.778188e+05
49	78	67	8.937771e+04
49	78	68	-8.114052e+04
49	78	69	5.239820e+05
49	78	70	-8.402682e-03
49	78	71	-3.749978e-01
49	79	62	5.593000e+01
49	79	63	1.206432e+03
49	79	64	1.054692e+03
49	79	65	5.039614e+03
49	79	66	1.190846e+03
49	79	69	-1.145194e+03
49	79	70	-3.752742e+02
49	79	71	-1.674786e+04
49	80	62	5.475505e+02
49	80	63	1.181087e+04
49	80	64	3.815217e+03
49	80	65	-8.659258e+03
49	80	66	-2.046158e+03
49	80	69	-1.167050e+03
49	80	70	-3.824363e+02
49	80	71	-1.706750e+04
49	81	64	5.549697e+03
49	81	65	4.944042e+04
49	81	66	1.168263e+04
49	82	67	7.221686e+03
49	82	68	-1.194151e+04
49	82	69	7.212934e+04
49	83	65	3.410295e+02
49	83	66	2.541167e+04
49	83	67	4.242900e+04
49	83	68	-4.332502e+03
49	83	69	2.616926e+04
49	84	65	2.422545e+03
49	84	66	1.805149e+05
49	84	67	3.889317e+05
49	84	68	-1.755163e+05
49	84	69	1.060157e+06
49	85	65	4.737392e+02
49	85	66	3.530048e+04
49	85	67	5.530030e+04
49	88	71	1.014047e+03
49	88	72	2.195399e+03
49	88	73	1.851207e+04
49	89	71	5.951877e+04
49	89	72	1.288573e+05
49	89	73	1.086553e+06
49	90	71	3.475748e+04
49	90	72	7.524948e+04
49	90	73	6.345197e+05
49	95	69	4.429436e+02
49	95	70	2.972898e+04
49	95	71	1.799349e+04
49	96	69	9.242454e+03
49	96	70	6.203243e+05
49	96	71	3.754518e+05
49	97	69	3.687441e+03
49	97	70	2.474894e+05
49	97	71	1.497931e+05
50	62	57	1.643270e+03
50	62	58	2.944666e+04
50	62	59	7.101344e+04
50	63	57	1.005097e+04
50	63	58	1.801088e+05
50	63	59	4.343496e+05
50	64	57	1.707462e+03
50	64	58	3.059696e+04
50	64	59	7.378748e+04
50	68	60	4.274410e-05
50	68	61	4.265347e+01
50	68	62	4.282456e+01
50	68	67	2.330127e+03
50	68	68	2.526829e+04
50	68	69	6.899767e+03
50	69	60	6.929163e-04
50	69	61	6.914471e+02
50	69	62	6.942207e+02
50	69	67	6.991820e+04
50	69	68	5.601729e+05
50	69	69	1.248157e+05
50	70	60	2.427332e-04
50	70	61	2.422185e+02
50	70	62	3.109551e+02
50	70	63	9.131255e+03
50	70	64	1.306880e+04
50	70	65	2.414625e+03
50	70	66	5.532317e+02
50	70	67	5.411034e+04
50	70	68	3.860658e+05
50	70	69	7.689250e+04
50	71	62	-1.268194e+02
50	71	63	-1.683457e+04
50	71	64	-1.840071e+04
50	71	65	5.382712e+04
50	71	66	1.971320e+04
50	71	67	9.880669e+02
50	71	68	1.880905e+03
50	72	61	1.086384e+02
50	72	62	1.401582e+04
50	72	63	1.042573e+05
50	72	64	1.237988e+05
50	72	65	6.054139e+04
50	72	66	1.075925e+05
50	72	67	4.181767e+05
50	72	68	7.545169e+05
50	73	60	4.282695e+02
50	73	61	3.499549e+03
50	73	62	1.846192e+05
50	73	63	2.712296e+05
50	73	64	1.502149e+03
50	73	65	6.509643e+04
50	73	66	6.349666e+05
50	73	67	7.763443e+05
50	73	68	6.582436e+05
50	74	60	2.694599e+04
50	74	61	1.506117e+05
50	74	62	-1.023563e+05
50	74	63	5.409010e+04
50	74	64	-5.026362e+03
50	74	65	6.155015e+04
50	74	66	5.698661e+05
50	74	67	1.388741e+06
50	74	68	2.273399e+05
50	74	69	4.142342e+03
50	74	70	5.944775e+01
50	74	71	3.042866e+01
50	75	60	8.382039e+04
50	75	61	8.274301e+05
50	75	62	6.802824e+03
50	75	63	6.176509e+05
50	75	64	-3.673556e+03
50	75	65	4.257594e+03
50	75	66	1.208703e+05
50	75	67	5.221565e+05
50	75	68	1.648794e+05
50	75	69	-4.864850e+03
50	75	70	2.362938e+04
50	75	71	1.156836e+04
50	75	72	4.417438e-01
50	75	73	2.744785e+01
50	75	74	1.627944e+01
50	76	60	4.460714e+04
50	76	61	4.824954e+05
50	76	62	1.236284e+05
50	76	63	1.078640e+06
50	76	64	1.726588e+05
50	76	65	2.279957e+05
50	76	66	5.286667e+05
50	76	67	2.535080e+05
50	76	68	1.284792e+05
50	76	69	4.470497e+04
50	76	70	3.538585e+04
50	76	71	1.416392e+04
50	76	72	1.250429e+03
50	76	73	7.750572e+04
50	76	74	4.595770e+04
50	77	61	5.486020e+04
50	77	62	1.235794e+05
50	77	63	1.294864e+06
50	77	64	1.039198e+05
50	77	65	5.888971e+03
50	77	66	4.190164e+05
50	77	67	9.366782e+04
50	77	68	2.778947e+04
50	77	69	-3.202384e+02
50	77	70	1.582443e+03
50	77	72	1.165044e+03
50	77	73	7.190982e+04
50	77	74	4.262151e+04
50	78	61	-7.754724e+02
50	78	62	-1.213845e+04
50	78	63	1.890568e+04
50	78	64	1.757705e+04
50	78	65	6.348646e+04
50	78	66	-2.303066e+05
50	78	67	-5.370473e+04
50	78	68	7.308146e+00
50	78	69	1.348762e+00
50	78	70	3.525206e+01
50	78	71	1.595084e+03
50	78	72	2.853747e+03
50	78	73	5.952570e+02
50	78	74	1.396017e+02
50	79	61	3.668657e+03
50	79	62	6.458511e+04
50	79	63	6.499779e+04
50	79	64	3.043480e+04
50	79	65	1.233454e+05
50	79	66	3.159616e+04
50	79	67	1.024618e+03
50	79	68	2.209222e+04
50	79	69	6.413683e+04
50	79	70	2.138241e+04
50	79	71	9.032609e+05
50	79	72	3.947861e+04
50	79	73	3.306074e+01
50	79	74	1.505046e+01
50	80	62	1.926106e+04
50	80	63	4.154686e+05
50	80	64	1.621466e+05
50	80	65	-5.570059e+04
50	80	66	-1.164604e+04
50	80	67	1.102154e+03
50	80	68	2.563154e+04
50	80	69	8.828700e+04
50	80	70	2.820735e+04
50	80	71	9.049911e+05
50	80	72	1.505048e+04
50	80	73	6.318003e+04
50	80	74	2.876186e+04
50	81	64	3.569837e+04
50	81	65	3.180250e+05
50	81	66	7.514841e+04
50	81	68	4.213520e+02
50	81	69	5.122749e+03
50	81	70	1.510392e+03
50	81	72	2.462953e+03
50	81	73	6.919703e+04
50	81	74	3.150102e+04
50	82	64	1.319824e+01
50	82	65	5.179743e+02
50	82	66	9.534989e+02
50	82	67	6.435884e+03
50	82	68	-1.064214e+04
50	82	69	6.428084e+04
50	83	64	2.325834e+02
50	83	65	9.893470e+03
50	83	66	7.384914e+04
50	83	67	9.170142e+04
50	83	68	-3.861076e+03
50	83	69	2.332174e+04
50	84	64	8.522879e+01
50	84	65	8.783200e+03
50	84	66	4.113927e+05
50	84	67	7.294199e+05
50	84	68	-1.564181e+05
50	84	69	9.447996e+05
50	85	65	1.063490e+03
50	85	66	7.924554e+04
50	85	67	1.241428e+05
50	91	87	3.238231e-02
50	91	88	4.013346e+00
50	91	89	2.780667e+00
50	92	87	3.917793e+02
50	92	88	4.855570e+04
50	92	89	3.364207e+04
50	93	87	3.777569e+02
50	93	88	4.681781e+04
50	93	89	3.243796e+04
51	68	60	2.424554e-02
51	68	61	2.419413e+04
51	68	62	2.429118e+04
51	68	64	1.499296e-01
51	68	65	4.571780e+00
51	68	66	2.150537e+00
51	68	67	8.302589e+03
51	68	68	9.003958e+04
51	68	69	2.458694e+04
51	69	60	3.930397e-01
51	69	61	3.922064e+05
51	69	62	3.937796e+05
51	69	64	6.228483e-03
51	69	65	1.899241e-01
51	69	66	8.933913e-02
51	69	67	1.426321e+05
51	69	68	1.279583e+06
51	69	69	3.114355e+05
51	70	60	1.376844e-01
51	70	61	1.373925e+05
51	70	62	1.383041e+05
51	70	63	-6.771215e+03
51	70	64	4.394793e+03
51	70	65	4.067399e+04
51	70	66	9.256406e+03
51	70	67	8.488172e+04
51	70	68	6.494356e+05
51	70	69	1.390408e+05
51	71	62	4.856552e+03
51	71	63	7.378718e+04
51	71	64	2.805345e+05
51	71	65	9.517950e+05
51	71	66	2.737668e+05
51	71	67	9.242916e+03
51	71	68	-1.173756e+04
51	71	69	7.251001e+04
51	71	70	2.457923e+02
51	72	61	2.331615e+02
51	72	62	2.921960e+04
51	72	63	-5.420349e+04
51	72	64	3.892976e+04
51	72	65	1.096685e+06
51	72	66	1.030379e+06
51	72	67	2.142608e+04
51	72	68	-5.810406e+03
51	72	69	6.527754e+04
51	72	70	4.593134e+03
51	73	54	1.190440e+02
51	73	55	7.470215e+02
51	73	56	1.301276e+02
51	73	61	8.239843e+03
51	73	62	4.374889e+05
51	73	63	6.802159e+05
51	73	64	9.257058e+04
51	73	65	1.821130e+06
51	73	66	3.697399e+05
51	73	67	1.658089e+05
51	73	68	5.476141e+04
51	73	69	7.062136e+04
51	73	70	2.084345e+04
51	74	54	4.624865e+02
51	74	55	2.902183e+03
51	74	56	5.055465e+02
51	74	60	1.487830e+02
51	74	61	1.790154e+05
51	74	62	1.223785e+06
51	74	63	3.993325e+05
51	74	64	3.774369e+05
51	74	65	2.593212e+05
51	74	66	2.237870e+06
51	74	67	4.160122e+05
51	74	68	2.852235e+05
51	74	69	1.687364e+05
51	74	70	6.622355e+03
51	74	71	1.203850e+02
51	75	54	2.545246e+03
51	75	55	1.597186e+04
51	75	56	2.782222e+03
51	75	60	2.022318e+04
51	75	61	2.878644e+05
51	75	62	5.895215e+05
51	75	63	8.809480e+05
51	75	64	2.788586e+05
51	75	65	2.498179e+05
51	75	66	1.284781e+06
51	75	67	2.265422e+05
51	75	68	9.773891e+05
51	75	69	-1.072157e+05
51	75	70	2.216567e+05
51	75	71	4.576796e+04
51	75	72	-8.246898e-01
51	75	73	-5.124229e+01
51	75	74	-3.039202e+01
51	75	75	2.263445e+02
51	75	76	1.905130e+03
51	75	77	4.303622e+02
51	76	60	1.462872e+04
51	76	61	1.310573e+05
51	76	62	8.843238e+03
51	76	63	4.019436e+05
51	76	64	3.194108e+05
51	76	65	9.452112e+05
51	76	66	3.537005e+06
51	76	67	7.970737e+05
51	76	68	1.036177e+06
51	76	69	1.007864e+06
51	76	70	1.101294e+06
51	76	71	5.642636e+04
51	76	72	1.939001e+03
51	76	73	-1.088117e+05
51	76	74	-7.738275e+04
51	76	75	6.012211e+03
51	76	76	5.060449e+04
51	76	77	1.143137e+04
51	77	61	6.614367e+04
51	77	62	9.803670e+04
51	77	63	1.060330e+06
51	77	64	9.244748e+03
51	77	65	1.269033e+06
51	77	66	1.113808e+06
51	77	67	1.136936e+06
51	77	68	5.237294e+05
51	77	69	2.429210e+04
51	77	70	2.035437e+05
51	77	71	3.769799e+03
51	77	72	1.010963e+04
51	77	73	-4.348783e+04
51	77	74	-5.828451e+04
51	77	75	1.251927e+04
51	77	76	1.053740e+05
51	77	77	2.380362e+04
51	78	61	-2.850410e+03
51	78	62	-4.656455e+04
51	78	63	2.749080e+04
51	78	64	1.995337e+04
51	78	65	6.798113e+05
51	78	66	2.273920e+06
51	78	67	9.030649e+05
51	78	68	2.821481e+03
51	78	70	1.239773e+02
51	78	71	5.550210e+03
51	78	72	8.552352e+04
51	78	73	6.783454e+05
51	78	74	1.590879e+05
51	79	61	1.348491e+04
51	79	62	2.339055e+05
51	79	63	1.636221e+05
51	79	64	3.142936e+04
51	79	65	-2.085213e+04
51	79	66	4.895419e+04
51	79	67	6.050415e+04
51	79	68	6.120589e+05
51	79	69	3.744931e+04
51	79	70	1.263844e+04
51	79	71	7.120727e+04
51	79	72	1.183902e+05
51	79	73	-4.520139e+01
51	79	74	-2.057732e+01
51	80	62	3.662660e+04
51	80	63	7.900498e+05
51	80	64	2.954551e+05
51	80	65	-2.229455e+05
51	80	66	-7.829844e+03
51	80	67	8.203244e+04
51	80	68	7.432908e+05
51	80	69	2.583398e+05
51	80	70	7.817332e+04
51	80	71	8.232822e+04
51	80	72	8.314837e+04
51	80	73	-8.196410e+04
51	80	74	-3.932385e+04
51	81	64	1.427240e+05
51	81	65	1.271481e+06
51	81	66	3.006307e+05
51	81	67	1.455041e+04
51	81	68	2.653844e+04
51	81	69	4.919738e+04
51	81	70	1.489695e+04
51	81	71	2.861308e+04
51	81	72	1.263946e+05
51	81	73	-6.552354e+04
51	81	74	-4.306889e+04
51	82	64	1.981935e+02
51	82	65	7.778242e+03
51	82	66	1.431837e+04
51	82	71	2.471610e+03
51	82	72	2.226019e+04
51	82	73	5.304765e+03
51	83	64	3.492625e+03
51	83	65	1.370705e+05
51	83	66	2.523225e+05
51	84	64	1.279852e+03
51	84	65	5.022867e+04
51	84	66	9.246208e+04
51	85	62	3.587888e+00
51	85	63	2.781430e+03
51	85	64	3.206907e+03
51	86	62	2.315791e+01
51	86	63	1.795265e+04
51	86	64	2.069888e+04
51	87	62	4.144803e+00
51	87	63	3.213165e+03
51	87	64	3.704685e+03
51	91	87	-2.305654e-02
51	91	88	-2.857544e+00
51	91	89	-1.979864e+00
51	92	87	-2.789509e+02
51	92	88	-3.457216e+04
51	92	89	-2.395350e+04
51	93	87	-2.689668e+02
51	93	88	-3.333476e+04
51	93	89	-2.309616e+04
52	63	85	1.434586e+03
52	63	86	1.079779e+04
52	63	87	2.221851e+03
52	64	67	3.338766e+02
52	64	68	7.334357e+03
52	64	69	2.998334e+03
52	64	85	-6.569018e+02
52	64	86	-4.944347e+03
52	64	87	-1.017393e+03
52	65	67	-4.493813e+01
52	65	68	-9.871679e+02
52	65	69	-4.035608e+02
52	65	85	1.853439e+04
52	65	86	1.395040e+05
52	65	87	2.870560e+04
52	66	67	4.552877e+03
52	66	68	1.000143e+05
52	66	69	4.088650e+04
52	68	60	2.046193e-02
52	68	61	2.041855e+04
52	68	62	2.050045e+04
52	68	64	1.453655e+03
52	68	65	4.432607e+04
52	68	66	2.085071e+04
52	68	71	1.270955e+01
52	68	72	5.848612e+02
52	68	73	3.178972e+02
52	69	60	3.317045e-01
52	69	61	3.310012e+05
52	69	62	3.323289e+05
52	69	64	6.038877e+01
52	69	65	1.841425e+03
52	69	66	8.661949e+02
52	69	71	2.907174e+02
52	69	72	1.337807e+04
52	69	73	7.271559e+03
52	70	60	1.161983e-01
52	70	61	1.159519e+05
52	70	62	1.163029e+05
52	70	63	9.872433e+04
52	70	64	1.661078e+05
52	70	65	6.402027e+05
52	70	66	2.955584e+05
52	70	67	2.295915e+02
52	70	68	-3.939205e+02
52	70	69	2.253958e+03
52	70	71	1.210885e+02
52	70	72	5.572183e+03
52	70	73	3.028722e+03
52	71	62	-1.067472e+04
52	71	63	-2.254787e+05
52	71	64	-2.518116e+05
52	71	65	3.978716e+05
52	71	66	9.143763e+04
52	71	67	1.244879e+05
52	71	68	-1.380444e+05
52	71	69	8.941589e+05
52	71	70	9.446830e+03
52	72	61	2.666468e+01
52	72	62	4.605705e+03
52	72	63	1.068173e+06
52	72	64	2.141957e+06
52	72	65	6.280746e+05
52	72	66	3.738459e+05
52	72	67	2.457368e+05
52	72	68	-4.756726e+04
52	72	69	9.341269e+05
52	72	70	1.723804e+05
52	73	54	5.911159e+03
52	73	55	3.709354e+04
52	73	56	6.461519e+03
52	73	61	1.378277e+03
52	73	62	8.745132e+02
52	73	63	1.549833e+05
52	73	64	2.219445e+05
52	73	65	2.005268e+06
52	73	66	2.530639e+05
52	73	67	1.303069e+06
52	73	68	4.408603e+05
52	73	69	6.510368e+05
52	73	70	4.727612e+05
52	73	74	5.300549e+00
52	73	75	2.290460e+02
52	73	76	4.102807e+02
52	74	54	2.296489e+04
52	74	55	1.441086e+05
52	74	56	2.510304e+04
52	74	60	-3.349179e+01
52	74	61	1.374652e+03
52	74	62	4.445188e+03
52	74	63	3.679531e+05
52	74	64	1.783843e+06
52	74	65	1.476584e+06
52	74	66	1.417470e+06
52	74	67	1.728434e+06
52	74	68	3.750384e+05
52	74	69	9.159901e+04
52	74	70	3.987820e+04
52	74	71	6.544057e+02
52	74	74	8.011108e+01
52	74	75	3.461740e+03
52	74	76	6.200873e+03
52	75	54	1.263849e+05
52	75	55	7.930868e+05
52	75	56	1.381520e+05
52	75	60	-1.558951e+04
52	75	61	-6.164743e+03
52	75	62	-2.249795e+05
52	75	63	5.348539e+05
52	75	64	2.383778e+06
52	75	65	2.910755e+06
52	75	66	5.661877e+06
52	75	67	4.171934e+06
52	75	68	9.003916e+05
52	75	69	-7.144203e+04
52	75	70	5.948524e+05
52	75	71	2.487918e+05
52	75	72	4.148415e+00
52	75	73	2.577627e+02
52	75	74	3.603321e+02
52	75	75	1.059786e+04
52	75	76	2.980659e+04
52	75	77	3.105873e+03
52	76	60	-1.222734e+04
52	76	61	4.922929e+03
52	76	62	-2.009293e+05
52	76	63	1.707951e+05
52	76	64	1.125023e+06
52	76	65	5.271556e+06
52	76	66	6.564043e+06
52	76	67	4.845312e+06
52	76	68	2.212388e+06
52	76	69	1.277448e+05
52	76	70	1.308088e+06
52	76	71	3.452615e+05
52	76	72	3.685773e+04
52	76	73	7.593552e+05
52	76	74	4.389759e+05
52	76	75	4.338941e+04
52	76	76	3.652065e+05
52	76	77	8.249887e+04
52	77	60	-5.037549e+02
52	77	61	9.216791e+03
52	77	62	1.431406e+05
52	77	63	6.636675e+04
52	77	64	4.946549e+05
52	77	65	8.549069e+05
52	77	66	4.631080e+06
52	77	67	2.551049e+06
52	77	68	2.211570e+06
52	77	69	6.322962e+02
52	77	70	1.512247e+05
52	77	71	3.933587e+05
52	77	72	2.313843e+05
52	77	73	7.735454e+05
52	77	74	4.222153e+05
52	77	75	9.035005e+04
52	77	76	7.604719e+05
52	77	77	1.717879e+05
52	78	60	8.582493e+03
52	78	61	-3.023712e+04
52	78	62	-1.847353e+05
52	78	63	-1.518976e+04
52	78	64	1.320984e+05
52	78	65	8.704156e+05
52	78	66	5.098983e+05
52	78	67	1.358787e+06
52	78	68	3.406393e+05
52	78	69	1.153013e+04
52	78	70	4.407444e+03
52	78	71	1.299457e+05
52	78	72	1.968273e+05
52	78	73	7.377250e+05
52	78	74	1.651003e+05
52	79	61	7.708092e+04
52	79	62	1.320294e+06
52	79	63	5.389909e+05
52	79	64	1.341547e+05
52	79	65	8.900917e+05
52	79	66	4.852557e+05
52	79	67	6.601945e+05
52	79	68	6.929189e+05
52	79	69	1.480543e+05
52	79	70	5.204176e+04
52	79	71	4.419303e+05
52	79	72	7.818550e+05
52	79	73	2.756668e+04
52	79	74	4.956532e+03
52	80	63	1.123537e+02
52	80	64	8.382945e+04
52	80	65	-5.422520e+04
52	80	66	9.505362e+05
52	80	67	4.484971e+05
52	80	68	1.030444e+06
52	80	69	8.336894e+05
52	80	70	2.492098e+05
52	80	71	1.884908e+05
52	80	72	4.214559e+05
52	80	73	7.096326e+05
52	80	74	3.090170e+05
52	81	56	2.308184e+01
52	81	57	8.492340e+03
52	81	58	1.043208e+04
52	81	63	5.480856e+03
52	81	64	4.269800e+04
52	81	65	3.284317e+04
52	81	66	9.137149e+03
52	81	67	1.221065e+05
52	81	68	2.017307e+05
52	81	69	1.578031e+05
52	81	70	4.673777e+04
52	81	71	1.026929e+05
52	81	72	8.823936e+05
52	81	73	9.464354e+05
52	81	74	3.384465e+05
52	82	56	1.818583e+02
52	82	57	6.690984e+04
52	82	58	8.219274e+04
52	82	63	9.501312e+03
52	82	64	7.130224e+04
52	82	65	3.463596e+04
52	82	66	3.718176e+04
52	82	71	1.724978e+04
52	82	72	1.553576e+05
52	82	73	3.702285e+04
52	83	56	3.890693e+01
52	83	57	1.431475e+04
52	83	58	1.758439e+04
52	83	64	9.069605e+03
52	83	65	3.559430e+05
52	83	66	6.552280e+05
52	84	64	3.323503e+03
52	84	65	1.304332e+05
52	84	66	2.401044e+05
52	85	62	3.208183e+01
52	85	63	2.487072e+04
52	85	64	2.867520e+04
52	85	66	2.297984e+03
52	85	67	1.839269e+04
52	85	68	3.987059e+03
52	86	62	2.070711e+02
52	86	63	1.605273e+05
52	86	64	1.850832e+05
52	86	66	1.769463e+04
52	86	67	1.409596e+05
52	86	68	3.044614e+04
52	87	62	3.706159e+01
52	87	63	2.873117e+04
52	87	64	3.312619e+04
52	87	66	9.902556e+03
52	87	67	7.270790e+04
52	87	68	1.467579e+04
52	88	66	1.641568e+03
52	88	67	1.146942e+04
52	88	68	2.209660e+03
52	91	87	3.995469e-01
52	91	88	4.951839e+01
52	91	89	3.430907e+01
52	92	87	4.833942e+03
52	92	88	5.991012e+05
52	92	89	4.150903e+05
52	93	87	4.660927e+03
52	93	88	5.776583e+05
52	93	89	4.002335e+05
53	58	58	8.743965e+00
53	58	59	2.117561e+03
53	58	60	1.631116e+03
53	59	58	1.314098e+02
53	59	59	3.182405e+04
53	59	60	2.451344e+04
53	60	58	4.410961e+01
53	60	59	1.068220e+04
53	60	60	8.228290e+03
53	62	65	1.230775e+01
53	62	66	2.716671e+02
53	62	67	6.043347e+02
53	63	65	-1.148051e+01
53	63	66	-2.534076e+02
53	63	67	-5.637158e+02
53	63	85	1.126455e+04
53	63	86	8.478562e+04
53	63	87	1.744625e+04
53	64	65	1.454571e+02
53	64	66	3.210653e+03
53	64	67	6.966891e+03
53	64	68	-3.851724e+03
53	64	69	-1.574610e+03
53	64	85	-5.158075e+03
53	64	86	-3.882363e+04
53	64	87	-7.988698e+03
53	65	67	2.359979e+01
53	65	68	5.184229e+02
53	65	69	2.119347e+02
53	65	85	1.455343e+05
53	65	86	1.095403e+06
53	65	87	2.253999e+05
53	66	67	-2.388990e+03
53	66	68	-5.250594e+04
53	66	69	-2.117438e+04
53	66	70	2.606654e+02
53	67	61	3.242808e+01
53	67	62	8.888823e+02
53	67	63	4.005665e+02
53	67	67	1.651528e+03
53	67	68	1.768103e+04
53	67	69	8.315516e+04
53	67	70	3.428525e+04
53	68	34	8.048098e+01
53	68	35	4.231305e+02
53	68	36	1.911575e+03
53	68	61	4.163613e+02
53	68	62	1.141283e+04
53	68	63	5.143086e+03
53	68	64	1.513765e+03
53	68	65	4.615902e+04
53	68	66	2.171291e+04
53	68	67	1.436555e+03
53	68	68	4.274655e+04
53	68	69	1.156145e+05
53	68	70	4.820342e+04
53	68	71	2.531704e+02
53	68	72	1.165026e+04
53	68	73	6.332416e+03
53	69	34	1.183769e+03
53	69	35	6.223690e+03
53	69	36	2.811674e+04
53	69	61	1.271170e+02
53	69	62	3.484390e+03
53	69	63	1.692207e+03
53	69	64	5.585349e+02
53	69	65	4.564104e+03
53	69	66	9.020132e+02
53	69	67	4.661535e-01
53	69	68	7.483213e+03
53	69	69	7.250206e+03
53	69	70	2.205313e+01
53	69	71	5.794785e+03
53	69	72	2.668024e+05
53	69	73	1.448472e+05
53	70	34	3.924257e+02
53	70	35	2.063187e+03
53	70	36	9.320849e+03
53	70	62	4.258986e+03
53	70	63	4.019168e+04
53	70	64	1.566168e+05
53	70	65	6.913179e+05
53	70	66	3.043618e+05
53	70	67	6.792059e+01
53	70	68	-1.165344e+02
53	70	69	6.667937e+02
53	70	70	3.679669e+03
53	70	71	3.043283e+03
53	70	72	1.635974e+05
53	70	73	6.033121e+04
53	71	62	4.552765e+04
53	71	63	4.069056e+05
53	71	64	1.348409e+06
53	71	65	4.226489e+04
53	71	66	1.045522e+04
53	71	67	4.506713e+04
53	71	68	-3.324035e+04
53	71	69	2.674507e+05
53	71	70	1.015038e+04
53	71	71	8.549401e+02
53	71	72	7.124241e+04
53	72	61	4.881313e+02
53	72	62	2.047486e+04
53	72	63	2.078998e+05
53	72	64	6.652086e+05
53	72	65	3.114514e+05
53	72	66	2.104897e+05
53	72	67	2.392934e+05
53	72	68	6.657631e+03
53	72	69	3.740581e+05
53	72	70	1.223021e+05
53	73	54	3.289147e+03
53	73	55	2.063996e+04
53	73	56	3.595384e+03
53	73	58	2.689202e+01
53	73	59	2.207405e+03
53	73	60	3.387868e+03
53	73	61	2.225647e+04
53	73	62	1.030727e+04
53	73	63	5.800622e+05
53	73	64	1.063090e+06
53	73	65	4.527657e+06
53	73	66	1.737898e+06
53	73	67	2.994445e+06
53	73	68	8.258396e+05
53	73	69	1.331360e+06
53	73	70	4.853012e+05
53	73	74	1.986693e+02
53	73	75	8.584846e+03
53	73	76	1.537768e+04
53	74	54	1.277835e+04
53	74	55	8.018637e+04
53	74	56	1.396809e+04
53	74	58	7.590368e+01
53	74	59	6.230479e+03
53	74	60	9.722996e+03
53	74	61	1.988466e+04
53	74	62	2.330708e+04
53	74	63	9.827412e+05
53	74	64	4.882623e+06
53	74	65	8.556389e+06
53	74	66	4.268104e+06
53	74	67	4.805635e+06
53	74	68	3.087278e+06
53	74	69	1.113011e+06
53	74	70	1.608918e+05
53	74	71	4.261429e+03
53	74	72	1.436268e+03
53	74	74	3.002634e+03
53	74	75	1.297491e+05
53	74	76	2.324142e+05
53	75	54	7.032434e+04
53	75	55	4.412974e+05
53	75	56	7.687191e+04
53	75	58	5.237089e+02
53	75	59	4.298813e+04
53	75	60	1.407412e+05
53	75	61	6.578585e+04
53	75	62	1.165502e+06
53	75	63	9.803940e+05
53	75	64	5.388613e+06
53	75	65	1.190009e+07
53	75	66	1.797973e+07
53	75	67	1.540882e+07
53	75	68	5.475083e+06
53	75	69	5.122877e+05
53	75	70	3.536962e+04
53	75	71	3.553465e+04
53	75	72	9.246408e+03
53	75	74	7.775483e+03
53	75	75	3.363162e+05
53	75	76	6.045760e+05
53	75	77	6.159940e+02
53	76	60	7.415556e+04
53	76	61	1.534694e+05
53	76	62	8.987099e+05
53	76	63	1.512850e+06
53	76	64	2.474293e+06
53	76	65	8.386395e+06
53	76	66	2.076540e+07
53	76	67	2.010491e+07
53	76	68	9.160651e+06
53	76	69	1.957609e+06
53	76	70	4.798051e+04
53	76	71	1.435425e+05
53	76	72	6.121932e+04
53	76	73	4.425897e+00
53	76	74	7.625753e+01
53	76	75	8.792374e+03
53	76	76	7.243215e+04
53	76	77	1.636217e+04
53	77	60	-8.724970e+03
53	77	61	1.478025e+04
53	77	62	-2.696350e+04
53	77	63	5.230140e+05
53	77	64	1.701764e+06
53	77	65	5.954906e+06
53	77	66	1.448722e+07
53	77	67	1.503680e+07
53	77	68	7.116958e+06
53	77	69	1.543763e+06
53	77	70	6.641378e+04
53	77	71	5.828787e+05
53	77	72	3.238391e+05
53	77	73	1.178396e+05
53	77	74	2.079686e+04
53	77	75	1.800050e+04
53	77	76	1.508259e+05
53	77	77	3.407104e+04
53	78	60	1.492725e+05
53	78	61	-2.425222e+05
53	78	62	1.520809e+06
53	78	63	4.463877e+05
53	78	64	9.131370e+05
53	78	65	1.956574e+06
53	78	66	5.726930e+06
53	78	67	5.268588e+06
53	78	68	1.530393e+06
53	78	69	5.402132e+05
53	78	70	2.670165e+05
53	78	71	1.475307e+05
53	78	72	2.124243e+05
53	78	73	8.611668e+05
53	78	74	1.528636e+05
53	78	75	2.774477e+03
53	79	62	-6.317509e+03
53	79	63	7.751657e+04
53	79	64	1.639976e+05
53	79	65	-1.073045e+04
53	79	66	7.364881e+05
53	79	67	1.014626e+06
53	79	68	4.401591e+05
53	79	69	9.924643e+05
53	79	70	8.383625e+05
53	79	71	1.621993e+05
53	79	72	7.357535e+04
53	79	73	1.726780e+05
53	79	74	3.042694e+04
53	80	63	-2.412866e+01
53	80	64	1.119598e+05
53	80	65	5.335968e+05
53	80	66	9.540492e+05
53	80	67	1.154123e+05
53	80	68	1.838216e+05
53	80	69	1.708865e+05
53	80	70	5.120427e+04
53	80	71	9.258671e+05
53	80	72	4.812480e+05
53	80	73	5.933147e+03
53	81	56	1.763590e+02
53	81	57	6.488651e+04
53	81	58	7.970727e+04
53	81	63	-2.257191e+03
53	81	64	1.578990e+04
53	81	65	4.254016e+05
53	81	66	1.332519e+05
53	81	67	2.751730e+04
53	81	68	4.253601e+04
53	81	70	5.898716e+03
53	81	71	2.450957e+05
53	81	72	2.801851e+05
53	81	73	3.906704e+04
53	82	56	1.389505e+03
53	82	57	5.112308e+05
53	82	58	6.280013e+05
53	82	63	-3.912944e+03
53	82	64	-2.915258e+04
53	82	65	-5.945828e+03
53	82	71	3.319965e+03
53	82	72	2.990078e+04
53	82	73	7.125571e+03
53	83	56	2.972720e+02
53	83	57	1.093732e+05
53	83	58	1.343552e+05
53	85	62	1.067914e+02
53	85	63	8.278762e+04
53	85	64	9.545169e+04
53	85	66	1.441660e+04
53	85	67	1.153881e+05
53	85	68	2.501316e+04
53	86	62	6.892816e+02
53	86	63	5.343501e+05
53	86	64	6.160899e+05
53	86	66	1.184509e+05
53	86	67	9.363194e+05
53	86	68	2.010241e+05
53	87	62	1.233676e+02
53	87	63	9.563797e+04
53	87	64	1.102678e+05
53	87	66	1.353915e+05
53	87	67	9.680462e+05
53	87	68	1.906921e+05
53	88	66	2.897067e+04
53	88	67	2.024144e+05
53	88	68	3.899647e+04
54	56	55	1.229702e+02
54	56	56	2.440517e+03
54	56	57	5.652397e+03
54	57	55	-2.044670e+02
54	57	56	-4.057937e+03
54	57	57	-9.398445e+03
54	58	55	1.225136e+03
54	58	56	2.431455e+04
54	58	57	5.631408e+04
54	58	58	3.271836e+01
54	58	59	7.923538e+03
54	58	60	6.103346e+03
54	59	58	4.917123e+02
54	59	59	1.190799e+05
54	59	60	9.172494e+04
54	60	58	1.650503e+02
54	60	59	3.997090e+04
54	60	60	3.078880e+04
54	62	65	1.411749e+03
54	62	66	3.116133e+04
54	62	67	6.931966e+04
54	63	65	-1.316862e+03
54	63	66	-2.906689e+04
54	63	67	-6.466051e+04
54	63	85	2.403074e+03
54	63	86	1.808738e+04
54	63	87	3.721821e+03
54	64	65	1.668452e+04
54	64	66	3.682750e+05
54	64	67	8.235057e+05
54	64	68	9.364129e+04
54	64	69	3.828118e+04
54	64	85	-1.100376e+03
54	64	86	-8.282272e+03
54	64	87	-1.704235e+03
54	65	67	-5.611176e+02
54	65	68	-1.228489e+04
54	65	69	-5.011487e+03
54	65	85	3.104694e+04
54	65	86	2.336831e+05
54	65	87	4.808473e+04
54	66	67	5.822752e+04
54	66	68	1.280208e+06
54	66	69	5.266253e+05
54	66	70	2.488614e+03
54	67	61	9.215151e+02
54	67	62	2.525955e+04
54	67	63	1.138298e+04
54	67	67	2.052497e+04
54	67	68	1.983708e+05
54	67	69	9.119794e+05
54	67	70	3.273268e+05
54	68	34	2.227597e+03
54	68	35	1.171164e+04
54	68	36	5.290963e+04
54	68	61	1.183182e+04
54	68	62	3.243207e+05
54	68	63	1.476776e+05
54	68	64	-2.900649e+03
54	68	65	1.417275e+04
54	68	67	1.758680e+04
54	68	68	2.633808e+05
54	68	69	1.045116e+06
54	68	70	4.602059e+05
54	68	71	5.855227e+02
54	68	72	2.694426e+04
54	68	73	1.464537e+04
54	69	34	3.276500e+04
54	69	35	1.722627e+05
54	69	36	7.782306e+05
54	69	61	3.612310e+03
54	69	62	9.901662e+04
54	69	63	4.475252e+04
54	69	64	1.366787e+04
54	69	65	3.016444e+04
54	69	67	1.683902e+00
54	69	68	2.703187e+04
54	69	69	2.619017e+04
54	69	70	2.245267e+00
54	69	71	1.339359e+04
54	69	72	6.163533e+05
54	69	73	3.349971e+05
54	70	34	1.086177e+04
54	70	35	5.710602e+04
54	70	36	2.579876e+05
54	70	62	5.903233e+02
54	70	63	5.758275e+04
54	70	64	1.239193e+05
54	70	65	9.701900e+05
54	70	70	3.746336e+02
54	70	71	5.642753e+03
54	70	72	2.620631e+05
54	70	73	1.395317e+05
54	71	62	6.788278e+03
54	71	63	5.673235e+04
54	71	64	1.037809e+05
54	71	65	5.091709e+05
54	71	66	5.454142e+04
54	71	67	4.617716e+04
54	71	68	1.042237e+05
54	71	69	2.756161e+03
54	71	70	8.378693e+02
54	71	71	8.704294e+01
54	71	72	7.253314e+03
54	72	61	6.514518e+03
54	72	62	8.656874e+04
54	72	63	1.624895e+05
54	72	64	1.308319e+05
54	72	65	8.103141e+05
54	72	66	3.848443e+05
54	72	67	3.901652e+05
54	72	68	2.781429e+04
54	72	69	3.556902e+04
54	72	70	3.143460e+04
54	73	58	3.601460e+02
54	73	59	2.276086e+02
54	73	60	5.089266e+03
54	73	61	5.393088e+04
54	73	62	-7.735478e+03
54	73	63	9.813532e+05
54	73	64	9.953508e+05
54	73	65	2.454843e+06
54	73	66	1.857010e+06
54	73	67	2.706749e+06
54	73	68	1.587454e+06
54	73	69	5.735429e+04
54	73	70	2.065388e+04
54	73	74	1.008750e+02
54	73	75	4.358985e+03
54	73	76	7.808072e+03
54	74	52	1.086682e+01
54	74	53	2.843627e+03
54	74	54	2.212527e+03
54	74	58	9.312199e+02
54	74	59	7.082184e+02
54	74	60	1.337073e+04
54	74	61	1.163957e+05
54	74	62	8.691606e+05
54	74	63	1.334031e+06
54	74	64	2.188339e+06
54	74	65	5.964351e+06
54	74	66	6.260863e+06
54	74	67	7.854076e+06
54	74	68	3.700954e+06
54	74	69	2.370608e+05
54	74	70	1.998937e+04
54	74	71	2.278282e+04
54	74	72	2.584899e+03
54	74	74	1.524598e+03
54	74	75	6.588054e+04
54	74	76	1.180091e+05
54	75	52	7.142585e+01
54	75	53	1.869071e+04
54	75	54	1.454258e+04
54	75	58	6.856910e+03
54	75	59	4.553453e+03
54	75	60	9.725614e+04
54	75	61	1.385460e+04
54	75	62	-4.612262e+03
54	75	63	1.144334e+06
54	75	64	7.539106e+06
54	75	65	1.503561e+07
54	75	66	2.748242e+07
54	75	67	2.244363e+07
54	75	68	5.360787e+06
54	75	69	1.554968e+06
54	75	70	4.077781e+05
54	75	71	3.118451e+05
54	75	72	5.334221e+04
54	75	74	3.948028e+03
54	75	75	1.706012e+05
54	75	76	3.055910e+05
54	76	52	1.300581e+01
54	76	53	3.403360e+03
54	76	54	2.648035e+03
54	76	60	1.365996e+04
54	76	61	1.693740e+05
54	76	62	5.800028e+05
54	76	63	1.307281e+06
54	76	64	1.000583e+07
54	76	65	2.352710e+07
54	76	66	4.042852e+07
54	76	67	2.814308e+07
54	76	68	9.603038e+06
54	76	69	2.160599e+06
54	76	70	7.169048e+05
54	76	71	3.793674e+05
54	76	72	3.848592e+04
54	76	73	8.959941e+02
54	76	74	1.543784e+04
54	76	75	3.782967e+04
54	77	60	3.509705e+03
54	77	61	1.047690e+05
54	77	62	3.780975e+05
54	77	63	2.907415e+05
54	77	64	5.718436e+06
54	77	65	1.234299e+07
54	77	66	3.231926e+07
54	77	67	1.930055e+07
54	77	68	8.885297e+06
54	77	69	2.095697e+06
54	77	70	5.570119e+05
54	77	71	7.459847e+04
54	77	72	3.267683e+03
54	77	73	2.113943e+04
54	77	74	1.036408e+04
54	77	75	1.643710e+04
54	78	60	5.432180e+04
54	78	61	-8.825635e+04
54	78	62	6.486829e+05
54	78	63	1.022410e+06
54	78	64	1.418715e+06
54	78	65	2.703580e+06
54	78	66	7.135974e+06
54	78	67	6.161474e+06
54	78	68	2.476673e+06
54	78	69	8.279585e+05
54	78	70	3.280060e+05
54	78	71	3.441319e+03
54	78	72	2.387865e+04
54	78	73	1.649351e+05
54	78	74	2.559313e+05
54	78	75	5.616748e+05
54	79	62	5.008248e+04
54	79	63	8.010033e+05
54	79	64	7.815377e+05
54	79	65	-6.135247e+04
54	79	66	2.635633e+06
54	79	67	1.795936e+06
54	79	68	6.073581e+05
54	79	69	1.245755e+06
54	79	70	6.288310e+05
54	79	71	4.663670e+04
54	79	72	4.788426e+03
54	79	73	3.040699e+04
54	79	74	5.357900e+03
54	80	63	2.370082e+04
54	80	64	4.551083e+05
54	80	65	3.194517e+05
54	80	66	6.544893e+05
54	80	67	4.648463e+05
54	80	68	1.517325e+05
54	80	69	2.706753e+05
54	80	70	3.044382e+04
54	80	71	2.108678e+04
54	81	56	3.676071e+01
54	81	57	1.352511e+04
54	81	58	1.661438e+04
54	81	61	5.664223e-02
54	81	62	2.054816e+02
54	81	63	7.159826e+04
54	81	64	5.436945e+05
54	81	65	2.649934e+05
54	81	66	4.851275e+04
54	81	68	3.389675e+01
54	81	69	1.279577e+04
54	81	70	1.039427e+04
54	82	56	2.896319e+02
54	82	57	1.065622e+05
54	82	58	1.309022e+05
54	82	61	1.970189e+00
54	82	62	7.147277e+03
54	82	63	1.313742e+05
54	82	64	9.218865e+05
54	82	65	1.880238e+05
54	82	68	-5.736722e-02
54	82	69	-1.234257e+02
54	82	70	-1.131761e+02
54	83	56	6.196413e+01
54	83	57	2.279802e+04
54	83	58	2.800533e+04
54	83	61	3.759357e+00
54	83	62	1.363786e+04
54	83	63	1.457026e+04
54	83	68	9.926235e-01
54	83	69	2.135631e+03
54	83	70	1.958282e+03
54	85	66	2.510687e+03
54	85	67	2.009513e+04
54	85	68	4.356104e+03
54	86	66	2.285215e+04
54	86	67	1.785986e+05
54	86	68	3.800200e+04
54	87	66	4.547010e+04
54	87	67	3.215396e+05
54	87	68	6.267671e+04
54	88	66	1.062434e+04
54	88	67	7.423091e+04
54	88	68	1.430108e+04
55	56	55	2.302792e+03
55	56	56	4.570216e+04
55	56	57	1.058492e+05
55	57	55	-3.828936e+03
55	57	56	-7.599065e+04
55	57	57	-1.759993e+05
55	58	55	2.294242e+04
55	58	56	4.553247e+05
55	58	57	1.054561e+06
55	58	58	1.847410e+02
55	58	59	4.473948e+04
55	58	60	3.446194e+04
55	59	58	2.776405e+03
55	59	59	6.723731e+05
55	59	60	5.179158e+05
55	59	73	7.837426e+00
55	59	74	1.000995e+03
55	59	75	6.974271e+02
55	60	58	9.319403e+02
55	60	59	2.256918e+05
55	60	60	1.738459e+05
55	60	73	5.388663e+01
55	60	74	6.882392e+03
55	60	75	4.795195e+03
55	61	73	1.023094e+01
55	61	74	1.306694e+03
55	61	75	9.104180e+02
55	62	65	9.637889e+02
55	62	66	2.127357e+04
55	62	67	4.732393e+04
55	63	65	-8.990101e+02
55	63	66	-1.984372e+04
55	63	67	-4.414317e+04
55	64	65	1.139038e+04
55	64	66	2.514181e+05
55	64	67	5.592901e+05
55	65	67	2.765686e+03
55	65	68	6.306373e+04
55	65	69	2.646162e+04
55	66	67	6.202456e+03
55	66	68	2.585218e+05
55	66	69	1.367073e+05
55	66	70	6.199593e+02
55	67	61	1.875563e+03
55	67	62	5.141083e+04
55	67	63	2.316781e+04
55	67	67	5.392631e+04
55	67	68	1.392211e+06
55	67	69	8.922799e+05
55	67	70	8.154310e+04
55	68	34	1.007884e+03
55	68	35	5.298975e+03
55	68	36	2.393916e+04
55	68	61	2.408135e+04
55	68	62	6.600911e+05
55	68	63	3.150829e+05
55	68	64	-3.350263e+04
55	68	65	1.636959e+05
55	68	67	5.248932e+03
55	68	68	6.754415e+05
55	68	69	8.686347e+05
55	68	70	1.160519e+05
55	68	71	1.231224e+03
55	69	34	1.482465e+04
55	69	35	7.794091e+04
55	69	36	3.521133e+05
55	69	61	7.352146e+03
55	69	62	2.015288e+05
55	69	63	6.627599e+04
55	69	64	5.198529e+04
55	69	65	-2.169448e+05
55	69	67	9.741731e+00
55	69	68	1.563851e+05
55	69	69	1.515532e+05
55	69	70	3.483841e+04
55	69	71	3.028361e+04
55	69	72	4.459732e+03
55	70	34	4.914450e+03
55	70	35	2.583783e+04
55	70	36	1.167274e+05
55	70	62	4.503142e+03
55	70	63	2.284620e+05
55	70	64	-2.872846e+05
55	70	65	2.049978e+06
55	70	66	5.170975e+03
55	70	67	6.035873e+02
55	70	69	8.025757e+01
55	70	70	1.259499e+05
55	70	71	7.362971e+04
55	70	72	7.441276e+05
55	71	59	3.020716e+01
55	71	60	-1.491431e+01
55	71	61	3.878220e+02
55	71	62	5.178278e+04
55	71	63	3.369860e+05
55	71	64	2.870651e+05
55	71	65	8.096646e+05
55	71	66	2.726716e+05
55	71	67	6.583933e+04
55	71	68	4.159155e+04
55	71	69	9.425081e+03
55	71	70	7.575400e+04
55	71	71	1.209449e+04
55	71	72	1.007838e+06
55	72	59	1.138514e+03
55	72	60	-5.621233e+02
55	72	61	1.818522e+04
55	72	62	1.953964e+05
55	72	63	9.741012e+05
55	72	64	4.955501e+05
55	72	65	1.773954e+06
55	72	66	1.089429e+06
55	72	67	1.030333e+06
55	72	68	6.364355e+04
55	72	69	5.942087e+05
55	72	70	5.009706e+05
55	73	58	5.595055e+03
55	73	59	2.837672e+04
55	73	60	1.121257e+05
55	73	61	1.869530e+04
55	73	62	2.892008e+03
55	73	63	8.914026e+03
55	73	64	7.247492e+05
55	73	65	2.368237e+06
55	73	66	2.453628e+06
55	73	67	1.857520e+06
55	73	68	1.194172e+06
55	73	69	4.280293e+05
55	73	70	3.279499e+05
55	74	52	1.243905e+02
55	74	53	3.255049e+04
55	74	54	2.532640e+04
55	74	58	1.453754e+04
55	74	59	7.942704e+04
55	74	60	3.037734e+05
55	74	61	5.350172e+05
55	74	62	1.136728e+06
55	74	63	2.783324e+05
55	74	64	3.095525e+06
55	74	65	3.462375e+06
55	74	66	8.300105e+06
55	74	67	6.880862e+06
55	74	68	3.438501e+06
55	74	69	1.203071e+05
55	74	70	5.912228e+04
55	74	71	9.663599e+04
55	74	72	2.470814e+04
55	74	75	9.390555e+01
55	74	76	3.305716e+01
55	74	77	1.378105e+03
55	75	52	8.175990e+02
55	75	53	2.139492e+05
55	75	54	1.664664e+05
55	75	58	1.066553e+05
55	75	59	5.431208e+05
55	75	60	2.161099e+06
55	75	61	2.485242e+05
55	75	62	3.547841e+05
55	75	63	6.452603e+05
55	75	64	7.398390e+06
55	75	65	1.625872e+07
55	75	66	2.325770e+07
55	75	67	1.751142e+07
55	75	68	7.549517e+06
55	75	69	4.392222e+05
55	75	70	3.050505e+05
55	75	71	1.023129e+06
55	75	72	2.210105e+05
55	75	75	3.014299e+03
55	75	76	1.061111e+03
55	75	77	4.423617e+04
55	76	52	1.488752e+02
55	76	53	3.895765e+04
55	76	54	3.031158e+04
55	76	60	1.236250e+04
55	76	61	1.971130e+05
55	76	62	1.343262e+06
55	76	63	1.529328e+06
55	76	64	8.861107e+06
55	76	65	1.997011e+07
55	76	66	3.118247e+07
55	76	67	1.754771e+07
55	76	68	8.731901e+06
55	76	69	2.081342e+06
55	76	70	9.538057e+05
55	76	71	1.812455e+06
55	76	72	4.852726e+05
55	76	73	1.180726e+03
55	76	74	2.034373e+04
55	76	75	5.574831e+04
55	76	76	2.075894e+03
55	76	77	8.654104e+04
55	77	56	2.877011e+01
55	77	57	-4.464260e+01
55	77	58	2.952421e+02
55	77	60	8.953557e+03
55	77	61	1.331222e+05
55	77	62	6.146214e+05
55	77	63	2.513890e+06
55	77	64	5.146046e+06
55	77	65	8.963324e+06
55	77	66	1.955347e+07
55	77	67	9.586287e+06
55	77	68	8.191361e+06
55	77	69	2.712857e+06
55	77	70	1.858344e+06
55	77	71	1.747264e+05
55	77	73	5.130289e+02
55	77	74	8.839409e+03
55	77	75	2.166053e+04
55	78	56	3.299663e+03
55	78	57	-5.120089e+03
55	78	58	3.386151e+04
55	78	60	7.308605e-02
55	78	61	2.546357e+03
55	78	62	6.822778e+04
55	78	63	7.046938e+05
55	78	64	7.489524e+05
55	78	65	3.272669e+06
55	78	66	6.840745e+06
55	78	67	5.490622e+06
55	78	68	1.542915e+06
55	78	69	1.512888e+06
55	78	70	1.130627e+06
55	78	71	2.732745e+05
55	78	73	1.753080e+04
55	78	74	3.020529e+05
55	78	75	7.401657e+05
55	79	56	2.254318e+03
55	79	57	-3.471387e+03
55	79	58	2.312413e+04
55	79	60	2.838634e-01
55	79	61	9.889952e+03
55	79	62	9.679991e+03
55	79	63	2.585507e+04
55	79	64	5.808630e+05
55	79	65	5.762866e+05
55	79	66	1.918019e+06
55	79	67	1.454995e+06
55	79	68	2.251476e+05
55	79	69	2.235285e+05
55	79	70	8.538768e+04
55	79	71	1.096097e+06
55	80	56	4.716797e+01
55	80	57	6.579355e+02
55	80	58	2.113701e+02
55	80	60	1.562498e+00
55	80	61	5.443827e+04
55	80	62	5.328255e+04
55	80	63	2.565950e+04
55	80	64	4.904814e+05
55	80	65	3.279460e+05
55	80	66	7.035284e+05
55	80	67	6.264849e+05
55	80	68	6.489915e+04
55	80	69	5.449859e+05
55	80	70	4.259566e+05
55	80	71	4.956000e+05
55	81	56	2.126638e+01
55	81	57	2.966401e+02
55	81	58	9.529936e+01
55	81	61	1.772909e+00
55	81	62	6.431600e+03
55	81	63	7.206076e+03
55	81	64	1.051992e+04
55	81	65	2.071973e+04
55	81	68	7.817295e+02
55	81	69	3.220105e+05
55	81	70	2.649912e+05
55	82	61	6.166716e+01
55	82	62	2.237106e+05
55	82	63	2.390054e+05
55	82	68	-1.211354e+01
55	82	69	-2.606230e+04
55	82	70	-2.389802e+04
55	83	61	1.176683e+02
55	83	62	4.268667e+05
55	83	63	4.560509e+05
55	83	68	2.096003e+02
55	83	69	4.509553e+05
55	83	70	4.135067e+05
56	56	55	8.708479e+02
56	56	56	1.728321e+04
56	56	57	4.002903e+04
56	57	55	-1.447990e+03
56	57	56	-2.873741e+04
56	57	57	-6.655772e+04
56	58	55	8.676143e+03
56	58	56	1.721903e+05
56	58	57	3.988039e+05
56	59	73	3.699964e+02
56	59	74	4.725588e+04
56	59	75	3.292477e+04
56	60	73	2.543929e+03
56	60	74	3.249102e+05
56	60	75	2.263760e+05
56	61	73	4.829915e+02
56	61	74	6.168761e+04
56	61	75	4.297984e+04
56	62	63	5.005046e-03
56	62	64	4.134858e+02
56	62	65	4.077664e+02
56	63	63	3.261048e-02
56	63	64	2.694075e+03
56	63	65	2.656810e+03
56	64	63	5.889065e-03
56	64	64	4.985709e+02
56	64	65	6.186996e+02
56	64	66	3.953812e+01
56	65	64	2.507724e+02
56	65	65	2.890176e+03
56	65	66	8.226275e+02
56	65	67	2.113363e+03
56	65	68	4.766121e+04
56	65	69	1.987489e+04
56	66	64	5.703742e+02
56	66	65	6.573618e+03
56	66	66	1.871041e+03
56	66	67	3.947528e+03
56	66	68	1.652404e+05
56	66	69	8.697227e+04
56	67	64	8.137035e+01
56	67	65	7.165547e+01
56	67	66	1.282422e+03
56	67	67	3.541059e+04
56	67	68	9.159753e+05
56	67	69	4.097906e+05
56	68	60	1.358829e+01
56	68	61	9.458130e+01
56	68	62	3.612393e+02
56	68	63	5.022143e+03
56	68	64	-6.813026e+03
56	68	65	4.906992e+04
56	68	66	4.312962e+04
56	68	69	-2.274345e+00
56	68	70	-2.094044e+03
56	68	71	-1.833469e+03
56	69	60	4.777886e+02
56	69	61	3.325649e+03
56	69	62	1.279662e+04
56	69	63	-6.154988e+03
56	69	64	1.937295e+04
56	69	65	-6.270778e+04
56	69	66	8.315343e+04
56	69	69	-5.584172e+01
56	69	70	-5.129251e+04
56	69	71	-4.255061e+04
56	69	72	5.677092e+03
56	70	60	2.371388e+02
56	70	61	1.650605e+03
56	70	62	9.383213e+03
56	70	63	8.854485e+04
56	70	64	-8.790677e+04
56	70	65	5.789419e+05
56	70	66	1.457357e+05
56	70	67	2.052718e+04
56	70	68	1.475518e+00
56	70	69	-5.078104e+01
56	70	70	-1.079015e+05
56	70	71	-5.564695e+04
56	70	72	9.368520e+04
56	70	73	8.288523e+01
56	70	74	1.336076e+02
56	70	75	1.425804e+03
56	71	59	1.666224e+03
56	71	60	-8.226717e+02
56	71	61	2.139222e+04
56	71	62	6.001127e+03
56	71	63	7.428745e+04
56	71	64	6.052327e+04
56	71	65	2.349746e+05
56	71	66	8.498887e+05
56	71	67	1.416775e+05
56	71	68	9.726671e+04
56	71	69	4.441184e+04
56	71	70	9.315805e+03
56	71	71	1.444847e+04
56	71	72	3.314144e+04
56	71	73	1.227875e+03
56	71	74	1.979284e+03
56	71	75	2.112209e+04
56	72	59	6.280033e+04
56	72	60	-3.100667e+04
56	72	61	8.062773e+05
56	72	63	1.956843e+04
56	72	64	1.647157e+05
56	72	65	1.411070e+06
56	72	66	5.943450e+05
56	72	67	2.684758e+04
56	72	68	-6.530042e+04
56	72	69	-1.445889e+04
56	72	70	2.929753e+04
56	72	71	6.171190e+04
56	72	73	4.087427e+02
56	72	74	6.588765e+02
56	72	75	7.031253e+03
56	73	58	1.726294e+03
56	73	59	3.061800e+04
56	73	60	5.313471e+03
56	73	61	4.167876e+05
56	73	62	5.927856e+03
56	73	63	1.287835e+05
56	73	64	8.194931e+05
56	73	65	1.992226e+06
56	73	66	1.754117e+06
56	73	67	9.679159e+05
56	73	68	1.579267e+06
56	73	69	5.806165e+05
56	73	70	1.917697e+04
56	73	71	5.499111e+04
56	74	52	3.656728e+02
56	74	53	9.568922e+04
56	74	54	7.445243e+04
56	74	58	4.456589e+03
56	74	59	-3.436810e+03
56	74	60	5.536551e+04
56	74	61	2.506869e+05
56	74	62	2.495197e+05
56	74	63	5.125560e+05
56	74	64	1.313790e+06
56	74	65	2.023222e+06
56	74	66	2.957323e+06
56	74	67	1.265209e+06
56	74	68	1.759694e+06
56	74	69	1.623887e+06
56	74	70	2.995018e+04
56	74	71	8.326244e+02
56	74	75	-2.174568e+01
56	74	76	-7.655038e+00
56	74	77	-3.191275e+02
56	75	52	2.403509e+03
56	75	53	6.289500e+05
56	75	54	4.893639e+05
56	75	58	3.285440e+04
56	75	59	-2.533584e+04
56	75	60	4.013512e+05
56	75	61	1.282073e+05
56	75	62	3.059255e+05
56	75	63	1.411534e+06
56	75	64	4.154439e+06
56	75	65	6.545264e+06
56	75	66	9.050011e+06
56	75	67	9.749587e+06
56	75	68	2.329105e+06
56	75	69	7.293755e+05
56	75	70	4.432187e+03
56	75	71	2.254921e+03
56	75	72	5.461111e+02
56	75	75	-6.980204e+02
56	75	76	-2.457211e+02
56	75	77	-1.024376e+04
56	76	52	4.376510e+02
56	76	53	1.145245e+05
56	76	54	8.910746e+04
56	76	59	1.309826e+01
56	76	60	8.803891e+01
56	76	61	2.566900e+03
56	76	62	1.968578e+05
56	76	63	7.666427e+05
56	76	64	2.459375e+06
56	76	65	6.275059e+06
56	76	66	1.554468e+07
56	76	67	1.078706e+07
56	76	68	4.695593e+06
56	76	69	1.520657e+06
56	76	70	1.540627e+05
56	76	71	6.502075e+04
56	76	72	4.698756e+04
56	76	75	-1.365566e+03
56	76	76	-4.807143e+02
56	76	77	-2.004029e+04
56	77	54	3.723996e+02
56	77	55	3.312394e+03
56	77	56	1.017786e+03
56	77	57	-3.662513e+02
56	77	58	2.422188e+03
56	77	59	6.211073e+01
56	77	60	6.785724e+02
56	77	61	1.873586e+02
56	77	62	3.737692e+04
56	77	63	8.386644e+05
56	77	64	1.463469e+06
56	77	65	4.633072e+06
56	77	66	1.238927e+07
56	77	67	7.224394e+06
56	77	68	3.685198e+06
56	77	69	2.019846e+06
56	77	70	1.217995e+06
56	77	71	-1.578880e+04
56	77	72	3.019767e+04
56	78	54	2.805482e+03
56	78	55	2.495400e+04
56	78	56	3.296005e+04
56	78	57	-4.200560e+04
56	78	58	2.778024e+05
56	78	59	1.461011e+03
56	78	60	1.651466e+04
56	78	61	5.086579e+03
56	78	62	1.548236e+03
56	78	63	4.771254e+05
56	78	64	9.732039e+05
56	78	65	3.120839e+06
56	78	66	4.537215e+06
56	78	67	4.351769e+06
56	78	68	8.051422e+05
56	78	69	1.630032e+06
56	78	70	1.720427e+06
56	78	71	1.640172e+05
56	79	54	5.777288e+02
56	79	55	5.138741e+03
56	79	56	2.088703e+04
56	79	57	-1.202488e+04
56	79	58	1.949984e+05
56	79	59	6.401003e+02
56	79	60	7.235471e+03
56	79	61	3.769070e+03
56	79	62	1.699537e+03
56	79	63	4.993948e+04
56	79	64	8.615073e+05
56	79	65	7.769469e+05
56	79	66	3.852753e+05
56	79	67	5.644838e+05
56	79	68	9.501206e+04
56	79	69	3.206119e+03
56	79	70	2.599797e+03
56	80	56	3.276103e+04
56	80	57	4.569763e+05
56	80	58	1.468094e+05
56	80	60	2.743312e-01
56	80	61	9.557844e+03
56	80	62	9.354933e+03
56	80	63	1.955265e+03
56	80	64	1.695376e+05
56	80	65	1.254355e+06
56	80	66	3.033377e+05
56	80	68	5.341318e+02
56	80	69	1.993761e+05
56	80	70	1.616713e+05
56	81	56	1.477080e+04
56	81	57	2.060346e+05
56	81	58	6.619121e+04
56	81	61	8.424737e-01
56	81	62	3.062810e+03
56	81	63	7.310197e+03
56	81	64	4.829985e+04
56	81	65	8.886593e+04
56	81	68	3.391294e+02
56	81	69	1.661777e+05
56	81	70	1.398321e+05
56	82	61	2.930380e+01
56	82	62	1.063276e+05
56	82	63	1.222585e+05
56	82	64	1.058583e+04
56	82	68	-1.587319e+01
56	82	69	-3.415119e+04
56	82	70	-3.131518e+04
56	83	61	5.591516e+01
56	83	62	2.029778e+05
56	83	63	2.699173e+05
56	83	64	6.485152e+04
56	83	68	2.746534e+02
56	83	69	5.909171e+05
56	83	70	5.418458e+05
57	59	73	6.469969e+02
57	59	74	8.263435e+04
57	59	75	5.757415e+04
57	60	73	4.448460e+03
57	60	74	5.681567e+05
57	60	75	3.958540e+05
57	61	73	8.445866e+02
57	61	74	1.078705e+05
57	61	75	7.515702e+04
57	62	63	5.881850e-01
57	62	64	4.859219e+04
57	62	65	4.792005e+04
57	63	63	3.832331e+00
57	63	64	3.166034e+05
57	63	65	3.122241e+05
57	64	63	6.920736e-01
57	64	64	5.787551e+04
57	64	65	6.445950e+04
57	64	66	2.298530e+03
57	65	64	1.457854e+04
57	65	65	1.680191e+05
57	65	66	4.782307e+04
57	66	64	3.315844e+04
57	66	65	3.821542e+05
57	66	66	1.087721e+05
57	67	61	1.858760e+01
57	67	62	4.014652e+02
57	67	63	9.003335e+02
57	67	64	-1.493856e+01
57	67	65	-1.315503e+01
57	67	66	-2.354364e+02
57	68	60	6.991869e+02
57	68	61	5.061765e+03
57	68	62	2.280092e+04
57	68	63	9.448853e+03
57	68	64	-5.024044e+02
57	68	65	-4.424219e+02
57	68	66	-7.918050e+03
57	68	69	1.592580e+01
57	68	70	1.466327e+04
57	68	71	1.283863e+04
57	68	80	4.114348e+02
57	68	81	2.892486e+03
57	68	82	5.603818e+02
57	69	60	2.458467e+04
57	69	61	1.711737e+05
57	69	62	6.546734e+05
57	69	63	2.235901e+03
57	69	64	-1.050039e+03
57	69	65	-8.529845e+02
57	69	66	-1.526591e+04
57	69	69	3.910243e+02
57	69	70	3.598665e+05
57	69	71	3.120206e+05
57	69	72	-7.376590e+03
57	69	80	4.811764e+03
57	69	81	3.382785e+04
57	69	82	6.553711e+03
57	70	60	1.220200e+04
57	70	61	8.493206e+04
57	70	62	3.235818e+05
57	70	63	-9.278742e+03
57	70	64	-1.845015e+03
57	70	65	3.354030e+04
57	70	66	6.744042e+04
57	70	67	1.045617e+04
57	70	68	-5.102608e+02
57	70	69	8.867349e+03
57	70	70	7.749080e+05
57	70	71	6.217753e+05
57	70	72	-1.217309e+05
57	70	73	3.234729e+03
57	70	74	5.214251e+03
57	70	75	5.564429e+04
57	70	80	1.400061e+04
57	70	81	9.842766e+04
57	70	82	1.906909e+04
57	71	59	9.562031e+02
57	71	60	-4.721101e+02
57	71	61	1.227644e+04
57	71	62	-1.566334e+03
57	71	63	-1.511439e+04
57	71	64	-6.862764e+03
57	71	65	8.738516e+04
57	71	66	3.676079e+05
57	71	67	8.034742e+04
57	71	68	-1.381135e+04
57	71	69	4.185603e+05
57	71	70	4.964735e+05
57	71	71	-1.823408e+04
57	71	72	-4.306268e+04
57	71	73	4.791980e+04
57	71	74	7.724475e+04
57	71	75	8.243234e+05
57	72	59	3.603949e+04
57	72	60	-1.779393e+04
57	72	61	4.627017e+05
57	72	63	1.501664e+04
57	72	64	7.422888e+04
57	72	65	5.150812e+05
57	72	66	2.304701e+05
57	72	67	2.004098e+04
57	72	68	2.954613e+03
57	72	69	3.481788e+05
57	72	70	5.354793e+05
57	72	71	5.784519e+05
57	72	73	1.595184e+04
57	72	74	2.571372e+04
57	72	75	2.744059e+05
57	73	59	1.833487e+04
57	73	60	-9.052549e+03
57	73	61	2.354648e+05
57	73	62	2.079752e+03
57	73	63	1.656498e+05
57	73	64	6.079889e+05
57	73	65	1.398242e+06
57	73	66	1.747585e+05
57	73	67	3.529978e+05
57	73	68	3.318686e+04
57	73	69	9.931842e+04
57	73	70	1.981222e+05
57	73	71	5.154551e+05
57	74	61	8.845993e+03
57	74	62	1.443409e+05
57	74	63	1.527596e+05
57	74	64	-5.368483e+04
57	74	65	1.655947e+06
57	74	66	1.238145e+06
57	74	67	2.662090e+05
57	74	68	2.263672e+05
57	74	69	1.704261e+06
57	74	70	3.630729e+05
57	74	71	5.280801e+03
57	74	75	1.260576e+03
57	74	76	4.437550e+02
57	74	77	1.849951e+04
57	75	59	3.842533e+03
57	75	60	2.582727e+04
57	75	61	1.726847e+04
57	75	62	2.318102e+05
57	75	63	1.228489e+06
57	75	64	1.458328e+06
57	75	65	4.343689e+06
57	75	66	1.579394e+06
57	75	67	3.454284e+06
57	75	68	5.350704e+05
57	75	69	2.458476e+05
57	75	70	2.813026e+04
57	75	71	1.617529e+04
57	75	72	6.257259e+03
57	75	75	4.046356e+04
57	75	76	1.424421e+04
57	75	77	5.938206e+05
57	76	59	7.714235e+04
57	76	60	5.185061e+05
57	76	61	9.640812e+04
57	76	62	7.343746e+03
57	76	63	3.543264e+05
57	76	64	2.415928e+05
57	76	65	2.527440e+06
57	76	66	5.554681e+06
57	76	67	1.800992e+06
57	76	68	7.538415e+05
57	76	69	4.703319e+05
57	76	70	2.322480e+05
57	76	71	4.585341e+05
57	76	72	5.383764e+05
57	76	75	7.916053e+04
57	76	76	2.786654e+04
57	76	77	1.161716e+06
57	77	54	1.127401e+04
57	77	55	1.002793e+05
57	77	56	2.448943e+04
57	77	57	-1.276469e+03
57	77	58	8.441878e+03
57	77	59	3.247008e+04
57	77	60	2.286299e+05
57	77	61	4.610671e+04
57	77	62	1.089643e+03
57	77	63	8.903949e+04
57	77	64	2.078082e+05
57	77	65	3.259671e+05
57	77	66	2.547397e+06
57	77	67	2.166935e+06
57	77	68	3.283004e+05
57	77	69	1.268361e+06
57	77	70	2.446285e+03
57	77	71	2.320737e+05
57	77	72	3.460003e+05
57	78	54	8.493306e+04
57	78	55	7.554566e+05
57	78	56	2.726419e+05
57	78	57	-1.463991e+05
57	78	58	9.682045e+05
57	78	59	5.805132e+04
57	78	60	6.565394e+05
57	78	61	2.599974e+05
57	78	62	6.324885e+04
57	78	63	2.442533e+05
57	78	64	1.163754e+06
57	78	65	1.529358e+06
57	78	66	8.957038e+05
57	78	67	3.143304e+05
57	78	68	2.181928e+05
57	78	69	4.124392e+05
57	79	54	1.749014e+04
57	79	55	1.555701e+05
57	79	56	1.025120e+05
57	79	57	-8.059122e+04
57	79	58	6.671867e+05
57	79	59	2.543353e+04
57	79	60	2.876656e+05
57	79	61	2.414036e+05
57	79	62	1.515845e+05
57	79	63	3.276997e+04
57	79	64	3.652449e+05
57	79	65	2.875296e+05
57	79	66	8.077501e+04
57	80	56	3.807429e+04
57	80	57	5.310898e+05
57	80	58	1.706193e+05
57	80	60	2.234939e+01
57	80	61	7.786646e+05
57	80	62	7.621337e+05
57	80	63	1.006965e+04
57	80	64	3.717846e+05
57	80	65	1.183237e+06
57	80	66	1.455923e+05
57	81	56	1.716636e+04
57	81	57	2.394498e+05
57	81	58	7.692626e+04
57	81	62	-1.305213e+00
57	81	63	6.874910e+03
57	81	64	2.317330e+05
57	81	65	4.576610e+05
57	82	62	-4.344358e+00
57	82	63	-1.728297e+03
57	82	64	-2.106614e+03
57	83	62	-2.661466e+01
57	83	63	-1.058799e+04
57	83	64	-1.290566e+04
58	34	90	8.694201e-01
58	34	91	4.255433e+02
58	34	92	3.544548e+02
58	35	90	1.441464e+02
58	35	91	7.055339e+04
58	35	92	5.876719e+04
58	36	90	1.050498e+02
58	36	91	5.141729e+04
58	36	92	4.282785e+04
58	62	63	8.430036e-01
58	62	64	6.964372e+04
58	62	65	6.868040e+04
58	63	63	5.492608e+00
58	63	64	4.537651e+05
58	63	65	4.474886e+05
58	64	63	9.918997e-01
58	64	64	8.310661e+04
58	64	65	9.420354e+04
58	64	66	3.811869e+03
58	65	64	2.417696e+04
58	65	65	2.786418e+05
58	65	66	7.930949e+04
58	66	64	5.498976e+04
58	66	65	6.337623e+05
58	66	66	1.803870e+05
58	67	61	6.975495e+02
58	67	62	1.506606e+04
58	67	63	3.378743e+04
58	67	64	1.100882e+03
58	67	65	9.694471e+02
58	67	66	1.735025e+04
58	68	58	1.381835e-01
58	68	59	-7.024583e-02
58	68	60	3.949824e+02
58	68	61	1.005763e+04
58	68	62	1.685692e+05
58	68	63	3.545936e+05
58	68	64	3.702419e+04
58	68	65	3.260384e+04
58	68	66	5.835128e+05
58	68	80	-4.488440e+02
58	68	81	-3.155481e+03
58	68	82	-6.113338e+02
58	69	58	4.668434e+00
58	69	59	-2.373207e+00
58	69	60	1.388585e+04
58	69	61	9.819003e+04
58	69	62	4.110227e+05
58	69	63	1.092501e+05
58	69	64	7.554893e+04
58	69	65	6.285984e+04
58	69	66	1.125006e+06
58	69	70	1.335181e+03
58	69	71	2.692505e+04
58	69	72	6.197671e+04
58	69	80	-5.249267e+03
58	69	81	-3.690361e+04
58	69	82	-7.149598e+03
58	70	58	8.988055e+00
58	70	59	-4.569093e+00
58	70	60	6.977332e+03
58	70	61	4.776459e+04
58	70	62	2.235616e+05
58	70	63	4.749085e+05
58	70	64	1.353367e+05
58	70	67	-5.197881e+02
58	70	68	8.406588e+02
58	70	69	-3.058952e+03
58	70	70	2.609909e+04
58	70	71	4.443258e+05
58	70	72	1.022760e+06
58	70	73	1.665615e+03
58	70	74	2.684903e+03
58	70	75	2.865215e+04
58	70	80	-1.527360e+04
58	70	81	-1.073771e+05
58	70	82	-2.080292e+04
58	71	62	8.016878e+04
58	71	63	9.256291e+05
58	71	64	2.637805e+05
58	71	67	-1.735770e+04
58	71	68	2.995111e+04
58	71	69	-1.464906e+04
58	71	70	2.971491e+05
58	71	71	1.572981e+05
58	71	72	3.618045e+05
58	71	73	2.467468e+04
58	71	74	3.977458e+04
58	71	75	4.244575e+05
58	72	67	-8.453257e+03
58	72	68	1.517336e+04
58	72	69	1.918428e+04
58	72	70	2.286184e+05
58	72	71	1.421270e+05
58	72	73	8.213863e+03
58	72	74	1.324041e+04
58	72	75	1.412961e+05
58	73	61	2.156377e+02
58	73	62	3.729425e+03
58	73	63	2.109694e+04
58	73	64	3.215466e+04
58	73	65	2.261799e+03
58	73	66	7.012104e+03
58	73	67	2.748508e+04
58	73	68	6.781834e+04
58	73	69	5.129448e+05
58	73	70	1.728144e+05
58	73	71	1.266486e+05
58	73	77	3.546320e+01
58	73	78	5.968458e+02
58	73	79	1.476771e+03
58	74	61	2.796581e+04
58	74	62	4.453666e+05
58	74	63	1.218780e+05
58	74	64	4.560126e+04
58	74	65	7.420649e+05
58	74	66	4.181170e+05
58	74	67	2.451245e+05
58	74	68	1.187941e+05
58	74	69	6.245878e+05
58	74	70	2.060570e+05
58	74	71	2.128893e+04
58	74	77	9.602815e+02
58	74	78	1.616154e+04
58	74	79	3.998839e+04
58	75	52	2.972120e+01
58	75	53	1.808275e+02
58	75	54	7.471933e+02
58	75	59	4.047431e+03
58	75	60	2.720448e+04
58	75	61	4.446931e+04
58	75	62	6.316686e+05
58	75	63	4.193738e+05
58	75	64	4.504404e+05
58	75	65	1.140535e+06
58	75	66	7.808246e+05
58	75	67	1.327419e+06
58	75	68	5.553402e+05
58	75	69	4.696697e+03
58	75	70	1.132380e+05
58	75	71	4.947916e+04
58	75	72	1.774019e+03
58	75	77	4.305515e+02
58	75	78	7.246181e+03
58	75	79	1.792918e+04
58	76	52	1.812624e+03
58	76	53	1.102824e+04
58	76	54	4.556952e+04
58	76	59	8.125587e+04
58	76	60	5.461548e+05
58	76	61	1.015490e+05
58	76	62	5.707095e+02
58	76	63	3.482800e+03
58	76	64	1.448811e+04
58	76	65	2.217253e+05
58	76	66	1.615420e+06
58	76	67	1.033437e+06
58	76	68	1.206251e+05
58	76	69	3.820123e+04
58	76	70	9.220144e+05
58	76	71	4.951461e+05
58	76	72	1.526371e+05
58	77	52	2.971659e+03
58	77	53	1.807995e+04
58	77	54	7.999602e+04
58	77	55	4.703775e+04
58	77	56	1.110133e+04
58	77	59	3.298966e+04
58	77	60	2.272636e+05
58	77	61	6.749356e+04
58	77	62	9.253794e+04
58	77	63	2.988316e+04
58	77	64	4.712892e+04
58	77	65	7.706790e+04
58	77	66	2.272273e+05
58	77	67	3.996070e+05
58	77	68	3.177976e+05
58	77	70	6.935554e+02
58	77	71	6.579609e+04
58	77	72	9.809584e+04
58	78	54	3.983933e+04
58	78	55	3.543601e+05
58	78	56	8.363211e+04
58	78	59	3.007530e+04
58	78	60	3.450761e+05
58	78	61	7.125885e+05
58	78	62	9.098882e+05
58	78	63	1.843923e+05
58	78	64	3.908890e+05
58	78	65	2.919484e+05
58	78	66	1.431035e+05
58	78	67	8.426524e+05
58	78	68	1.079912e+06
58	79	54	8.204056e+03
58	79	55	7.297286e+04
58	79	56	1.722224e+04
58	79	59	1.317664e+04
58	79	60	1.514468e+05
58	79	61	3.295251e+05
58	79	62	2.830008e+05
58	79	63	3.501672e+04
58	79	64	9.249351e+04
58	79	65	6.991730e+04
58	81	62	8.851344e+01
58	81	63	3.521291e+04
58	81	64	4.292088e+04
58	82	62	2.946139e+02
58	82	63	1.172050e+05
58	82	64	1.428607e+05
58	83	62	1.804881e+03
58	83	63	7.180280e+05
58	83	64	8.752016e+05
58	84	73	3.070446e+02
58	84	74	2.605759e+03
58	84	75	5.925464e+02
58	85	73	1.810676e+03
58	85	74	1.536645e+04
58	85	75	3.494311e+03
58	86	73	7.623401e+03
58	86	74	6.469663e+04
58	86	75	1.471193e+04
59	34	90	-1.487360e+00
59	34	91	-7.279979e+02
59	34	92	-6.063833e+02
59	35	90	-2.465983e+02
59	35	91	-1.206991e+05
59	35	92	-1.005359e+05
59	36	87	1.303770e+00
59	36	88	-1.734177e+00
59	36	89	1.413133e+01
59	36	90	-1.797138e+02
59	36	91	-8.796209e+04
59	36	92	-7.326771e+04
59	37	87	9.738734e+00
59	37	88	-1.295373e+01
59	37	89	1.055564e+02
59	38	87	1.990756e+00
59	38	88	-2.647955e+00
59	38	89	2.157745e+01
59	56	78	2.348750e+00
59	56	79	4.596532e+02
59	56	80	6.085277e+02
59	57	78	1.438818e+02
59	57	79	2.815784e+04
59	57	80	3.727773e+04
59	58	78	2.356349e+02
59	58	79	4.611404e+04
59	58	80	6.104966e+04
59	67	61	1.300987e+03
59	67	62	2.809944e+04
59	67	63	6.301635e+04
59	68	58	7.919231e+02
59	68	59	-4.025755e+02
59	68	60	1.014107e+04
59	68	61	1.365365e+04
59	68	62	2.948991e+05
59	68	63	6.613462e+05
59	68	80	4.705107e+03
59	68	81	3.307803e+04
59	68	82	6.408442e+03
59	69	58	2.675457e+04
59	69	59	-1.360073e+04
59	69	60	3.426092e+05
59	69	61	3.643687e+03
59	69	62	7.869836e+04
59	69	63	1.764904e+05
59	69	80	5.502660e+04
59	69	81	3.868502e+05
59	69	82	7.494725e+04
59	70	58	5.151011e+04
59	70	59	-2.618525e+04
59	70	60	6.596194e+05
59	70	63	3.069073e+01
59	70	64	-3.022230e+01
59	70	65	3.588870e+02
59	70	67	4.245951e+03
59	70	68	-6.446659e+03
59	70	69	4.416577e+04
59	70	70	6.126049e+02
59	70	80	1.601089e+05
59	70	81	1.125604e+06
59	70	82	2.180712e+05
59	71	63	7.825756e+02
59	71	64	-7.706313e+02
59	71	65	9.151174e+03
59	71	67	1.417884e+05
59	71	68	-2.149622e+05
59	71	69	1.480563e+06
59	71	70	3.417124e+04
59	72	63	3.420503e+02
59	72	64	-3.368297e+02
59	72	65	3.999820e+03
59	72	67	6.905144e+04
59	72	68	-1.037259e+05
59	72	69	7.381583e+05
59	72	70	5.730701e+04
59	73	68	9.709395e+03
59	73	69	9.354765e+04
59	73	70	2.346368e+04
59	73	77	6.037155e+02
59	73	78	1.016053e+04
59	73	79	2.514014e+04
59	74	62	7.979590e+01
59	74	63	4.345280e+02
59	74	64	1.920683e+03
59	74	66	9.815094e+02
59	74	67	3.213062e+04
59	74	68	2.739780e+04
59	74	69	1.143287e+05
59	74	70	2.867600e+04
59	74	77	1.634756e+04
59	74	78	2.751294e+05
59	74	79	6.807509e+05
59	75	52	-1.595180e+01
59	75	53	-9.705274e+01
59	75	54	-4.010294e+02
59	75	62	1.881658e+04
59	75	63	1.025019e+05
59	75	64	4.531584e+05
59	75	65	4.719590e+01
59	75	66	2.065859e+04
59	75	67	3.941238e+05
59	75	68	1.859640e+05
59	75	77	7.329586e+03
59	75	78	1.233569e+05
59	75	79	3.052212e+05
59	76	52	-9.728617e+02
59	76	53	-5.919013e+03
59	76	54	-2.445782e+04
59	76	62	2.430763e+04
59	76	63	1.952066e+05
59	76	64	9.715171e+05
59	76	65	1.743999e+05
59	76	66	2.478075e+05
59	76	67	3.689463e+05
59	76	68	7.308179e+04
59	77	52	-1.594932e+03
59	77	53	-9.703768e+03
59	77	54	-4.009672e+04
59	77	60	4.993322e+01
59	77	61	1.371821e+04
59	77	62	9.668361e+04
59	77	63	1.349873e+05
59	77	64	4.054762e+05
59	77	65	9.984366e+05
59	77	66	1.223106e+05
59	77	67	1.138492e+05
59	77	68	1.777070e+05
59	78	60	1.688077e+03
59	78	61	2.408888e+05
59	78	62	7.260963e+05
59	78	63	1.828441e+05
59	78	64	1.498543e+04
59	78	65	2.227670e+05
59	78	66	4.209078e+04
59	78	67	-5.367353e+03
59	78	68	5.746166e+05
59	79	60	8.258595e+02
59	79	61	1.015607e+05
59	79	62	1.694080e+05
59	79	63	3.018899e+04
59	84	73	4.077277e+03
59	84	74	3.460216e+04
59	84	75	7.868487e+03
59	85	73	2.404415e+04
59	85	74	2.040527e+05
59	85	75	4.640133e+04
59	86	73	1.012319e+05
59	86	74	8.591133e+05
59	86	75	1.953613e+05
59	101	60	1.955492e+00
59	101	61	1.942209e+00
59	101	62	3.126130e+01
59	102	60	1.358374e+03
59	102	61	1.349148e+03
59	102	62	2.171553e+04
59	103	60	1.578664e+03
59	103	61	1.567941e+03
59	103	62	2.523718e+04
60	34	90	8.547320e+00
60	34	91	4.183541e+03
60	34	92	3.484666e+03
60	35	90	1.417111e+03
60	35	91	6.936144e+05
60	35	92	5.777437e+05
60	36	87	9.972332e+03
60	36	88	-1.326445e+04
60	36	89	1.080883e+05
60	36	90	1.032750e+03
60	36	91	5.054864e+05
60	36	92	4.210431e+05
60	37	87	7.449005e+04
60	37	88	-9.908107e+04
60	37	89	8.073843e+05
60	38	87	1.522698e+04
60	38	88	-2.025379e+04
60	38	89	1.650425e+05
60	55	81	3.775112e+00
60	55	82	2.222927e+03
60	55	83	2.616712e+03
60	56	78	2.051887e+01
60	56	79	4.015569e+03
60	56	80	5.316149e+03
60	56	81	5.902863e+01
60	56	82	3.475826e+04
60	56	83	4.091558e+04
60	57	78	1.256963e+03
60	57	79	2.459893e+05
60	57	80	3.256614e+05
60	57	81	2.026618e+01
60	57	82	1.193348e+04
60	57	83	1.404746e+04
60	57	86	5.043390e+00
60	57	87	-7.935986e+00
60	57	88	5.146192e+01
60	58	78	2.058526e+03
60	58	79	4.028561e+05
60	58	80	5.333349e+05
60	58	86	2.543066e+03
60	58	87	-4.001622e+03
60	58	88	2.594903e+04
60	59	86	3.032718e+03
60	59	87	-4.772108e+03
60	59	88	3.094535e+04
60	63	76	5.773403e+00
60	63	77	1.316256e+03
60	63	78	1.005688e+03
60	64	76	7.585965e+01
60	64	77	1.729495e+04
60	64	78	1.321424e+04
60	65	76	2.349719e+01
60	65	77	5.357035e+03
60	65	78	4.093052e+03
60	66	71	2.138522e-02
60	66	72	1.736435e-01
60	66	73	3.809241e-02
60	67	71	1.721698e+00
60	67	72	1.397982e+01
60	67	73	3.066772e+00
60	68	58	7.510358e+02
60	68	59	-3.817903e+02
60	68	60	9.617487e+03
60	68	71	1.089695e+00
60	68	72	8.848089e+00
60	68	73	1.941018e+00
60	69	58	2.537322e+04
60	69	59	-1.289852e+04
60	69	60	3.249201e+05
60	70	58	4.885062e+04
60	70	59	-2.483330e+04
60	70	60	6.255630e+05
60	70	63	1.728171e+03
60	70	64	-1.701795e+03
60	70	65	2.020865e+04
60	70	68	1.595934e+02
60	70	69	2.876752e+03
60	70	70	6.921078e+03
60	71	63	4.406623e+04
60	71	64	-4.339366e+04
60	71	65	5.152956e+05
60	71	68	8.902158e+03
60	71	69	1.604659e+05
60	71	70	3.860593e+05
60	72	63	1.926059e+04
60	72	64	-1.896662e+04
60	72	65	2.252268e+05
60	72	66	4.291444e+02
60	72	67	7.137280e+03
60	72	68	1.744920e+04
60	72	69	2.688254e+05
60	72	70	6.467577e+05
60	73	66	-3.877000e+02
60	73	67	-6.448001e+03
60	73	68	-2.290716e+03
60	73	77	2.171968e+02
60	73	78	3.655423e+03
60	73	79	9.044588e+03
60	74	62	4.230961e+01
60	74	63	2.303967e+02
60	74	64	1.018390e+03
60	74	66	5.101838e+03
60	74	67	8.485080e+04
60	74	68	3.014409e+04
60	74	77	5.881311e+03
60	74	78	9.898246e+04
60	74	79	2.449116e+05
60	75	52	3.786846e+02
60	75	53	2.303965e+03
60	75	54	9.520161e+03
60	75	60	3.060489e+02
60	75	61	1.488230e+03
60	75	62	1.704026e+04
60	75	63	5.437042e+04
60	75	64	2.404201e+05
60	75	65	5.111406e+01
60	75	77	2.636942e+03
60	75	78	4.437974e+04
60	75	79	1.098085e+05
60	76	52	2.309506e+04
60	76	53	1.405133e+05
60	76	54	5.806117e+05
60	76	60	2.667706e+03
60	76	61	1.297231e+04
60	76	62	7.445629e+04
60	76	63	1.360839e+05
60	76	64	7.393825e+05
60	76	65	1.195498e+05
60	77	52	3.786259e+04
60	77	53	2.303608e+05
60	77	54	9.518685e+05
60	77	60	6.196857e+02
60	77	61	3.013358e+03
60	77	62	1.430169e+04
60	77	63	7.965103e+04
60	77	64	4.094051e+05
60	77	65	4.339048e+05
60	78	63	5.337815e+03
60	78	64	5.808279e+03
60	78	65	8.634340e+04
60	79	58	1.355973e+02
60	79	59	-6.586073e+01
60	79	60	1.743360e+03
60	80	58	-1.039920e+02
60	80	59	5.050979e+01
60	80	60	-1.337015e+03
60	81	58	1.655708e+03
60	81	59	-8.041912e+02
60	81	60	2.128727e+04
60	84	73	1.271212e+03
60	84	74	1.078825e+04
60	84	75	2.453235e+03
60	85	73	7.496479e+03
60	85	74	6.361950e+04
60	85	75	1.446699e+04
60	86	73	3.156207e+04
60	86	74	2.678541e+05
60	86	75	6.090970e+04
60	101	60	1.677248e+01
60	101	61	1.665856e+01
60	101	62	2.681318e+02
60	102	60	1.165094e+04
60	102	61	1.157180e+04
60	102	62	1.862567e+05
60	103	60	1.354039e+04
60	103	61	1.344842e+04
60	103	62	2.164622e+05
61	36	87	9.525270e+03
61	36	88	-1.266980e+04
61	36	89	1.032427e+05
61	37	87	7.115064e+04
61	37	88	-9.463924e+04
61	37	89	7.711891e+05
61	38	87	1.454435e+04
61	38	88	-1.934581e+04
61	38	89	1.576436e+05
61	55	81	5.322470e+00
61	55	82	3.134069e+03
61	55	83	3.689260e+03
61	56	78	4.774765e+00
61	56	79	9.344274e+02
61	56	80	1.237074e+03
61	56	81	8.322351e+01
61	56	82	4.900511e+04
61	56	83	5.768622e+04
61	57	78	2.924968e+02
61	57	79	5.724199e+04
61	57	80	7.578177e+04
61	57	81	2.857296e+01
61	57	82	1.682483e+04
61	57	83	1.980529e+04
61	57	86	1.300552e+02
61	57	87	-2.046472e+02
61	57	88	1.327061e+03
61	58	78	4.790214e+02
61	58	79	9.374507e+04
61	58	80	1.241076e+05
61	58	86	6.557868e+04
61	58	87	-1.031908e+05
61	58	88	6.691540e+05
61	59	86	7.820544e+04
61	59	87	-1.230595e+05
61	59	88	7.979954e+05
61	63	76	4.050296e+02
61	63	77	4.255669e+04
61	63	78	3.613579e+04
61	64	76	3.817739e+03
61	64	77	5.561439e+05
61	64	78	4.477745e+05
61	65	76	6.373830e+03
61	65	77	1.827203e+05
61	65	78	2.319916e+05
61	66	71	7.170216e+02
61	66	72	5.822063e+03
61	66	73	1.277194e+03
61	67	71	5.772651e+04
61	67	72	4.687269e+05
61	67	73	1.028253e+05
61	68	71	3.653619e+04
61	68	72	2.966661e+05
61	68	73	6.508006e+04
61	70	63	2.888434e+03
61	70	64	-2.844349e+03
61	70	65	3.377637e+04
61	70	68	4.481952e+01
61	70	69	8.078944e+02
61	70	70	1.943685e+03
61	71	63	7.365150e+04
61	71	64	-7.252737e+04
61	71	65	8.612556e+05
61	71	68	2.500043e+03
61	71	69	4.506453e+04
61	71	70	1.084192e+05
61	72	63	3.219180e+04
61	72	64	-3.170046e+04
61	72	65	3.764400e+05
61	72	66	5.268315e+03
61	72	67	8.761956e+04
61	72	68	3.531599e+04
61	72	69	7.549573e+04
61	72	70	1.816326e+05
61	73	62	9.849818e-01
61	73	63	7.274976e+02
61	73	64	8.416852e+02
61	73	66	-4.759531e+03
61	73	67	-7.915775e+04
61	73	68	-2.812157e+04
61	74	62	-8.002046e-01
61	74	63	-5.910231e+02
61	74	64	-6.837897e+02
61	74	66	6.263182e+04
61	74	67	1.041656e+06
61	74	68	3.700586e+05
61	75	60	4.322721e+03
61	75	61	2.102018e+04
61	75	62	9.977572e+04
61	75	63	8.805487e+03
61	75	64	1.018759e+04
61	76	60	3.767944e+04
61	76	61	1.832245e+05
61	76	62	8.696013e+05
61	77	60	8.752615e+03
61	77	61	4.256151e+04
61	77	62	2.020011e+05
61	79	58	7.711559e+03
61	79	59	-3.745569e+03
61	79	60	9.914673e+04
61	80	58	-5.914135e+03
61	80	59	2.872545e+03
61	80	60	-7.603744e+04
61	81	58	9.416184e+04
61	81	59	-4.573520e+04
61	81	60	1.210629e+06
61	101	60	5.707529e+01
61	101	61	5.668762e+01
61	101	62	9.124292e+02
61	102	60	3.964712e+04
61	102	61	3.937782e+04
61	102	62	6.338152e+05
61	103	60	4.607676e+04
61	103	61	4.576379e+04
61	103	62	7.366021e+05
62	55	47	3.422585e+01
62	55	48	8.365685e+02
62	55	49	3.589717e+02
62	55	81	6.345878e+01
62	55	82	3.736690e+04
62	55	83	4.398634e+04
62	56	47	-4.206658e+01
62	56	48	-1.028217e+03
62	56	49	-4.412079e+02
62	56	81	9.922578e+02
62	56	82	5.842785e+05
62	56	83	6.877817e+05
62	57	47	3.796994e+02
62	57	48	9.280838e+03
62	57	49	3.982410e+03
62	57	81	3.406699e+02
62	57	82	2.005991e+05
62	57	83	2.361347e+05
62	57	86	5.712017e+01
62	57	87	-8.988098e+01
62	57	88	5.828447e+02
62	58	86	2.880213e+04
62	58	87	-4.532136e+04
62	58	88	2.938922e+05
62	59	86	3.434780e+04
62	59	87	-5.404770e+04
62	59	88	3.504792e+05
62	63	76	-1.012984e+01
62	63	77	1.998214e+04
62	63	78	1.364637e+04
62	64	76	5.404003e+02
62	64	77	2.639121e+05
62	64	78	1.914104e+05
62	65	76	-2.157084e+03
62	65	77	7.706328e+04
62	65	78	1.751435e+04
62	66	69	1.335136e+02
62	66	70	-7.412872e+01
62	66	71	2.397011e+03
62	66	72	5.696090e+03
62	66	73	1.249559e+03
62	67	69	2.846071e+03
62	67	70	-1.580180e+03
62	67	71	9.262003e+04
62	67	72	4.585850e+05
62	67	73	1.006004e+05
62	68	69	1.147138e+03
62	68	70	-6.369077e+02
62	68	71	5.031328e+04
62	68	72	2.902471e+05
62	68	73	6.367191e+04
62	72	66	1.563093e+03
62	72	67	2.599646e+04
62	72	68	9.235500e+03
62	73	62	6.465195e+01
62	73	63	4.775128e+04
62	73	64	5.524629e+04
62	73	66	-1.412139e+03
62	73	67	-2.348587e+04
62	73	68	-8.343587e+03
62	74	62	-5.252360e+01
62	74	63	-3.879341e+04
62	74	64	-4.488239e+04
62	74	66	1.858267e+04
62	74	67	3.090562e+05
62	74	68	1.097953e+05
62	75	60	1.399159e+03
62	75	61	6.803716e+03
62	75	62	3.307363e+04
62	75	63	5.779721e+05
62	75	64	6.686902e+05
62	76	60	1.219591e+04
62	76	61	5.930529e+04
62	76	62	2.814686e+05
62	77	60	2.833007e+03
62	77	61	1.377612e+04
62	77	62	6.538278e+04
62	79	58	4.463929e+03
62	79	59	-2.168168e+03
62	79	60	5.739229e+04
62	80	55	8.131328e+00
62	80	56	3.172099e-01
62	80	57	1.139371e+02
62	80	58	-3.423469e+03
62	80	59	1.662808e+03
62	80	60	-4.401519e+04
62	81	55	2.247663e+02
62	81	56	8.768324e+00
62	81	57	3.149452e+03
62	81	58	5.450672e+04
62	81	59	-2.647437e+04
62	81	60	7.007874e+05
62	82	55	1.016410e+02
62	82	56	3.965101e+00
62	82	57	1.424205e+03
63	55	47	3.154408e+03
63	55	48	7.710191e+04
63	55	49	3.308445e+04
63	56	47	-3.877045e+03
63	56	48	-9.476505e+04
63	56	49	-4.066370e+04
63	57	47	3.499480e+04
63	57	48	8.553637e+05
63	57	49	3.670367e+05
63	63	76	2.851403e+03
63	63	77	5.743775e+03
63	63	78	5.124394e+04
63	64	76	1.799853e+04
63	64	77	3.625567e+04
63	64	78	3.234603e+05
63	65	76	7.276354e+04
63	65	77	1.465726e+05
63	65	78	1.307669e+06
63	66	69	3.414330e+03
63	66	70	-1.895686e+03
63	66	71	4.335894e+04
63	67	69	7.278226e+04
63	67	70	-4.040977e+04
63	67	71	9.242698e+05
63	68	69	2.933563e+04
63	68	70	-1.628757e+04
63	68	71	3.725364e+05
63	72	76	1.092436e+03
63	72	77	1.501428e+04
63	72	78	4.780667e+03
63	73	62	3.890537e+01
63	73	63	2.873511e+04
63	73	64	3.324536e+04
63	73	76	8.751410e+03
63	73	77	1.202781e+05
63	73	78	3.829749e+04
63	74	62	-3.160693e+01
63	74	63	-2.334456e+04
63	74	64	-2.700871e+04
63	74	76	1.898473e+03
63	74	77	2.609233e+04
63	74	78	8.308003e+03
63	75	62	4.709028e+02
63	75	63	3.478041e+05
63	75	64	4.023952e+05
63	80	55	1.869646e+03
63	80	56	7.293644e+01
63	80	57	2.619769e+04
63	81	55	5.168078e+04
63	81	56	2.016111e+03
63	81	57	7.241571e+05
63	82	55	2.337043e+04
63	82	56	9.117002e+02
63	82	57	3.274692e+05
63	96	65	6.619605e+01
63	96	66	7.363063e+03
63	96	67	4.996449e+03
63	97	65	-7.282226e+01
63	97	66	-8.100105e+03
63	97	67	-5.496593e+03
63	98	65	7.555203e+02
63	98	66	8.403740e+04
63	98	67	5.702635e+04
64	50	50	1.221278e+03
64	50	51	1.197514e+04
64	50	52	3.042880e+03
64	51	50	-1.882827e+03
64	51	51	-1.846191e+04
64	51	52	-4.691168e+03
64	52	50	1.256541e+04
64	52	51	1.232091e+05
64	52	52	3.130740e+04
64	55	47	2.058465e+03
64	55	48	5.031422e+04
64	55	49	2.158984e+04
64	56	47	-2.530035e+03
64	56	48	-6.184062e+04
64	56	49	-2.653582e+04
64	57	47	2.283648e+04
64	57	48	5.581827e+05
64	57	49	2.395163e+05
64	66	69	1.494210e+03
64	66	70	-8.296074e+02
64	66	71	1.897514e+04
64	67	69	3.185164e+04
64	67	70	-1.768450e+04
64	67	71	4.044875e+05
64	68	69	1.283813e+04
64	68	70	-7.127917e+03
64	68	71	1.630328e+05
64	72	76	-1.867910e+03
64	72	77	-2.567228e+04
64	72	78	-8.174256e+03
64	73	76	-1.496366e+04
64	73	77	-2.056583e+05
64	73	78	-6.548323e+04
64	74	76	-3.246116e+03
64	74	77	-4.461414e+04
64	74	78	-1.420550e+04
64	80	55	1.430161e+03
64	80	56	5.579178e+01
64	80	57	2.003958e+04
64	81	55	3.953254e+04
64	81	56	1.542197e+03
64	81	57	5.539344e+05
64	82	55	1.787691e+04
64	82	56	6.973931e+02
64	82	57	2.504933e+05
64	96	65	-7.460512e+00
64	96	66	-8.298415e+02
64	96	67	-5.631163e+02
64	97	65	8.207309e+00
64	97	66	9.129085e+02
64	97	67	6.194842e+02
64	98	65	-8.514962e+01
64	98	66	-9.471292e+03
64	98	67	-6.427057e+03
65	50	50	-7.534192e+02
65	50	51	-7.387591e+03
65	50	52	-1.877185e+03
65	51	50	1.161536e+03
65	51	51	1.138935e+04
65	51	52	2.894031e+03
65	52	50	-7.751734e+03
65	52	51	-7.600900e+04
65	52	52	-1.931387e+04
65	72	76	1.074250e+04
65	72	77	1.476433e+05
65	72	78	4.701079e+04
65	73	76	8.605718e+04
65	73	77	1.182757e+06
65	73	78	3.765992e+05
65	74	76	1.866867e+04
65	74	77	2.565795e+05
65	74	78	8.169693e+04
65	96	65	9.058343e+02
65	96	66	1.007570e+05
65	96	67	6.837199e+04
65	97	65	-9.965082e+02
65	97	66	-1.108428e+05
65	97	67	-7.521602e+04
65	98	65	1.033863e+04
65	98	66	1.149978e+06
65	98	67	7.803552e+05
66	50	50	1.533680e+04
66	50	51	1.503837e+05
66	50	52	3.821247e+04
66	51	50	-2.364453e+04
66	51	51	-2.318445e+05
66	51	52	-5.891165e+04
66	52	50	1.577963e+05
66	52	51	1.547259e+06
66	52	52	3.931582e+05
66	82	51	2.210239e+01
66	82	52	-4.416383e+01
66	82	53	1.990443e+02
66	83	51	7.144196e+03
66	83	52	-1.427515e+04
66	83	53	6.433746e+04
66	84	51	5.702069e+03
66	84	52	-1.139357e+04
66	84	53	5.135030e+04
67	82	51	3.148470e+02
67	82	52	-6.291107e+02
67	82	53	2.835373e+03
67	83	51	1.017686e+05
67	83	52	-2.033486e+05
67	83	53	9.164826e+05
67	84	51	8.122557e+04
67	84	52	-1.623006e+05
67	84	53	7.314814e+05
68	80	55	1.681675e+01
68	80	56	7.869093e+03
68	80	57	9.446568e+03
68	81	55	-4.050913e+00
68	81	56	-1.895552e+03
68	81	57	-2.275543e+03
68	82	51	1.024252e+02
68	82	52	-2.046607e+02
68	82	53	9.223961e+02
68	82	55	2.254007e+02
68	82	56	1.054722e+05
68	82	57	1.266156e+05
68	83	51	3.310709e+04
68	83	52	-6.615283e+04
68	83	53	2.981477e+05
68	84	51	2.642409e+04
68	84	52	-5.279922e+04
68	84	53	2.379637e+05
68	85	77	1.396349e-02
68	85	78	4.834541e+01
68	85	79	5.173108e+01
68	86	77	8.613639e-02
68	86	78	2.982277e+02
68	86	79	3.191129e+02
68	87	77	1.475593e-02
68	87	78	5.108906e+01
68	87	79	5.466688e+01
69	80	55	1.052330e+02
69	80	56	4.924188e+04
69	80	57	5.911314e+04
69	80	66	1.772568e+02
69	80	67	6.335627e+03
69	80	68	3.163185e+03
69	81	55	-2.534912e+01
69	81	56	-1.186166e+04
69	81	57	-1.423951e+04
69	81	66	3.644356e+01
69	81	67	1.302589e+03
69	81	68	6.503430e+02
69	82	55	1.410474e+03
69	82	56	6.600060e+05
69	82	57	7.923139e+05
69	82	66	2.546697e+03
69	82	67	9.102567e+04
69	82	68	4.544633e+04
69	85	77	1.635801e+01
69	85	78	5.663590e+04
69	85	79	6.060216e+04
69	86	77	1.009075e+02
69	86	78	3.493691e+05
69	86	79	3.738358e+05
69	87	77	1.728635e+01
69	87	78	5.985005e+04
69	87	79	6.404140e+04
70	80	55	1.828130e+01
70	80	56	8.554403e+03
70	80	57	1.026926e+04
70	80	66	-7.395984e+01
70	80	67	-2.643520e+03
70	80	68	-1.319829e+03
70	81	55	-4.403702e+00
70	81	56	-2.060633e+03
70	81	57	-2.473717e+03
70	81	66	-1.520596e+01
70	81	67	-5.435012e+02
70	81	68	-2.713535e+02
70	82	55	2.450306e+02
70	82	56	1.146576e+05
70	82	57	1.376425e+05
70	82	66	-1.062601e+03
70	82	67	-3.798017e+04
70	82	68	-1.896234e+04
70	85	77	1.836991e+01
70	85	78	6.360165e+04
70	85	79	6.805573e+04
70	86	77	1.133182e+02
70	86	78	3.923387e+05
70	86	79	4.198145e+05
70	87	77	1.941243e+01
70	87	78	6.721111e+04
70	87	79	7.191797e+04
71	48	91	4.217857e+00
71	48	92	-4.099580e+00
71	48	93	4.945191e+01
71	49	91	3.077088e+01
71	49	92	-2.990800e+01
71	49	93	3.607706e+02
71	50	91	6.161509e+00
71	50	92	-5.988728e+00
71	50	93	7.224009e+01
71	80	66	2.306312e+03
71	80	67	8.243368e+04
71	80	68	4.115662e+04
71	81	66	4.741720e+02
71	81	67	1.694816e+04
71	81	68	8.461698e+03
71	82	66	3.313541e+04
71	82	67	1.184347e+06
71	82	68	5.913082e+05
72	48	91	9.312247e+03
72	48	92	-9.051112e+03
72	48	93	1.091806e+05
72	49	91	6.793640e+04
72	49	92	-6.603132e+04
72	49	93	7.965146e+05
72	50	91	1.360347e+04
72	50	92	-1.322200e+04
72	50	93	1.594927e+05
73	48	91	8.548489e+03
73	48	92	-8.308771e+03
73	48	93	1.002260e+05
73	49	91	6.236449e+04
73	49	92	-6.061566e+04
73	49	93	7.311873e+05
73	50	91	1.248776e+04
73	50	92	-1.213758e+04
73	50	93	1.464117e+05
74	29	115	8.682729e+01
74	29	116	1.125493e+04
74	29	117	7.867413e+03
74	30	115	-1.404557e+02
74	30	116	-6.066601e+03
74	30	117	-1.734272e+03
74	31	115	8.533211e+02
74	31	116	1.257964e+05
74	31	117	9.106927e+04
75	7	103	1.230403e+02
75	7	104	-8.909450e+01
75	7	105	1.514665e+03
75	8	101	4.753555e+00
75	8	102	2.236390e+03
75	8	103	2.979924e+03
75	8	104	-8.138946e+02
75	8	105	1.383674e+04
75	9	101	9.432621e+01
75	9	102	4.437735e+04
75	9	103	3.709855e+04
75	9	104	-1.960923e+02
75	9	105	3.333698e+03
75	10	101	3.672327e+01
75	10	102	1.727708e+04
75	10	103	1.433785e+04
75	29	115	7.833526e+02
75	29	116	1.023247e+05
75	29	117	7.168870e+04
75	30	115	-1.057488e+03
75	30	116	1.425597e+05
75	30	117	1.573857e+05
75	31	115	7.960935e+03
75	31	116	1.390997e+06
75	31	117	1.046467e+06
76	7	103	4.548521e+03
76	7	104	-3.293622e+03
76	7	105	5.599373e+04
76	8	101	6.021001e+01
76	8	102	2.832681e+04
76	8	103	6.505935e+04
76	8	104	-3.008784e+04
76	8	105	5.115130e+05
76	9	101	1.194765e+03
76	9	102	5.620973e+05
76	9	103	4.764827e+05
76	9	104	-7.249089e+03
76	9	105	1.232393e+05
76	10	101	4.651484e+02
76	10	102	2.188368e+05
76	10	103	1.816077e+05
76	16	111	3.084271e+00
76	16	112	4.121576e+01
76	16	113	1.290035e+01
76	17	111	6.031167e+01
76	17	112	8.059575e+02
76	17	113	2.522610e+02
76	18	111	1.404925e+02
76	18	112	1.877430e+03
76	18	113	5.876271e+02
76	29	115	1.870350e+02
76	29	116	2.466233e+04
76	29	117	1.732576e+04
76	30	115	-1.906261e+02
76	30	116	9.223979e+04
76	30	117	8.862285e+04
76	31	115	1.978150e+03
76	31	116	4.076580e+05
76	31	117	3.161863e+05
76	90	44	6.723846e+00
76	90	45	2.030882e+02
76	90	46	4.051346e+02
76	91	44	4.921049e+02
76	91	45	1.486362e+04
76	91	46	2.965099e+04
76	92	44	3.044134e+02
76	92	45	9.194557e+03
76	92	46	1.834195e+04
77	7	103	8.521248e+03
77	7	104	-6.170306e+03
77	7	105	1.048993e+05
77	8	101	1.822530e+01
77	8	102	8.574396e+03
77	8	103	8.495887e+04
77	8	104	-5.636688e+04
77	8	105	9.582740e+05
77	9	101	3.616500e+02
77	9	102	1.701443e+05
77	9	103	1.599537e+05
77	9	104	-1.358052e+04
77	9	105	2.308778e+05
77	10	101	1.407983e+02
77	10	102	6.624092e+04
77	10	103	5.497182e+04
77	16	111	7.277118e+02
77	16	112	9.724565e+03
77	16	113	3.043744e+03
77	17	111	1.423011e+04
77	17	112	1.901599e+05
77	17	113	5.951918e+04
77	18	111	3.314819e+04
77	18	112	4.429662e+05
77	18	113	1.386464e+05
77	72	58	4.574665e+00
77	72	59	9.097843e+01
77	72	60	3.545877e+01
77	73	58	1.472980e+02
77	73	59	2.929381e+03
77	73	60	1.141724e+03
77	74	58	7.075752e+01
77	74	59	1.407187e+03
77	74	60	5.484499e+02
77	90	44	3.008225e+01
77	90	45	9.086096e+02
77	90	46	1.812558e+03
77	91	44	2.201660e+03
77	91	45	6.649932e+04
77	91	46	1.326575e+05
77	92	44	1.361935e+03
77	92	45	4.113613e+04
77	92	46	8.206122e+04
78	16	111	9.400056e+02
78	16	112	1.256149e+04
78	16	113	3.931690e+03
78	17	111	1.838143e+04
78	17	112	2.456348e+05
78	17	113	7.688259e+04
78	18	111	4.281844e+04
78	18	112	5.721918e+05
78	18	113	1.790934e+05
78	72	58	6.097507e+02
78	72	59	1.212639e+04
78	72	60	4.726250e+03
78	73	58	1.963314e+04
78	73	59	3.904530e+05
78	73	60	1.521787e+05
78	74	58	9.431169e+03
78	74	59	1.875619e+05
78	74	60	7.310211e+04
78	90	44	1.506773e+02
78	90	45	4.551082e+03
78	90	46	9.078817e+03
78	91	44	1.102777e+04
78	91	45	3.330847e+05
78	91	46	6.644605e+05
78	92	44	6.821719e+03
78	92	45	2.060444e+05
78	92	46	4.110317e+05
79	72	58	8.553969e+02
79	72	59	1.701166e+04
79	72	60	6.630282e+03
79	73	58	2.754261e+04
79	73	59	5.477522e+05
79	73	60	2.134860e+05
79	74	58	1.323064e+04
79	74	59	2.631237e+05
79	74	60	1.025523e+05
97	3	101	1.471876e+00
97	3	102	1.045479e+03
97	3	103	1.213024e+03
97	4	101	4.598683e+01
97	4	102	3.266459e+04
97	4	103	3.789932e+04
97	5	101	2.183740e+01
97	5	102	1.551118e+04
97	5	103	1.799695e+04
98	3	101	2.091178e+00
98	3	102	1.485370e+03
98	3	103	1.723411e+03
98	4	101	6.533608e+01
98	4	102	4.640842e+04
98	4	103	5.384569e+04
98	5	101	3.102563e+01
98	5	102	2.203760e+04
98	5	103	2.556928e+04
99	3	101	2.477314e+01
99	3	102	1.759644e+04
99	3	103	2.041639e+04
99	4	101	7.740041e+02
99	4	102	5.497776e+05
99	4	103	6.378832e+05
99	5	101	3.675452e+02
99	5	102	2.610685e+05
99	5	103	3.029065e+05
