0.1249	-3.810225e+00	2
60	57	62	2.175699e-24
60	57	63	1.481279e+01
60	57	64	1.481279e+01
60	58	62	2.201880e-21
60	58	63	1.499104e+04
60	58	64	1.499104e+04
60	59	62	1.939843e-21
60	59	63	1.320701e+04
60	59	64	1.320701e+04
61	57	62	1.660127e-23
61	57	63	1.130262e+02
61	57	64	1.130262e+02
61	58	62	1.680104e-20
61	58	63	1.143863e+05
61	58	64	1.143863e+05
61	59	62	1.480161e-20
61	59	63	1.007736e+05
61	59	64	1.007736e+05
62	57	62	6.020590e-23
62	57	63	4.098991e+02
62	57	64	4.098991e+02
62	58	62	6.093039e-20
62	58	63	4.148317e+05
62	58	64	4.148317e+05
62	59	62	5.367929e-20
62	59	63	3.654641e+05
62	59	64	3.654641e+05
64	67	62	2.257122e-24
64	67	63	1.481279e+01
64	67	64	1.481279e+01
64	68	62	2.005667e-21
64	68	63	1.316257e+04
64	68	64	1.316257e+04
64	69	62	2.291054e-21
64	69	63	1.503547e+04
64	69	64	1.503547e+04
65	67	62	5.568766e-23
65	67	63	3.654608e+02
65	67	64	3.654608e+02
65	68	62	4.948378e-20
65	68	63	3.247467e+05
65	68	64	3.247467e+05
65	69	62	5.652484e-20
65	69	63	3.709549e+05
65	69	64	3.709549e+05
66	67	62	2.399391e-23
66	67	63	1.574646e+02
66	67	64	1.574646e+02
66	68	62	2.132088e-20
66	68	63	1.399223e+05
66	68	64	1.399223e+05
66	69	62	2.435463e-20
66	69	63	1.598318e+05
66	69	64	1.598318e+05
