0.0015	-5.640415e+06	1000
55	55	55	9.425582e+02
55	55	56	3.585712e+03
55	55	57	1.197304e+04
55	55	66	1.581906e+01
55	55	67	2.413324e+01
55	55	68	2.694768e+02
55	56	55	-8.583182e+02
55	56	56	1.048571e+05
55	56	57	6.515220e+04
55	56	66	1.211685e+03
55	56	67	1.848521e+03
55	56	68	2.064098e+04
55	57	55	1.210537e+04
55	57	56	1.063422e+05
55	57	57	1.669736e+05
55	57	66	1.886949e+03
55	57	67	2.878691e+03
55	57	68	3.214407e+04
55	58	55	9.691766e+03
55	58	56	1.195069e+05
55	58	57	6.400493e+04
55	68	55	1.354387e+02
55	68	56	2.227465e+03
55	68	57	7.865080e+02
55	69	55	3.776403e+02
55	69	56	6.210783e+03
55	69	57	2.193000e+03
55	70	55	2.629110e+03
55	70	56	4.323912e+04
55	70	57	1.526754e+04
56	55	55	2.301950e+04
56	55	56	-4.686484e+04
56	55	57	2.077272e+05
56	55	66	1.045877e+02
56	55	67	1.595569e+02
56	55	68	1.781646e+03
56	56	55	-4.109548e+04
56	56	56	-7.415244e+04
56	56	57	-4.904299e+05
56	56	65	3.268912e+00
56	56	66	9.750793e+03
56	56	67	1.418562e+04
56	56	68	1.364679e+05
56	57	55	2.688130e+05
56	57	56	-1.787597e+05
56	57	57	2.319705e+06
56	57	65	4.173958e+01
56	57	66	1.800712e+04
56	57	67	2.482207e+04
56	57	68	2.125205e+05
56	58	55	6.666052e+04
56	58	56	3.476983e+05
56	58	57	7.774733e+05
56	58	65	1.128158e+02
56	58	66	3.482421e+04
56	58	67	3.862718e+04
56	59	68	1.018649e+03
56	59	69	6.586941e+03
56	59	70	1.526271e+03
56	60	68	1.840295e+04
56	60	69	1.195045e+05
56	60	70	2.439473e+04
56	61	68	6.843103e+03
56	61	69	4.450142e+04
56	61	70	8.668538e+03
56	63	68	3.916416e+00
56	63	69	3.385323e+00
56	63	70	6.159589e+01
56	64	68	4.174657e+02
56	64	69	3.608545e+02
56	64	70	6.565741e+03
56	65	56	1.934754e+02
56	65	57	3.984715e+03
56	65	58	1.579803e+03
56	65	68	2.808814e+02
56	65	69	2.427920e+02
56	65	70	4.417595e+03
56	66	56	5.062875e+03
56	66	57	1.042722e+05
56	66	58	4.134038e+04
56	67	56	2.237557e+03
56	67	57	4.608351e+04
56	67	58	1.827054e+04
56	67	68	5.387130e+01
56	67	69	9.535186e+02
56	67	70	3.502207e+02
56	68	55	6.134442e+02
56	68	56	1.008960e+04
56	68	57	3.677932e+03
56	68	58	1.574210e+02
56	68	63	2.313159e+00
56	68	64	4.137564e+03
56	68	65	6.303855e+03
56	68	66	9.564093e+02
56	68	68	2.752004e+03
56	68	69	4.871030e+04
56	68	70	1.789095e+04
56	69	55	1.710451e+03
56	69	56	2.818297e+04
56	69	57	1.836023e+04
56	69	58	1.147706e+04
56	69	63	6.741790e+01
56	69	64	4.949912e+04
56	69	65	7.400966e+04
56	69	66	1.119815e+04
56	69	68	4.756662e+03
56	69	69	8.962039e+04
56	69	70	3.505042e+04
56	70	55	1.190806e+04
56	70	56	1.958759e+05
56	70	57	7.435969e+04
56	70	58	7.092918e+03
56	70	63	3.166823e+01
56	70	64	1.464170e+04
56	70	65	2.143560e+04
56	70	66	3.221046e+03
56	70	68	4.243426e+02
56	70	69	6.128675e+04
56	70	70	4.364772e+04
56	71	68	1.086482e+02
56	71	69	1.569179e+04
56	71	70	1.117552e+04
57	55	55	3.036496e+04
57	55	56	1.100611e+04
57	55	57	3.182570e+05
57	55	66	4.114928e+02
57	55	67	6.277651e+02
57	55	68	7.009757e+03
57	56	55	-4.490581e+04
57	56	56	1.132516e+06
57	56	57	2.958618e+05
57	56	58	2.184189e+02
57	56	59	1.572244e+03
57	56	60	5.891240e+03
57	56	65	4.213406e+02
57	56	66	4.461935e+04
57	56	67	5.705781e+04
57	56	68	5.369230e+05
57	56	69	2.167697e+00
57	56	70	7.125669e-01
57	57	55	3.871953e+05
57	57	56	1.404301e+06
57	57	57	3.750592e+06
57	57	58	5.382739e+02
57	57	59	4.698270e+03
57	57	60	9.444590e+03
57	57	65	1.086675e+04
57	57	66	2.663212e+05
57	57	67	1.681741e+05
57	57	68	8.377906e+05
57	57	69	2.383592e+04
57	57	70	7.835359e+03
57	58	55	1.863251e+05
57	58	56	1.889223e+06
57	58	57	8.623287e+05
57	58	58	1.727312e+04
57	58	59	1.154788e+05
57	58	60	2.277545e+05
57	58	65	2.283351e+04
57	58	66	5.274956e+05
57	58	67	2.774124e+05
57	58	68	1.582386e+03
57	58	69	2.294173e+04
57	58	70	7.541422e+03
57	59	58	9.645105e+03
57	59	59	7.574047e+04
57	59	60	1.505372e+05
57	59	68	1.382261e+03
57	59	69	-5.981712e+02
57	59	70	6.215676e+04
57	60	57	3.766295e+01
57	60	58	4.004021e+03
57	60	59	1.777474e+04
57	60	60	2.137068e+04
57	60	68	-5.625291e+03
57	60	69	-1.168434e+05
57	60	70	4.985778e+05
57	61	57	2.978787e+02
57	61	58	2.962920e+04
57	61	59	4.377559e+04
57	61	68	-5.966787e+03
57	61	69	-5.687719e+04
57	61	70	1.063238e+05
57	62	57	6.393343e+01
57	62	58	6.359288e+03
57	62	59	9.395516e+03
57	63	68	2.455279e+02
57	63	69	2.122326e+02
57	63	70	3.861569e+03
57	64	57	1.033468e+02
57	64	58	6.851027e+02
57	64	59	2.691307e+03
57	64	68	2.617176e+04
57	64	69	2.262269e+04
57	64	70	4.116194e+05
57	65	56	1.330760e+03
57	65	57	2.956952e+04
57	65	58	2.519784e+04
57	65	59	5.629944e+04
57	65	68	1.760901e+04
57	65	69	1.522111e+04
57	65	70	2.769478e+05
57	66	56	3.482340e+04
57	66	57	7.180827e+05
57	66	58	2.900764e+05
57	66	59	2.271181e+04
57	66	60	3.630618e-01
57	66	66	9.676726e+02
57	66	67	-1.582560e+03
57	66	68	9.778613e+03
57	66	69	1.721523e+02
57	67	56	1.539034e+04
57	67	57	3.173082e+05
57	67	58	1.257716e+05
57	67	59	4.930556e+03
57	67	60	9.541568e+00
57	67	63	3.905618e+00
57	67	64	3.846413e+02
57	67	65	5.693603e+02
57	67	66	1.286138e+03
57	67	67	-9.466475e+01
57	67	68	1.727102e+04
57	67	69	1.916152e+03
57	67	70	-4.360133e+02
57	68	55	3.048069e+03
57	68	56	5.014254e+04
57	68	57	2.055778e+04
57	68	58	3.100108e+03
57	68	59	1.093310e+04
57	68	60	4.224634e+00
57	68	63	2.835501e+02
57	68	64	2.275924e+04
57	68	65	3.865127e+04
57	68	66	2.502030e+04
57	68	67	-1.648531e+04
57	68	68	2.069923e+05
57	68	69	-3.811306e+04
57	68	70	-2.212642e+04
57	69	55	8.498851e+03
57	69	56	1.407301e+05
57	69	57	2.030297e+05
57	69	58	2.092859e+05
57	69	63	8.683109e+03
57	69	64	4.661198e+05
57	69	65	5.457375e+05
57	69	66	1.046661e+05
57	69	67	6.028368e+04
57	69	68	1.538691e+05
57	69	69	4.957241e+04
57	69	70	9.699188e+03
57	70	55	5.916852e+04
57	70	56	9.736934e+05
57	70	57	4.385712e+05
57	70	58	1.293404e+05
57	70	63	4.603453e+03
57	70	64	2.274267e+05
57	70	65	2.365792e+05
57	70	66	3.073138e+04
57	70	67	2.723340e+04
57	70	68	7.164816e+04
57	70	69	6.593070e+05
57	70	70	4.594335e+05
57	71	68	1.142628e+03
57	71	69	1.650269e+05
57	71	70	1.175302e+05
58	55	55	3.834085e+03
58	55	56	-7.495581e+03
58	55	57	3.502073e+04
58	56	55	-6.908826e+03
58	56	56	1.379058e+04
58	56	57	-5.733434e+04
58	56	58	1.059359e+04
58	56	59	-4.973085e+02
58	56	60	-1.863428e+03
58	56	65	9.694303e+02
58	56	66	8.483393e+04
58	56	67	6.976529e+04
58	56	68	3.226518e+00
58	56	69	4.677868e+01
58	56	70	1.537712e+01
58	57	55	3.843485e+04
58	57	56	-7.315879e+04
58	57	57	3.542214e+05
58	57	58	-9.406822e+02
58	57	59	3.281868e+04
58	57	60	2.331239e+04
58	57	65	1.397481e+04
58	57	66	3.743986e+05
58	57	67	2.216825e+05
58	57	68	3.547867e+04
58	57	69	5.143767e+05
58	57	70	1.690863e+05
58	58	55	7.528992e+02
58	58	56	1.479623e+03
58	58	57	8.010631e+04
58	58	58	2.872990e+05
58	58	59	8.619398e+05
58	58	60	1.238423e+06
58	58	64	1.079995e+00
58	58	65	3.562783e+04
58	58	66	1.817897e+06
58	58	67	1.370640e+06
58	58	68	3.414772e+04
58	58	69	4.950803e+05
58	58	70	1.627431e+05
58	59	58	1.052566e+05
58	59	59	6.764844e+05
58	59	60	1.499737e+06
58	59	64	3.602088e+01
58	59	65	4.850467e+03
58	59	66	6.950340e+03
58	59	67	4.651996e+03
58	59	68	1.610945e+04
58	59	69	7.807973e+04
58	59	70	9.717933e+04
58	60	57	7.246559e+01
58	60	58	7.457449e+03
58	60	59	4.504959e+04
58	60	60	4.025556e+04
58	60	64	1.753426e+01
58	60	65	2.361113e+03
58	60	66	4.539342e+03
58	60	67	3.646818e+04
58	60	68	2.300749e+05
58	60	69	1.282011e+06
58	60	70	9.249523e+05
58	61	57	5.731350e+02
58	61	58	5.700822e+04
58	61	59	8.422666e+04
58	61	66	2.625864e+02
58	61	67	7.769045e+03
58	61	68	7.794127e+04
58	61	69	4.604291e+05
58	61	70	2.387376e+05
58	62	57	1.230114e+02
58	62	58	1.223562e+04
58	62	59	1.807749e+04
58	63	68	3.999139e+02
58	63	69	3.456829e+02
58	63	70	6.289693e+03
58	64	57	1.442486e+03
58	64	58	9.691803e+03
58	64	59	3.764886e+04
58	64	60	5.455111e+03
58	64	61	1.693662e+03
58	64	66	5.517751e+02
58	64	67	-5.371007e+02
58	64	68	4.909568e+04
58	64	69	3.684766e+04
58	64	70	6.704424e+05
58	65	56	2.527473e+02
58	65	57	3.561158e+04
58	65	58	2.099290e+05
58	65	59	7.906145e+05
58	65	60	1.935349e+05
58	65	61	4.015038e+04
58	65	62	1.246255e+04
58	65	63	9.445808e+03
58	65	66	-1.037063e+03
58	65	67	1.009483e+03
58	65	68	1.652607e+04
58	65	69	2.479203e+04
58	65	70	4.510905e+05
58	66	56	6.613906e+03
58	66	57	1.495624e+05
58	66	58	1.397540e+05
58	66	59	3.509433e+05
58	66	60	1.156392e+05
58	66	61	1.769529e+04
58	66	62	1.038115e+05
58	66	63	7.200660e+04
58	66	66	4.265856e+03
58	66	67	-2.891471e+03
58	66	68	6.437318e+04
58	66	69	2.767774e+04
58	67	56	2.923041e+03
58	67	57	7.852976e+04
58	67	58	4.681733e+04
58	67	59	7.325438e+05
58	67	60	3.572323e+05
58	67	61	-1.718243e+03
58	67	62	3.177654e+04
58	67	63	1.541543e+04
58	67	64	1.983448e+04
58	67	65	2.935973e+04
58	67	66	2.217803e+02
58	67	67	4.177390e+04
58	67	68	3.044884e+05
58	67	69	4.587735e+05
58	67	70	3.871389e+03
58	68	56	3.138545e+01
58	68	57	4.304741e+04
58	68	58	8.227211e+04
58	68	59	9.126397e+05
58	68	60	3.232017e+05
58	68	61	-1.686903e+04
58	68	62	1.747836e+05
58	68	63	1.158314e+04
58	68	64	2.324278e+05
58	68	65	3.401486e+05
58	68	66	2.818305e+04
58	68	67	3.160514e+05
58	68	68	1.285806e+06
58	68	69	9.330752e+05
58	68	70	2.171117e+05
58	69	56	2.288213e+03
58	69	57	3.685621e+05
58	69	58	5.162358e+05
58	69	59	4.064649e+04
58	69	60	9.449788e+04
58	69	61	7.519516e+04
58	69	62	1.542153e+04
58	69	63	2.554784e+04
58	69	64	2.355522e+06
58	69	65	3.284615e+06
58	69	66	4.609141e+05
58	69	67	4.443084e+05
58	69	68	2.346823e+06
58	69	69	1.592101e+06
58	69	70	5.540908e+05
58	70	56	1.414135e+03
58	70	57	2.274321e+05
58	70	58	3.097321e+05
58	70	59	1.104677e+02
58	70	60	2.181231e+04
58	70	61	2.247473e+04
58	70	63	1.200180e+04
58	70	64	9.025252e+05
58	70	65	1.258538e+06
58	70	66	1.251468e+05
58	70	67	1.881432e+05
58	70	68	6.643734e+05
58	70	69	3.386003e+05
58	70	70	1.778817e+05
58	71	68	3.053779e+02
58	71	69	4.410497e+04
58	71	70	3.141105e+04
59	56	55	1.937607e+03
59	56	56	-2.129765e+03
59	56	57	1.360758e+04
59	56	58	-1.504742e+04
59	56	59	2.081100e+04
59	56	60	7.797934e+04
59	56	65	3.210571e+02
59	56	66	3.200387e+04
59	56	67	2.123786e+04
59	56	68	1.308054e+00
59	56	69	1.896442e+01
59	56	70	6.233999e+00
59	57	55	3.444350e+04
59	57	56	-3.270072e+04
59	57	57	4.091794e+05
59	57	58	1.301139e+04
59	57	59	5.453790e+04
59	57	60	1.276844e+05
59	57	65	1.850855e+02
59	57	66	1.844984e+04
59	57	67	1.224336e+04
59	57	68	1.438332e+04
59	57	69	2.085321e+05
59	57	70	6.854882e+04
59	58	55	1.267949e+04
59	58	56	-1.577674e+04
59	58	57	2.938484e+04
59	58	58	-1.130579e+05
59	58	59	1.837407e+06
59	58	60	2.415639e+06
59	58	61	2.629818e+03
59	58	62	1.926777e+04
59	58	64	4.385556e+01
59	58	65	1.076776e+04
59	58	66	4.930682e+05
59	58	67	3.235100e+05
59	58	68	1.434865e+04
59	58	69	2.007092e+05
59	58	70	6.597728e+04
59	59	58	8.146484e+04
59	59	59	2.588614e+06
59	59	60	2.689567e+06
59	59	61	1.923310e+04
59	59	62	1.409143e+05
59	59	64	1.462707e+03
59	59	65	1.970284e+05
59	59	66	2.866728e+05
59	59	67	1.098272e+05
59	59	68	3.452540e+04
59	60	57	6.704057e+02
59	60	58	8.736275e+04
59	60	59	7.738360e+05
59	60	60	6.626379e+05
59	60	61	4.415856e+03
59	60	62	2.827802e+04
59	60	64	7.120174e+02
59	60	65	9.598559e+04
59	60	66	1.471998e+05
59	60	67	2.539213e+05
59	60	68	1.128677e+05
59	61	57	5.302282e+03
59	61	58	5.280557e+05
59	61	59	8.091786e+05
59	61	60	3.515647e+04
59	61	61	4.835657e+03
59	61	66	1.978880e+03
59	61	67	5.459353e+04
59	61	68	3.166023e+04
59	62	57	1.138024e+03
59	62	58	1.133009e+05
59	62	59	1.742994e+05
59	62	60	5.398229e+04
59	62	61	1.633786e+04
59	62	66	2.270742e+03
59	62	67	4.741120e+04
59	62	68	1.016418e+05
59	63	59	4.233443e+00
59	63	60	1.850660e+02
59	63	61	9.896023e+01
59	63	66	9.036218e+02
59	63	67	1.926473e+04
59	63	68	3.824784e+04
59	64	57	4.635955e+02
59	64	58	3.012582e+03
59	64	59	1.503701e+04
59	64	60	1.129087e+05
59	64	61	6.238997e+04
59	64	62	7.662130e+03
59	64	63	4.912760e+03
59	64	66	1.398230e+04
59	64	67	-1.102634e+04
59	64	68	1.658031e+05
59	65	57	1.346638e+04
59	65	58	6.956772e+04
59	65	59	3.334609e+05
59	65	60	6.744348e+05
59	65	61	4.215107e+05
59	65	62	-2.239493e+04
59	65	63	-6.494028e+03
59	65	64	5.792316e+03
59	65	65	4.220475e+03
59	65	66	-2.088994e+04
59	65	67	2.940422e+04
59	65	68	-2.266330e+05
59	66	57	1.509240e+04
59	66	58	5.336423e+04
59	66	59	3.287228e+05
59	66	60	1.751174e+05
59	66	61	1.170251e+05
59	66	62	7.640915e+04
59	66	63	3.483837e+04
59	66	64	8.220437e+04
59	66	65	6.291002e+04
59	66	66	1.542098e+05
59	66	67	-6.026093e+04
59	66	68	1.817673e+06
59	66	69	5.636564e+04
59	67	57	9.493574e+04
59	67	58	2.818865e+05
59	67	59	2.154190e+06
59	67	60	6.625458e+05
59	67	61	2.554328e+04
59	67	62	1.296919e+05
59	67	63	5.471541e+04
59	67	64	3.975941e+04
59	67	65	4.500365e+04
59	67	66	1.282918e+05
59	67	67	7.845756e+05
59	67	68	1.936579e+06
59	67	69	1.115335e+06
59	68	57	1.350092e+05
59	68	58	6.960042e+05
59	68	59	4.010530e+06
59	68	60	2.568518e+06
59	68	61	7.026008e+04
59	68	62	2.116930e+06
59	68	63	2.279570e+05
59	68	64	6.327608e+04
59	68	65	8.874106e+04
59	68	66	2.317395e+05
59	68	67	5.361372e+05
59	68	68	4.704525e+06
59	68	69	9.984913e+05
59	68	70	1.419557e+04
59	69	57	3.201582e+03
59	69	58	2.463225e+05
59	69	59	6.310997e+05
59	69	60	2.806056e+06
59	69	61	7.114144e+05
59	69	62	3.414015e+05
59	69	63	1.252528e+05
59	69	64	4.219953e+05
59	69	65	5.898335e+05
59	69	66	2.573982e+05
59	69	67	5.859173e+05
59	69	68	4.800686e+06
59	69	69	2.275202e+06
59	69	70	2.593410e+05
59	70	58	2.570132e+02
59	70	59	3.054156e+04
59	70	60	3.128871e+05
59	70	61	2.051151e+05
59	70	63	1.622209e+03
59	70	64	1.159413e+05
59	70	65	1.800432e+05
59	70	66	1.624625e+04
59	70	67	2.532246e+04
59	70	68	4.067911e+05
59	70	69	7.009146e+05
59	70	70	1.254863e+05
60	56	55	4.792924e+03
60	56	56	-2.895735e+03
60	56	57	1.105974e+05
60	56	58	1.056583e+05
60	57	55	8.520048e+04
60	57	56	-8.185994e+04
60	57	57	9.806886e+05
60	57	58	-4.273718e+04
60	57	59	1.467055e+04
60	57	60	9.900142e+03
60	58	55	3.136438e+04
60	58	56	-8.112984e+03
60	58	57	1.075146e+06
60	58	58	1.388222e+06
60	58	59	4.707202e+05
60	58	60	3.560167e+05
60	58	61	1.800619e+04
60	58	62	1.319258e+05
60	58	63	8.641836e+01
60	58	64	2.022909e+02
60	58	65	1.145737e+04
60	58	66	1.929342e+04
60	58	67	6.087908e+04
60	58	68	7.420261e+04
60	59	58	1.431456e+05
60	59	59	2.542222e+06
60	59	60	1.809163e+06
60	59	61	1.343459e+05
60	59	62	9.681125e+05
60	59	63	1.068271e+04
60	59	64	1.211319e+04
60	59	65	4.002897e+05
60	59	66	4.547292e+05
60	59	67	1.226063e+06
60	59	68	4.410065e+05
60	60	58	6.969817e+04
60	60	59	8.930960e+05
60	60	60	5.702067e+05
60	60	61	8.386469e+04
60	60	62	2.859884e+05
60	60	63	1.321160e+05
60	60	64	9.382401e+04
60	60	65	2.465950e+05
60	60	66	2.802196e+05
60	60	67	3.836110e+06
60	60	68	2.681911e+06
60	61	58	4.673726e+03
60	61	59	4.048792e+05
60	61	60	6.490855e+05
60	61	61	3.399492e+04
60	61	62	1.364060e+05
60	61	63	2.474525e+05
60	61	64	1.608654e+05
60	61	65	5.545941e+04
60	61	66	1.002241e+05
60	61	67	1.146114e+06
60	61	68	7.368313e+05
60	62	58	7.705197e+03
60	62	59	3.219225e+05
60	62	60	8.118263e+05
60	62	61	1.295932e+05
60	62	62	3.471489e+05
60	62	63	4.590408e+05
60	62	64	2.027205e+05
60	62	65	1.018414e+05
60	62	66	4.156064e+05
60	62	67	1.489471e+06
60	62	68	1.178946e+06
60	63	59	1.274497e+03
60	63	60	5.571494e+04
60	63	61	3.274555e+04
60	63	62	1.266208e+05
60	63	63	2.486712e+05
60	63	64	4.029517e+04
60	63	65	5.217823e+04
60	63	66	1.856035e+05
60	63	67	7.544133e+05
60	63	68	5.307993e+05
60	64	58	1.979419e+03
60	64	59	6.879327e+03
60	64	60	2.713113e+05
60	64	61	2.024274e+05
60	64	62	2.457486e+05
60	64	63	3.507357e+05
60	64	64	8.975005e+04
60	64	65	1.114362e+05
60	64	66	2.972712e+05
60	64	67	1.099184e+05
60	64	68	1.534635e+05
60	65	57	1.325458e+03
60	65	58	1.429304e+05
60	65	59	1.423676e+05
60	65	60	5.140739e+06
60	65	61	2.692961e+06
60	65	62	8.428095e+04
60	65	63	3.277215e+05
60	65	64	1.424984e+05
60	65	65	1.249302e+05
60	65	66	2.615516e+05
60	65	67	1.405440e+05
60	65	68	1.317685e+06
60	66	57	3.372199e+03
60	66	58	7.815469e+04
60	66	59	2.221405e+05
60	66	60	2.448994e+06
60	66	61	1.504520e+06
60	66	62	3.543197e+06
60	66	63	3.307287e+06
60	66	64	3.552658e+05
60	66	65	1.129633e+05
60	66	66	1.169888e+05
60	66	67	7.313241e+05
60	66	68	2.294918e+06
60	66	69	2.221960e+04
60	67	57	3.017202e+04
60	67	58	2.709979e+05
60	67	59	8.783888e+05
60	67	60	3.746610e+06
60	67	61	9.761956e+05
60	67	62	5.589530e+05
60	67	63	6.174540e+05
60	67	64	1.151842e+05
60	67	65	2.051582e+04
60	67	66	1.819975e+04
60	67	67	3.535073e+05
60	67	68	1.799471e+06
60	67	69	5.322765e+05
60	68	57	7.701960e+04
60	68	58	1.886156e+06
60	68	59	5.248705e+06
60	68	60	7.195813e+06
60	68	61	4.960557e+05
60	68	62	6.594111e+05
60	68	63	1.071985e+05
60	68	65	-2.255532e+03
60	68	66	3.859696e+04
60	68	67	4.222435e+05
60	68	68	1.505031e+06
60	68	69	2.406253e+05
60	68	70	9.368397e+04
60	69	57	1.352187e+04
60	69	58	7.614883e+05
60	69	59	2.188969e+06
60	69	60	3.492916e+06
60	69	61	3.401115e+05
60	69	62	1.400717e+05
60	69	63	4.996490e+04
60	69	66	5.327338e+04
60	69	67	-8.964438e+04
60	69	68	1.507686e+06
60	69	69	8.549709e+05
60	69	70	-9.379993e+04
60	70	58	2.176135e+03
60	70	59	1.625317e+05
60	70	60	4.350960e+05
60	70	61	7.763092e+04
60	70	68	7.669956e+04
60	70	69	3.368753e+05
60	70	70	9.811396e+05
61	57	58	5.143602e+03
61	57	59	9.857564e+04
61	57	60	4.775413e+04
61	58	58	1.276347e+04
61	58	59	2.809734e+05
61	58	60	1.948538e+05
61	58	61	3.405624e+03
61	58	62	2.523705e+04
61	58	63	3.914601e+04
61	58	64	5.408662e+04
61	58	65	8.125749e+02
61	58	66	8.366851e+03
61	58	67	9.722052e+04
61	58	68	8.167019e+04
61	59	58	1.467525e+05
61	59	59	2.512154e+06
61	59	60	1.356985e+06
61	59	61	2.553109e+04
61	59	62	1.971667e+05
61	59	63	-1.037296e+04
61	59	64	-6.004080e+04
61	59	65	8.425756e+04
61	59	66	9.914601e+04
61	59	67	2.089099e+06
61	59	68	5.211752e+05
61	60	58	2.039727e+05
61	60	59	2.912643e+06
61	60	60	1.231039e+06
61	60	61	1.738783e+05
61	60	62	9.751699e+05
61	60	63	1.647217e+06
61	60	64	1.525890e+06
61	60	65	3.885771e+05
61	60	66	3.058443e+05
61	60	67	4.544166e+06
61	60	68	2.793138e+06
61	61	58	1.143189e+04
61	61	59	5.979357e+05
61	61	60	8.975000e+05
61	61	61	3.839892e+05
61	61	62	1.923317e+06
61	61	63	5.358583e+06
61	61	64	3.723479e+06
61	61	65	1.304351e+06
61	61	66	1.332309e+06
61	61	67	1.409342e+06
61	61	68	7.437169e+05
61	62	58	1.129845e+04
61	62	59	4.881329e+05
61	62	60	1.922904e+06
61	62	61	1.324211e+06
61	62	62	2.673607e+05
61	62	63	2.852454e+06
61	62	64	2.155499e+06
61	62	65	2.078743e+05
61	62	66	2.172615e+06
61	62	67	3.694757e+06
61	62	68	9.211453e+05
61	63	59	1.008854e+03
61	63	60	7.705500e+04
61	63	61	5.478146e+04
61	63	62	3.494422e+05
61	63	63	1.439075e+05
61	63	64	1.790977e+05
61	63	65	1.775784e+05
61	63	66	8.400449e+05
61	63	67	1.249416e+06
61	63	68	3.629752e+05
61	64	58	1.226372e+02
61	64	59	4.748032e+03
61	64	60	7.366243e+04
61	64	61	2.302365e+05
61	64	62	1.447379e+06
61	64	63	1.003548e+06
61	64	64	6.933809e+05
61	64	65	1.778931e+06
61	64	66	2.416972e+06
61	64	67	5.662758e+05
61	64	68	4.512019e+04
61	65	58	1.476824e+04
61	65	59	1.611517e+05
61	65	60	2.090954e+06
61	65	61	1.991590e+06
61	65	62	2.466709e+05
61	65	63	2.013451e+06
61	65	64	9.596531e+05
61	65	65	1.460865e+06
61	65	66	1.576414e+06
61	65	67	4.769597e+05
61	65	68	7.133587e+05
61	66	57	5.442514e+03
61	66	58	2.476383e+05
61	66	59	5.424739e+05
61	66	60	3.176873e+06
61	66	61	4.215777e+06
61	66	62	4.754351e+06
61	66	63	6.548190e+06
61	66	64	1.884205e+06
61	66	65	1.251041e+06
61	66	66	1.265127e+05
61	66	67	1.386286e+06
61	66	68	1.161717e+06
61	67	57	4.334299e+04
61	67	58	1.235947e+06
61	67	59	3.012622e+06
61	67	60	4.007812e+06
61	67	61	3.898561e+06
61	67	62	2.816748e+06
61	67	63	3.828123e+06
61	67	64	5.956437e+05
61	67	65	4.352284e+05
61	67	66	3.116341e+05
61	67	67	2.055726e+06
61	67	68	4.700079e+05
61	67	69	1.412827e+04
61	68	57	9.439232e+03
61	68	58	5.759062e+05
61	68	59	1.576737e+06
61	68	60	7.389224e+06
61	68	61	1.696980e+06
61	68	62	4.926422e+05
61	68	63	5.030029e+05
61	68	65	1.103092e+04
61	68	66	5.954625e+04
61	68	67	3.220174e+05
61	68	68	3.110505e+05
61	68	69	1.149194e+05
61	68	70	8.972065e+04
61	69	57	1.851745e+02
61	69	58	4.726273e+05
61	69	59	7.711194e+05
61	69	60	3.123705e+05
61	69	67	1.053993e+03
61	69	68	7.893620e+03
61	69	69	2.245380e+03
61	69	70	-1.464996e+05
61	70	58	4.939341e+02
61	70	59	3.254637e+04
61	70	60	5.240278e+04
61	70	68	4.727640e+04
61	70	69	1.228165e+05
61	70	70	9.011705e+05
62	56	56	5.523716e+00
62	56	57	2.216727e+02
62	56	58	1.152323e+02
62	57	56	3.346699e+02
62	57	57	1.343066e+04
62	57	58	8.374331e+03
62	57	59	2.061655e+04
62	57	60	6.860170e+03
62	58	56	5.495248e+02
62	58	57	2.205302e+04
62	58	58	1.109404e+04
62	58	59	-5.460642e+03
62	58	60	-1.810247e+03
62	58	62	3.463715e+02
62	58	63	1.294360e+05
62	58	64	1.469866e+05
62	58	65	2.215313e-01
62	58	66	5.099470e+00
62	58	67	1.117023e+01
62	59	58	1.984445e+04
62	59	59	6.951672e+05
62	59	60	4.299986e+05
62	59	61	5.108038e+04
62	59	62	1.802390e+05
62	59	63	1.304644e+05
62	59	64	-6.400025e+04
62	59	65	3.216901e+04
62	59	66	8.517207e+04
62	59	67	2.586851e+05
62	59	68	1.406853e+04
62	60	58	1.283811e+03
62	60	59	4.448015e+05
62	60	60	5.290791e+05
62	60	61	9.765994e+05
62	60	62	2.067931e+06
62	60	63	5.089519e+06
62	60	64	5.025534e+06
62	60	65	4.306141e+05
62	60	66	-3.859601e+05
62	60	67	8.380523e+05
62	60	68	-1.510856e+04
62	61	59	3.468979e+04
62	61	60	-8.026593e+04
62	61	61	1.403808e+06
62	61	62	7.292690e+06
62	61	63	1.552017e+07
62	61	64	6.001968e+06
62	61	65	1.722810e+06
62	61	66	3.257559e+06
62	61	67	2.913091e+06
62	61	68	1.805411e+05
62	62	59	2.551635e+05
62	62	60	2.154009e+06
62	62	61	4.518597e+06
62	62	62	8.286914e+06
62	62	63	1.131195e+07
62	62	64	2.939479e+06
62	62	65	4.476357e+06
62	62	66	6.800381e+06
62	62	67	3.164132e+06
62	62	68	1.926038e+05
62	63	60	6.384340e+04
62	63	61	1.209050e+06
62	63	62	7.643707e+06
62	63	63	6.729653e+06
62	63	64	1.135375e+06
62	63	65	3.393651e+06
62	63	66	4.874705e+06
62	63	67	7.323652e+05
62	63	68	5.025413e+04
62	64	59	4.446664e+03
62	64	60	9.775101e+04
62	64	61	9.799761e+05
62	64	62	4.235917e+06
62	64	63	6.627769e+06
62	64	64	5.022491e+06
62	64	65	1.419550e+07
62	64	66	1.869634e+07
62	64	67	5.627472e+06
62	65	58	1.158766e+04
62	65	59	8.267754e+04
62	65	60	3.579905e+05
62	65	61	8.527219e+05
62	65	62	6.344670e+05
62	65	63	3.111560e+06
62	65	64	5.165509e+06
62	65	65	9.906457e+06
62	65	66	1.090924e+07
62	65	67	2.961371e+06
62	65	68	9.583510e+03
62	66	57	2.141021e+03
62	66	58	2.325700e+05
62	66	59	1.287460e+06
62	66	60	4.539150e+06
62	66	61	7.482296e+06
62	66	62	2.325984e+06
62	66	63	2.423322e+06
62	66	64	2.140764e+06
62	66	65	2.234368e+06
62	66	66	6.343390e+05
62	66	67	6.727630e+05
62	66	68	2.646431e+05
62	67	57	1.753265e+04
62	67	58	3.056709e+05
62	67	59	3.451594e+06
62	67	60	5.160622e+06
62	67	61	8.218423e+06
62	67	62	2.775423e+06
62	67	63	2.397229e+06
62	67	64	3.115306e+05
62	67	65	2.545110e+05
62	67	66	6.585508e+04
62	67	67	5.183242e+05
62	67	68	2.652233e+05
62	67	69	1.511423e+05
62	68	57	3.873070e+03
62	68	58	7.574512e+04
62	68	59	1.574162e+06
62	68	60	4.221404e+06
62	68	61	1.378791e+06
62	68	62	2.513525e+05
62	68	63	4.562745e+05
62	68	67	5.011283e+04
62	68	68	9.976784e+05
62	68	69	1.328920e+06
62	69	67	4.534640e+04
62	69	68	6.766061e+05
62	69	69	4.331980e+05
63	56	56	1.391282e+02
63	56	57	5.583363e+03
63	56	58	2.902404e+03
63	57	56	8.429473e+03
63	57	57	3.382838e+05
63	57	58	1.758504e+05
63	58	56	1.384111e+04
63	58	57	5.554587e+05
63	58	58	2.887446e+05
63	58	59	2.787465e+00
63	58	60	7.854841e+02
63	58	61	7.462813e+03
63	58	62	1.874596e+03
63	58	63	4.069988e+04
63	58	64	4.205453e+04
63	58	65	9.105338e+02
63	58	66	4.876090e+02
63	58	67	1.068092e+03
63	59	58	2.414408e+02
63	59	59	8.150154e+04
63	59	60	6.427504e+04
63	59	61	-3.406070e+03
63	59	62	8.357901e+04
63	59	63	9.127284e+04
63	59	64	-1.814561e+04
63	59	65	1.771249e+04
63	59	66	3.180728e+05
63	59	67	6.972009e+05
63	59	68	7.935813e+04
63	60	58	2.471699e+02
63	60	59	8.418726e+04
63	60	60	1.681227e+05
63	60	61	3.226622e+05
63	60	62	5.667152e+05
63	60	63	1.713799e+06
63	60	64	1.543782e+06
63	60	65	2.162792e+05
63	60	66	9.142574e+05
63	60	67	1.891956e+06
63	60	68	-8.421728e+04
63	61	59	3.102401e+04
63	61	60	1.824732e+05
63	61	61	1.241255e+06
63	61	62	4.215892e+06
63	61	63	7.348657e+06
63	61	64	2.462541e+06
63	61	65	7.793022e+05
63	61	66	4.739853e+06
63	61	67	6.772758e+06
63	61	68	9.131245e+05
63	62	59	3.211428e+04
63	62	60	4.522051e+05
63	62	61	1.510485e+06
63	62	62	8.506411e+06
63	62	63	7.019344e+06
63	62	64	2.463208e+06
63	62	65	4.791923e+06
63	62	66	5.286723e+06
63	62	67	1.420230e+06
63	63	59	1.416443e+03
63	63	60	6.609570e+05
63	63	61	1.397364e+06
63	63	62	1.741154e+07
63	63	63	8.427328e+06
63	63	64	1.139258e+06
63	63	65	4.389035e+06
63	63	66	6.253328e+06
63	63	67	1.330413e+06
63	64	59	-1.741041e+02
63	64	60	2.357162e+05
63	64	61	2.568279e+05
63	64	62	6.284734e+06
63	64	63	4.534096e+06
63	64	64	3.327166e+06
63	64	65	1.512005e+07
63	64	66	2.757679e+07
63	64	67	7.971359e+06
63	65	58	3.154554e+03
63	65	59	-3.345076e+03
63	65	60	3.290645e+04
63	65	61	8.731561e+04
63	65	62	4.068377e+05
63	65	63	1.347569e+06
63	65	64	4.610473e+06
63	65	65	1.176598e+07
63	65	66	1.242224e+07
63	65	67	5.101990e+06
63	66	58	3.862336e+04
63	66	59	4.188098e+04
63	66	60	2.805300e+05
63	66	61	-1.831163e+05
63	66	62	5.786403e+05
63	66	63	1.487761e+06
63	66	64	1.396960e+06
63	66	65	2.077313e+06
63	66	66	9.664424e+05
63	66	67	5.495921e+05
63	67	58	4.204896e+04
63	67	59	1.637536e+05
63	67	60	9.494949e+05
63	67	61	6.008189e+05
63	67	62	5.243352e+05
63	67	63	2.640496e+05
63	67	64	1.755254e+05
63	67	65	1.735142e+05
63	67	66	3.838405e+05
63	67	67	4.816517e+05
63	67	68	4.206313e+04
63	67	69	6.679365e+04
63	68	58	3.429637e+04
63	68	59	1.520969e+05
63	68	60	7.976434e+05
63	68	61	6.220798e+04
63	68	67	2.412283e+04
63	68	68	6.278496e+05
63	68	69	6.970356e+05
63	69	67	2.660039e+04
63	69	68	4.291652e+05
63	69	69	2.575449e+05
64	56	56	6.048850e+01
64	56	57	2.427469e+03
64	56	58	1.261873e+03
64	57	56	3.664867e+03
64	57	57	1.470750e+05
64	57	58	7.645415e+04
64	58	56	6.017675e+03
64	58	57	2.414958e+05
64	58	58	1.255370e+05
64	58	60	2.076744e+03
64	58	61	1.979592e+04
64	58	62	4.957932e+03
64	58	63	6.065722e+03
64	58	64	5.737199e+04
64	58	65	2.082452e+04
64	58	66	3.310233e+02
64	58	67	7.025692e+02
64	59	59	-2.087026e+02
64	59	60	6.932010e+04
64	59	61	2.032804e+05
64	59	62	3.149706e+05
64	59	63	1.577736e+05
64	59	64	8.140588e+03
64	59	65	7.246894e+04
64	59	66	1.290068e+05
64	59	67	2.660395e+05
64	59	68	3.423454e+03
64	60	58	3.243873e+01
64	60	59	2.054366e+04
64	60	60	1.125335e+06
64	60	61	2.543278e+06
64	60	62	3.435647e+06
64	60	63	1.617157e+06
64	60	64	1.496230e+06
64	60	65	1.266849e+06
64	60	66	4.601708e+05
64	60	67	4.243728e+05
64	60	68	-2.943132e+03
64	61	58	9.176554e+03
64	61	59	2.615324e+05
64	61	60	2.214574e+06
64	61	61	9.048712e+06
64	61	62	1.432926e+07
64	61	63	8.754093e+06
64	61	64	4.236883e+06
64	61	65	2.672866e+06
64	61	66	1.786225e+06
64	61	67	1.039293e+06
64	61	68	4.105479e+04
64	62	58	1.159755e+04
64	62	59	1.987791e+05
64	62	60	1.132901e+06
64	62	61	4.730936e+06
64	62	62	7.214031e+06
64	62	63	7.966233e+06
64	62	64	1.019034e+07
64	62	65	1.648399e+07
64	62	66	5.238158e+06
64	62	67	3.149216e+05
64	63	59	4.320778e+04
64	63	60	3.659211e+05
64	63	61	1.164629e+06
64	63	62	4.902122e+06
64	63	63	3.169355e+06
64	63	64	5.060404e+06
64	63	65	9.092589e+06
64	63	66	5.765270e+06
64	63	67	1.209035e+06
64	64	59	1.671935e+03
64	64	60	1.664747e+05
64	64	61	-1.768283e+04
64	64	62	1.441554e+06
64	64	63	4.130954e+05
64	64	64	6.344313e+05
64	64	65	4.005560e+06
64	64	66	8.643416e+06
64	64	67	2.689679e+06
64	64	68	1.859514e+03
64	65	59	1.621243e+04
64	65	60	1.684400e+05
64	65	61	6.306270e+05
64	65	62	1.336865e+06
64	65	63	1.764914e+06
64	65	64	6.087564e+05
64	65	65	3.334968e+06
64	65	66	1.208424e+07
64	65	67	2.392006e+06
64	65	68	6.210438e+04
64	66	58	9.021398e+02
64	66	59	1.546788e+05
64	66	60	1.286341e+06
64	66	61	3.444503e+06
64	66	62	1.318564e+06
64	66	63	2.358036e+06
64	66	64	7.013164e+05
64	66	65	7.246895e+05
64	66	66	2.949157e+06
64	66	67	1.763719e+06
64	66	68	7.433125e+04
64	67	58	9.185707e+03
64	67	59	2.732956e+05
64	67	60	1.995278e+06
64	67	61	3.068362e+06
64	67	62	-3.506782e+04
64	67	63	7.824002e+03
64	67	64	2.380299e+04
64	67	65	-1.541034e+03
64	67	66	5.095197e+05
64	67	67	4.534141e+05
64	67	68	6.350426e+03
64	68	58	1.767689e+04
64	68	59	1.806314e+05
64	68	60	3.024294e+05
64	68	61	2.556566e+05
64	68	62	5.047622e+04
65	58	60	1.508013e+04
65	58	61	1.581622e+05
65	58	62	5.638555e+04
65	58	63	1.136922e+05
65	58	64	2.508539e+05
65	58	65	1.095538e+05
65	58	66	4.720374e+01
65	59	59	2.537842e+04
65	59	60	4.637690e+04
65	59	61	6.093357e+05
65	59	62	7.230176e+05
65	59	63	7.170511e+05
65	59	64	2.666754e+05
65	59	65	2.765714e+05
65	59	66	6.354119e+04
65	59	67	9.655123e+02
65	60	58	-3.231415e+01
65	60	59	2.559088e+04
65	60	60	1.372342e+06
65	60	61	6.119853e+06
65	60	62	5.763126e+06
65	60	63	1.025579e+07
65	60	64	6.548523e+06
65	60	65	3.879284e+06
65	60	66	4.018419e+05
65	60	67	1.486829e+04
65	61	58	-9.141313e+03
65	61	59	9.337341e+05
65	61	60	3.844095e+06
65	61	61	2.711459e+07
65	61	62	3.195489e+07
65	61	63	2.544124e+07
65	61	64	1.112719e+07
65	61	65	6.705014e+06
65	61	66	1.589589e+06
65	61	67	2.740026e+04
65	62	58	-1.155301e+04
65	62	59	7.065113e+05
65	62	60	3.705650e+06
65	62	61	2.628285e+07
65	62	62	2.741475e+07
65	62	63	1.927096e+07
65	62	64	1.694172e+07
65	62	65	2.183020e+07
65	62	66	3.709345e+06
65	62	67	2.961245e+04
65	63	59	1.519307e+05
65	63	60	8.636608e+05
65	63	61	4.307563e+06
65	63	62	5.307908e+06
65	63	63	4.369471e+06
65	63	64	8.112336e+06
65	63	65	1.490339e+07
65	63	66	3.169440e+06
65	63	67	2.702042e+05
65	64	59	4.294322e+02
65	64	60	5.045639e+04
65	64	61	3.267736e+05
65	64	62	8.253326e+05
65	64	63	1.058621e+06
65	64	64	1.488518e+06
65	64	65	7.419620e+06
65	64	66	7.162459e+06
65	64	67	8.410598e+05
65	64	68	1.043126e+04
65	65	58	2.970815e-01
65	65	59	1.725076e+04
65	65	60	2.500803e+05
65	65	61	1.188566e+06
65	65	62	3.855216e+06
65	65	63	3.073521e+06
65	65	64	2.670306e+06
65	65	65	4.643172e+06
65	65	66	4.662619e+06
65	65	67	2.333821e+06
65	65	68	5.114856e+05
65	66	58	-1.276922e+03
65	66	59	8.410967e+04
65	66	60	1.505591e+06
65	66	61	9.471836e+06
65	66	62	1.494465e+07
65	66	63	4.767640e+06
65	66	64	3.545192e+06
65	66	65	4.699896e+06
65	66	66	8.311369e+06
65	66	67	6.090895e+06
65	66	68	9.949347e+05
65	67	58	-1.000406e+04
65	67	59	-2.996842e+04
65	67	60	1.468346e+06
65	67	61	7.290161e+06
65	67	62	7.806219e+06
65	67	63	3.481869e+05
65	67	64	3.730275e+04
65	67	65	1.733205e+05
65	67	66	1.215757e+06
65	67	67	1.792039e+06
65	67	68	1.851543e+05
65	68	58	-2.454867e+04
65	68	59	-2.358206e+05
65	68	60	8.840120e+04
65	68	61	1.009815e+06
65	68	62	4.520247e+05
65	68	65	8.764023e+02
65	68	66	-1.013705e+03
65	68	67	9.877872e+03
65	69	58	8.953674e+02
65	69	59	4.760215e+04
65	69	60	2.759253e+04
66	56	56	9.924893e+01
66	56	57	8.308418e+02
66	56	58	2.864307e+03
66	57	56	-1.473899e+02
66	57	57	-1.233844e+03
66	57	58	-4.253647e+03
66	57	65	8.794147e+01
66	57	66	6.064812e+02
66	57	67	6.217833e+02
66	57	68	1.378283e+03
66	57	69	9.767159e+03
66	58	56	1.035988e+03
66	58	57	8.672555e+03
66	58	58	2.989843e+04
66	58	60	8.014574e+01
66	58	61	1.672340e+04
66	58	62	2.219521e+04
66	58	63	2.947796e+04
66	58	64	6.420359e+04
66	58	65	5.105652e+04
66	58	66	1.118661e+04
66	58	67	1.386201e+04
66	58	68	1.653930e+04
66	58	69	1.021212e+05
66	59	59	1.510591e+04
66	59	60	7.186879e+03
66	59	61	4.345184e+05
66	59	62	3.468322e+05
66	59	63	2.011556e+05
66	59	64	6.258039e+05
66	59	65	1.248399e+06
66	59	66	4.174649e+05
66	59	67	9.081409e+04
66	59	68	5.326884e+03
66	59	69	2.718042e+04
66	60	58	3.784342e+02
66	60	59	-5.939258e+03
66	60	60	1.312165e+05
66	60	61	1.127531e+06
66	60	62	1.876359e+06
66	60	63	2.943424e+06
66	60	64	2.369025e+06
66	60	65	3.723322e+06
66	60	66	1.348305e+06
66	60	67	6.853259e+05
66	60	68	3.277019e+04
66	61	58	1.070548e+05
66	61	59	7.856854e+04
66	61	60	1.916968e+06
66	61	61	1.146717e+07
66	61	62	1.536314e+07
66	61	63	1.298886e+07
66	61	64	1.343930e+07
66	61	65	1.419265e+07
66	61	66	3.453159e+06
66	61	67	8.139689e+05
66	62	58	1.352985e+05
66	62	59	-4.497314e+04
66	62	60	3.286349e+06
66	62	61	1.152323e+07
66	62	62	1.099921e+07
66	62	63	7.645118e+06
66	62	64	4.819045e+06
66	62	65	6.734350e+06
66	62	66	9.022110e+05
66	62	67	1.577971e+05
66	63	59	3.032429e+04
66	63	60	5.424732e+05
66	63	61	1.268329e+06
66	63	62	2.183436e+06
66	63	63	2.898808e+06
66	63	64	2.282658e+06
66	63	65	1.922691e+06
66	63	66	4.256783e+05
66	63	67	4.536713e+04
66	64	59	1.266843e+03
66	64	60	3.489134e+04
66	64	61	5.260582e+05
66	64	62	8.283182e+05
66	64	63	3.325785e+05
66	64	64	6.043471e+05
66	64	65	2.183560e+06
66	64	66	1.739621e+06
66	64	67	4.647287e+05
66	64	68	4.281473e+04
66	65	58	9.404393e+02
66	65	59	1.576339e+05
66	65	60	3.485064e+05
66	65	61	6.471393e+06
66	65	62	6.065986e+06
66	65	63	1.501645e+06
66	65	64	2.099077e+06
66	65	65	3.287647e+06
66	65	66	8.972129e+06
66	65	67	5.286509e+06
66	65	68	1.431577e+06
66	66	57	2.689030e+00
66	66	58	4.233906e+04
66	66	59	3.249885e+05
66	66	60	4.010060e+06
66	66	61	2.403863e+07
66	66	62	2.611361e+07
66	66	63	3.714426e+06
66	66	64	1.019018e+06
66	66	65	3.289549e+06
66	66	66	7.792222e+06
66	66	67	7.595950e+06
66	66	68	2.331812e+06
66	66	69	3.438059e+03
66	66	70	4.779490e+02
66	67	57	6.570611e+02
66	67	58	1.874363e+05
66	67	59	1.322686e+06
66	67	60	4.153551e+06
66	67	61	1.651740e+07
66	67	62	1.054848e+07
66	67	63	3.230328e+05
66	67	64	1.311162e+05
66	67	65	2.920636e+05
66	67	66	2.998981e+06
66	67	67	3.320057e+06
66	67	68	4.904871e+05
66	67	69	1.273098e+05
66	67	70	1.112293e+04
66	68	57	-5.317991e+02
66	68	58	2.615749e+05
66	68	59	2.411735e+06
66	68	60	1.651128e+06
66	68	61	3.545383e+06
66	68	62	1.720217e+06
66	68	63	4.592963e+04
66	68	64	4.338981e+04
66	68	65	2.978570e+04
66	68	66	5.887124e+04
66	68	67	4.337378e+05
66	68	68	2.509515e+05
66	68	69	2.005249e+05
66	68	70	4.669391e+03
66	69	57	6.674367e+03
66	69	58	7.486891e+04
66	69	59	9.448708e+05
66	69	60	5.063829e+05
66	69	62	2.568846e+00
66	69	63	1.279062e+04
66	69	64	1.208332e+04
66	69	66	5.549299e+03
66	69	67	2.529070e+04
66	69	68	1.435181e+05
66	69	69	3.121315e+04
67	56	56	5.400526e+03
67	56	57	2.628685e+04
67	56	58	1.213277e+05
67	56	59	4.331087e+02
67	56	67	8.563113e+00
67	56	68	2.310676e+02
67	56	69	4.785679e+02
67	57	56	-5.495786e+03
67	57	57	-4.194583e+04
67	57	58	-1.382365e+05
67	57	59	3.964455e+03
67	57	60	1.941749e+03
67	57	65	1.592407e+04
67	57	66	1.098475e+05
67	57	67	2.183210e+04
67	57	68	1.487675e+03
67	57	69	-7.214217e+03
67	58	56	6.235129e+04
67	58	57	2.710376e+05
67	58	58	1.433345e+06
67	58	59	3.604573e+04
67	58	60	3.820053e+04
67	58	65	-3.279113e+04
67	58	66	-2.335810e+05
67	58	67	-4.581004e+04
67	58	68	-3.142291e+03
67	58	69	-7.345478e+04
67	59	57	2.206720e+03
67	59	58	3.845788e+04
67	59	59	1.187307e+04
67	59	60	6.197008e+04
67	59	61	1.052282e+05
67	59	62	1.639650e+05
67	59	63	3.331818e+05
67	59	64	2.217875e+05
67	59	65	2.605882e+05
67	59	66	8.770677e+05
67	59	67	3.545891e+05
67	59	68	3.912042e+04
67	59	69	-2.163109e+04
67	60	59	5.291390e+01
67	60	60	7.740298e+04
67	60	61	7.085928e+04
67	60	62	9.191165e+05
67	60	63	1.101546e+06
67	60	64	1.902331e+06
67	60	65	2.485708e+06
67	60	66	2.836500e+05
67	60	67	8.682693e+05
67	60	68	2.069677e+04
67	61	59	7.432711e+03
67	61	60	9.819271e+05
67	61	61	2.594743e+06
67	61	62	5.473198e+06
67	61	63	7.432244e+06
67	61	64	7.982656e+06
67	61	65	6.397553e+06
67	61	66	1.712947e+06
67	61	67	2.922158e+06
67	62	59	1.062922e+04
67	62	60	3.656182e+05
67	62	61	1.327338e+06
67	62	62	2.027484e+06
67	62	63	7.153783e+05
67	62	64	2.883705e+06
67	62	65	2.062402e+06
67	62	66	1.165915e+06
67	62	67	7.538481e+05
67	63	59	1.912828e+02
67	63	60	3.339787e+04
67	63	61	4.493347e+04
67	63	62	1.324361e+02
67	63	63	7.219286e+04
67	63	64	6.376618e+04
67	63	65	-4.091171e+03
67	63	66	3.295049e+04
67	64	59	6.016741e+03
67	64	60	4.811427e+04
67	64	61	2.311352e+05
67	64	62	3.825241e+04
67	64	63	2.061083e+03
67	64	64	1.088921e+04
67	64	65	1.444441e+04
67	64	66	2.325353e+03
67	64	67	1.397414e+05
67	65	57	1.630498e+01
67	65	58	6.722078e+03
67	65	59	2.598975e+04
67	65	60	1.528363e+05
67	65	61	1.211532e+06
67	65	62	1.158492e+06
67	65	63	6.205737e+04
67	65	64	2.442958e+05
67	65	65	7.694350e+04
67	65	66	1.024540e+06
67	65	67	1.227421e+06
67	65	68	3.531749e+04
67	66	57	5.865257e+02
67	66	58	6.947778e+04
67	66	59	1.021165e+05
67	66	60	2.053534e+06
67	66	61	7.349017e+06
67	66	62	3.947169e+06
67	66	63	1.173344e+05
67	66	64	7.750139e+04
67	66	65	2.650453e+05
67	66	66	1.030412e+06
67	66	67	4.174642e+06
67	66	68	7.462390e+05
67	66	69	1.611741e+04
67	66	70	1.590825e+02
67	67	56	2.808110e+02
67	67	57	3.057000e+03
67	67	58	1.677313e+05
67	67	59	3.092420e+05
67	67	60	3.370208e+06
67	67	61	3.292984e+06
67	67	62	2.342129e+06
67	67	63	4.602184e+04
67	67	64	2.296950e+03
67	67	65	6.534248e+04
67	67	66	6.870467e+05
67	67	67	1.941542e+06
67	67	68	1.301548e+06
67	67	69	4.569371e+05
67	67	70	4.497047e+03
67	68	56	6.307178e+03
67	68	57	-9.060213e+03
67	68	58	1.155232e+05
67	68	59	3.600145e+05
67	68	60	8.280281e+05
67	68	61	5.514520e+05
67	68	62	2.587928e+05
67	68	63	2.713163e+04
67	68	64	2.563131e+04
67	68	65	1.543061e+04
67	68	66	1.704291e+05
67	68	67	1.821104e+06
67	68	68	2.876986e+06
67	68	69	1.524681e+06
67	68	70	1.224768e+04
67	69	56	5.018271e+03
67	69	57	2.567159e+04
67	69	58	-7.368830e+04
67	69	59	5.639590e+05
67	69	60	2.930903e+05
67	69	61	7.619252e+03
67	69	62	1.517473e+00
67	69	63	7.555699e+03
67	69	64	7.137883e+03
67	69	66	-6.288276e+03
67	69	67	1.367258e+04
67	69	68	3.929451e+05
67	69	69	6.100866e+05
67	69	70	2.716077e+04
67	70	56	5.065786e+03
67	70	57	3.339774e+04
67	70	58	6.098718e+03
67	70	59	4.008815e+02
67	70	60	1.042237e+04
67	70	61	4.593492e+03
67	70	67	1.532674e+03
67	70	68	2.482203e+04
67	70	69	6.296006e+04
67	70	70	1.889084e+02
68	56	56	-1.619926e+03
68	56	57	2.183106e+04
68	56	58	2.498755e+04
68	56	59	1.446829e+03
68	56	67	4.994694e+02
68	56	68	1.339072e+04
68	56	69	3.636982e+04
68	56	70	5.507198e+03
68	57	56	-2.192144e+03
68	57	57	-1.835584e+04
68	57	58	-2.544221e+04
68	57	59	9.969985e+03
68	57	60	1.578167e+04
68	57	65	1.176709e+04
68	57	66	8.129260e+04
68	57	67	3.940478e+04
68	57	68	2.293541e+04
68	57	69	2.449097e+05
68	57	70	-2.088142e+03
68	58	56	-2.779695e+04
68	58	57	2.582311e+05
68	58	58	2.625745e+05
68	58	59	-5.792646e+02
68	58	60	3.104768e+05
68	58	65	-1.440848e+04
68	58	66	-2.511400e+04
68	58	67	1.944000e+05
68	58	68	4.376839e+05
68	58	69	1.914178e+06
68	58	70	7.212463e+04
68	59	57	-7.759571e+02
68	59	58	-8.611509e+03
68	59	59	-1.934479e+04
68	59	60	1.283858e+05
68	59	61	8.547987e+03
68	59	62	3.362040e+03
68	59	63	7.805043e+03
68	59	64	2.282030e+03
68	59	65	1.879327e+05
68	59	66	1.841038e+06
68	59	67	1.081787e+06
68	59	68	7.281919e+05
68	59	69	3.566903e+05
68	60	59	9.001578e-01
68	60	60	7.012273e+03
68	60	61	8.179121e+03
68	60	62	1.850026e+04
68	60	63	7.348780e+04
68	60	64	3.112806e+05
68	60	65	4.966299e+05
68	60	66	2.935825e+05
68	60	67	1.349401e+06
68	60	68	6.986677e+05
68	60	69	9.259565e+03
68	61	59	1.622028e+01
68	61	60	1.354709e+05
68	61	61	1.832228e+05
68	61	62	2.967858e+05
68	61	63	2.297447e+05
68	61	64	4.643684e+05
68	61	65	7.402420e+05
68	61	66	4.696712e+03
68	61	67	4.180998e+05
68	62	60	8.935817e+03
68	62	61	4.638425e+04
68	62	62	2.112308e+05
68	62	63	7.334720e+03
68	62	64	1.789970e+05
68	62	65	7.952156e+04
68	62	66	2.441768e+04
68	62	67	8.185124e+04
68	64	65	1.111347e+04
68	64	66	-1.135088e+04
68	64	67	1.289348e+05
68	65	57	3.210732e+02
68	65	58	1.556524e+04
68	65	59	3.137802e+04
68	65	60	3.255082e+04
68	65	65	-1.204420e+04
68	65	66	6.012275e+04
68	65	67	-4.135271e+04
68	65	68	3.959421e+03
68	66	57	8.958534e+03
68	66	58	2.517985e+05
68	66	59	2.893444e+05
68	66	60	1.348977e+05
68	66	65	1.202441e+05
68	66	66	-4.344102e+04
68	66	67	1.796361e+06
68	66	68	1.438549e+05
68	66	69	6.126390e+04
68	66	70	6.994916e+03
68	67	56	4.749511e+03
68	67	57	9.815591e+03
68	67	58	5.716504e+05
68	67	59	1.897230e+06
68	67	60	9.247880e+05
68	67	62	1.254057e+01
68	67	63	6.244113e+04
68	67	64	5.898825e+04
68	67	66	4.956109e+04
68	67	67	4.036984e+05
68	67	68	1.203434e+06
68	67	69	2.101679e+06
68	67	70	1.898443e+05
68	68	56	9.800617e+04
68	68	57	-7.402138e+04
68	68	58	2.949394e+06
68	68	59	2.378731e+06
68	68	60	4.396069e+05
68	68	61	1.475656e+03
68	68	62	1.399382e+02
68	68	63	6.967709e+05
68	68	64	6.582408e+05
68	68	66	1.851600e+05
68	68	67	1.727782e+06
68	68	68	5.237690e+06
68	68	69	5.113717e+06
68	68	70	1.901767e+05
68	69	56	8.559784e+04
68	69	57	2.555305e+04
68	69	58	1.589757e+06
68	69	59	2.790107e+06
68	69	60	2.213341e+05
68	69	61	9.754945e+04
68	69	62	3.897042e+01
68	69	63	1.940389e+05
68	69	64	1.833089e+05
68	69	66	7.175975e+04
68	69	67	4.266718e+05
68	69	68	2.811068e+06
68	69	69	4.300982e+06
68	69	70	6.602384e+05
68	70	56	6.013367e+04
68	70	57	3.964496e+05
68	70	58	7.239514e+04
68	70	59	5.132494e+03
68	70	60	1.334378e+05
68	70	61	5.881058e+04
68	70	67	-2.595680e+03
68	70	68	-5.595497e+03
68	70	69	3.600564e+05
68	70	70	1.419270e+05
69	56	56	1.974616e+04
69	56	57	-1.541641e+04
69	56	58	2.548034e+05
69	56	59	8.840944e+03
69	56	67	2.212365e+03
69	56	68	3.592153e+04
69	56	69	3.804570e+04
69	56	70	-7.539879e+03
69	57	56	-2.310926e+03
69	57	57	2.734500e+05
69	57	58	6.569702e+05
69	57	59	9.445362e+04
69	57	60	5.528305e+04
69	57	66	6.623354e+02
69	57	67	1.392341e+05
69	57	68	1.105131e+05
69	57	69	9.199847e+05
69	57	70	2.858866e+03
69	58	56	2.663218e+05
69	58	57	6.701368e+04
69	58	58	5.849190e+06
69	58	59	6.866481e+05
69	58	60	1.087598e+06
69	58	66	9.232261e+02
69	58	67	2.150731e+05
69	58	68	8.297186e+05
69	58	69	1.653454e+06
69	58	70	-9.874550e+04
69	59	57	4.474099e+04
69	59	58	6.801235e+05
69	59	59	1.727713e+05
69	59	60	4.216261e+05
69	59	66	1.141702e+04
69	59	67	7.904251e+05
69	59	68	1.827416e+06
69	59	69	4.137502e+05
69	60	66	1.445510e+02
69	60	67	1.212000e+05
69	60	68	3.500559e+05
69	60	69	1.437822e+05
69	65	57	1.245275e+02
69	65	58	5.415143e+03
69	65	59	9.682965e+03
69	66	57	3.032144e+03
69	66	58	8.252528e+04
69	66	59	1.009502e+05
69	66	60	2.629587e+03
69	67	56	8.058768e+03
69	67	57	-8.658056e+02
69	67	58	2.422249e+05
69	67	59	1.156316e+06
69	67	60	4.013443e+05
69	67	66	2.867985e+02
69	67	67	5.743948e+03
69	67	68	1.340554e+04
69	67	69	1.414778e+05
69	67	70	2.658484e+04
69	68	56	4.320574e+04
69	68	57	7.150755e+04
69	68	58	7.454919e+05
69	68	59	1.266872e+06
69	68	60	4.103714e+05
69	68	61	4.115213e+03
69	68	66	7.167017e+03
69	68	67	1.402490e+05
69	68	68	2.518914e+05
69	68	69	1.749386e+06
69	68	70	3.013052e+04
69	69	56	9.073364e+04
69	69	57	-1.561685e+05
69	69	58	1.466331e+06
69	69	59	2.374133e+04
69	69	60	6.172420e+05
69	69	61	2.720395e+05
69	69	66	3.105340e+03
69	69	67	1.457066e+05
69	69	68	6.907230e+05
69	69	69	4.170184e+06
69	69	70	4.980790e+05
69	70	56	1.737336e+05
69	70	57	1.145392e+06
69	70	58	2.091585e+05
69	70	59	1.431316e+04
69	70	60	3.721226e+05
69	70	61	1.640071e+05
69	70	67	1.514040e+04
69	70	68	2.761065e+05
69	70	69	1.017709e+06
69	70	70	1.224963e+05
70	56	56	3.747801e+03
70	56	57	2.347763e+04
70	56	58	9.428634e+04
70	56	67	1.339281e+03
70	56	68	1.517980e+04
70	56	69	9.814725e+04
70	56	70	5.914279e+04
70	57	56	-1.502150e+03
70	57	57	2.430290e+05
70	57	58	3.143263e+05
70	57	59	8.271183e+03
70	57	67	3.882808e+04
70	57	68	1.628212e+05
70	57	69	1.983447e+05
70	57	70	-2.242494e+04
70	58	56	4.482354e+04
70	58	57	4.361000e+05
70	58	58	1.582104e+06
70	58	59	7.825393e+04
70	58	67	7.248041e+04
70	58	68	5.197125e+05
70	58	69	1.585682e+06
70	58	70	7.745594e+05
70	59	57	6.682099e+03
70	59	58	7.154307e+04
70	59	59	1.936248e+04
70	59	67	1.944788e+03
70	59	68	2.097949e+05
70	59	69	1.414959e+05
70	60	67	6.758323e+02
70	60	68	7.290572e+04
70	60	69	4.917119e+04
70	67	67	1.006834e+03
70	67	68	-1.874622e+02
70	67	69	1.361599e+04
70	68	67	2.469672e+04
70	68	68	-4.598278e+03
70	68	69	3.339880e+05
70	69	67	1.061386e+04
70	69	68	-1.976194e+03
70	69	69	1.435374e+05
70	70	70	7.452391e-04
70	70	71	1.174591e-02
70	70	72	2.987438e-02
70	71	70	3.929481e+00
70	71	71	6.193360e+01
70	71	72	1.575210e+02
70	72	70	4.151218e+00
70	72	71	6.542846e+01
70	72	72	1.664098e+02
71	70	70	1.730270e+00
71	70	71	2.727125e+01
71	70	72	6.936131e+01
71	71	70	9.123333e+03
71	71	71	1.437953e+05
71	71	72	3.657269e+05
71	72	70	9.638155e+03
71	72	71	1.519095e+05
71	72	72	3.863645e+05
72	70	70	1.591758e+00
72	70	71	2.508812e+01
72	70	72	6.380876e+01
72	71	70	8.392987e+03
72	71	71	1.322841e+05
72	71	72	3.364495e+05
72	72	70	8.866596e+03
72	72	71	1.397488e+05
72	72	72	3.554350e+05
