0.1476	1.608387e-01	2
54	69	69	5.413546e+02
54	69	70	-1.036951e+03
54	69	71	5.007611e+03
54	70	69	-1.036951e+03
54	70	70	1.986252e+03
54	70	71	-9.591948e+03
54	71	69	5.007611e+03
54	71	70	-9.591948e+03
54	71	71	4.632115e+04
55	69	69	1.931121e+04
55	69	70	-3.699012e+04
55	69	71	1.786316e+05
55	70	69	-3.699012e+04
55	70	70	7.085362e+04
55	70	71	-3.421642e+05
55	71	69	1.786316e+05
55	71	70	-3.421642e+05
55	71	71	1.652369e+06
56	69	69	9.634645e+03
56	69	70	-1.845491e+04
56	69	71	8.912191e+04
56	70	69	-1.845491e+04
56	70	70	3.534990e+04
56	70	71	-1.707107e+05
56	71	69	8.912191e+04
56	71	70	-1.707107e+05
56	71	71	8.243910e+05
70	55	55	5.413546e+02
70	55	56	3.383547e+03
70	55	57	5.871132e+02
70	56	55	3.383547e+03
70	56	56	2.114768e+04
70	56	57	3.669546e+03
70	57	55	5.871132e+02
70	57	56	3.669546e+03
70	57	57	6.367397e+02
71	55	55	8.010581e+03
71	55	56	5.006733e+04
71	55	57	8.687685e+03
71	56	55	5.006733e+04
71	56	56	3.129283e+05
71	56	57	5.429933e+04
71	57	55	8.687685e+03
71	57	56	5.429933e+04
71	57	57	9.422022e+03
72	55	55	2.093528e+04
72	55	56	1.308486e+05
72	55	57	2.270486e+04
72	56	55	1.308486e+05
72	56	56	8.178235e+05
72	56	57	1.419088e+05
72	57	55	2.270486e+04
72	57	56	1.419088e+05
72	57	57	2.462401e+04
