0.0180	-4.497768e+06	765
30	65	68	3.693768e-01
30	65	69	2.005919e+00
30	65	70	8.881558e+00
30	66	68	1.355803e+01
30	66	69	7.362753e+01
30	66	70	3.259989e+02
30	67	68	2.545373e+01
30	67	69	1.382277e+02
30	67	70	6.120277e+02
31	65	68	2.929012e+02
31	65	69	1.590614e+03
31	65	70	7.042724e+03
31	66	68	1.075098e+04
31	66	69	5.838371e+04
31	66	70	2.585042e+05
31	67	68	2.018380e+04
31	67	69	1.096091e+05
31	67	70	4.853137e+05
32	65	68	3.371714e+02
32	65	69	1.831026e+03
32	65	70	8.107188e+03
32	66	68	1.237592e+04
32	66	69	6.720805e+04
32	66	70	2.975755e+05
32	67	68	2.323446e+04
32	67	69	1.261759e+05
32	67	70	5.586659e+05
38	73	65	2.977637e-01
38	73	66	4.699719e+01
38	73	67	3.397655e+01
38	74	65	3.136603e+01
38	74	66	4.950621e+03
38	74	67	3.579044e+03
38	75	65	4.584757e+01
38	75	66	7.236299e+03
38	75	67	5.231471e+03
38	76	66	1.420015e-01
38	76	67	8.881671e+00
38	76	68	1.447430e+01
38	77	66	4.252514e+00
38	77	67	2.659792e+02
38	77	68	4.334613e+02
38	78	66	8.506847e+00
38	78	67	5.320721e+02
38	78	68	8.671081e+02
39	73	65	1.796327e+01
39	73	66	2.835212e+03
39	73	67	2.049712e+03
39	74	65	1.892227e+03
39	74	66	2.986574e+05
39	74	67	2.159139e+05
39	75	41	3.796511e-01
39	75	42	4.431610e+00
39	75	43	1.272130e+00
39	75	65	2.765859e+03
39	75	66	4.365461e+05
39	75	67	3.156003e+05
39	76	41	2.590240e+01
39	76	42	3.023547e+02
39	76	43	8.679340e+01
39	76	66	7.406065e+01
39	76	67	4.632222e+03
39	76	68	7.549047e+03
39	77	41	1.574354e+01
39	77	42	1.837720e+02
39	77	43	5.275324e+01
39	77	66	2.217892e+03
39	77	67	1.387210e+05
39	77	68	2.260711e+05
39	78	66	4.436733e+03
39	78	67	2.775014e+05
39	78	68	4.522389e+05
40	73	65	1.056939e+01
40	73	66	1.668207e+03
40	73	67	1.206028e+03
40	74	65	1.113365e+03
40	74	66	1.757267e+05
40	74	67	1.270414e+05
40	75	41	6.062716e+02
40	75	42	7.076916e+03
40	75	43	2.031487e+03
40	75	65	1.627401e+03
40	75	66	2.568589e+05
40	75	67	1.856957e+05
40	76	41	4.136400e+04
40	76	42	4.828357e+05
40	76	43	1.386019e+05
40	76	66	6.204561e+01
40	76	67	3.880725e+03
40	76	68	6.324346e+03
40	77	41	2.514114e+04
40	77	42	2.934687e+05
40	77	43	8.424259e+04
40	77	66	1.858078e+03
40	77	67	1.162160e+05
40	77	68	1.893950e+05
40	78	66	3.716951e+03
40	78	67	2.324816e+05
40	78	68	3.788711e+05
41	75	41	5.481866e+02
41	75	42	6.398898e+03
41	75	43	1.836856e+03
41	76	41	3.740104e+04
41	76	42	4.365766e+05
41	76	43	1.253229e+05
41	77	41	2.273244e+04
41	77	42	2.653524e+05
41	77	43	7.617156e+04
42	70	64	3.932039e+01
42	70	65	8.471936e+02
42	70	66	1.901669e+03
42	71	64	7.755712e+02
42	71	65	1.671039e+04
42	71	66	3.750929e+04
42	72	64	1.800577e+03
42	72	65	3.879507e+04
42	72	66	8.708211e+04
43	65	55	1.244854e-01
43	65	56	3.125950e+01
43	65	57	2.419330e+01
43	66	55	-1.768075e-01
43	66	56	-4.439809e+01
43	66	57	-3.436192e+01
43	67	55	1.320433e+00
43	67	56	3.315735e+02
43	67	57	2.566214e+02
43	70	64	3.233065e+02
43	70	65	6.965933e+03
43	70	66	1.563622e+04
43	71	64	6.377028e+03
43	71	65	1.373989e+05
43	71	66	3.084150e+05
43	72	64	1.480500e+04
43	72	65	3.189871e+05
43	72	66	7.160206e+05
43	81	67	3.527572e+01
43	81	68	4.441969e+02
43	81	69	1.248298e+03
43	82	67	5.419312e+02
43	82	68	6.824075e+03
43	82	69	1.917726e+04
43	83	67	1.842107e+02
43	83	68	2.319608e+03
43	83	69	6.518645e+03
43	91	65	3.778246e+02
43	91	66	-6.525423e+02
43	91	67	3.697318e+03
43	92	65	2.481520e+03
43	92	66	-4.285842e+03
43	92	67	2.428367e+04
43	93	37	4.457928e+02
43	93	38	4.565169e+03
43	93	39	1.417425e+04
43	93	65	9.801048e+03
43	93	66	-1.692743e+04
43	93	67	9.591114e+04
43	94	37	3.507442e+03
43	94	38	3.591817e+04
43	94	39	1.115212e+05
43	95	37	7.495071e+02
43	95	38	7.675373e+03
43	95	39	2.383102e+04
44	65	55	2.355380e+02
44	65	56	5.914589e+04
44	65	57	4.577598e+04
44	66	55	-3.345363e+02
44	66	56	-8.400533e+04
44	66	57	-6.501595e+04
44	67	55	2.498381e+03
44	67	56	6.273679e+05
44	67	57	4.855516e+05
44	68	68	2.377617e+00
44	68	69	1.832605e+02
44	68	70	2.850092e+02
44	69	68	3.132826e+01
44	69	69	2.414700e+03
44	69	70	3.755374e+03
44	70	64	7.165923e+01
44	70	65	1.543963e+03
44	70	66	3.465687e+03
44	70	68	8.622249e+01
44	70	69	6.645805e+03
44	70	70	1.033564e+04
44	71	64	1.413436e+03
44	71	65	3.045375e+04
44	71	66	6.835861e+04
44	72	64	3.281452e+03
44	72	65	7.070186e+04
44	72	66	1.587023e+05
44	76	58	8.367487e+02
44	76	59	-1.274231e+03
44	76	60	8.650901e+03
44	76	68	1.491112e+00
44	76	69	5.662656e+01
44	76	70	1.052443e+02
44	77	58	8.035311e+03
44	77	59	-1.223646e+04
44	77	60	8.307474e+04
44	77	68	4.958395e+00
44	77	69	1.883002e+02
44	77	70	3.499688e+02
44	78	58	2.010477e+03
44	78	59	-3.061627e+03
44	78	60	2.078574e+04
44	78	68	3.039686e+01
44	78	69	1.154353e+03
44	78	70	2.145443e+03
44	79	39	4.807550e+01
44	79	40	2.250166e+03
44	79	41	1.229570e+03
44	80	39	2.607690e+02
44	80	40	1.220525e+04
44	80	41	6.669380e+03
44	81	39	1.155442e+03
44	81	40	5.408029e+04
44	81	41	2.955139e+04
44	81	67	1.267951e+03
44	81	68	1.596623e+04
44	81	69	4.486887e+04
44	82	67	1.947919e+04
44	82	68	2.452848e+05
44	82	69	6.893082e+05
44	83	67	6.621275e+03
44	83	68	8.337604e+04
44	83	69	2.343064e+05
44	91	65	3.602960e+02
44	91	66	-6.222685e+02
44	91	67	3.525786e+03
44	92	65	2.366393e+03
44	92	66	-4.087007e+03
44	92	67	2.315706e+04
44	93	37	3.370044e+03
44	93	38	3.451114e+04
44	93	39	1.071526e+05
44	93	65	9.346342e+03
44	93	66	-1.614210e+04
44	93	67	9.146148e+04
44	94	37	2.651508e+04
44	94	38	2.715293e+05
44	94	39	8.430627e+05
44	95	37	5.666022e+03
44	95	38	5.802325e+04
44	95	39	1.801545e+05
45	65	55	2.147327e+02
45	65	56	5.392147e+04
45	65	57	4.173253e+04
45	66	55	-3.049864e+02
45	66	56	-7.658504e+04
45	66	57	-5.927302e+04
45	67	55	2.277697e+03
45	67	56	5.719518e+05
45	67	57	4.426623e+05
45	68	68	1.290550e+02
45	68	69	9.947220e+03
45	68	70	1.547005e+04
45	69	68	1.700470e+03
45	69	69	1.310678e+05
45	69	70	2.038384e+05
45	70	68	4.680081e+03
45	70	69	3.607284e+05
45	70	70	5.610096e+05
45	76	58	1.167275e+03
45	76	59	-1.777568e+03
45	76	60	1.206811e+04
45	76	68	4.228373e+02
45	76	69	1.605769e+04
45	76	70	2.984431e+04
45	77	58	1.120936e+04
45	77	59	-1.707001e+04
45	77	60	1.158903e+05
45	77	68	1.406060e+03
45	77	69	5.339662e+04
45	77	70	9.924124e+04
45	78	58	2.804640e+03
45	78	59	-4.271008e+03
45	78	60	2.899636e+04
45	78	68	8.619690e+03
45	78	69	3.273418e+05
45	78	70	6.083869e+05
45	79	39	6.589459e+02
45	79	40	3.084185e+04
45	79	41	1.685308e+04
45	80	39	3.574224e+03
45	80	40	1.672910e+05
45	80	41	9.141371e+04
45	81	39	1.583705e+04
45	81	40	7.412504e+05
45	81	41	4.050455e+05
45	81	67	6.343269e+02
45	81	68	7.987535e+03
45	81	69	2.244686e+04
45	82	67	9.744990e+03
45	82	68	1.227103e+05
45	82	69	3.448450e+05
45	83	67	3.312471e+03
45	83	68	4.171111e+04
45	83	69	1.172181e+05
45	85	64	1.808450e+02
45	85	65	2.516055e+03
45	85	66	6.756879e+03
45	86	64	1.693178e+03
45	86	65	2.355681e+04
45	86	66	6.326194e+04
45	87	64	4.156546e+02
45	87	65	5.782908e+03
45	87	66	1.553003e+04
45	91	65	6.010085e+03
45	91	66	-1.038004e+04
45	91	67	5.881352e+04
45	92	53	1.659552e+00
45	92	54	1.476432e+02
45	92	55	9.560049e+01
45	92	65	3.947373e+04
45	92	66	-6.817522e+04
45	92	67	3.862822e+05
45	93	37	6.960652e+02
45	93	38	7.128098e+03
45	93	39	2.213181e+04
45	93	53	1.818717e+01
45	93	54	1.618035e+03
45	93	55	1.047694e+03
45	93	65	1.559060e+05
45	93	66	-2.692659e+05
45	93	67	1.525666e+06
45	94	37	5.476553e+03
45	94	38	5.608297e+04
45	94	39	1.741302e+05
45	94	53	5.002457e+00
45	94	54	4.450472e+02
45	94	55	2.881726e+02
45	95	37	1.170288e+03
45	95	38	1.198440e+04
45	95	39	3.720999e+04
46	68	68	7.372023e+01
46	68	69	5.682163e+03
46	68	70	8.836976e+03
46	69	64	5.144212e-02
46	69	65	3.235608e-01
46	69	66	1.310821e+00
46	69	68	9.713617e+02
46	69	69	7.487003e+04
46	69	70	1.164389e+05
46	70	64	3.258766e-01
46	70	65	2.049699e+00
46	70	66	8.303815e+00
46	70	68	2.673409e+03
46	70	69	2.060594e+05
46	70	70	3.204663e+05
46	71	64	5.728826e-02
46	71	65	3.603318e-01
46	71	66	1.459789e+00
46	76	58	1.404125e+04
46	76	59	-2.138252e+04
46	76	60	1.451684e+05
46	76	68	3.323063e+02
46	76	69	1.261968e+04
46	76	70	2.345454e+04
46	77	58	1.348384e+05
46	77	59	-2.053367e+05
46	77	60	1.394054e+06
46	77	68	1.105018e+03
46	77	69	4.196425e+04
46	77	70	7.799644e+04
46	77	71	4.782902e+00
46	78	58	3.373727e+04
46	78	59	-5.137633e+04
46	78	60	3.487998e+05
46	78	68	6.774183e+03
46	78	69	2.572621e+05
46	78	70	4.785544e+05
46	78	71	6.569443e+02
46	79	39	2.094676e+02
46	79	40	9.804097e+03
46	79	41	5.357306e+03
46	79	64	1.390616e+02
46	79	65	1.198315e+03
46	79	66	4.067654e+03
46	79	69	7.457032e+00
46	79	70	5.937497e+02
46	79	71	9.170778e+02
46	80	39	1.136185e+03
46	80	40	5.317894e+04
46	80	41	2.905885e+04
46	80	64	5.479268e+02
46	80	65	4.721571e+03
46	80	66	1.602726e+04
46	81	39	5.034326e+03
46	81	40	2.356308e+05
46	81	41	1.287570e+05
46	81	64	2.986745e+03
46	81	65	2.573725e+04
46	81	66	8.736449e+04
46	83	63	7.546136e+02
46	83	64	1.873692e+03
46	83	65	1.422393e+04
46	84	63	5.124946e+03
46	84	64	1.272515e+04
46	84	65	9.660159e+04
46	85	63	9.620910e+02
46	85	64	2.516594e+03
46	85	65	1.991195e+04
46	85	66	4.772726e+03
46	86	64	1.195978e+03
46	86	65	1.663937e+04
46	86	66	4.468511e+04
46	87	64	2.935979e+02
46	87	65	4.084761e+03
46	87	66	1.096965e+04
46	92	53	5.156571e+02
46	92	54	4.587580e+04
46	92	55	2.970505e+04
46	93	53	5.651131e+03
46	93	54	5.027569e+05
46	93	55	3.255403e+05
46	94	53	1.554367e+03
46	94	54	1.382854e+05
46	94	55	8.954121e+04
47	57	69	5.794049e+01
47	57	70	1.217273e+02
47	57	71	1.050749e+03
47	58	69	1.309191e+03
47	58	70	2.750481e+03
47	58	71	2.374214e+04
47	59	69	5.422458e+02
47	59	70	1.139205e+03
47	59	71	9.833612e+03
47	69	64	3.726705e+03
47	69	65	2.344024e+04
47	69	66	9.496194e+04
47	70	64	2.360801e+04
47	70	65	1.484897e+05
47	70	66	6.015668e+05
47	71	59	1.183130e+01
47	71	60	1.929172e+02
47	71	61	6.779787e+01
47	71	64	4.150227e+03
47	71	65	2.610411e+04
47	71	66	1.057539e+05
47	72	59	3.443491e+03
47	72	60	5.614844e+04
47	72	61	1.973253e+04
47	73	59	4.337836e+03
47	73	60	7.073133e+04
47	73	61	2.485747e+04
47	73	62	7.062771e-01
47	73	63	3.460890e+02
47	73	64	4.137617e+02
47	73	66	2.174312e-02
47	73	67	8.655459e+01
47	73	68	8.121733e+01
47	74	62	4.737483e-01
47	74	63	2.321456e+02
47	74	64	2.858198e+02
47	74	65	2.421075e+02
47	74	66	4.886583e+02
47	74	67	2.012852e+03
47	74	68	1.888733e+03
47	75	62	1.083038e+01
47	75	63	5.307091e+03
47	75	64	7.097000e+03
47	75	65	2.198993e+04
47	75	66	4.433862e+04
47	75	67	4.392754e+03
47	75	68	4.121881e+03
47	76	64	4.892816e+02
47	76	65	1.430405e+04
47	76	66	2.884074e+04
47	76	77	1.045161e+02
47	76	78	1.908825e+01
47	76	79	1.496526e+03
47	77	58	6.687415e+01
47	77	59	2.294714e+02
47	77	60	9.169745e+03
47	77	61	4.280172e+03
47	77	63	1.228509e+02
47	77	64	1.912681e+03
47	77	65	6.563474e+02
47	77	66	1.109111e+02
47	77	67	7.161941e+01
47	77	69	1.362154e+01
47	77	70	1.084585e+03
47	77	71	1.675199e+03
47	77	77	5.777854e+03
47	77	78	1.055235e+03
47	77	79	8.273083e+04
47	78	58	4.733982e+03
47	78	59	4.133938e+03
47	78	60	1.525924e+05
47	78	61	4.301408e+04
47	78	63	-1.144673e+02
47	78	64	-1.782164e+03
47	78	65	-4.475565e+02
47	78	66	1.430913e+04
47	78	67	9.254431e+03
47	78	68	1.401150e+02
47	78	69	2.318859e+03
47	78	70	1.489707e+05
47	78	71	2.300931e+05
47	78	77	3.317853e+03
47	78	78	6.059544e+02
47	78	79	4.750704e+04
47	79	58	7.499917e+03
47	79	59	3.893281e+03
47	79	60	1.328497e+05
47	79	61	1.112808e+04
47	79	63	1.497073e+03
47	79	64	2.297183e+04
47	79	65	7.726714e+03
47	79	66	9.240993e+03
47	79	67	6.420918e+03
47	79	68	-2.784074e+02
47	79	69	1.721825e+03
47	79	70	2.079593e+05
47	79	71	3.212042e+05
47	79	75	2.048657e+00
47	79	76	2.358134e+02
47	79	77	1.610975e+02
47	80	63	3.416644e+03
47	80	64	2.943895e+04
47	80	65	5.950377e+03
47	80	66	-2.943902e+03
47	80	67	1.310044e+02
47	80	68	1.266492e+03
47	80	69	4.120317e+03
47	80	70	1.466607e+03
47	80	71	5.793860e+02
47	80	75	8.935710e+01
47	80	76	1.028557e+04
47	80	77	7.026653e+03
47	81	63	2.134218e+03
47	81	64	1.790341e+04
47	81	65	-4.687767e+02
47	81	66	-1.604719e+04
47	81	69	8.472438e+01
47	81	70	1.732125e+03
47	81	71	6.842795e+02
47	81	75	4.774729e+01
47	81	76	5.496015e+03
47	81	77	3.754638e+03
47	82	69	1.173622e+03
47	82	70	2.399381e+04
47	82	71	9.478803e+03
47	83	63	7.456653e+03
47	83	64	1.851473e+04
47	83	65	1.405526e+05
47	84	63	5.064174e+04
47	84	64	1.257425e+05
47	84	65	9.545608e+05
47	85	63	9.506824e+03
47	85	64	2.639157e+04
47	85	65	2.179620e+05
47	85	66	1.041039e+05
47	86	64	2.608698e+04
47	86	65	3.629422e+05
47	86	66	9.746833e+05
47	87	64	6.404034e+03
47	87	65	8.909787e+04
47	87	66	2.392728e+05
47	92	53	4.096969e+02
47	92	54	3.644898e+04
47	92	55	2.360109e+04
47	93	53	4.489905e+03
47	93	54	3.994476e+05
47	93	55	2.586464e+05
47	94	53	1.234967e+03
47	94	54	1.098697e+05
47	94	55	7.114177e+04
48	57	69	7.652478e+02
48	57	70	1.607710e+03
48	57	71	1.387775e+04
48	58	69	1.729111e+04
48	58	70	3.632692e+04
48	58	71	3.135739e+05
48	59	69	7.161700e+03
48	59	70	1.504603e+04
48	59	71	1.298772e+05
48	69	64	3.671681e+03
48	69	65	2.309415e+04
48	69	66	9.355983e+04
48	70	64	2.332074e+04
48	70	65	1.500035e+05
48	70	66	5.948666e+05
48	71	59	-1.268314e+01
48	71	60	-2.068070e+02
48	71	61	-7.267923e+01
48	71	64	4.024792e+03
48	71	65	2.184024e+04
48	71	66	1.019091e+05
48	72	59	-3.691418e+03
48	72	60	-6.019105e+04
48	72	61	-2.115324e+04
48	72	64	7.077638e+02
48	72	65	4.278609e+04
48	72	66	2.518908e+04
48	73	59	-4.650155e+03
48	73	60	-7.582390e+04
48	73	61	-2.664717e+04
48	73	62	4.194697e+01
48	73	63	2.055480e+04
48	73	64	2.457400e+04
48	73	66	2.336928e+00
48	73	67	8.434495e+03
48	73	68	7.912822e+03
48	74	62	2.813670e+01
48	74	63	1.378751e+04
48	74	64	1.649279e+04
48	74	65	2.727750e+02
48	74	66	6.226108e+03
48	74	67	2.568472e+05
48	74	68	2.005400e+05
48	75	62	6.432345e+02
48	75	63	3.151969e+05
48	75	64	3.776766e+05
48	75	65	2.477538e+04
48	75	66	5.554928e+04
48	75	67	4.871982e+05
48	75	68	4.176850e+05
48	76	64	5.512585e+02
48	76	65	1.633130e+04
48	76	66	3.237407e+04
48	76	67	2.734344e+03
48	76	77	-1.861985e+01
48	76	78	-3.400627e+00
48	76	79	-2.666104e+02
48	77	58	5.092447e+02
48	77	59	4.163425e+01
48	77	60	-1.111900e+02
48	77	61	-4.025653e+03
48	77	63	5.078286e+03
48	77	64	7.905852e+04
48	77	65	2.814620e+04
48	77	66	3.088612e+03
48	77	67	1.525225e+04
48	77	69	1.681760e+01
48	77	70	1.339064e+03
48	77	71	2.068256e+03
48	77	77	-1.029341e+03
48	77	78	-1.879932e+02
48	77	79	-1.473874e+04
48	78	58	3.604913e+04
48	78	59	1.433734e+04
48	78	60	4.591315e+05
48	78	61	-4.045626e+04
48	78	63	-2.112463e+03
48	78	64	-5.268117e+04
48	78	65	-8.290051e+03
48	78	66	4.711870e+05
48	78	67	3.911597e+05
48	78	68	2.522814e+04
48	78	69	8.295648e+04
48	78	70	1.839241e+05
48	78	71	2.840805e+05
48	78	77	-5.910851e+02
48	78	78	-1.079525e+02
48	78	79	-8.463518e+03
48	79	58	5.711165e+04
48	79	59	2.521233e+04
48	79	60	8.298121e+05
48	79	61	-1.046635e+04
48	79	63	1.254826e+05
48	79	64	1.462797e+06
48	79	65	4.560384e+05
48	79	66	3.862463e+05
48	79	67	2.208607e+05
48	79	68	-5.012811e+04
48	79	69	-1.570194e+05
48	79	70	2.567534e+05
48	79	71	3.965692e+05
48	79	75	4.814155e+01
48	79	76	5.541397e+03
48	79	77	3.785641e+03
48	80	63	1.017636e+05
48	80	64	8.702599e+05
48	80	65	2.600450e+05
48	80	66	2.168341e+05
48	80	67	2.358775e+04
48	80	68	2.280357e+05
48	80	69	7.299543e+05
48	80	70	2.034113e+04
48	80	71	8.035804e+03
48	80	75	2.099809e+03
48	80	76	2.417013e+05
48	80	77	1.651198e+05
48	81	63	4.621250e+04
48	81	64	4.399517e+05
48	81	65	4.404146e+05
48	81	66	1.181961e+06
48	81	69	1.175086e+03
48	81	70	2.402374e+04
48	81	71	9.490626e+03
48	81	75	1.122017e+03
48	81	76	1.291513e+05
48	81	77	8.823053e+04
48	82	69	1.627757e+04
48	82	70	3.327825e+05
48	82	71	1.314664e+05
48	83	63	1.905506e+03
48	83	64	4.731337e+03
48	83	65	3.591744e+04
48	84	63	1.294121e+04
48	84	64	3.213280e+04
48	84	65	2.439327e+05
48	85	63	2.429416e+03
48	85	64	6.032196e+03
48	85	65	4.579276e+04
48	95	63	2.200828e+02
48	95	64	-2.368152e+02
48	95	65	2.524848e+03
48	96	63	3.447123e+02
48	96	64	-3.709200e+02
48	96	65	3.954631e+03
48	97	63	3.766459e+03
48	97	64	-4.052815e+03
48	97	65	4.320982e+04
49	57	69	2.103870e+03
49	57	70	4.420024e+03
49	57	71	3.815363e+04
49	58	69	4.753789e+04
49	58	70	9.987241e+04
49	58	71	8.620982e+05
49	59	69	1.968943e+04
49	59	70	4.136554e+04
49	59	71	3.570672e+05
49	66	73	7.782516e+01
49	66	74	5.337548e+02
49	66	75	2.055955e+03
49	67	73	4.296963e+02
49	67	74	2.947022e+03
49	67	75	1.135155e+04
49	68	73	1.883199e+03
49	68	74	1.291570e+04
49	68	75	4.974960e+04
49	69	61	2.676730e+00
49	69	62	1.400283e+03
49	69	63	1.664610e+03
49	70	61	3.477600e+00
49	70	62	1.819243e+03
49	70	63	2.162657e+03
49	70	64	3.208497e+02
49	70	65	1.939617e+04
49	70	66	1.141893e+04
49	71	59	1.358481e+02
49	71	60	2.215095e+03
49	71	61	8.228770e+02
49	71	62	2.323489e+04
49	71	63	2.762088e+04
49	71	64	-3.357563e+02
49	71	65	-2.029731e+04
49	71	66	-1.194946e+04
49	72	59	3.953851e+04
49	72	60	6.447020e+05
49	72	61	2.265708e+05
49	72	64	3.706302e+03
49	72	65	2.239709e+05
49	72	66	1.319437e+05
49	73	59	4.980747e+04
49	73	60	8.121443e+05
49	73	61	2.854159e+05
49	73	62	6.920599e+01
49	73	63	3.391223e+04
49	73	64	4.057349e+04
49	73	65	7.668745e+02
49	73	66	4.214941e+02
49	73	67	5.590425e+03
49	73	68	5.231144e+03
49	74	62	4.642119e+01
49	74	63	2.274725e+04
49	74	64	2.842344e+04
49	74	65	3.175133e+04
49	74	66	7.369568e+04
49	74	67	6.917088e+05
49	74	68	2.745683e+05
49	75	62	1.061513e+03
49	75	63	5.205014e+05
49	75	64	6.395381e+05
49	75	65	3.772351e+05
49	75	66	7.843521e+05
49	75	67	8.311680e+05
49	75	68	4.205864e+05
49	75	69	3.296722e+03
49	76	61	3.495037e+02
49	76	62	8.957767e+03
49	76	63	4.322722e+03
49	76	64	1.818172e+04
49	76	65	2.830073e+05
49	76	66	5.495263e+05
49	76	67	1.141310e+04
49	76	68	2.588618e+04
49	76	69	1.368165e+04
49	76	77	1.415273e+03
49	76	78	2.584776e+02
49	76	79	2.026474e+04
49	77	42	8.546240e+00
49	77	43	3.049215e+01
49	77	44	1.779248e+02
49	77	58	1.058431e+02
49	77	59	2.400255e+03
49	77	60	9.803450e+04
49	77	61	5.025231e+04
49	77	62	-6.827533e+03
49	77	63	8.533795e+03
49	77	64	1.240234e+05
49	77	65	1.683388e+05
49	77	66	5.480138e+04
49	77	67	6.108560e+04
49	77	68	1.347015e+05
49	77	69	7.203278e+04
49	77	71	2.516202e-02
49	77	72	1.871457e+02
49	77	73	1.786400e+02
49	77	77	7.823901e+04
49	77	78	1.428914e+04
49	77	79	1.120274e+06
49	78	42	3.718387e+01
49	78	43	1.326684e+02
49	78	44	7.741337e+02
49	78	58	7.492573e+03
49	78	59	2.701460e+04
49	78	60	1.080869e+06
49	78	61	5.125397e+05
49	78	62	1.083965e+05
49	78	63	7.820314e+04
49	78	64	-2.881100e+04
49	78	65	3.472052e+05
49	78	66	1.439718e+05
49	78	67	8.344168e+05
49	78	68	3.400134e+04
49	78	69	1.080691e+05
49	78	71	7.091329e-01
49	78	72	5.234034e+03
49	78	73	4.996065e+03
49	78	77	4.492767e+04
49	78	78	8.205343e+03
49	78	79	6.433019e+05
49	79	42	1.896917e+02
49	79	43	6.768016e+02
49	79	44	3.949205e+03
49	79	58	1.187028e+04
49	79	59	1.145817e+04
49	79	60	4.274123e+05
49	79	61	1.325540e+05
49	79	62	-1.048565e+03
49	79	63	1.633975e+05
49	79	64	1.001980e+06
49	79	65	9.986936e+05
49	79	66	1.859278e+05
49	79	67	4.201937e+05
49	79	68	-6.637071e+04
49	79	69	-2.143689e+05
49	79	71	2.141677e+03
49	79	72	7.415416e+04
49	79	73	3.727393e+04
49	79	75	1.046658e+02
49	79	76	1.204770e+04
49	79	77	8.230465e+03
49	80	60	2.092230e+02
49	80	61	2.506855e+04
49	80	62	3.580779e+04
49	80	63	5.840606e+04
49	80	64	5.053188e+05
49	80	65	1.478051e+05
49	80	66	1.822337e+04
49	80	67	4.699632e+04
49	80	68	3.076460e+05
49	80	69	9.790796e+05
49	80	70	5.470228e+04
49	80	71	2.376528e+04
49	80	72	7.223460e+04
49	80	73	3.522749e+04
49	80	75	4.565252e+03
49	80	76	5.254894e+05
49	80	77	3.589915e+05
49	81	60	2.019515e+02
49	81	61	2.419729e+04
49	81	62	3.456330e+04
49	81	63	1.876482e+04
49	81	64	1.622368e+05
49	81	65	3.744371e+04
49	81	66	6.524112e+01
49	81	67	8.823268e+03
49	81	68	1.234827e+04
49	81	69	3.160094e+03
49	81	70	6.460571e+04
49	81	71	2.552262e+04
49	81	72	4.427923e+00
49	81	73	1.372009e+02
49	81	74	6.494253e+01
49	81	75	2.439408e+03
49	81	76	2.807913e+05
49	81	77	1.918244e+05
49	82	69	4.377438e+04
49	82	70	8.949337e+05
49	82	71	3.535453e+05
49	82	72	2.197844e+02
49	82	73	6.810104e+03
49	82	74	3.223488e+03
49	83	72	3.792794e+02
49	83	73	1.175212e+04
49	83	74	5.562735e+03
49	95	63	6.131446e+03
49	95	64	-6.597607e+03
49	95	65	7.034157e+04
49	96	63	9.603591e+03
49	96	64	-1.033373e+04
49	96	65	1.101749e+05
49	97	63	1.049325e+05
49	97	64	-1.129103e+05
49	97	65	1.203814e+06
49	98	90	1.385440e+01
49	98	91	-2.481728e+01
49	98	92	1.330904e+02
49	99	90	3.447924e+02
49	99	91	-6.176240e+02
49	99	92	3.312200e+03
49	100	90	1.491239e+02
49	100	91	-2.671245e+02
49	100	92	1.432538e+03
50	66	73	1.367334e+03
50	66	74	9.377704e+03
50	66	75	3.612171e+04
50	67	73	7.549467e+03
50	67	74	5.177714e+04
50	67	75	1.994389e+05
50	68	73	3.308650e+04
50	68	74	2.269199e+05
50	68	75	8.740662e+05
50	69	61	6.445714e+01
50	69	62	3.371958e+04
50	69	63	4.008474e+04
50	70	61	8.374251e+01
50	70	62	4.380837e+04
50	70	63	5.207796e+04
50	70	64	1.453679e+03
50	70	65	8.787855e+04
50	70	66	5.173597e+04
50	71	61	1.069537e+03
50	71	62	5.595089e+05
50	71	63	6.651260e+05
50	71	64	-1.521217e+03
50	71	65	-9.196060e+04
50	71	66	-5.381385e+04
50	71	67	1.238352e+03
50	71	68	4.959563e+02
50	72	64	1.745047e+04
50	72	65	1.030601e+06
50	72	66	6.447645e+05
50	72	67	1.437046e+04
50	72	68	-7.667253e+02
50	72	69	2.545277e+00
50	72	70	5.966432e-01
50	73	63	8.532252e+00
50	73	64	1.456449e+03
50	73	65	2.191034e+04
50	73	66	3.960185e+04
50	73	67	2.022889e+04
50	73	68	5.435637e+03
50	73	69	4.881542e+02
50	73	70	1.134237e+02
50	74	63	3.788927e+02
50	74	64	4.847032e+04
50	74	65	5.450529e+05
50	74	66	6.668678e+05
50	74	67	2.229345e+05
50	74	68	1.342885e+05
50	74	69	1.061388e+03
50	74	70	1.513374e+02
50	75	62	4.175532e+02
50	75	63	1.091674e+03
50	75	64	7.388028e+04
50	75	65	3.146843e+05
50	75	66	2.035235e+05
50	75	67	3.143267e+05
50	75	68	2.062048e+05
50	75	69	1.220115e+04
50	75	70	1.166113e+04
50	76	59	7.518980e+02
50	76	60	5.517656e+03
50	76	61	8.472023e+02
50	76	62	4.235520e+04
50	76	63	-3.247026e+04
50	76	64	7.100166e+05
50	76	65	4.391655e+05
50	76	66	2.225641e+05
50	76	67	4.507708e+05
50	76	68	2.686890e+05
50	76	69	-1.067079e+04
50	76	70	1.133815e+04
50	77	42	1.223687e+03
50	77	43	4.365995e+03
50	77	44	2.547602e+04
50	77	59	6.104532e+03
50	77	60	4.479691e+04
50	77	61	9.628687e+03
50	77	62	3.847062e+04
50	77	63	-1.628386e+03
50	77	64	6.534049e+05
50	77	65	1.555869e+06
50	77	66	7.849249e+05
50	77	67	1.753849e+06
50	77	68	8.072609e+05
50	77	69	-1.167083e+05
50	77	71	1.227642e+00
50	77	72	9.130738e+03
50	77	73	8.715751e+03
50	78	42	5.324144e+03
50	78	43	1.899603e+04
50	78	44	1.108437e+05
50	78	59	1.339030e+03
50	78	60	9.826205e+03
50	78	61	1.845712e+04
50	78	62	-9.879229e+04
50	78	63	2.244105e+05
50	78	64	-1.419942e+03
50	78	65	6.992604e+05
50	78	66	2.097342e+05
50	78	67	2.812545e+06
50	78	68	1.895263e+05
50	78	69	1.073921e+05
50	78	71	3.437123e+01
50	78	72	2.553581e+05
50	78	73	2.437516e+05
50	79	42	2.716086e+04
50	79	43	9.690730e+04
50	79	44	5.654638e+05
50	79	60	1.123287e-02
50	79	61	3.429400e+04
50	79	62	-2.900092e+04
50	79	63	4.734375e+05
50	79	64	6.020325e+03
50	79	65	8.075546e+05
50	79	66	6.422827e+05
50	79	67	1.096771e+06
50	79	68	3.905779e+05
50	79	69	5.147693e+05
50	79	71	1.503987e+04
50	79	72	6.196271e+05
50	79	73	3.563516e+05
50	80	60	1.607379e+02
50	80	61	1.741454e+04
50	80	62	2.472011e+04
50	80	63	4.015827e+03
50	80	64	3.557842e+04
50	80	65	5.928469e+04
50	80	66	1.800454e+05
50	80	67	1.926732e+05
50	80	68	6.161728e+04
50	80	71	1.512027e+04
50	80	72	5.068149e+05
50	80	73	2.471644e+05
50	81	60	1.362233e+03
50	81	61	2.625152e+04
50	81	62	2.586701e+04
50	81	66	1.623944e+03
50	81	67	2.303181e+05
50	81	68	3.173151e+05
50	81	72	2.056369e+02
50	81	73	6.371738e+03
50	81	74	3.015992e+03
50	82	60	1.917341e+03
50	82	61	1.499813e+04
50	82	62	3.189337e+03
50	82	66	3.556846e-02
50	82	67	7.942796e+04
50	82	68	7.921560e+04
50	82	72	1.020699e+04
50	82	73	3.162676e+05
50	82	74	1.497018e+05
50	83	72	1.761409e+04
50	83	73	5.457793e+05
50	83	74	2.583386e+05
50	90	65	9.134002e+00
50	90	66	4.018875e+03
50	90	67	3.313827e+03
50	91	65	5.934502e+01
50	91	66	2.611125e+04
50	91	67	2.153045e+04
50	92	65	1.068836e+01
50	92	66	4.702779e+03
50	92	67	3.877751e+03
50	95	63	2.781651e+03
50	95	64	-2.993134e+03
50	95	65	3.191184e+04
50	96	63	4.356858e+03
50	96	64	-4.688101e+03
50	96	65	4.998303e+04
50	97	63	4.760471e+04
50	97	64	-5.122400e+04
50	97	65	5.461339e+05
50	98	90	2.723269e+03
50	98	91	-4.878170e+03
50	98	92	2.616070e+04
50	99	90	6.777358e+04
50	99	91	-1.214023e+05
50	99	92	6.510573e+05
50	100	90	2.931231e+04
50	100	91	-5.250691e+04
50	100	92	2.815845e+05
51	65	60	9.537752e-01
51	65	61	1.283194e+01
51	65	62	4.033043e+00
51	66	58	1.064970e+01
51	66	59	1.816970e+02
51	66	60	4.533176e+02
51	66	61	8.440401e+01
51	66	62	2.652796e+01
51	66	73	5.002562e+02
51	66	74	3.430949e+03
51	66	75	1.321557e+04
51	67	58	1.060445e+01
51	67	59	1.809249e+02
51	67	60	4.462874e+02
51	67	61	1.537958e+01
51	67	62	4.833761e+00
51	67	73	2.762066e+03
51	67	74	1.894331e+04
51	67	75	7.296718e+04
51	68	58	1.703047e+02
51	68	59	2.905608e+03
51	68	60	7.148904e+03
51	68	73	1.210511e+04
51	68	74	8.302146e+04
51	68	75	3.197879e+05
51	69	61	2.747653e+01
51	69	62	1.437385e+04
51	69	63	1.708716e+04
51	69	69	1.636644e+03
51	69	70	-1.481438e+03
51	69	71	1.945028e+04
51	70	55	4.837419e+01
51	70	56	4.069488e+02
51	70	57	9.188925e+01
51	70	60	4.602137e+00
51	70	61	2.973352e+02
51	70	62	1.911072e+04
51	70	63	2.219958e+04
51	70	69	1.443984e+04
51	70	70	-1.307048e+04
51	70	71	1.716067e+05
51	71	55	1.022972e+04
51	71	56	8.605768e+04
51	71	57	1.960744e+04
51	71	58	2.496660e+03
51	71	59	8.113597e+02
51	71	60	1.222913e+02
51	71	61	7.408346e+03
51	71	62	2.500980e+05
51	71	63	2.837757e+05
51	71	64	5.949274e+02
51	71	65	4.651059e+03
51	71	66	4.444028e+03
51	71	67	5.357765e+04
51	71	68	2.839999e+04
51	71	69	3.386374e+03
51	71	70	-3.065237e+03
51	71	71	4.024450e+04
51	72	55	7.734612e+03
51	72	56	6.506757e+04
51	72	57	1.765574e+04
51	72	58	4.213995e+04
51	72	59	1.369456e+04
51	72	60	2.546134e+02
51	72	61	1.447512e+04
51	72	62	2.413655e+04
51	72	63	5.666830e+03
51	72	64	1.813407e+04
51	72	65	1.244019e+05
51	72	66	2.135421e+05
51	72	67	1.063672e+05
51	72	68	-4.373774e+04
51	72	69	2.471747e+03
51	72	70	1.026447e+03
51	73	57	7.323696e+03
51	73	58	1.041423e+05
51	73	59	3.384398e+04
51	73	61	7.658791e+02
51	73	62	3.191820e+03
51	73	63	1.838772e+04
51	73	64	1.757334e+04
51	73	65	1.579533e+05
51	73	66	3.900721e+05
51	73	67	7.471392e+05
51	73	68	3.381851e+05
51	73	69	3.755960e+05
51	73	70	1.200062e+05
51	74	55	3.223184e+02
51	74	56	2.764261e+03
51	74	57	9.407087e+03
51	74	61	4.292222e+02
51	74	62	-5.835384e+03
51	74	63	4.875041e+03
51	74	64	4.419571e+05
51	74	65	1.595064e+06
51	74	66	2.032224e+06
51	74	67	1.413443e+06
51	74	68	4.583348e+05
51	74	69	5.829216e+05
51	74	70	1.244356e+05
51	74	72	1.462875e-02
51	74	73	1.922765e+02
51	74	74	1.990882e+02
51	75	55	2.804843e+03
51	75	56	2.405485e+04
51	75	57	8.186131e+04
51	75	61	6.787280e+03
51	75	62	3.917951e+04
51	75	63	1.896564e+05
51	75	64	7.638770e+05
51	75	65	1.132797e+06
51	75	66	1.179972e+06
51	75	67	1.286620e+06
51	75	68	9.497123e+05
51	75	69	8.050422e+05
51	75	70	3.117219e+05
51	75	71	2.164451e+02
51	75	72	1.475008e-01
51	75	73	1.938712e+03
51	75	74	2.007394e+03
51	76	55	6.506843e+02
51	76	56	5.580386e+03
51	76	57	1.899067e+04
51	76	59	1.343540e+04
51	76	60	9.859306e+04
51	76	61	4.306082e+04
51	76	62	1.464041e+05
51	76	63	2.850646e+05
51	76	64	1.262293e+06
51	76	65	2.590410e+06
51	76	66	3.671235e+06
51	76	67	2.776201e+06
51	76	68	1.907477e+06
51	76	69	7.530784e+05
51	76	70	3.189950e+05
51	76	71	3.673061e+03
51	76	72	1.681130e+02
51	76	73	5.027648e+02
51	76	74	5.205760e+02
51	77	42	1.696829e+03
51	77	43	6.054122e+03
51	77	44	3.532641e+04
51	77	59	1.090797e+05
51	77	60	8.004602e+05
51	77	61	1.599108e+05
51	77	62	-1.045492e+04
51	77	63	1.119942e+05
51	77	64	1.791243e+06
51	77	65	1.890659e+06
51	77	66	3.222378e+06
51	77	67	3.969060e+06
51	77	68	5.220119e+06
51	77	69	8.911600e+05
51	77	70	7.482307e+04
51	77	71	7.738114e+03
51	77	72	1.574212e+04
51	77	73	1.510856e+04
51	78	42	7.382742e+03
51	78	43	2.634091e+04
51	78	44	1.537018e+05
51	78	58	1.122972e+03
51	78	59	2.230344e+04
51	78	60	1.874192e+05
51	78	61	1.286425e+05
51	78	62	1.338564e+06
51	78	63	1.191682e+06
51	78	64	5.251788e+05
51	78	65	2.133619e+05
51	78	66	2.218049e+06
51	78	67	3.036354e+06
51	78	68	1.256033e+06
51	78	69	2.828919e+05
51	78	70	6.309687e+04
51	78	71	8.557053e+03
51	78	72	4.495701e+05
51	78	73	4.234572e+05
51	79	42	3.766270e+04
51	79	43	1.343768e+05
51	79	44	7.841024e+05
51	79	58	1.122607e+04
51	79	59	-1.622683e+04
51	79	60	1.185184e+05
51	79	61	7.554735e+04
51	79	62	-3.529950e+04
51	79	63	1.219373e+06
51	79	64	1.064035e+06
51	79	65	5.454561e+05
51	79	66	1.034560e+06
51	79	67	3.479521e+05
51	79	68	1.073113e+06
51	79	69	1.226858e+06
51	79	70	5.285729e+03
51	79	71	7.275891e+03
51	79	72	3.874635e+05
51	79	73	2.560620e+05
51	80	58	2.893167e+03
51	80	59	-4.181955e+03
51	80	60	3.580628e+04
51	80	61	4.391044e+05
51	80	62	5.762222e+05
51	80	63	1.741270e+05
51	80	64	5.621144e+05
51	80	65	8.435834e+05
51	80	66	7.892115e+04
51	80	67	6.219872e+05
51	80	68	6.216591e+05
51	80	69	8.122396e+04
51	80	70	7.254401e+03
51	80	71	5.216965e+02
51	80	72	1.889183e+05
51	80	73	5.394102e+04
51	81	60	2.536507e+04
51	81	61	5.559206e+05
51	81	62	5.737710e+05
51	81	63	1.855645e+01
51	81	64	6.147160e+03
51	81	65	7.634126e+03
51	81	66	4.157966e+03
51	81	67	7.228018e+05
51	81	68	8.590684e+05
51	81	69	3.016992e+03
51	81	70	4.303153e+03
51	81	72	1.120939e+02
51	81	73	3.473273e+03
51	81	74	1.644035e+03
51	82	60	3.415954e+04
51	82	61	2.672081e+05
51	82	62	5.682155e+04
51	82	66	-4.217312e-02
51	82	67	-9.417682e+04
51	82	68	-9.392503e+04
51	82	70	4.869217e+02
51	82	71	8.976501e+03
51	82	72	8.931414e+03
51	82	73	1.723994e+05
51	82	74	8.160335e+04
51	83	70	3.570966e+02
51	83	71	6.583149e+03
51	83	72	1.207121e+04
51	83	73	2.975076e+05
51	83	74	1.408220e+05
51	84	70	7.528859e+03
51	84	71	1.387960e+05
51	84	72	5.206911e+04
51	90	65	5.545521e+01
51	90	66	2.439977e+04
51	90	67	2.011922e+04
51	91	65	3.603011e+02
51	91	66	1.585291e+05
51	91	67	1.307177e+05
51	92	65	6.489220e+01
51	92	66	2.855195e+04
51	92	67	2.354297e+04
51	98	90	3.603117e+03
51	98	91	-6.454236e+03
51	98	92	3.461283e+04
51	99	90	8.967023e+04
51	99	91	-1.606256e+05
51	99	92	8.614044e+05
51	100	90	3.878269e+04
51	100	91	-6.947112e+04
51	100	92	3.725604e+05
52	65	60	6.399068e+03
52	65	61	8.609201e+04
52	65	62	2.705849e+04
52	66	58	7.260935e+02
52	66	59	1.238805e+04
52	66	60	7.257017e+04
52	66	61	5.662833e+05
52	66	62	1.779813e+05
52	66	71	1.344394e+01
52	66	72	9.628424e+01
52	66	73	3.618169e+02
52	67	57	9.142448e+01
52	67	58	6.029202e+02
52	67	59	1.333020e+04
52	67	60	3.801933e+04
52	67	61	1.031847e+05
52	67	62	3.243067e+04
52	67	71	2.813476e+03
52	67	72	2.014985e+04
52	67	73	7.571909e+04
52	68	57	6.316184e+03
52	68	58	3.314907e+03
52	68	59	2.668303e+05
52	68	60	4.874101e+05
52	68	71	3.691078e+03
52	68	72	2.643515e+04
52	68	73	9.933799e+04
52	69	57	1.006107e+04
52	69	58	-1.321538e+04
52	69	59	1.094752e+05
52	69	64	2.274370e+01
52	69	65	6.238480e+01
52	69	66	4.396068e+02
52	69	69	1.077688e+04
52	69	70	-9.754889e+03
52	69	71	1.280751e+05
52	70	55	-7.050571e+01
52	70	56	-5.931306e+02
52	70	57	-1.339292e+02
52	70	60	3.313301e+01
52	70	61	1.883657e+03
52	70	62	3.140905e+03
52	70	64	4.790944e+03
52	70	65	1.331396e+04
52	70	66	9.288153e+04
52	70	69	9.508270e+04
52	70	70	-8.606581e+04
52	70	71	1.129986e+06
52	71	55	-1.490988e+04
52	71	56	-1.254296e+05
52	71	57	-2.858697e+04
52	71	58	-3.766697e+03
52	71	59	-1.224094e+03
52	71	60	8.804343e+02
52	71	61	5.026912e+04
52	71	62	8.900436e+04
52	71	63	1.145980e+04
52	71	64	3.818379e+03
52	71	65	1.701145e+04
52	71	66	1.073866e+05
52	71	67	1.094582e+05
52	71	68	4.729063e+04
52	71	69	2.230913e+04
52	71	70	-2.018381e+04
52	71	71	2.649998e+05
52	72	55	-1.127325e+04
52	72	56	-9.483641e+04
52	72	57	-2.588505e+04
52	72	58	-6.357633e+04
52	72	59	-2.066092e+04
52	72	60	1.833085e+03
52	72	61	1.058987e+05
52	72	62	2.171686e+05
52	72	63	9.030371e+04
52	72	64	2.502123e+04
52	72	65	-4.850788e+04
52	72	66	6.117615e+05
52	72	67	4.402269e+05
52	72	68	-5.791082e+04
52	72	69	2.206762e+04
52	72	70	5.624278e+03
52	72	71	3.917469e-01
52	73	57	-1.104922e+04
52	73	58	-1.571190e+05
52	73	59	-5.106024e+04
52	73	61	-7.666028e+02
52	73	62	4.580910e+03
52	73	63	-1.015085e+04
52	73	64	1.327252e+04
52	73	65	1.081684e+05
52	73	66	1.567952e+06
52	73	67	2.126745e+06
52	73	68	6.524215e+05
52	73	69	8.940073e+05
52	73	70	4.803245e+05
52	73	71	1.707186e+03
52	74	55	-9.513859e+01
52	74	56	-8.159258e+02
52	74	57	-2.776686e+03
52	74	58	1.704613e+00
52	74	59	3.478877e+03
52	74	60	3.182553e+03
52	74	61	-1.224742e+03
52	74	62	1.141727e+04
52	74	63	7.579905e+04
52	74	64	8.254209e+05
52	74	65	2.105076e+06
52	74	66	4.568888e+06
52	74	67	4.333754e+06
52	74	68	1.993710e+06
52	74	69	1.184788e+06
52	74	70	5.087583e+05
52	74	71	2.767171e+04
52	74	72	3.169878e+00
52	74	73	4.166405e+04
52	74	74	4.314006e+04
52	75	55	-8.279045e+02
52	75	56	-7.100259e+03
52	75	57	-2.413979e+04
52	75	58	1.425560e+02
52	75	59	3.471689e+02
52	75	60	-2.179825e+02
52	75	61	-2.542697e+03
52	75	62	4.301906e+04
52	75	63	1.823486e+05
52	75	64	1.220603e+06
52	75	65	5.030594e+06
52	75	66	6.891290e+06
52	75	67	9.395005e+06
52	75	68	8.201102e+06
52	75	69	1.419565e+06
52	75	70	3.587278e+05
52	75	71	5.772551e+04
52	75	72	3.196168e+01
52	75	73	4.200961e+05
52	75	74	4.349786e+05
52	75	76	1.039219e+02
52	75	77	2.955753e+03
52	75	78	6.014099e+03
52	76	55	-1.920622e+02
52	76	56	-1.647160e+03
52	76	57	-2.651663e+03
52	76	58	1.820573e+04
52	76	59	1.275084e+05
52	76	60	8.024925e+04
52	76	61	-2.219399e+04
52	76	62	1.003778e+05
52	76	63	1.398434e+05
52	76	64	1.520315e+06
52	76	65	6.088973e+06
52	76	66	9.846738e+06
52	76	67	1.441251e+07
52	76	68	7.331985e+06
52	76	69	1.351563e+06
52	76	70	3.029820e+05
52	76	71	1.564483e+05
52	76	72	1.707748e+04
52	76	73	1.089439e+05
52	76	74	1.135409e+05
52	76	75	6.523761e+02
52	76	76	-4.220514e+01
52	76	77	-1.200401e+03
52	76	78	-2.442469e+03
52	77	57	2.057186e+03
52	77	58	1.266307e+04
52	77	59	9.222603e+04
52	77	60	2.954698e+05
52	77	61	6.345069e+04
52	77	62	1.117461e+05
52	77	63	3.135235e+05
52	77	64	1.098204e+06
52	77	65	3.615762e+06
52	77	66	9.108365e+06
52	77	67	1.466207e+07
52	77	68	6.985745e+06
52	77	69	4.925227e+05
52	77	70	2.895890e+05
52	77	71	1.496890e+05
52	77	72	-8.714514e+03
52	77	73	-1.265463e+00
52	77	74	-1.343433e+03
52	77	75	-1.187131e+03
52	77	76	1.354734e+03
52	77	77	3.853144e+04
52	77	78	7.840030e+04
52	78	58	1.102187e+04
52	78	59	-6.933986e+03
52	78	60	1.877850e+05
52	78	61	2.622249e+04
52	78	62	7.807155e+04
52	78	63	5.510187e+05
52	78	64	9.497204e+05
52	78	65	2.444997e+06
52	78	66	2.792786e+06
52	78	67	5.351672e+06
52	78	68	5.061403e+06
52	78	69	1.149134e+06
52	78	70	7.840276e+04
52	78	71	8.784339e+05
52	78	72	2.749620e+05
52	78	73	3.220278e+04
52	78	74	7.032731e+03
52	78	75	6.214506e+03
52	79	58	1.101830e+05
52	79	59	-1.579902e+05
52	79	60	1.213963e+06
52	79	61	1.231082e+05
52	79	62	2.776269e+05
52	79	63	1.630347e+06
52	79	64	1.884716e+06
52	79	65	1.138792e+06
52	79	66	2.657862e+06
52	79	67	1.957592e+06
52	79	68	3.180587e+06
52	79	69	2.223195e+06
52	79	70	8.858360e+04
52	79	71	6.695943e+04
52	79	72	1.273541e+06
52	79	73	5.797741e+05
52	80	58	2.839620e+04
52	80	59	-4.077835e+04
52	80	60	3.137600e+05
52	80	61	1.089937e+05
52	80	62	4.415901e+04
52	80	63	3.982547e+05
52	80	64	2.167654e+05
52	80	65	1.536291e+06
52	80	66	1.028970e+06
52	80	67	1.159276e+06
52	80	68	1.383762e+06
52	80	69	6.321483e+05
52	80	70	1.268857e+05
52	80	71	7.996518e+03
52	80	72	8.470599e+05
52	80	73	2.148758e+05
52	81	60	5.339572e+04
52	81	61	4.327968e+05
52	81	62	9.715150e+04
52	81	63	7.090202e+02
52	81	64	2.994053e+04
52	81	65	2.391391e+04
52	81	66	3.987326e+03
52	81	67	3.483415e+05
52	81	68	2.983836e+05
52	81	69	4.172321e+05
52	81	70	5.926363e+05
52	82	60	8.257216e+04
52	82	61	6.459088e+05
52	82	62	1.378486e+05
52	82	63	7.665353e+03
52	82	64	2.612289e+03
52	82	65	2.075633e-01
52	82	66	3.041122e+02
52	82	67	9.208599e+05
52	82	68	9.496522e+05
52	82	69	3.523192e+04
52	82	70	-8.117225e+02
52	82	71	-1.496427e+04
52	82	72	-5.613821e+03
52	83	62	4.083292e+03
52	83	63	6.301550e+04
52	83	64	2.147517e+04
52	83	65	2.329817e-01
52	83	66	3.975663e+01
52	83	67	1.318784e+03
52	83	68	5.547074e+04
52	83	69	5.027190e+04
52	83	70	-5.952976e+02
52	83	71	-1.097443e+04
52	83	72	-4.117040e+03
52	84	62	9.049022e+02
52	84	63	1.396492e+04
52	84	64	4.759131e+03
52	84	70	-1.255098e+04
52	84	71	-2.313798e+05
52	84	72	-8.680176e+04
52	86	62	5.166442e-01
52	86	63	9.788934e+01
52	86	64	7.283539e+01
52	87	62	2.976292e+01
52	87	63	5.639224e+03
52	87	64	4.195912e+03
52	88	62	1.729087e+01
52	88	63	3.276127e+03
52	88	64	2.437630e+03
52	90	65	2.294345e+02
52	90	66	1.009490e+05
52	90	67	8.323912e+04
52	91	65	1.490672e+03
52	91	66	6.558814e+05
52	91	67	5.408174e+05
52	92	65	2.684781e+02
52	92	66	1.181278e+05
52	92	67	9.740418e+04
53	63	86	9.248437e+01
53	63	87	-1.231091e+02
53	63	88	1.002184e+03
53	64	86	3.361592e+03
53	64	87	-4.474731e+03
53	64	88	3.642705e+04
53	65	60	6.093180e+03
53	65	61	8.197665e+04
53	65	62	2.576504e+04
53	65	86	1.688449e+03
53	65	87	-2.247553e+03
53	65	88	1.829645e+04
53	66	30	3.405084e+00
53	66	31	9.564379e+02
53	66	32	7.507859e+02
53	66	58	1.160039e+03
53	66	59	1.979170e+04
53	66	60	8.877395e+04
53	66	61	5.392139e+05
53	66	62	1.694735e+05
53	66	66	6.328821e+01
53	66	67	4.401144e+02
53	66	68	1.681833e+03
53	66	71	-2.357051e+01
53	66	72	-1.688097e+02
53	66	73	-6.343531e+02
53	67	30	7.321501e+00
53	67	31	2.056501e+03
53	67	32	1.614315e+03
53	67	57	7.987606e+02
53	67	58	1.059238e+02
53	67	59	2.839896e+04
53	67	60	5.579111e+04
53	67	61	9.825225e+04
53	67	62	3.088042e+04
53	67	66	5.872777e+01
53	67	67	4.084005e+02
53	67	68	1.560643e+03
53	67	71	-4.932709e+03
53	67	72	-3.532759e+04
53	67	73	-1.327540e+05
53	68	30	6.206706e+01
53	68	31	1.743372e+04
53	68	32	1.368514e+04
53	68	57	5.518346e+04
53	68	58	-5.393366e+04
53	68	59	9.169540e+05
53	68	60	7.787081e+05
53	68	66	1.003470e+03
53	68	67	6.978259e+03
53	68	68	2.666640e+04
53	68	71	-6.471358e+03
53	68	72	-4.634725e+04
53	68	73	-1.741637e+05
53	69	57	8.790188e+04
53	69	58	-1.154606e+05
53	69	59	9.564664e+05
53	69	64	-2.990530e+01
53	69	65	-8.202869e+01
53	69	66	-5.780314e+02
53	69	69	1.965690e+03
53	69	70	-1.779280e+03
53	69	71	2.336075e+04
53	70	55	5.084311e+02
53	70	56	4.277187e+03
53	70	57	9.657910e+02
53	70	60	1.241387e+02
53	70	61	7.057454e+03
53	70	62	1.176795e+04
53	70	64	-6.253362e+03
53	70	65	-1.557683e+04
53	70	66	-1.123786e+05
53	70	67	1.389837e+03
53	70	68	1.612866e+00
53	70	69	1.734579e+04
53	70	70	-1.569830e+04
53	70	71	2.061081e+05
53	71	55	1.075182e+05
53	71	56	9.044989e+05
53	71	57	2.060581e+05
53	71	58	2.590550e+04
53	71	59	8.418721e+03
53	71	60	3.298702e+03
53	71	61	1.893292e+05
53	71	62	3.588891e+05
53	71	63	1.002027e+05
53	71	64	3.620362e+03
53	71	65	8.069208e+04
53	71	66	-5.099397e+04
53	71	67	2.807431e+05
53	71	68	3.545564e+04
53	71	69	6.275256e+04
53	71	70	-3.681502e+03
53	71	71	4.833564e+04
53	72	55	8.129370e+04
53	72	56	6.838849e+05
53	72	57	1.851705e+05
53	72	58	4.372469e+05
53	72	59	1.420957e+05
53	72	60	6.867977e+03
53	72	61	4.044980e+05
53	72	62	1.012707e+06
53	72	63	8.383775e+05
53	72	64	2.856560e+05
53	72	65	1.242085e+06
53	72	66	4.784084e+05
53	72	67	-1.446189e+05
53	72	68	4.909578e+05
53	72	69	3.764942e+05
53	72	70	2.551075e+04
53	72	71	4.175069e+03
53	73	57	7.599115e+04
53	73	58	1.080588e+06
53	73	59	3.511674e+05
53	73	61	1.101523e+04
53	73	62	1.109406e+05
53	73	63	3.504939e+05
53	73	64	-7.000727e+04
53	73	65	6.792772e+05
53	73	66	9.177167e+05
53	73	67	3.931629e+06
53	73	68	8.937548e+05
53	73	69	1.135788e+06
53	73	70	2.923642e+05
53	73	71	4.305013e+04
53	73	72	2.266013e+01
53	74	55	4.281477e+03
53	74	56	3.671873e+04
53	74	57	1.249579e+05
53	74	58	2.542074e+01
53	74	59	5.188016e+04
53	74	60	4.746112e+04
53	74	61	2.849284e+03
53	74	62	-2.950974e+04
53	74	63	4.986200e+05
53	74	64	2.016642e+06
53	74	65	1.205593e+06
53	74	66	7.940584e+06
53	74	67	7.695385e+06
53	74	68	4.722848e+05
53	74	69	1.451932e+06
53	74	70	9.568592e+05
53	74	71	3.219855e+05
53	74	72	4.097018e+02
53	74	73	3.161038e+04
53	74	74	3.273023e+04
53	75	55	3.725780e+04
53	75	56	3.195296e+05
53	75	57	1.087378e+06
53	75	58	-1.064768e+02
53	75	59	-3.983201e+03
53	75	60	-3.250752e+03
53	75	61	8.416913e+04
53	75	62	6.330521e+05
53	75	63	3.067437e+06
53	75	64	2.389425e+06
53	75	65	7.025834e+06
53	75	66	1.696672e+07
53	75	67	2.045918e+07
53	75	68	1.110428e+07
53	75	69	5.634315e+06
53	75	70	6.927587e+05
53	75	71	5.815998e+05
53	75	72	1.005278e+03
53	75	73	3.187256e+05
53	75	74	3.300169e+05
53	75	76	5.464754e+01
53	75	77	1.554289e+03
53	75	78	3.162528e+03
53	76	55	8.643285e+03
53	76	56	7.412638e+04
53	76	57	2.500919e+05
53	76	58	-1.299645e+04
53	76	59	6.602368e+05
53	76	60	6.540838e+05
53	76	61	1.879754e+05
53	76	62	9.275830e+04
53	76	63	3.366275e+06
53	76	64	2.998190e+06
53	76	65	1.381725e+07
53	76	66	2.760099e+07
53	76	67	3.039020e+07
53	76	68	1.478615e+07
53	76	69	6.220248e+06
53	76	70	1.112689e+06
53	76	71	1.159925e+06
53	76	72	1.552833e+04
53	76	73	8.824187e+04
53	76	74	1.329506e+05
53	76	75	4.185658e+04
53	76	76	-2.219367e+01
53	76	77	-6.312338e+02
53	76	78	-1.284378e+03
53	77	57	-1.510174e+03
53	77	58	-8.728954e+03
53	77	59	2.771862e+04
53	77	60	4.507549e+04
53	77	61	2.366756e+04
53	77	62	8.777977e+05
53	77	63	1.785002e+06
53	77	64	3.732792e+06
53	77	65	8.047315e+06
53	77	66	2.336296e+07
53	77	67	3.069193e+07
53	77	68	1.213490e+07
53	77	69	2.826606e+06
53	77	70	1.488082e+06
53	77	71	9.846476e+05
53	77	72	4.735061e+04
53	77	73	7.089591e+04
53	77	74	-8.619490e+04
53	77	75	-7.616654e+04
53	77	76	7.123898e+02
53	77	77	2.026184e+04
53	77	78	4.122697e+04
53	78	58	3.290931e+03
53	78	59	5.394711e+04
53	78	60	1.205629e+05
53	78	61	1.117815e+05
53	78	62	4.439068e+05
53	78	63	1.854154e+06
53	78	64	2.475216e+06
53	78	65	6.820207e+06
53	78	66	9.239182e+06
53	78	67	1.870883e+07
53	78	68	9.967132e+06
53	78	69	1.706117e+06
53	78	70	1.325396e+06
53	78	71	9.334757e+05
53	78	72	2.339600e+05
53	78	73	3.805591e+04
53	78	74	4.512774e+05
53	78	75	3.987240e+05
53	79	58	2.801742e+04
53	79	59	-3.068871e+04
53	79	60	6.997738e+05
53	79	61	8.256976e+05
53	79	62	3.841028e+05
53	79	63	1.910021e+06
53	79	64	2.814595e+06
53	79	65	1.523895e+06
53	79	66	3.457242e+06
53	79	67	4.281178e+06
53	79	68	4.367405e+06
53	79	69	7.863215e+05
53	79	70	8.516770e+04
53	79	71	3.639469e+04
53	79	72	7.183016e+05
53	79	73	2.855821e+05
53	79	74	1.425943e+04
53	80	58	7.220610e+03
53	80	59	-8.381022e+03
53	80	60	1.909299e+05
53	80	61	1.103710e+06
53	80	62	5.847178e+05
53	80	63	1.551409e+06
53	80	64	1.714729e+06
53	80	65	1.454744e+06
53	80	66	8.365824e+05
53	80	67	1.884213e+06
53	80	68	7.724002e+05
53	80	69	1.908942e+05
53	80	70	1.836283e+05
53	80	71	-8.541573e+04
53	80	72	1.488369e+06
53	80	73	1.040621e+05
53	80	74	1.655244e+04
53	81	60	8.050708e+03
53	81	61	2.303903e+05
53	81	62	1.056708e+05
53	81	63	8.336453e+03
53	81	64	3.082317e+05
53	81	65	2.239425e+05
53	81	66	3.454846e+04
53	81	67	6.303652e+05
53	81	68	4.567084e+05
53	81	69	2.990352e+05
53	81	70	4.185720e+05
53	82	62	3.677162e+02
53	82	63	5.674788e+03
53	82	64	1.933921e+03
53	82	65	1.167929e+03
53	82	66	2.280408e+05
53	82	67	8.113836e+05
53	82	68	6.355448e+05
53	82	69	1.201908e+05
53	82	70	4.845402e+03
53	82	71	8.932597e+04
53	82	72	3.351049e+04
53	83	62	3.022929e+03
53	83	63	4.665143e+04
53	83	64	1.589842e+04
53	83	65	1.310955e+03
53	83	66	2.237049e+05
53	83	67	3.061449e+05
53	83	68	1.796786e+05
53	83	69	1.661859e+05
53	83	70	3.553501e+03
53	83	71	6.550951e+04
53	83	72	2.457578e+04
53	83	74	2.023450e-01
53	83	75	5.920999e+00
53	83	76	2.740171e+00
53	84	62	6.699141e+02
53	84	63	1.033846e+04
53	84	64	3.523264e+03
53	84	70	7.492035e+04
53	84	71	1.381172e+06
53	84	72	5.181444e+05
53	84	74	2.863576e+03
53	84	75	8.379367e+04
53	84	76	3.877876e+04
53	85	74	2.961288e+03
53	85	75	8.665291e+04
53	85	76	4.010199e+04
53	86	62	2.419855e+01
53	86	63	4.584936e+03
53	86	64	3.411460e+03
53	87	62	1.394034e+03
53	87	63	2.641297e+05
53	87	64	1.965279e+05
53	88	62	8.098689e+02
53	88	63	1.534471e+05
53	88	64	1.141736e+05
54	63	86	7.630171e+02
54	63	87	-1.015678e+03
54	63	88	8.268243e+03
54	64	86	2.773390e+04
54	64	87	-3.691755e+04
54	64	88	3.005314e+05
54	65	86	1.393009e+04
54	65	87	-1.854282e+04
54	65	88	1.509499e+05
54	66	30	1.245948e+02
54	66	31	3.499683e+04
54	66	32	2.747186e+04
54	66	66	8.915856e+02
54	66	67	6.200202e+03
54	66	68	2.369317e+04
54	66	71	1.305822e+02
54	66	72	9.352172e+02
54	66	73	3.514359e+03
54	67	30	2.678996e+02
54	67	31	7.524905e+04
54	67	32	5.906910e+04
54	67	57	1.858851e+02
54	67	58	-2.441633e+02
54	67	59	2.022629e+03
54	67	66	8.273395e+02
54	67	67	5.753426e+03
54	67	68	2.198588e+04
54	67	71	2.732754e+04
54	67	72	1.957172e+05
54	67	73	7.354661e+05
54	68	30	2.271084e+03
54	68	31	6.379139e+05
54	68	32	5.007505e+05
54	68	57	1.284213e+04
54	68	58	-1.686835e+04
54	68	59	1.397361e+05
54	68	63	7.030092e-01
54	68	64	7.625994e+00
54	68	65	2.301133e+01
54	68	66	1.413659e+04
54	68	67	9.830765e+04
54	68	68	3.756684e+05
54	68	71	3.585176e+04
54	68	72	2.567669e+05
54	68	73	9.648785e+05
54	69	57	2.045625e+04
54	69	58	-2.686964e+04
54	69	59	2.225859e+05
54	69	63	6.202611e+02
54	69	64	6.975769e+03
54	69	65	2.098136e+04
54	69	66	4.781867e+03
54	70	63	5.415131e+02
54	70	64	5.808763e+04
54	70	65	1.755739e+05
54	70	66	1.087228e+06
54	70	67	2.829847e+04
54	70	68	7.122201e+03
54	70	69	-2.959880e+00
54	71	61	4.018694e+02
54	71	62	1.034845e+04
54	71	63	2.178080e+04
54	71	64	5.139142e+04
54	71	65	2.895402e+05
54	71	66	1.228200e+06
54	71	67	1.110737e+05
54	71	68	-4.297214e+04
54	71	69	-5.872665e+04
54	72	61	3.151729e+03
54	72	62	8.111189e+04
54	72	63	1.868268e+05
54	72	64	1.595509e+05
54	72	65	4.999368e+05
54	72	66	2.123596e+06
54	72	67	9.788213e+05
54	72	68	6.192137e+05
54	72	69	4.253680e+05
54	72	70	5.115222e+04
54	72	71	4.016019e+03
54	73	61	7.828083e+02
54	73	62	1.985943e+04
54	73	63	2.646461e+04
54	73	64	-1.606470e+05
54	73	65	4.817183e+05
54	73	66	1.813807e+06
54	73	67	2.193612e+06
54	73	68	6.763960e+05
54	73	69	6.527409e+05
54	73	70	1.818791e+05
54	73	71	7.824084e+04
54	73	72	3.552466e+03
54	74	58	8.494854e+00
54	74	59	1.733681e+04
54	74	60	1.586009e+04
54	74	61	2.452318e+02
54	74	62	2.317215e+04
54	74	63	4.010647e+05
54	74	64	1.874968e+06
54	74	65	1.495850e+06
54	74	66	5.738486e+06
54	74	67	7.404825e+06
54	74	68	2.845749e+06
54	74	69	4.559957e+06
54	74	70	2.955132e+06
54	74	71	8.971852e+05
54	74	72	6.385260e+04
54	75	57	2.847895e+02
54	75	58	1.806821e+03
54	75	59	9.659055e+03
54	75	60	1.125304e+03
54	75	62	1.585363e+05
54	75	63	4.490382e+05
54	75	64	3.102074e+06
54	75	65	6.941826e+06
54	75	66	1.326513e+07
54	75	67	1.793083e+07
54	75	68	9.527888e+06
54	75	69	5.318321e+06
54	75	70	2.904000e+06
54	75	71	1.408864e+06
54	75	72	1.538964e+05
54	75	73	3.230881e+01
54	75	76	1.562647e+03
54	75	77	4.444493e+04
54	75	78	9.043253e+04
54	76	57	3.629363e+04
54	76	58	2.234788e+05
54	76	59	1.152909e+06
54	76	60	2.169768e+05
54	76	61	5.066492e+01
54	76	62	6.778091e+04
54	76	63	6.312069e+04
54	76	64	1.889011e+06
54	76	65	9.054507e+06
54	76	66	2.345593e+07
54	76	67	2.505939e+07
54	76	68	1.302519e+07
54	76	69	5.705307e+06
54	76	70	1.464897e+06
54	76	71	5.373737e+05
54	76	72	1.485291e+04
54	76	73	-3.610202e+03
54	76	74	7.673636e+04
54	76	75	6.780845e+04
54	76	76	-6.346282e+02
54	76	77	-1.805014e+04
54	76	78	-3.672680e+04
54	77	57	2.527678e+04
54	77	58	1.604156e+05
54	77	59	1.167357e+06
54	77	60	3.587475e+05
54	77	61	4.690468e+02
54	77	62	1.279324e+05
54	77	63	4.194858e+05
54	77	64	3.289845e+06
54	77	65	7.795632e+06
54	77	66	2.829202e+07
54	77	67	3.631763e+07
54	77	68	1.143014e+07
54	77	69	1.471402e+06
54	77	70	3.553949e+05
54	77	71	2.810245e+05
54	77	72	-5.547843e+04
54	77	73	-6.335517e+04
54	77	74	-1.396374e+05
54	77	75	-1.233912e+05
54	77	76	2.037080e+04
54	77	77	5.793877e+05
54	77	78	1.178886e+06
54	78	58	3.599210e+03
54	78	59	4.183300e+05
54	78	60	2.970956e+05
54	78	61	2.273146e+04
54	78	62	5.625888e+04
54	78	63	1.466144e+06
54	78	64	1.539864e+06
54	78	65	2.551858e+06
54	78	66	9.958261e+06
54	78	67	1.440533e+07
54	78	68	9.982465e+06
54	78	69	1.662173e+06
54	78	70	7.826198e+05
54	78	71	7.501914e+05
54	78	72	1.685697e+05
54	78	73	2.509852e+04
54	78	74	7.601229e+05
54	78	75	6.459403e+05
54	79	58	4.594128e+00
54	79	59	2.942063e+03
54	79	60	8.484311e+04
54	79	61	1.483373e+05
54	79	62	4.522194e+04
54	79	63	7.480547e+05
54	79	64	2.844635e+05
54	79	65	1.530221e+06
54	79	66	2.830751e+06
54	79	67	3.628850e+06
54	79	68	4.999397e+06
54	79	69	2.559228e+05
54	79	70	-3.598049e+03
54	79	71	1.888706e+05
54	79	72	9.061717e+04
54	79	73	3.333048e+05
54	79	74	9.049926e+05
54	80	59	4.311761e+02
54	80	60	1.764511e+04
54	80	61	5.827754e+04
54	80	62	6.690064e+04
54	80	63	6.450551e+05
54	80	64	3.203198e+05
54	80	65	8.359865e+05
54	80	66	1.291527e+06
54	80	67	1.967716e+06
54	80	68	3.119633e+06
54	80	69	-1.440555e+04
54	80	70	6.065202e+03
54	80	71	1.054695e+05
54	80	72	7.460567e+04
54	80	73	-6.365176e+03
54	80	74	8.174194e+05
54	81	63	2.333884e+03
54	81	64	5.704421e+04
54	81	65	2.484122e+04
54	81	66	1.718070e+04
54	81	67	1.479829e+05
54	81	68	1.767665e+05
54	81	69	3.490320e+04
54	82	62	7.687085e+03
54	82	63	1.186311e+05
54	82	64	4.042851e+04
54	82	65	1.231678e+03
54	82	66	3.824774e+05
54	82	67	1.511274e+06
54	82	68	7.385577e+05
54	82	69	7.236499e+05
54	83	62	6.319416e+04
54	83	63	9.752453e+05
54	83	64	3.323556e+05
54	83	65	1.382511e+03
54	83	66	2.359154e+05
54	83	67	3.441759e+05
54	83	68	1.122186e+06
54	83	69	1.023024e+06
54	83	74	-4.032822e-01
54	83	75	-1.180080e+01
54	83	76	-5.461279e+00
54	84	62	1.400452e+04
54	84	63	2.161250e+05
54	84	64	7.365363e+04
54	84	68	1.559137e+02
54	84	69	-2.855254e+02
54	84	70	1.480080e+03
54	84	74	-5.707229e+03
54	84	75	-1.670044e+05
54	84	76	-7.728774e+04
54	85	68	-2.884988e+02
54	85	69	5.283291e+02
54	85	70	-2.738703e+03
54	85	74	-5.901974e+03
54	85	75	-1.727030e+05
54	85	76	-7.992498e+04
54	86	62	4.240427e+01
54	86	63	8.034399e+03
54	86	64	5.978062e+03
54	86	68	1.471583e+03
54	86	69	-2.694916e+03
54	86	70	1.396966e+04
54	87	62	2.442832e+03
54	87	63	4.628469e+05
54	87	64	3.443851e+05
54	88	62	1.419172e+03
54	88	63	2.688925e+05
54	88	64	2.000717e+05
55	63	75	6.426387e-02
55	63	76	6.544779e+01
55	63	77	7.411306e+01
55	63	86	2.651228e+03
55	63	87	-3.529141e+03
55	63	88	2.872937e+04
55	64	75	7.285599e+00
55	64	76	7.419820e+03
55	64	77	8.402202e+03
55	64	86	9.636599e+04
55	64	87	-1.282761e+05
55	64	88	1.044246e+06
55	65	75	1.050843e+01
55	65	76	1.070203e+04
55	65	77	1.211897e+04
55	65	86	4.840238e+04
55	65	87	-6.443007e+04
55	65	88	5.245002e+05
55	66	30	6.272954e+01
55	66	31	1.761980e+04
55	66	32	1.383121e+04
55	66	66	2.381068e+03
55	66	67	1.655826e+04
55	66	68	6.327497e+04
55	67	30	1.348790e+02
55	67	31	3.788552e+04
55	67	32	2.973943e+04
55	67	66	2.209492e+03
55	67	67	1.536510e+04
55	67	68	5.871549e+04
55	68	30	1.143419e+03
55	68	31	3.211695e+05
55	68	32	2.521121e+05
55	68	63	1.873814e+01
55	68	64	2.032647e+02
55	68	65	6.133483e+02
55	68	66	3.775316e+04
55	68	67	2.625403e+05
55	68	68	1.003260e+06
55	69	56	3.243375e+02
55	69	57	6.801860e+03
55	69	58	2.720300e+03
55	69	63	1.653256e+04
55	69	64	1.793393e+05
55	69	65	5.411538e+05
55	70	56	5.215293e+02
55	70	57	1.093728e+04
55	70	58	4.374197e+03
55	70	63	1.443359e+04
55	70	64	1.565705e+05
55	70	65	4.752331e+05
55	70	66	2.117944e+04
55	70	67	1.088651e+05
55	70	68	4.799038e+04
55	70	69	3.255441e+01
55	71	56	5.576811e+03
55	71	57	1.169544e+05
55	71	58	4.677411e+04
55	71	65	6.624788e+02
55	71	66	-1.699192e+03
55	71	67	-1.545055e+05
55	71	68	3.024100e+05
55	71	69	6.585741e+05
55	72	61	2.948415e+02
55	72	62	4.657742e+03
55	72	63	1.547802e+04
55	72	64	8.242139e+04
55	72	65	1.094063e+05
55	72	66	3.756487e+05
55	72	67	1.324300e+06
55	72	68	9.011819e+05
55	72	69	6.637030e+05
55	72	70	6.805685e+03
55	73	61	6.964527e+03
55	73	62	1.102162e+05
55	73	63	2.844978e+05
55	73	64	6.998227e+05
55	73	65	8.315799e+05
55	73	66	8.228059e+05
55	73	67	8.844226e+05
55	73	68	4.858632e+05
55	73	69	2.489281e+05
55	73	70	6.695533e+04
55	73	71	1.332742e+04
55	73	72	4.856791e+03
55	74	61	1.511345e+04
55	74	62	2.412128e+05
55	74	63	6.771748e+05
55	74	64	7.440332e+05
55	74	65	8.423662e+05
55	74	66	2.902122e+06
55	74	67	1.408741e+06
55	74	68	7.520439e+05
55	74	69	6.640516e+05
55	74	70	1.823400e+05
55	74	71	2.395492e+05
55	74	72	8.729673e+04
55	75	58	1.099112e+03
55	75	59	7.587532e+04
55	75	60	4.710942e+04
55	75	62	3.432635e+04
55	75	63	1.123553e+05
55	75	64	1.925587e+06
55	75	65	5.408709e+06
55	75	66	8.960297e+06
55	75	67	1.123869e+07
55	75	68	5.519488e+06
55	75	69	3.145339e+06
55	75	70	6.907259e+05
55	75	71	5.772729e+05
55	75	72	2.143781e+05
55	75	73	1.344146e+03
55	76	58	-9.842685e+02
55	76	59	-3.668887e+04
55	76	60	1.595101e+04
55	76	61	5.332717e+04
55	76	62	6.729487e+04
55	76	63	1.764067e+05
55	76	64	3.453177e+06
55	76	65	7.153283e+06
55	76	66	1.413866e+07
55	76	67	1.267685e+07
55	76	68	4.806492e+06
55	76	69	9.971559e+05
55	76	70	1.811562e+06
55	76	71	5.622689e+04
55	76	72	3.215063e+05
55	76	73	1.261412e+05
55	77	58	1.424637e+04
55	77	59	1.128074e+06
55	77	60	9.453956e+05
55	77	61	4.920492e+05
55	77	62	2.248398e+05
55	77	63	1.699667e+05
55	77	64	2.543906e+06
55	77	65	6.288434e+06
55	77	66	1.106947e+07
55	77	67	1.063717e+07
55	77	68	5.040702e+06
55	77	69	1.879314e+06
55	77	70	1.094949e+06
55	77	71	-1.623669e+04
55	77	72	8.706071e+05
55	77	73	9.470445e+05
55	78	58	1.850021e+02
55	78	59	-1.731436e+04
55	78	60	3.047031e+04
55	78	61	1.195010e+05
55	78	62	1.925713e+05
55	78	63	2.441494e+05
55	78	64	1.912783e+05
55	78	65	2.190808e+06
55	78	66	6.999454e+06
55	78	67	6.981103e+06
55	78	68	6.218169e+06
55	78	69	7.565492e+05
55	78	70	2.958549e+05
55	78	71	5.733273e+05
55	78	72	1.264362e+06
55	78	73	3.068633e+05
55	78	74	3.260496e+04
55	79	58	3.458768e+03
55	79	59	6.662618e+05
55	79	60	4.969652e+05
55	79	62	3.380874e+02
55	79	63	2.024174e+05
55	79	64	-3.282205e+05
55	79	65	1.900175e+06
55	79	66	8.967870e+05
55	79	67	2.136217e+06
55	79	68	1.870036e+06
55	79	69	1.265846e+06
55	79	70	4.240884e+05
55	79	71	9.490976e+05
55	79	72	1.169157e+05
55	79	73	4.387741e+05
55	79	74	6.522605e+05
55	80	62	1.499640e+02
55	80	63	8.890011e+04
55	80	64	6.538239e+04
55	80	65	1.313756e+06
55	80	66	1.056681e+06
55	80	67	1.895852e+06
55	80	68	1.695667e+06
55	80	69	7.140796e+05
55	80	70	4.709575e+05
55	80	71	5.568703e+05
55	80	72	4.124099e+04
55	80	73	6.132739e+04
55	80	74	4.833866e+05
55	81	65	1.242342e+04
55	81	66	4.409823e+05
55	81	67	2.156131e+05
55	81	68	8.614772e+01
55	81	69	8.074545e+04
55	81	70	2.873056e+04
55	82	66	3.194805e+04
55	82	67	2.208852e+05
55	82	68	2.000655e+04
55	82	69	1.852280e+05
55	83	67	4.669472e+03
55	83	68	-4.803544e+03
55	83	69	5.410699e+04
55	83	74	1.825323e+00
55	83	75	5.341242e+01
55	83	76	2.471866e+01
55	84	68	1.638695e+04
55	84	69	-3.000949e+04
55	84	70	1.555604e+05
55	84	74	2.583188e+04
55	84	75	7.558899e+05
55	84	76	3.498173e+05
55	85	68	-3.032200e+04
55	85	69	5.552882e+04
55	85	70	-2.878451e+05
55	85	74	2.671333e+04
55	85	75	7.816827e+05
55	85	76	3.617539e+05
55	86	68	1.546674e+05
55	86	69	-2.832430e+05
55	86	70	1.468249e+06
56	63	75	9.074642e-01
56	63	76	9.241822e+02
56	63	77	1.046544e+03
56	64	75	1.028793e+02
56	64	76	1.047746e+05
56	64	77	1.186467e+05
56	65	75	1.483886e+02
56	65	76	1.511223e+05
56	65	77	1.711309e+05
56	68	63	8.346073e+00
56	68	64	9.053523e+01
56	68	65	4.928516e+02
56	68	66	2.362606e+02
56	68	67	3.547724e+03
56	69	56	-4.317155e+02
56	69	57	-9.053744e+03
56	69	58	-3.620906e+03
56	69	63	7.363693e+03
56	69	64	7.987873e+04
56	69	65	2.424223e+05
56	69	66	1.494395e+03
56	69	67	2.244005e+04
56	70	56	-6.941914e+02
56	70	57	-1.455827e+04
56	70	58	-5.822357e+03
56	70	63	6.428803e+03
56	70	64	6.973737e+04
56	70	65	2.106754e+05
56	70	66	1.009952e+03
56	70	67	2.447751e+04
56	70	68	9.268442e+03
56	71	56	-7.423119e+03
56	71	57	-1.556743e+05
56	71	58	-6.225956e+04
56	71	66	-4.791674e+02
56	71	67	-1.713460e+04
56	71	68	-8.399804e+03
56	72	60	1.724671e+00
56	72	61	2.231167e+02
56	72	62	2.855694e+03
56	72	63	7.414959e+03
56	72	64	1.252968e+05
56	72	65	1.319055e+05
56	72	66	1.378639e+04
56	72	67	2.359140e+05
56	72	68	1.353665e+05
56	72	69	9.470374e+03
56	72	70	1.683811e+04
56	73	60	4.261761e+02
56	73	61	1.613809e+04
56	73	62	8.963221e+04
56	73	63	2.460744e+05
56	73	64	1.157500e+06
56	73	65	2.018072e+06
56	73	66	3.142655e+05
56	73	67	7.367561e+04
56	73	68	9.409550e+05
56	73	69	1.500829e+05
56	73	70	2.182293e+05
56	74	60	5.474515e+02
56	74	61	2.440760e+04
56	74	62	1.728128e+05
56	74	63	4.762224e+05
56	74	64	5.321756e+05
56	74	65	1.451296e+06
56	74	66	9.721166e+05
56	74	67	5.673761e+05
56	74	68	5.356248e+05
56	74	69	4.940182e+05
56	74	70	7.783787e+05
56	75	58	4.257980e+02
56	75	59	2.472914e+04
56	75	60	1.273548e+04
56	75	61	1.784744e+03
56	75	62	1.413213e+03
56	75	63	2.551766e+04
56	75	64	4.630068e+05
56	75	65	1.367827e+06
56	75	66	2.110631e+06
56	75	67	3.535339e+06
56	75	68	1.409405e+06
56	75	69	5.179301e+05
56	75	70	5.457960e+05
56	75	71	5.184252e+02
56	75	72	7.444574e+03
56	75	73	2.433413e+03
56	76	58	-4.639176e+02
56	76	59	-8.365840e+04
56	76	60	-5.706147e+04
56	76	61	6.130829e+04
56	76	62	2.952358e+03
56	76	63	4.766192e+04
56	76	64	1.195140e+06
56	76	65	3.169054e+06
56	76	66	2.490180e+06
56	76	67	4.715800e+06
56	76	68	1.728235e+06
56	76	69	-2.955744e+05
56	76	70	2.667402e+06
56	76	71	3.067076e+04
56	76	72	3.502263e+05
56	76	73	1.096434e+05
56	77	58	5.212492e+03
56	77	59	2.548289e+05
56	77	60	3.064971e+05
56	77	61	5.561087e+05
56	77	62	2.976217e+05
56	77	63	3.049526e+05
56	77	64	9.275987e+05
56	77	65	1.573861e+06
56	77	66	1.523691e+06
56	77	67	3.962347e+06
56	77	68	1.147519e+06
56	77	69	5.853193e+05
56	77	70	-2.643293e+02
56	77	71	3.664128e+04
56	77	72	5.815525e+05
56	77	73	1.941543e+05
56	78	58	-4.683402e+02
56	78	59	-8.718995e+04
56	78	60	-1.012878e+04
56	78	61	1.351073e+05
56	78	62	4.146413e+05
56	78	63	4.061130e+05
56	78	64	2.298897e+05
56	78	65	3.825931e+05
56	78	66	4.339472e+05
56	78	67	2.257426e+06
56	78	68	3.363936e+06
56	78	69	3.307691e+05
56	78	70	3.271972e+01
56	78	71	5.357645e+05
56	78	72	5.135674e+05
56	79	58	2.985701e+03
56	79	59	5.751350e+05
56	79	60	4.289936e+05
56	79	62	1.022284e+04
56	79	63	3.045648e+05
56	79	64	1.419611e+05
56	79	65	1.896833e+03
56	79	66	7.421727e+04
56	79	67	2.673161e+05
56	79	68	1.220378e+06
56	79	69	5.732105e+05
56	79	70	1.765169e+05
56	79	71	5.803113e+05
56	79	72	4.707425e+05
56	80	52	2.600137e+00
56	80	53	1.347185e+02
56	80	54	7.591880e+01
56	80	62	4.534504e+03
56	80	63	1.350946e+05
56	80	64	6.296910e+04
56	80	65	-1.170129e+03
56	80	66	-4.143055e+04
56	80	67	1.824701e+05
56	80	68	6.332930e+05
56	80	69	1.000303e+06
56	80	70	6.620158e+05
56	81	52	4.101792e+01
56	81	53	2.125223e+03
56	81	54	1.197641e+03
56	81	65	2.382053e+04
56	81	66	8.473201e+05
56	81	67	4.303706e+05
56	81	68	1.464870e+04
56	81	69	6.876609e+05
56	81	70	2.614903e+05
56	82	52	1.415282e+01
56	82	53	7.332869e+02
56	82	54	4.132340e+02
56	82	67	9.662468e+04
56	82	68	-9.939901e+04
56	82	69	1.119628e+06
56	83	67	2.822506e+04
56	83	68	-2.903547e+04
56	83	69	3.270547e+05
56	84	68	1.099405e+04
56	84	69	-2.013346e+04
56	84	70	1.043660e+05
56	85	68	-2.034313e+04
56	85	69	3.725445e+04
56	85	70	-1.931162e+05
56	86	68	1.037668e+05
56	86	69	-1.900286e+05
56	86	70	9.850525e+05
57	63	75	2.420941e+00
57	63	76	2.465541e+03
57	63	77	2.791978e+03
57	64	75	2.744622e+02
57	64	76	2.795185e+05
57	64	77	3.165267e+05
57	65	70	2.287292e-01
57	65	71	2.308764e+02
57	65	72	2.033667e+02
57	65	75	3.958723e+02
57	65	76	4.031654e+05
57	65	77	4.565443e+05
57	66	70	2.077839e+00
57	66	71	2.097345e+03
57	66	72	1.847439e+03
57	67	70	6.859419e+00
57	67	71	6.923812e+03
57	67	72	6.098815e+03
57	68	65	3.802825e+03
57	68	66	4.090167e+03
57	68	67	6.141854e+04
57	69	56	3.514656e+03
57	69	57	7.370779e+04
57	69	58	2.947830e+04
57	69	65	2.405362e+04
57	69	66	2.587111e+04
57	69	67	3.884844e+05
57	70	56	5.651509e+03
57	70	57	1.185209e+05
57	70	58	4.740062e+04
57	70	65	4.222364e+03
57	70	66	5.322046e+03
57	70	67	8.505273e+04
57	70	68	6.836819e+03
57	71	56	6.043264e+04
57	71	57	1.267366e+06
57	71	58	5.068637e+05
57	71	66	1.265108e+04
57	71	67	2.732064e+05
57	71	68	1.107977e+05
57	72	60	2.943589e+01
57	72	61	8.299748e+02
57	72	62	1.693664e+03
57	72	63	6.855079e+01
57	72	64	2.622159e+04
57	72	65	2.884255e+04
57	72	66	3.789221e+04
57	72	67	6.931515e+05
57	72	68	3.368813e+05
57	72	69	4.983918e+03
57	72	70	8.861215e+03
57	73	60	7.273777e+03
57	73	61	2.050915e+05
57	73	62	4.186088e+05
57	73	63	4.233713e+04
57	73	64	1.729383e+05
57	73	65	5.292099e+05
57	73	66	2.085116e+04
57	73	67	2.718548e+05
57	73	68	5.123241e+05
57	73	69	1.865761e+05
57	73	70	1.145556e+05
57	74	60	9.364932e+03
57	74	61	2.702651e+05
57	74	62	5.438811e+05
57	74	63	2.337137e+05
57	74	64	7.138399e+05
57	74	65	7.001419e+05
57	74	66	1.275126e+05
57	74	67	5.848154e+05
57	74	68	2.103076e+06
57	74	69	6.787165e+05
57	74	70	3.192846e+05
57	75	58	2.237266e+01
57	75	59	2.031775e+04
57	75	60	2.452937e+04
57	75	61	4.034135e+05
57	75	62	3.219236e+05
57	75	63	4.682881e+05
57	75	64	1.040874e+06
57	75	65	4.018527e+05
57	75	66	1.298917e+06
57	75	67	7.756758e+05
57	75	68	1.112745e+06
57	75	69	1.030065e+06
57	75	70	1.828776e+05
57	76	58	3.105772e+02
57	76	59	2.820510e+05
57	76	60	3.225154e+05
57	76	61	2.357037e+05
57	76	62	1.863508e+05
57	76	63	1.758078e+03
57	76	64	3.709796e+05
57	76	65	1.537439e+06
57	76	66	1.105938e+06
57	76	67	1.469979e+06
57	76	68	2.327732e+05
57	76	69	-3.397161e+04
57	76	70	2.524498e+05
57	77	58	8.348824e+02
57	77	59	7.581993e+05
57	77	60	8.648481e+05
57	77	63	3.188629e+04
57	77	64	6.704084e+05
57	77	65	4.524772e+05
57	77	66	1.073842e+06
57	77	67	6.595357e+05
57	77	68	-2.632321e+04
57	77	69	7.953342e+01
57	77	70	-1.364538e+02
57	77	71	7.808143e+02
57	78	62	7.723768e+02
57	78	63	4.634784e+04
57	78	64	4.955017e+05
57	78	65	2.475555e+05
57	78	66	1.269413e+04
57	78	67	3.174628e+05
57	78	68	4.146884e+05
57	78	69	9.584228e+04
57	78	70	-1.504828e+05
57	78	71	8.610908e+05
57	79	62	2.038599e+04
57	79	63	6.073512e+05
57	79	64	2.830932e+05
57	79	66	6.658687e+02
57	79	67	5.246686e+04
57	79	68	5.409574e+05
57	79	69	3.555297e+05
57	79	70	-1.329723e+05
57	79	71	7.626966e+05
57	80	52	4.804248e+02
57	80	53	2.489180e+04
57	80	54	1.402744e+04
57	80	62	9.042529e+03
57	80	63	2.694023e+05
57	80	64	1.256016e+05
57	80	65	7.992539e+01
57	80	67	5.753482e+03
57	80	68	2.575941e+05
57	80	69	2.390073e+05
57	80	70	4.533563e+04
57	81	52	7.578841e+03
57	81	53	3.926754e+05
57	81	54	2.212870e+05
57	81	63	7.306069e+02
57	81	64	1.123624e+04
57	81	65	2.887926e+04
57	81	67	1.353576e+03
57	81	68	4.119278e+03
57	81	69	1.584506e+05
57	81	70	6.282232e+04
57	82	50	5.641592e+01
57	82	51	5.170914e+02
57	82	52	4.314106e+03
57	82	53	1.354887e+05
57	82	54	7.635285e+04
57	82	63	8.991401e+02
57	82	64	1.382817e+04
57	82	65	3.554100e+04
57	82	67	1.622350e+04
57	82	68	-1.668932e+04
57	82	69	1.879881e+05
57	83	50	8.834879e+02
57	83	51	8.097785e+03
57	83	52	2.660840e+04
57	83	67	4.739052e+03
57	83	68	-4.875121e+03
57	83	69	5.491324e+04
57	84	50	3.035882e+02
57	84	51	2.782598e+03
57	84	52	9.143300e+03
58	59	85	2.833966e+02
58	59	86	1.192199e+04
58	59	87	6.295678e+03
58	60	85	1.856189e+03
58	60	86	7.808659e+04
58	60	87	4.123539e+04
58	61	85	3.368728e+02
58	61	86	1.417164e+04
58	61	87	7.483656e+03
58	65	70	9.488949e+00
58	65	71	9.578026e+03
58	65	72	8.436770e+03
58	66	70	8.620023e+01
58	66	71	8.700944e+04
58	66	72	7.664195e+04
58	67	70	2.845665e+02
58	67	71	2.872379e+05
58	67	72	2.530124e+05
58	68	65	9.300455e+03
58	68	66	1.000320e+04
58	68	67	1.502095e+05
58	69	65	5.882721e+04
58	69	66	6.327219e+04
58	69	67	9.501045e+05
58	70	65	1.032651e+04
58	70	66	1.141561e+04
58	70	67	1.734503e+05
58	70	68	2.704707e+03
58	71	60	5.617003e-01
58	71	61	2.945663e+01
58	71	62	5.011806e+01
58	71	66	5.004879e+03
58	71	67	1.080829e+05
58	71	68	4.383270e+04
58	71	69	1.969030e+01
58	71	70	1.386549e+01
58	72	60	9.735134e+00
58	72	61	2.534089e+02
58	72	62	5.325794e+02
58	72	64	2.520240e+03
58	72	65	8.934903e+04
58	72	66	5.446697e+04
58	72	67	2.857960e+05
58	72	68	1.102832e+05
58	72	69	3.122207e+03
58	72	70	2.167977e+03
58	73	60	2.626248e+03
58	73	61	7.418961e+04
58	73	62	1.513957e+05
58	73	63	1.481543e+04
58	73	64	3.580959e+04
58	73	65	9.172051e+05
58	73	66	3.943855e+05
58	73	67	3.650407e+05
58	73	68	2.981830e+05
58	73	69	1.626466e+05
58	73	70	2.965171e+03
58	74	60	3.383120e+03
58	74	61	1.001307e+05
58	74	62	1.988398e+05
58	74	63	1.482161e+05
58	74	64	1.125857e+05
58	74	65	2.997365e+05
58	74	66	2.550187e+04
58	74	67	8.041434e+05
58	74	68	3.415951e+05
58	74	69	1.686161e+05
58	74	70	4.654678e+03
58	75	60	1.033084e+03
58	75	61	3.078663e+05
58	75	62	2.467195e+05
58	75	63	4.665699e+05
58	75	64	4.791772e+05
58	75	65	2.055044e+05
58	75	66	7.181851e+04
58	75	67	9.979078e+04
58	75	68	7.313172e+05
58	75	69	-9.226819e+04
58	75	70	6.856634e+05
58	76	60	6.036033e+02
58	76	61	1.798780e+05
58	76	62	1.422142e+05
58	76	63	7.109128e+02
58	76	64	1.074407e+05
58	76	65	1.513787e+05
58	76	66	1.841441e+05
58	76	67	7.414357e+05
58	76	68	1.370817e+06
58	76	69	-1.273698e+05
58	76	70	9.465105e+05
58	77	54	1.392457e+01
58	77	55	3.136846e+02
58	77	56	1.297429e+02
58	77	63	6.083552e+03
58	77	64	1.354811e+05
58	77	65	5.470133e+05
58	77	66	5.989481e+05
58	77	67	1.058867e+05
58	77	69	2.087821e+01
58	77	70	-3.582031e+01
58	77	71	2.049705e+02
58	78	54	1.902793e+03
58	78	55	4.286501e+04
58	78	56	1.772937e+04
58	78	63	4.556066e+03
58	78	64	1.020199e+05
58	78	65	4.091473e+05
58	78	66	1.912596e+05
58	78	67	2.279225e+02
58	78	68	1.004694e+04
58	78	69	2.841154e+04
58	78	70	-3.950304e+04
58	78	71	2.260438e+05
58	79	54	1.342058e+03
58	79	55	3.023311e+04
58	79	56	1.250470e+04
58	79	67	7.767304e+03
58	79	68	3.423869e+05
58	79	69	2.039696e+05
58	79	70	-3.498915e+04
58	79	71	2.002144e+05
58	80	52	6.411433e+02
58	80	53	3.321896e+04
58	80	54	1.872010e+04
58	80	63	5.106594e+00
58	80	64	7.853597e+01
58	80	65	2.018523e+02
58	80	67	3.811273e+03
58	80	68	1.680029e+05
58	80	69	9.007725e+04
58	81	52	1.011422e+04
58	81	53	5.240387e+05
58	81	54	2.953150e+05
58	81	63	1.845154e+03
58	81	64	2.837723e+04
58	81	65	7.293484e+04
58	81	67	7.558838e-01
58	81	68	1.965946e+02
58	81	69	1.528443e+02
58	82	50	1.550864e+03
58	82	51	1.421475e+04
58	82	52	5.019786e+04
58	82	53	1.808143e+05
58	82	54	1.018955e+05
58	82	63	2.270786e+03
58	82	64	3.492316e+04
58	82	65	8.975912e+04
58	82	67	4.694633e+01
58	82	68	1.221007e+04
58	82	69	9.492833e+03
58	83	50	2.428692e+04
58	83	51	2.226067e+05
58	83	52	7.314601e+05
58	83	67	2.784078e+01
58	83	68	7.240990e+03
58	83	69	5.629575e+03
58	84	50	8.345584e+03
58	84	51	7.649312e+04
58	84	52	2.513477e+05
59	30	90	3.848860e+00
59	30	91	2.629907e+03
59	30	92	3.744345e+03
59	30	93	1.987732e+03
59	30	94	2.483692e+04
59	31	90	-6.119919e+00
59	31	91	-4.181709e+03
59	31	92	6.373849e+03
59	31	93	1.327600e+04
59	31	94	1.658850e+05
59	32	90	3.910279e+01
59	32	91	2.671873e+04
59	32	92	2.473540e+04
59	32	93	2.453958e+03
59	32	94	3.066246e+04
59	59	85	2.655117e+03
59	59	86	1.116961e+05
59	59	87	5.898366e+04
59	60	85	1.739047e+04
59	60	86	7.315864e+05
59	60	87	3.863308e+05
59	61	85	3.156131e+03
59	61	86	1.327729e+05
59	61	87	7.011372e+04
59	65	70	1.719232e+01
59	65	71	1.735371e+04
59	65	72	1.528595e+04
59	66	70	1.561798e+02
59	66	71	1.576459e+05
59	66	72	1.388618e+05
59	67	70	5.155848e+02
59	67	71	5.204248e+05
59	67	72	4.584143e+05
59	70	59	1.469077e+00
59	70	60	2.523042e+02
59	70	61	3.402670e+02
59	71	59	2.032894e+01
59	71	60	4.269250e+03
59	71	61	4.550263e+04
59	71	62	6.940777e+04
59	71	68	1.424363e+01
59	71	69	1.928951e+03
59	71	70	1.358326e+03
59	72	59	5.472532e+01
59	72	60	8.194481e+03
59	72	61	-5.047662e+04
59	72	62	-1.074481e+05
59	72	67	2.166142e+00
59	72	68	2.319987e+03
59	72	69	3.016559e+05
59	72	70	2.123849e+05
59	73	60	7.990313e+03
59	73	61	4.190272e+05
59	73	62	7.129407e+05
59	73	67	7.894038e+03
59	73	68	3.415441e+05
59	73	69	5.923867e+05
59	73	70	2.904816e+05
59	74	67	8.432478e+03
59	74	68	3.615865e+05
59	74	69	1.921445e+05
59	75	54	7.196191e+00
59	75	55	1.745111e+02
59	75	56	7.462226e+01
59	76	54	2.216577e+03
59	76	55	5.375307e+04
59	76	56	2.298521e+04
59	76	64	2.178801e+01
59	76	65	8.412608e+02
59	76	66	4.315876e+02
59	77	54	2.966132e+03
59	77	55	7.160010e+04
59	77	56	3.055633e+04
59	77	64	6.781939e+03
59	77	65	2.618587e+05
59	77	66	1.343400e+05
59	77	70	1.210934e+01
59	77	71	2.454293e+02
59	77	72	9.654894e+01
59	78	54	2.617388e+04
59	78	55	5.896299e+05
59	78	56	2.438765e+05
59	78	64	5.389455e+03
59	78	65	2.080933e+05
59	78	66	1.067570e+05
59	78	70	4.155330e+02
59	78	71	8.421924e+03
59	78	72	3.313084e+03
59	79	54	1.846069e+04
59	79	55	4.158717e+05
59	79	56	1.720084e+05
59	79	57	2.729460e+01
59	79	58	5.643937e+02
59	79	59	2.241950e+02
59	79	70	7.961833e+02
59	79	71	1.613685e+04
59	79	72	6.348045e+03
59	80	56	1.985238e-01
59	80	57	1.052311e+03
59	80	58	9.350520e+03
59	80	59	3.481902e+03
59	80	63	3.827267e+01
59	80	64	5.886078e+02
59	80	65	1.512833e+03
59	81	56	1.637478e+00
59	81	57	6.298094e+03
59	81	58	2.814064e+04
59	81	59	9.320099e+03
59	81	63	1.382898e+04
59	81	64	2.126803e+05
59	81	65	5.466287e+05
59	81	67	1.243027e+01
59	81	68	3.232936e+03
59	81	69	2.513476e+03
59	82	50	6.997146e+02
59	82	51	6.413374e+03
59	82	52	2.107362e+04
59	82	56	5.690416e+00
59	82	57	1.830769e+04
59	82	58	2.546978e+04
59	82	59	4.036579e+03
59	82	63	1.701899e+04
59	82	64	2.617405e+05
59	82	65	6.727226e+05
59	82	67	7.720175e+02
59	82	68	2.007908e+05
59	82	69	1.561066e+05
59	83	50	1.095771e+04
59	83	51	1.004351e+05
59	83	52	3.300183e+05
59	83	57	9.333341e+02
59	83	58	2.749674e+04
59	83	59	1.275963e+04
59	83	67	4.578328e+02
59	83	68	1.190758e+05
59	83	69	9.257658e+04
59	84	50	3.765339e+03
59	84	51	3.451197e+04
59	84	52	1.134024e+05
60	30	90	4.056581e+01
60	30	91	2.771841e+04
60	30	92	3.282587e+04
60	30	93	1.209901e+04
60	30	94	1.511784e+05
60	31	90	-6.450208e+01
60	31	91	-4.407394e+04
60	31	92	2.284094e+04
60	31	93	8.080891e+04
60	31	94	1.009716e+06
60	32	90	4.121314e+02
60	32	91	2.816073e+05
60	32	92	2.525081e+05
60	32	93	1.493686e+04
60	32	94	1.866376e+05
60	59	85	6.521313e+02
60	59	86	2.743401e+04
60	59	87	1.448715e+04
60	60	85	4.271325e+03
60	60	86	1.796871e+05
60	60	87	9.488785e+04
60	61	85	7.751868e+02
60	61	86	3.261074e+04
60	61	87	1.722084e+04
60	70	59	6.259068e+01
60	70	60	1.074953e+04
60	70	61	1.449723e+04
60	71	59	8.661234e+02
60	71	60	1.494490e+05
60	71	61	2.372218e+05
60	71	62	6.229013e+04
60	71	68	9.417587e+00
60	71	69	1.275382e+03
60	71	70	8.980969e+02
60	72	59	2.331597e+03
60	72	60	3.993555e+05
60	72	61	4.833674e+05
60	72	62	-9.642953e+04
60	72	68	1.472513e+03
60	72	69	1.994159e+05
60	72	70	1.404244e+05
60	73	60	7.170922e+03
60	73	61	3.760567e+05
60	73	62	6.398300e+05
60	73	63	2.445512e+01
60	73	64	4.921884e+02
60	73	65	1.929585e+02
60	73	68	2.013975e+03
60	73	69	2.727437e+05
60	73	70	1.920603e+05
60	74	63	1.255146e+03
60	74	64	2.526130e+04
60	74	65	9.903490e+03
60	75	54	-7.515488e+00
60	75	55	-1.822542e+02
60	75	56	-7.793326e+01
60	75	63	2.147319e+03
60	75	64	4.321734e+04
60	75	65	1.694301e+04
60	76	54	-2.314927e+03
60	76	55	-5.613811e+04
60	76	56	-2.400507e+04
60	76	63	3.790156e-01
60	76	64	1.097261e+02
60	76	65	8.645043e+01
60	77	54	-2.836682e+03
60	77	55	-6.889608e+04
60	77	56	-2.947971e+04
60	77	63	5.256213e+01
60	77	64	1.521689e+04
60	77	65	1.198900e+04
60	77	70	1.927876e+02
60	77	71	3.907374e+03
60	77	72	1.537114e+03
60	78	54	8.338247e+03
60	78	55	1.878392e+05
60	78	56	7.769205e+04
60	78	63	3.716960e+01
60	78	64	1.076070e+04
60	78	65	8.478087e+03
60	78	70	6.615522e+03
60	78	71	1.340818e+05
60	78	72	5.274618e+04
60	79	54	5.881046e+03
60	79	55	1.324848e+05
60	79	56	5.479696e+04
60	79	57	2.963960e+02
60	79	58	6.128834e+03
60	79	59	2.434566e+03
60	79	70	1.267569e+04
60	79	71	2.569079e+05
60	79	72	1.010645e+05
60	80	56	2.148543e+00
60	80	57	1.140423e+04
60	80	58	1.015173e+05
60	80	59	3.781049e+04
60	81	56	1.772176e+01
60	81	57	6.811265e+04
60	81	58	3.027606e+05
60	81	59	9.998026e+04
60	81	67	3.105408e+01
60	81	68	8.076723e+03
60	81	69	6.279324e+03
60	82	56	6.158508e+01
60	82	57	1.972598e+05
60	82	58	2.498123e+05
60	82	59	3.169689e+04
60	82	67	1.928702e+03
60	82	68	5.016280e+05
60	82	69	3.899954e+05
60	83	57	7.328927e+03
60	83	58	2.159158e+05
60	83	59	1.001940e+05
60	83	67	1.143786e+03
60	83	68	2.974826e+05
60	83	69	2.312806e+05
60	85	73	1.543053e+01
60	85	74	1.609654e+02
60	85	75	4.277266e+01
60	86	73	7.285705e+01
60	86	74	7.600171e+02
60	86	75	2.019561e+02
60	87	73	3.523829e+02
60	87	74	3.675925e+03
60	87	75	9.767879e+02
61	30	90	1.241574e+02
61	30	91	8.483611e+04
61	30	92	7.422907e+04
61	30	93	2.045549e+03
61	30	94	2.555934e+04
61	31	90	-1.974177e+02
61	31	91	-1.348945e+05
61	31	92	-1.053425e+05
61	31	93	1.366215e+04
61	31	94	1.707100e+05
61	32	90	1.261386e+03
61	32	91	8.618989e+05
61	32	92	7.404433e+05
61	32	93	2.525336e+03
61	32	94	3.155433e+04
61	57	44	1.673018e-01
61	57	45	1.425022e+00
61	57	46	3.249995e-01
61	58	44	1.118265e+04
61	58	45	9.525014e+04
61	58	46	2.172335e+04
61	59	44	1.101080e+04
61	59	45	9.378640e+04
61	59	46	2.138952e+04
61	70	59	3.319045e+01
61	70	60	5.700239e+03
61	70	61	7.687557e+03
61	71	59	4.592860e+02
61	71	60	7.887932e+04
61	71	61	1.063796e+05
61	72	59	1.236394e+03
61	72	60	2.123424e+05
61	72	61	2.863730e+05
61	73	50	3.660164e-03
61	73	51	1.150476e+03
61	73	52	1.158709e+03
61	73	63	3.599443e+02
61	73	64	7.244307e+03
61	73	65	2.840072e+03
61	74	50	1.344818e-02
61	74	51	4.227079e+03
61	74	52	4.257332e+03
61	74	63	1.847395e+04
61	74	64	3.718102e+05
61	74	65	1.457652e+05
61	75	50	7.689269e-02
61	75	51	2.416918e+04
61	75	52	2.434216e+04
61	75	54	8.311156e+01
61	75	55	2.015496e+03
61	75	56	8.618410e+02
61	75	63	3.160546e+04
61	75	64	6.360974e+05
61	75	65	2.493768e+05
61	76	54	2.560010e+04
61	76	55	6.208148e+05
61	76	56	2.654650e+05
61	76	63	4.000015e+00
61	76	64	1.158016e+03
61	76	65	9.123715e+02
61	77	54	3.204483e+04
61	77	55	7.771027e+05
61	77	56	3.322949e+05
61	77	63	5.547247e+02
61	77	64	1.605944e+05
61	77	65	1.265283e+05
61	77	70	4.882449e+02
61	77	71	9.895631e+03
61	77	72	3.892823e+03
61	78	63	3.922766e+02
61	78	64	1.135652e+05
61	78	65	8.947514e+04
61	78	70	1.675416e+04
61	78	71	3.395693e+05
61	78	72	1.335825e+05
61	79	57	8.939061e+02
61	79	58	1.848406e+04
61	79	59	7.342452e+03
61	79	70	3.210186e+04
61	79	71	6.506328e+05
61	79	72	2.559511e+05
61	80	56	6.490556e+00
61	80	57	3.442817e+04
61	80	58	3.061994e+05
61	80	59	1.140333e+05
61	81	56	5.353587e+01
61	81	57	2.058321e+05
61	81	58	9.171882e+05
61	81	59	3.033079e+05
61	82	56	1.860430e+02
61	82	57	5.971763e+05
61	82	58	7.921364e+05
61	82	59	1.131438e+05
61	83	57	2.616100e+04
61	83	58	7.707230e+05
61	83	59	3.576477e+05
61	85	73	2.099304e+03
61	85	74	2.189914e+04
61	85	75	5.819167e+03
61	86	73	9.912111e+03
61	86	74	1.033994e+05
61	86	75	2.747588e+04
61	87	73	4.794125e+04
61	87	74	5.001050e+05
61	87	75	1.328908e+05
61	102	62	3.677461e+00
61	102	63	-5.446085e+00
61	102	64	3.842607e+01
61	103	62	4.306522e+02
61	103	63	-6.377683e+02
61	103	64	4.499917e+03
61	104	62	2.951851e+02
61	104	63	-4.371502e+02
61	104	64	3.084411e+03
62	57	44	-3.323593e-01
62	57	45	-2.830928e+00
62	57	46	-6.456394e-01
62	58	44	-2.221529e+04
62	58	45	-1.892226e+05
62	58	46	-4.315529e+04
62	59	44	-2.187390e+04
62	59	45	-1.863147e+05
62	59	46	-4.249211e+04
62	68	58	7.409392e-01
62	68	59	3.215806e+02
62	68	60	3.887244e+02
62	69	58	3.843649e+01
62	69	59	1.668211e+04
62	69	60	2.016522e+04
62	70	58	6.557796e+01
62	70	59	2.846198e+04
62	70	60	3.440465e+04
62	73	50	8.631143e-02
62	73	51	2.712971e+04
62	73	52	2.732388e+04
62	73	63	1.193702e+02
62	73	64	2.402468e+03
62	73	65	9.418681e+02
62	74	50	3.171256e-01
62	74	51	9.968004e+04
62	74	52	1.003934e+05
62	74	63	6.126613e+03
62	74	64	1.233054e+05
62	74	65	4.834087e+04
62	74	72	4.458740e+01
62	74	73	-6.855176e+01
62	74	74	4.592474e+02
62	75	50	1.813230e+00
62	75	51	5.699408e+05
62	75	52	5.740199e+05
62	75	63	1.048148e+04
62	75	64	2.109523e+05
62	75	65	8.270215e+04
62	75	72	3.213657e+03
62	75	73	-4.940898e+03
62	75	74	3.310046e+04
62	76	63	1.223456e+01
62	76	64	3.541940e+03
62	76	65	2.790605e+03
62	76	72	5.071098e+03
62	76	73	-7.796657e+03
62	76	74	5.223198e+04
62	77	63	1.696697e+03
62	77	64	4.911985e+05
62	77	65	3.870029e+05
62	78	63	1.199828e+03
62	78	64	3.473537e+05
62	78	65	2.736712e+05
62	78	71	5.792395e+00
62	78	72	3.102366e+02
62	78	73	1.765344e+02
62	79	71	-3.048794e+00
62	79	72	-1.632913e+02
62	79	73	-9.291788e+01
62	80	71	7.393877e+01
62	80	72	3.960108e+03
62	80	73	2.253426e+03
62	85	73	2.935138e+03
62	85	74	3.061825e+04
62	85	75	8.136058e+03
62	86	73	1.385860e+04
62	86	74	1.445677e+05
62	86	75	3.841535e+04
62	87	73	6.702898e+04
62	87	74	6.992209e+05
62	87	75	1.858010e+05
62	102	62	5.978730e+02
62	102	63	-8.854117e+02
62	102	64	6.247221e+03
62	103	62	7.001442e+04
62	103	63	-1.036869e+05
62	103	64	7.315860e+05
62	104	62	4.799050e+04
62	104	63	-7.107086e+04
62	104	64	5.014564e+05
63	57	44	1.512434e+00
63	57	45	1.288242e+01
63	57	46	2.938046e+00
63	58	44	1.010929e+05
63	58	45	8.610759e+05
63	58	46	1.963824e+05
63	59	44	9.953933e+04
63	59	45	8.478435e+05
63	59	46	1.933645e+05
63	68	58	1.336864e+00
63	68	59	5.802224e+02
63	68	60	7.013688e+02
63	68	76	5.389620e+01
63	68	77	-4.022689e+00
63	68	78	7.419802e+02
63	69	58	6.935031e+01
63	69	59	3.009925e+04
63	69	60	3.638377e+04
63	69	76	5.788144e+03
63	69	77	-4.320138e+02
63	69	78	7.968444e+04
63	70	58	1.183212e+02
63	70	59	5.135347e+04
63	70	60	6.207572e+04
63	70	76	3.900296e+03
63	70	77	-2.911092e+02
63	70	78	5.369474e+04
63	72	77	1.328945e-02
63	72	78	2.220573e+03
63	72	79	2.198936e+03
63	73	50	3.644967e-02
63	73	51	1.145699e+04
63	73	52	1.153899e+04
63	73	77	2.250019e-01
63	73	78	3.759622e+04
63	73	79	3.722989e+04
63	74	50	1.339234e-01
63	74	51	4.209529e+04
63	74	52	4.239656e+04
63	74	72	1.559390e+02
63	74	73	-2.397515e+02
63	74	74	1.606162e+03
63	74	77	8.071038e-02
63	74	78	1.348613e+04
63	74	79	1.335473e+04
63	75	50	7.657344e-01
63	75	51	2.406883e+05
63	75	52	2.424109e+05
63	75	72	1.123937e+04
63	75	73	-1.728019e+04
63	75	74	1.157648e+05
63	76	72	1.773555e+04
63	76	73	-2.726786e+04
63	76	74	1.826750e+05
63	77	72	6.732843e-02
63	77	73	3.116984e+00
63	77	74	5.479150e+00
63	78	71	1.043390e+03
63	78	72	5.589568e+04
63	78	73	3.237577e+04
63	78	74	1.013293e+03
63	79	71	-5.491825e+02
63	79	72	-2.940459e+04
63	79	73	-1.631005e+04
63	79	74	7.511930e+02
63	80	71	1.331867e+04
63	80	72	7.133383e+05
63	80	73	4.059120e+05
63	98	67	2.383805e+01
63	98	68	1.678937e+02
63	98	69	3.258086e+01
63	99	67	5.019757e+02
63	99	68	3.535463e+03
63	99	69	6.860795e+02
63	100	67	2.011519e+02
63	100	68	1.416732e+03
63	100	69	2.749260e+02
63	102	62	4.343334e+02
63	102	63	-6.432200e+02
63	102	64	4.538383e+03
63	103	62	5.086297e+04
63	103	63	-7.532481e+04
63	103	64	5.314711e+05
63	104	62	3.486338e+04
63	104	63	-5.163044e+04
63	104	64	3.642901e+05
64	68	58	1.301960e+01
64	68	59	5.650735e+03
64	68	60	6.830569e+03
64	68	76	-1.048516e+01
64	68	77	7.825886e-01
64	68	78	-1.443475e+02
64	69	58	6.753966e+02
64	69	59	2.931339e+05
64	69	60	3.543383e+05
64	69	76	-1.126047e+03
64	69	77	8.404555e+01
64	69	78	-1.550210e+04
64	70	58	1.152320e+03
64	70	59	5.001269e+05
64	70	60	6.045500e+05
64	70	76	-7.587778e+02
64	70	77	5.663344e+01
64	70	78	-1.044597e+04
64	72	77	1.913696e-02
64	72	78	3.197651e+03
64	72	79	3.166494e+03
64	73	77	3.240054e-01
64	73	78	5.413899e+04
64	73	79	5.361148e+04
64	74	72	9.226632e+02
64	74	73	-1.418566e+03
64	74	74	9.503372e+03
64	74	77	1.162239e-01
64	74	78	1.942018e+04
64	74	79	1.923096e+04
64	75	72	6.650136e+04
64	75	73	-1.022438e+05
64	75	74	6.849597e+05
64	76	72	1.049381e+05
64	76	73	-1.613390e+05
64	76	74	1.080855e+06
64	77	72	2.192910e+01
64	77	73	1.015212e+03
64	77	74	1.784578e+03
64	78	71	7.703924e+02
64	78	72	4.531715e+04
64	78	73	2.112287e+05
64	78	74	3.300330e+05
64	79	71	-4.054917e+02
64	79	72	-1.871136e+04
64	79	73	1.268278e+05
64	79	74	2.446661e+05
64	80	71	9.833904e+03
64	80	72	5.266969e+05
64	80	73	2.997072e+05
64	95	72	6.477861e+01
64	95	73	2.507785e+03
64	95	74	4.634744e+03
64	96	72	1.178500e+03
64	96	73	4.562347e+04
64	96	74	8.431868e+04
64	97	72	4.391023e+02
64	97	73	1.699904e+04
64	97	74	3.141665e+04
64	98	67	4.104763e+03
64	98	68	2.891024e+04
64	98	69	5.610219e+03
64	99	67	8.643707e+04
64	99	68	6.087846e+05
64	99	69	1.181386e+05
64	100	67	3.463710e+04
64	100	68	2.439524e+05
64	100	69	4.734053e+04
65	50	47	2.687605e+02
65	50	48	9.994086e+02
65	50	49	5.667266e+03
65	51	47	2.368817e+03
65	51	48	8.808647e+03
65	51	49	4.995048e+04
65	52	47	5.550821e+02
65	52	48	2.064120e+03
65	52	49	1.170484e+04
65	68	76	7.278819e+02
65	68	77	-5.432744e+01
65	68	78	1.002063e+04
65	69	76	7.817035e+04
65	69	77	-5.834457e+03
65	69	78	1.076159e+06
65	70	76	5.267449e+04
65	70	77	-3.931504e+03
65	70	78	7.251612e+05
65	72	77	2.241737e-01
65	72	78	3.745783e+04
65	72	79	3.709286e+04
65	73	77	3.795455e+00
65	73	78	6.341935e+05
65	73	79	6.280142e+05
65	74	77	1.361467e+00
65	74	78	2.274914e+05
65	74	79	2.252748e+05
65	77	72	2.728310e+01
65	77	73	1.263077e+03
65	77	74	2.220284e+03
65	78	72	5.045634e+03
65	78	73	2.335887e+05
65	78	74	4.106108e+05
65	79	72	3.740521e+03
65	79	73	1.731682e+05
65	79	74	3.044015e+05
65	95	72	-7.816725e+01
65	95	73	-3.026101e+03
65	95	74	-5.592667e+03
65	96	72	-1.422076e+03
65	96	73	-5.505306e+04
65	96	74	-1.017459e+05
65	97	72	-5.298573e+02
65	97	73	-2.051245e+04
65	97	74	-3.790994e+04
65	98	67	3.009540e+03
65	98	68	2.119648e+04
65	98	69	4.113314e+03
65	99	67	6.337414e+04
65	99	68	4.463502e+05
65	99	69	8.661713e+04
65	100	67	2.539531e+04
65	100	68	1.788616e+05
65	100	69	3.470925e+04
66	50	47	9.083477e+02
66	50	48	3.377768e+03
66	50	49	1.915404e+04
66	51	47	8.006049e+03
66	51	48	2.977117e+04
66	51	49	1.688210e+05
66	52	47	1.876048e+03
66	52	48	6.976243e+03
66	52	49	3.955962e+04
66	95	72	7.222755e+02
66	95	73	2.796157e+04
66	95	74	5.167697e+04
66	96	72	1.314017e+04
66	96	73	5.086975e+05
66	96	74	9.401456e+05
66	97	72	4.895951e+03
66	97	73	1.895377e+05
66	97	74	3.502928e+05
67	50	47	5.505033e+03
67	50	48	2.047093e+04
67	50	49	1.160829e+05
67	51	47	4.852059e+04
67	51	48	1.804279e+05
67	51	49	1.023138e+06
67	52	47	1.136977e+04
67	52	48	4.227946e+04
67	52	49	2.397507e+05
68	51	89	7.944848e-01
68	51	90	1.154288e+02
68	51	91	8.229138e+01
68	52	89	2.082904e+01
68	52	90	3.026202e+03
68	52	91	2.157436e+03
68	53	89	4.356808e+01
68	53	90	6.329904e+03
68	53	91	4.512707e+03
68	79	65	1.556455e+03
68	79	66	4.818815e+02
68	79	67	2.270327e+04
68	80	65	-2.703733e+03
68	80	66	-8.370811e+02
68	80	67	-3.943808e+04
68	81	65	1.518793e+04
68	81	66	4.702212e+03
68	81	67	2.215391e+05
69	51	89	3.576517e+01
69	51	90	5.196238e+03
69	51	91	3.704495e+03
69	52	89	9.376568e+02
69	52	90	1.362300e+05
69	52	91	9.712089e+04
69	53	89	1.961296e+03
69	53	90	2.849521e+05
69	53	91	2.031477e+05
69	79	65	-2.638935e+03
69	79	66	-8.170193e+02
69	79	67	-3.849289e+04
69	80	65	4.584119e+03
69	80	66	1.419252e+03
69	80	67	6.686638e+04
69	81	65	-2.575079e+04
69	81	66	-7.972496e+03
69	81	67	-3.756146e+05
70	51	89	6.334783e+01
70	51	90	9.203658e+03
70	51	91	6.561460e+03
70	52	89	1.660792e+03
70	52	90	2.412926e+05
70	52	91	1.720220e+05
70	53	89	3.473878e+03
70	53	90	5.047116e+05
70	53	91	3.598183e+05
70	79	65	1.536712e+04
70	79	66	4.757689e+03
70	79	67	2.241528e+05
70	80	65	-2.669437e+04
70	80	66	-8.264627e+03
70	80	67	-3.893781e+05
70	81	65	1.499527e+05
70	81	66	4.642565e+04
70	81	67	2.187289e+06
71	82	68	1.517891e+02
71	82	69	-3.125972e+01
71	82	70	2.046153e+03
71	83	68	3.287265e+03
71	83	69	-6.769851e+02
71	83	70	4.431310e+04
71	84	68	1.334917e+03
71	84	69	-2.749151e+02
71	84	70	1.799499e+04
71	88	48	3.415524e-04
71	88	49	9.149550e-03
71	88	50	1.899699e-02
71	89	48	9.476993e-03
71	89	49	2.538709e-01
71	89	50	5.271059e-01
71	90	48	4.292252e-03
71	90	49	1.149814e-01
71	90	50	2.387331e-01
72	30	117	2.960908e+02
72	30	118	2.253735e+02
72	30	119	4.594929e+03
72	31	117	5.828611e+02
72	31	118	4.436526e+02
72	31	119	9.045218e+03
72	32	117	5.295463e+03
72	32	118	4.030713e+03
72	32	119	8.217845e+04
72	82	68	3.154661e+03
72	82	69	-6.496763e+02
72	82	70	4.252556e+04
72	83	68	6.831982e+04
72	83	69	-1.406990e+04
72	83	70	9.209671e+05
72	84	68	2.774382e+04
72	84	69	-5.713610e+03
72	84	70	3.739931e+05
72	88	48	2.965842e+02
72	88	49	7.944935e+03
72	88	50	1.649587e+04
72	89	48	8.229267e+03
72	89	49	2.204466e+05
72	89	50	4.577079e+05
72	90	48	3.727141e+03
72	90	49	9.984313e+04
72	90	50	2.073018e+05
73	29	117	2.841199e+01
73	29	118	-1.554174e+01
73	29	119	3.613377e+02
73	30	117	2.685886e+03
73	30	118	-9.258363e+02
73	30	119	3.532193e+04
73	31	117	2.252221e+03
73	31	118	-1.623406e+02
73	31	119	3.093345e+04
73	32	117	7.428756e+03
73	32	118	5.654498e+03
73	32	119	1.152843e+05
73	82	68	1.256204e+03
73	82	69	-2.587047e+02
73	82	70	1.693392e+04
73	83	68	2.720534e+04
73	83	69	-5.602714e+03
73	83	70	3.667343e+05
73	84	68	1.104774e+04
73	84	69	-2.275191e+03
73	84	70	1.489262e+05
73	88	48	2.978597e+02
73	88	49	7.979103e+03
73	88	50	1.656681e+04
73	89	48	8.264657e+03
73	89	49	2.213947e+05
73	89	50	4.596763e+05
73	90	48	3.743170e+03
73	90	49	1.002725e+05
73	90	50	2.081934e+05
74	29	117	7.942866e+02
74	29	118	-4.344856e+02
74	29	119	1.010157e+04
74	30	117	6.844773e+04
74	30	118	-3.093608e+04
74	30	119	8.844330e+05
74	31	117	4.989417e+04
74	31	118	-1.448605e+04
74	31	119	6.619634e+05
74	32	117	8.894283e+04
74	32	118	6.770004e+04
74	32	119	1.380273e+06
75	4	104	4.399820e+00
75	4	105	9.414220e+00
75	4	106	8.011206e+01
75	5	104	5.761895e+02
75	5	105	1.232863e+03
75	5	106	1.049128e+04
75	6	102	2.625635e+02
75	6	103	-1.416921e+02
75	6	104	3.746923e+03
75	6	105	8.629215e+02
75	6	106	7.343191e+03
75	7	102	1.103817e+03
75	7	103	-5.956733e+02
75	7	104	1.405661e+04
75	8	102	5.760671e+03
75	8	103	-3.108739e+03
75	8	104	7.335957e+04
75	15	113	5.848488e-01
75	15	114	2.059237e+02
75	15	115	1.659340e+02
75	16	113	1.231188e+01
75	16	114	4.334980e+03
75	16	115	3.493142e+03
75	17	113	2.787873e+01
75	17	114	9.816028e+03
75	17	115	7.909789e+03
75	29	117	3.608543e+02
75	29	118	-1.973922e+02
75	29	119	4.589270e+03
75	30	117	2.883729e+04
75	30	118	-1.577439e+04
75	30	119	3.667467e+05
75	31	117	1.821994e+04
75	31	118	-9.966553e+03
75	31	119	2.317173e+05
76	4	104	1.442987e+02
76	4	105	3.087534e+02
76	4	106	2.627394e+03
76	5	104	1.889699e+04
76	5	105	4.043357e+04
76	5	106	3.440770e+05
76	6	102	6.014410e+02
76	6	103	-3.245669e+02
76	6	104	2.088571e+04
76	6	105	2.830080e+04
76	6	106	2.408309e+05
76	7	102	2.528457e+03
76	7	103	-1.364479e+03
76	7	104	3.219877e+04
76	8	102	1.319568e+04
76	8	103	-7.121032e+03
76	8	104	1.680411e+05
76	15	113	2.924441e+01
76	15	114	1.029688e+04
76	15	115	8.297262e+03
76	16	113	6.156355e+02
76	16	114	2.167636e+05
76	16	115	1.746689e+05
76	17	113	1.394031e+03
76	17	114	4.908345e+05
76	17	115	3.955161e+05
77	4	104	2.803942e+02
77	4	105	5.999546e+02
77	4	106	5.105426e+03
77	5	104	3.671972e+04
77	5	105	7.856856e+04
77	5	106	6.685938e+05
77	6	102	4.855118e+03
77	6	103	-2.620059e+03
77	6	104	8.752912e+04
77	6	105	5.499274e+04
77	6	106	4.679710e+05
77	7	102	2.041091e+04
77	7	103	-1.101472e+04
77	7	104	2.599238e+05
77	8	102	1.065218e+05
77	8	103	-5.748436e+04
77	8	104	1.356508e+06
77	15	113	1.630676e+01
77	15	114	5.741567e+03
77	15	115	4.626574e+03
77	16	113	3.432799e+02
77	16	114	1.208680e+05
77	16	115	9.739581e+04
77	17	113	7.773150e+02
77	17	114	2.736906e+05
77	17	115	2.205408e+05
77	72	58	2.023866e-01
77	72	59	1.693620e+01
77	72	60	2.589006e+01
77	73	58	1.104258e+01
77	73	59	9.240704e+02
77	73	60	1.412609e+03
77	74	58	1.860128e+01
77	74	59	1.556600e+03
77	74	60	2.379546e+03
78	72	58	2.711887e+01
78	72	59	2.269373e+03
78	72	60	3.469149e+03
78	73	58	1.479656e+03
78	73	59	1.238212e+05
78	73	60	1.892832e+05
78	74	58	2.492486e+03
78	74	59	2.085773e+05
78	74	60	3.188483e+05
79	72	58	3.801091e+01
79	72	59	3.180846e+03
79	72	60	4.862500e+03
79	73	58	2.073946e+03
79	73	59	1.735528e+05
79	73	60	2.653070e+05
79	74	58	3.493570e+03
79	74	59	2.923504e+05
79	74	60	4.469107e+05
99	0	103	1.151481e+00
99	0	104	5.673360e+02
99	0	105	6.779443e+02
99	1	103	6.871313e+01
99	1	104	3.385504e+04
99	1	105	4.045545e+04
99	2	103	1.132371e+02
99	2	104	5.579205e+04
99	2	105	6.666931e+04
100	0	103	8.882371e+00
100	0	104	4.376355e+03
100	0	105	5.229573e+03
100	1	103	5.300440e+02
100	1	104	2.611533e+05
100	1	105	3.120680e+05
100	2	103	8.734959e+02
100	2	104	4.303725e+05
100	2	105	5.142782e+05
101	0	103	1.866608e+00
101	0	104	9.196799e+02
101	0	105	1.098981e+03
101	1	103	1.113874e+02
101	1	104	5.488071e+04
101	1	105	6.558029e+04
101	2	103	1.835629e+02
101	2	104	9.044168e+04
101	2	105	1.080743e+05
