0.0233	-3.589946e+00	2
50	59	59	3.667652e+00
50	59	60	1.270383e+02
50	59	61	6.270858e+01
50	60	59	1.270383e+02
50	60	60	4.400293e+03
50	60	61	2.172070e+03
50	61	59	6.270858e+01
50	61	60	2.172070e+03
50	61	61	1.072176e+03
51	59	59	2.874409e+02
51	59	60	9.956240e+03
51	59	61	4.914593e+03
51	60	59	9.956240e+03
51	60	60	3.448594e+05
51	60	61	1.702293e+05
51	61	59	4.914593e+03
51	61	60	1.702293e+05
51	61	61	8.402846e+04
52	59	59	4.454527e+02
52	59	60	1.542938e+04
52	59	61	7.616239e+03
52	60	59	1.542938e+04
52	60	60	5.344353e+05
52	60	61	2.638076e+05
52	61	59	7.616239e+03
52	61	60	2.638076e+05
52	61	61	1.302205e+05
74	65	65	3.667652e+00
74	65	66	5.170563e+01
74	65	67	1.380413e+02
74	66	65	5.170563e+01
74	66	66	7.289329e+02
74	66	67	1.946071e+03
74	67	65	1.380413e+02
74	67	66	1.946071e+03
74	67	67	5.195532e+03
75	65	65	4.344498e+02
75	65	66	6.124763e+03
75	65	67	1.635161e+04
75	66	65	6.124763e+03
75	66	66	8.634537e+04
75	66	67	2.305209e+05
75	67	65	1.635161e+04
75	67	66	2.305209e+05
75	67	67	6.154340e+05
76	65	65	2.984439e+02
76	65	66	4.207387e+03
76	65	67	1.123269e+04
76	66	65	4.207387e+03
76	66	66	5.931467e+04
76	66	67	1.583556e+05
76	67	65	1.123269e+04
76	67	66	1.583556e+05
76	67	67	4.227704e+05
