0.3014	-3.800531e+00	2
60	54	62	2.071263e-20
60	54	63	2.498865e+03
60	54	64	2.498865e+03
60	55	62	-3.743794e-20
60	55	63	-4.516681e+03
60	55	64	-4.516681e+03
60	56	62	1.980248e-19
60	56	63	2.389061e+04
60	56	64	2.389061e+04
61	54	62	2.430663e-19
61	54	63	2.932461e+04
61	54	64	2.932461e+04
61	55	62	-4.393407e-19
61	55	63	-5.300403e+04
61	55	64	-5.300403e+04
61	56	62	2.323856e-18
61	56	63	2.803604e+05
61	56	64	2.803604e+05
62	54	62	7.060881e-19
62	54	63	8.518565e+04
62	54	64	8.518565e+04
62	55	62	-1.276250e-18
62	55	63	-1.539725e+05
62	55	64	-1.539725e+05
62	56	62	6.750615e-18
62	56	63	8.144246e+05
62	56	64	8.144246e+05
64	70	62	1.883089e-20
64	70	63	2.498865e+03
64	70	64	2.498865e+03
64	71	62	1.235417e-19
64	71	63	1.639401e+04
64	71	64	1.639401e+04
64	72	62	2.245597e-20
64	72	63	2.979913e+03
64	72	64	2.979913e+03
65	70	62	5.854476e-19
65	70	63	7.768905e+04
65	70	64	7.768905e+04
65	71	62	3.840878e-18
65	71	63	5.096856e+05
65	71	64	5.096856e+05
65	72	62	6.981501e-19
65	72	63	9.264471e+04
65	72	64	9.264471e+04
66	70	62	2.774765e-19
66	70	63	3.682120e+04
66	70	64	3.682120e+04
66	71	62	1.820408e-18
66	71	63	2.415686e+05
66	71	64	2.415686e+05
66	72	62	3.308925e-19
66	72	63	4.390953e+04
66	72	64	4.390953e+04
