0.2157	-3.748854e+00	2
49	62	62	9.026912e-21
49	62	63	3.915620e+03
49	62	64	3.915620e+03
49	63	62	9.236293e-20
49	63	63	4.006444e+04
49	63	64	4.006444e+04
49	64	62	2.420703e-20
49	64	63	1.050033e+04
49	64	64	1.050033e+04
50	62	62	1.144495e-20
50	62	63	4.964498e+03
50	62	64	4.964498e+03
50	63	62	1.171042e-19
50	63	63	5.079650e+04
50	63	64	5.079650e+04
50	64	62	3.069138e-20
50	64	63	1.331305e+04
50	64	64	1.331305e+04
51	62	62	1.492275e-19
51	62	63	6.473068e+04
51	62	64	6.473068e+04
51	63	62	1.526888e-18
51	63	63	6.623212e+05
51	63	64	6.623212e+05
51	64	62	4.001762e-19
51	64	63	1.735852e+05
51	64	64	1.735852e+05
75	62	62	8.942622e-21
75	62	63	3.915620e+03
75	62	64	3.915620e+03
75	63	62	-2.846867e-21
75	63	63	-1.246530e+03
75	63	64	-1.246530e+03
75	64	62	1.183283e-19
75	64	63	5.181130e+04
75	64	64	5.181130e+04
76	62	62	1.210062e-19
76	62	63	5.298382e+04
76	62	64	5.298382e+04
76	63	62	-3.852209e-20
76	63	63	-1.686730e+04
76	63	64	-1.686730e+04
76	64	62	1.601148e-18
76	64	63	7.010794e+05
76	64	64	7.010794e+05
77	62	62	3.816595e-20
77	62	63	1.671136e+04
77	62	64	1.671136e+04
77	63	62	-1.215006e-20
77	63	63	-5.320029e+03
77	63	64	-5.320029e+03
77	64	62	5.050100e-19
77	64	63	2.211239e+05
77	64	64	2.211239e+05
