0.0150	-4.617488e+06	767
9	7	115	2.695321e+01
9	7	116	1.075996e+03
9	7	117	1.970994e+03
9	8	115	3.869808e+01
9	8	116	1.544861e+03
9	8	117	2.829855e+03
9	9	115	4.544376e+02
9	9	116	1.814155e+04
9	9	117	3.323142e+04
10	7	115	1.874954e+02
10	7	116	7.484980e+03
10	7	117	1.371088e+04
10	8	115	2.691966e+02
10	8	116	1.074656e+04
10	8	117	1.968540e+04
10	9	115	3.161217e+03
10	9	116	1.261986e+05
10	9	117	2.311687e+05
11	7	115	7.163567e+02
11	7	116	2.859759e+04
11	7	117	5.238465e+04
11	8	115	1.028509e+03
11	8	116	4.105900e+04
11	8	117	7.521129e+04
11	9	115	1.207795e+04
11	9	116	4.821622e+05
11	9	117	8.832177e+05
35	69	33	3.280574e+01
35	69	34	-5.361586e+01
35	69	35	3.293732e+02
35	70	33	4.251478e+02
35	70	34	-6.948376e+02
35	70	35	4.268530e+03
35	71	33	1.179016e+03
35	71	34	-1.926917e+03
35	71	35	1.183745e+04
36	69	33	2.651720e+03
36	69	34	-4.333821e+03
36	69	35	2.662355e+04
36	70	33	3.436510e+04
36	70	34	-5.616438e+04
36	70	35	3.450294e+05
36	71	33	9.530100e+04
36	71	34	-1.557546e+05
36	71	35	9.568324e+05
37	69	33	1.679892e+03
37	69	34	-2.745521e+03
37	69	35	1.686630e+04
37	70	33	2.177065e+04
37	70	34	-3.558073e+04
37	70	35	2.185797e+05
37	71	33	6.037418e+04
37	71	34	-9.867215e+04
37	71	35	6.061633e+05
38	67	66	2.877260e+01
38	67	67	2.080892e+02
38	67	68	4.134842e+01
38	68	66	1.035958e+02
38	68	67	7.492252e+02
38	68	68	1.488750e+02
38	69	66	6.006878e+02
38	69	67	4.344295e+03
38	69	68	8.632341e+02
39	67	66	4.791651e+03
39	67	67	3.465418e+04
39	67	68	6.885967e+03
39	68	66	1.725234e+04
39	68	67	1.247724e+05
39	68	68	2.479292e+04
39	69	66	1.000357e+05
39	69	67	7.234779e+05
39	69	68	1.437588e+05
40	67	66	3.494517e+03
40	67	67	2.527304e+04
40	67	68	5.021886e+03
40	68	66	1.258201e+04
40	68	67	9.099558e+04
40	68	68	1.808130e+04
40	69	66	7.295528e+04
40	69	67	5.276272e+05
40	69	68	1.048423e+05
42	68	51	2.752041e+01
42	68	52	-3.666798e+01
42	68	53	2.981298e+02
42	69	51	9.724623e+02
42	69	52	-1.295701e+03
42	69	53	1.053473e+04
42	70	51	4.835226e+02
42	70	52	-6.442418e+02
42	70	53	5.238021e+03
43	68	51	1.308047e+03
43	68	52	-1.742832e+03
43	68	53	1.417013e+04
43	69	51	4.622122e+04
43	69	52	-6.158480e+04
43	69	53	5.007164e+05
43	70	51	2.298187e+04
43	70	52	-3.062087e+04
43	70	53	2.489636e+05
44	65	74	2.200115e+01
44	65	75	9.039297e+02
44	65	76	4.736140e+02
44	66	74	3.321716e+02
44	66	75	1.364746e+04
44	66	76	7.150585e+03
44	67	74	8.605657e+02
44	67	75	3.535683e+04
44	67	76	1.852521e+04
44	68	51	2.283200e+03
44	68	52	-3.042118e+03
44	68	53	2.473400e+04
44	69	51	8.067926e+04
44	69	52	-1.074964e+05
44	69	53	8.740019e+05
44	70	51	4.011491e+04
44	70	52	-5.344880e+04
44	70	53	4.345666e+05
44	73	64	1.576173e+00
44	73	65	1.489030e+03
44	73	66	1.305974e+03
44	74	57	1.345629e+01
44	74	58	1.823060e+03
44	74	59	1.283853e+03
44	74	64	-7.290460e-01
44	74	65	-6.887389e+02
44	74	66	-6.040676e+02
44	75	57	-1.912358e+01
44	75	58	-2.590865e+03
44	75	59	-1.824564e+03
44	75	64	2.034716e+01
44	75	65	1.922221e+04
44	75	66	1.685910e+04
44	76	57	1.427027e+02
44	76	58	1.933338e+04
44	76	59	1.361514e+04
45	65	74	4.078044e+02
45	65	75	1.675488e+04
45	65	76	8.778718e+03
45	66	74	6.156998e+03
45	66	75	2.529638e+05
45	66	76	1.325404e+05
45	67	74	1.595110e+04
45	67	75	6.553600e+05
45	67	76	3.433758e+05
45	72	67	3.551035e+01
45	72	68	2.144608e+02
45	72	69	3.597759e+01
45	73	64	5.622728e+01
45	73	65	5.311861e+04
45	73	66	4.658839e+04
45	73	67	1.136155e+03
45	73	68	6.861677e+03
45	73	69	1.151104e+03
45	74	57	2.540030e+02
45	74	58	3.441237e+04
45	74	59	2.423420e+04
45	74	64	-2.600748e+01
45	74	65	-2.456959e+04
45	74	66	-2.154908e+04
45	74	67	5.444584e+02
45	74	68	3.288195e+03
45	74	69	5.516222e+02
45	75	57	-3.609797e+02
45	75	58	-4.890559e+04
45	75	59	-3.444076e+04
45	75	64	7.258502e+02
45	75	65	6.857198e+05
45	75	66	6.014197e+05
45	76	57	2.693679e+03
45	76	58	3.649400e+05
45	76	59	2.570015e+05
45	83	79	3.651603e+02
45	83	80	3.114559e+03
45	83	81	7.111014e+02
45	84	79	9.902762e+03
45	84	80	8.446355e+04
45	84	81	1.928432e+04
45	85	79	4.442779e+03
45	85	80	3.789376e+04
45	85	81	8.651724e+03
46	65	74	1.534143e+02
46	65	75	6.303113e+03
46	65	76	3.302516e+03
46	66	74	2.316236e+03
46	66	75	9.516389e+04
46	66	76	4.986112e+04
46	67	74	6.000735e+03
46	67	75	2.465436e+05
46	67	76	1.291765e+05
46	72	67	3.172203e+03
46	72	68	1.915816e+04
46	72	69	3.213941e+03
46	73	64	2.805297e+01
46	73	65	2.650199e+04
46	73	66	2.324392e+04
46	73	67	1.014947e+05
46	73	68	6.129657e+05
46	73	69	1.028301e+05
46	74	57	5.999478e+02
46	74	58	8.128102e+04
46	74	59	5.724049e+04
46	74	64	-1.297567e+01
46	74	65	-1.225828e+04
46	74	66	-1.075129e+04
46	74	67	4.863743e+04
46	74	68	2.937403e+05
46	74	69	4.927738e+04
46	75	57	-8.526237e+02
46	75	58	-1.155136e+05
46	75	59	-8.134807e+04
46	75	64	3.621419e+02
46	75	65	3.421199e+05
46	75	66	3.000609e+05
46	76	57	6.362392e+03
46	76	58	8.619778e+05
46	76	59	6.070301e+05
46	77	56	8.158891e+01
46	77	57	1.055733e+03
46	77	58	2.929815e+03
46	78	56	2.513285e+03
46	78	57	3.252108e+04
46	78	58	9.025075e+04
46	79	56	1.186929e+03
46	79	57	1.535847e+04
46	79	58	4.262201e+04
46	83	79	-3.138927e+02
46	83	80	-2.677282e+03
46	83	81	-6.112645e+02
46	84	79	-8.512438e+03
46	84	80	-7.260507e+04
46	84	81	-1.657685e+04
46	85	49	1.005876e+01
46	85	50	2.861289e+01
46	85	51	1.962947e+02
46	85	79	-3.819023e+03
46	85	80	-3.257357e+04
46	85	81	-7.437043e+03
46	86	44	5.399708e+00
46	86	45	-1.980094e+00
46	86	46	7.086723e+01
46	86	49	5.528118e+02
46	86	50	1.572514e+03
46	86	51	1.078801e+04
46	87	44	1.343135e+03
46	87	45	-4.925328e+02
46	87	46	1.762766e+04
46	87	49	3.169124e+02
46	87	50	9.014809e+02
46	87	51	6.184481e+03
46	88	44	1.723628e+03
46	88	45	-6.320612e+02
46	88	46	2.262136e+04
47	72	67	3.652191e+03
47	72	68	2.431644e+04
47	72	69	4.511317e+03
47	72	74	1.384691e+02
47	72	75	2.302434e+03
47	72	76	8.178650e+02
47	73	67	8.362861e+04
47	73	68	5.303309e+05
47	73	69	9.379846e+04
47	73	74	1.740489e+03
47	73	75	2.894046e+04
47	73	76	1.028016e+04
47	74	67	3.649989e+04
47	74	68	2.274830e+05
47	74	69	3.950944e+04
47	74	74	4.895270e+03
47	74	75	8.139747e+04
47	74	76	2.891381e+04
47	75	66	7.684049e-01
47	75	67	1.479971e+01
47	75	68	3.468013e+01
47	76	66	7.582650e+01
47	76	67	1.460441e+03
47	76	68	3.422249e+03
47	77	56	-1.002620e+02
47	77	57	-1.297357e+03
47	77	58	-3.600355e+03
47	77	66	1.121987e+02
47	77	67	2.160981e+03
47	77	68	5.063822e+03
47	78	56	-3.088495e+03
47	78	57	-3.996410e+04
47	78	58	-1.109062e+05
47	79	56	-1.458579e+03
47	79	57	-1.887353e+04
47	79	58	-5.237681e+04
47	83	79	4.379162e+03
47	83	80	3.735115e+04
47	83	81	8.527839e+03
47	84	79	1.187582e+05
47	84	80	1.012924e+06
47	84	81	2.312660e+05
47	85	49	3.391534e+02
47	85	50	9.647469e+02
47	85	51	6.618509e+03
47	85	79	5.327974e+04
47	85	80	4.544385e+05
47	85	81	1.037553e+05
47	86	44	1.732097e+02
47	86	45	-6.351669e+01
47	86	46	2.273251e+03
47	86	49	1.863927e+04
47	86	50	5.302078e+04
47	86	51	3.637415e+05
47	87	44	4.308456e+04
47	87	45	-1.579928e+04
47	87	46	5.654533e+05
47	87	49	1.068540e+04
47	87	50	3.039542e+04
47	87	51	2.085234e+05
47	88	44	5.528987e+04
47	88	45	-2.027501e+04
47	88	46	7.256392e+05
48	69	65	3.266864e+02
48	69	66	1.858318e+03
48	69	67	7.996895e+03
48	70	65	2.148218e+03
48	70	66	1.221989e+04
48	70	67	5.258581e+04
48	71	65	3.913301e+02
48	71	66	2.226036e+03
48	71	67	9.579294e+03
48	72	60	7.584794e+02
48	72	61	5.510238e+03
48	72	62	1.099285e+03
48	72	67	1.006278e+04
48	72	68	7.501632e+04
48	72	69	1.530809e+04
48	72	74	-8.931053e+01
48	72	75	-1.485036e+03
48	72	76	-5.275108e+02
48	73	60	2.558631e+03
48	73	61	1.858806e+04
48	73	62	3.708294e+03
48	73	67	1.125231e+05
48	73	68	8.388404e+05
48	73	69	1.711767e+05
48	73	74	-1.122589e+03
48	73	75	-1.866617e+04
48	73	76	-6.630551e+03
48	74	57	3.696360e+02
48	74	58	3.994652e+03
48	74	59	1.088166e+03
48	74	60	1.552727e+04
48	74	61	1.128033e+05
48	74	62	2.250410e+04
48	74	67	3.138029e+04
48	74	68	2.339347e+05
48	74	69	4.773752e+04
48	74	74	-3.157377e+03
48	74	75	-5.250016e+04
48	74	76	-1.864898e+04
48	75	57	2.267921e+03
48	75	58	2.450939e+04
48	75	59	6.676500e+03
48	75	62	4.700782e-01
48	75	63	1.134315e+01
48	75	64	2.442765e+01
48	75	66	7.620677e+01
48	75	67	1.467765e+03
48	75	68	3.439412e+03
48	75	69	8.674625e+01
48	75	70	-1.484536e+02
48	75	71	8.526624e+02
48	76	57	9.324283e+03
48	76	58	1.007674e+05
48	76	59	2.744963e+04
48	76	62	5.376221e+00
48	76	63	1.297301e+02
48	76	64	2.793757e+02
48	76	66	7.520115e+03
48	76	67	1.448397e+05
48	76	68	3.394025e+05
48	76	69	7.843524e+03
48	76	70	-1.342305e+04
48	76	71	7.709703e+04
48	77	56	9.051872e+02
48	77	57	1.171282e+04
48	77	58	3.250480e+04
48	77	62	1.522355e+00
48	77	63	3.673497e+01
48	77	64	7.910930e+01
48	77	66	1.112734e+04
48	77	67	2.143159e+05
48	77	68	5.022060e+05
48	77	69	1.180448e+04
48	77	70	-2.020166e+04
48	77	71	1.160308e+05
48	78	56	2.788361e+04
48	78	57	3.608047e+05
48	78	58	1.001286e+06
48	78	70	1.465435e+02
48	78	71	2.226391e+03
48	78	72	7.519936e+02
48	79	56	1.316837e+04
48	79	57	1.703944e+05
48	79	58	4.728694e+05
48	79	65	2.152867e+01
48	79	66	8.164527e+03
48	79	67	6.684784e+03
48	79	68	2.840189e+01
48	79	70	5.195518e+03
48	79	71	7.893394e+04
48	79	72	2.666100e+04
48	80	65	-1.781468e+01
48	80	66	-6.127344e+03
48	80	67	2.005451e+04
48	80	68	1.333982e+04
48	80	70	2.586393e+03
48	80	71	3.929430e+04
48	80	72	1.327218e+04
48	81	65	2.598143e+02
48	81	66	9.903652e+04
48	81	67	1.012103e+05
48	81	68	1.106867e+04
48	82	57	4.352499e+02
48	82	58	2.858490e+03
48	82	59	5.200967e+02
48	83	57	6.612039e+03
48	83	58	4.342435e+04
48	83	59	7.900977e+03
48	84	57	1.708439e+04
48	84	58	1.122011e+05
48	84	59	2.041478e+04
48	85	49	6.533679e+02
48	85	50	1.858553e+03
48	85	51	1.275034e+04
48	86	44	8.308569e+01
48	86	45	-3.046785e+01
48	86	46	1.090439e+03
48	86	49	3.590794e+04
48	86	50	1.021428e+05
48	86	51	7.007361e+05
48	87	44	2.066691e+04
48	87	45	-7.578637e+03
48	87	46	2.712381e+05
48	87	49	2.058508e+04
48	87	50	5.855578e+04
48	87	51	4.017136e+05
48	88	44	2.652159e+04
48	88	45	-9.725570e+03
48	88	46	3.480764e+05
48	90	51	6.862577e+00
48	90	52	1.573186e+02
48	90	53	6.559137e+01
48	91	51	5.390552e+01
48	91	52	1.235737e+03
48	91	53	5.152200e+02
48	92	51	1.923839e+02
48	92	52	4.410233e+03
48	92	53	1.838773e+03
49	60	58	1.578216e+02
49	60	59	1.254249e+04
49	60	60	7.914249e+03
49	61	58	1.343861e+03
49	61	59	1.068001e+05
49	61	60	6.739036e+04
49	62	58	3.064144e+02
49	62	59	2.435154e+04
49	62	60	1.536570e+04
49	69	65	8.797524e+02
49	69	66	5.004369e+03
49	69	67	2.153529e+04
49	70	65	5.785057e+03
49	70	66	3.290763e+04
49	70	67	1.416113e+05
49	71	65	1.056214e+03
49	71	66	6.021112e+03
49	71	67	2.588056e+04
49	71	68	2.026898e+00
49	72	60	6.314816e+03
49	72	61	4.587618e+04
49	72	62	9.152236e+03
49	72	63	2.193756e+02
49	72	64	1.938592e+03
49	72	65	1.768605e+03
49	72	66	8.735860e+03
49	72	67	2.823903e+04
49	72	68	1.326205e+04
49	72	69	2.678421e+03
49	72	74	1.730755e+03
49	72	75	2.915501e+04
49	72	76	1.068406e+04
49	73	60	2.130220e+04
49	73	61	1.547573e+05
49	73	62	3.087387e+04
49	73	63	3.457475e+03
49	73	64	2.950522e+04
49	73	65	1.403486e+04
49	73	66	6.991458e+03
49	73	67	4.081924e+04
49	73	68	1.468528e+05
49	73	69	2.995039e+04
49	73	74	2.177480e+04
49	73	75	3.762445e+05
49	73	76	1.459915e+05
49	74	57	3.187377e+03
49	74	58	3.444595e+04
49	74	59	9.383277e+03
49	74	60	1.292743e+05
49	74	61	9.391579e+05
49	74	62	1.873607e+05
49	74	63	8.793411e+03
49	74	64	7.615367e+04
49	74	65	3.620218e+04
49	74	67	5.490538e+03
49	74	68	4.093102e+04
49	74	69	8.352525e+03
49	74	74	6.121486e+04
49	74	75	1.044281e+06
49	74	76	3.939424e+05
49	75	57	1.955632e+04
49	75	58	2.113449e+05
49	75	59	5.757158e+04
49	75	62	8.066304e+02
49	75	63	1.946428e+04
49	75	64	4.191661e+04
49	75	66	1.198576e+02
49	75	67	8.634510e+02
49	75	68	2.986407e+03
49	75	69	7.341574e+02
49	75	70	-1.256404e+03
49	75	71	7.216317e+03
49	76	57	8.040345e+04
49	76	58	8.689192e+05
49	76	59	2.366986e+05
49	76	62	9.225323e+03
49	76	63	2.226103e+05
49	76	64	4.793946e+05
49	76	66	5.560409e+03
49	76	67	9.510437e+04
49	76	68	2.308494e+05
49	76	69	6.638190e+04
49	76	70	-1.136030e+05
49	76	71	6.524934e+05
49	77	62	2.612285e+03
49	77	63	6.303535e+04
49	77	64	1.357476e+05
49	77	66	7.504715e+03
49	77	67	1.418655e+05
49	77	68	3.342177e+05
49	77	69	9.990459e+04
49	77	70	-1.709722e+05
49	77	71	9.820008e+05
49	78	70	-1.267140e+02
49	78	71	-1.925127e+03
49	78	72	-6.502377e+02
49	79	65	-2.379610e+01
49	79	66	-8.996661e+03
49	79	67	-6.258815e+03
49	79	68	5.588038e+02
49	79	70	-4.492487e+03
49	79	71	-6.825300e+04
49	79	72	-2.305337e+04
49	80	65	1.969095e+01
49	80	66	1.981403e+04
49	80	67	5.085821e+05
49	80	68	2.624594e+05
49	80	70	-2.236416e+03
49	80	71	-3.397719e+04
49	80	72	-1.147626e+04
49	81	65	-2.871784e+02
49	81	66	-9.864619e+04
49	81	67	3.285170e+05
49	81	68	2.177747e+05
49	82	57	-6.781295e+02
49	82	58	-4.453593e+03
49	82	59	-8.103227e+02
49	83	57	-1.030171e+04
49	83	58	-6.765614e+04
49	83	59	-1.230990e+04
49	84	57	-2.661787e+04
49	84	58	-1.748120e+05
49	84	59	-3.180670e+04
49	85	74	3.669872e+02
49	85	75	8.721682e+02
49	85	76	6.844872e+03
49	86	74	-6.468955e+02
49	86	75	-1.537388e+03
49	86	76	-1.206559e+04
49	87	74	3.554859e+03
49	87	75	8.448349e+03
49	87	76	6.630357e+04
49	90	51	6.646340e+02
49	90	52	1.523616e+04
49	90	53	6.352461e+03
49	91	51	5.220697e+03
49	91	52	1.196800e+05
49	91	53	4.989856e+04
49	92	51	1.863219e+04
49	92	52	4.271268e+05
49	92	53	1.780834e+05
50	60	58	1.026083e+03
50	60	59	8.154543e+04
50	60	60	5.145477e+04
50	61	58	8.737163e+03
50	61	59	6.943648e+05
50	61	60	4.381408e+05
50	62	58	1.992164e+03
50	62	59	1.583224e+05
50	62	60	9.990067e+04
50	64	61	1.614194e+00
50	64	62	9.619229e+00
50	64	63	4.024490e+01
50	65	61	6.477783e+01
50	65	62	3.860211e+02
50	65	63	1.615034e+03
50	66	61	3.367326e+01
50	66	62	2.006641e+02
50	66	63	8.395380e+02
50	66	64	2.356431e-03
50	66	65	-2.127998e-03
50	66	66	2.801623e-02
50	67	64	8.174140e+02
50	67	65	-7.381738e+02
50	67	66	9.718453e+03
50	68	64	8.229820e+02
50	68	65	-7.432020e+02
50	68	66	9.784653e+03
50	68	74	9.076232e+00
50	68	75	2.990843e+03
50	68	76	2.392347e+03
50	69	65	6.284442e+03
50	69	66	3.574832e+04
50	69	67	1.538357e+05
50	69	74	-1.336981e+00
50	69	75	-4.405685e+02
50	69	76	-3.524066e+02
50	70	65	4.132510e+04
50	70	66	2.350730e+05
50	70	67	1.011589e+06
50	70	74	1.235154e+02
50	70	75	4.070138e+04
50	70	76	3.255665e+04
50	71	64	1.237341e+03
50	71	65	2.012235e+04
50	71	66	4.660386e+04
50	71	67	1.909275e+05
50	71	68	2.290840e+03
50	72	60	1.413957e+03
50	72	61	1.105625e+04
50	72	62	8.927847e+03
50	72	63	2.109911e+03
50	72	64	3.798943e+03
50	72	65	-4.752911e+03
50	72	66	7.111159e+04
50	72	67	5.723535e+05
50	72	68	1.544126e+05
50	72	71	1.256576e+02
50	72	72	-6.499295e+00
50	72	73	1.736148e+03
50	72	74	1.248226e+01
50	72	75	6.084638e+03
50	72	76	7.277762e+03
50	73	60	4.769796e+03
50	73	61	4.771628e+04
50	73	62	1.247394e+05
50	73	63	3.423008e+04
50	73	64	1.000534e+05
50	73	65	2.214965e+05
50	73	66	9.077811e+04
50	73	67	3.771093e+05
50	73	68	9.356925e+04
50	73	71	-1.134504e+02
50	73	72	5.867910e+00
50	73	73	-1.567487e+03
50	73	74	4.701690e+02
50	73	75	2.291900e+05
50	73	76	2.741314e+05
50	74	40	1.604041e+02
50	74	41	-2.560439e+02
50	74	42	1.626973e+03
50	74	57	7.340966e+02
50	74	58	7.933374e+03
50	74	59	2.161097e+03
50	74	60	2.894593e+04
50	74	61	2.151752e+05
50	74	62	8.524538e+04
50	74	63	5.003442e+04
50	74	64	2.751474e+05
50	74	65	2.332334e+05
50	74	66	2.841163e+03
50	74	67	9.861862e+02
50	74	68	1.382327e+03
50	74	71	1.494039e+03
50	74	72	-7.727505e+01
50	74	73	2.064238e+04
50	74	74	8.759456e+02
50	74	75	4.269911e+05
50	74	76	5.107188e+05
50	75	40	7.885416e+03
50	75	41	-1.258704e+04
50	75	42	7.998151e+04
50	75	57	4.504087e+03
50	75	58	4.867562e+04
50	75	59	1.325952e+04
50	75	62	1.525574e+03
50	75	63	3.432874e+04
50	75	64	7.827386e+04
50	75	65	1.452558e+03
50	75	66	7.802003e+03
50	75	67	-1.097765e+04
50	75	68	8.124957e+04
50	75	69	1.665781e+02
50	75	70	-2.850742e+02
50	75	71	1.637361e+03
50	76	40	1.364211e+04
50	76	41	-2.177612e+04
50	76	42	1.383714e+05
50	76	57	1.851801e+04
50	76	58	2.001240e+05
50	76	59	5.451492e+04
50	76	62	1.015455e+04
50	76	63	2.450330e+05
50	76	64	5.276821e+05
50	76	66	6.465761e+04
50	76	67	-1.021230e+05
50	76	68	6.587345e+05
50	76	69	1.506185e+04
50	76	70	-2.577617e+04
50	76	71	1.480488e+05
50	77	62	2.875410e+03
50	77	63	6.938465e+04
50	77	64	1.494209e+05
50	77	66	1.443830e+04
50	77	67	-2.280447e+04
50	77	68	1.470980e+05
50	77	69	2.266805e+04
50	77	70	-3.879307e+04
50	77	71	2.228130e+05
50	78	70	1.755650e+03
50	78	71	2.667306e+04
50	78	72	9.009185e+03
50	79	65	2.454392e+02
50	79	66	9.307523e+04
50	79	67	7.600518e+04
50	79	68	2.166388e+02
50	79	70	6.224439e+04
50	79	71	9.456603e+05
50	79	72	3.194095e+05
50	80	65	-2.030975e+02
50	80	66	-7.222307e+04
50	80	67	1.322677e+05
50	80	68	1.017511e+05
50	80	70	3.098603e+04
50	80	71	4.707614e+05
50	80	72	1.590060e+05
50	81	65	2.962032e+03
50	81	66	1.127108e+06
50	81	67	1.073896e+06
50	81	68	8.442760e+04
50	82	57	4.459253e+03
50	82	58	2.928600e+04
50	82	59	5.328531e+03
50	82	74	3.295549e-01
50	82	75	1.274675e+01
50	82	76	6.543338e+00
50	83	57	6.774213e+04
50	83	58	4.448942e+05
50	83	59	8.094765e+04
50	83	74	1.867616e+03
50	83	75	7.223695e+04
50	83	76	3.708166e+04
50	84	57	1.750341e+05
50	84	58	1.149531e+06
50	84	59	2.091550e+05
50	84	74	1.969185e+03
50	84	75	7.616550e+04
50	84	76	3.909832e+04
50	85	74	7.241721e+03
50	85	75	1.721041e+04
50	85	76	1.350692e+05
50	86	74	-1.276512e+04
50	86	75	-3.033712e+04
50	86	76	-2.380891e+05
50	87	74	7.014768e+04
50	87	75	1.667104e+05
50	87	76	1.308362e+06
50	90	51	9.869678e+02
50	90	52	2.262538e+04
50	90	53	9.433275e+03
50	91	51	7.752628e+03
50	91	52	1.777223e+05
50	91	53	7.409833e+04
50	92	51	2.766842e+04
50	92	52	6.342746e+05
50	92	53	2.644502e+05
51	60	58	1.849214e+02
51	60	59	1.469618e+04
51	60	60	9.273215e+03
51	61	58	1.574618e+03
51	61	59	1.251389e+05
51	61	60	7.896205e+04
51	62	58	3.590292e+02
51	62	59	2.853298e+04
51	62	60	1.800417e+04
51	63	58	2.624606e-03
51	63	59	1.159775e-01
51	63	60	6.223199e-02
51	64	58	6.709914e+02
51	64	59	2.965014e+04
51	64	60	1.590987e+04
51	64	61	5.726733e+02
51	64	62	3.412649e+03
51	64	63	1.427783e+04
51	65	58	6.657015e+02
51	65	59	2.941639e+04
51	65	60	1.578444e+04
51	65	61	2.298146e+04
51	65	62	1.369501e+05
51	65	63	5.729714e+05
51	66	61	1.194638e+04
51	66	62	7.119034e+04
51	66	63	2.978459e+05
51	66	64	8.401824e-02
51	66	65	-7.587350e-02
51	66	66	9.989152e-01
51	67	64	2.914480e+04
51	67	65	-2.631950e+04
51	67	66	3.465102e+05
51	68	64	2.934332e+04
51	68	65	-2.649878e+04
51	68	66	3.488706e+05
51	68	74	3.526942e+01
51	68	75	1.162215e+04
51	68	76	9.296445e+03
51	69	61	3.406583e+01
51	69	62	7.956418e+03
51	69	63	6.099080e+03
51	69	74	-5.195389e+00
51	69	75	-1.712009e+03
51	69	76	-1.369420e+03
51	70	61	-3.903787e+01
51	70	62	-9.117688e+03
51	70	63	-6.989264e+03
51	70	64	1.465744e+02
51	70	65	2.428885e+03
51	70	66	8.611766e+02
51	70	74	4.799696e+02
51	70	75	1.581619e+05
51	70	76	1.265122e+05
51	71	61	3.849637e+02
51	71	62	8.991614e+04
51	71	63	6.892131e+04
51	71	64	1.152857e+04
51	71	65	1.285861e+05
51	71	66	4.039873e+04
51	71	67	8.914942e+03
51	71	68	2.577957e+03
51	72	61	9.038907e+03
51	72	62	-2.272746e+04
51	72	63	9.762449e+04
51	72	64	1.316391e+05
51	72	65	2.948734e+04
51	72	66	2.648086e+05
51	72	67	1.119921e+06
51	72	68	1.737656e+05
51	72	69	1.942882e+03
51	72	70	1.451556e+04
51	72	71	1.020882e+04
51	72	72	-3.745253e+02
51	72	73	1.000465e+05
51	72	74	4.282037e+00
51	72	75	2.087334e+03
51	72	76	2.496635e+03
51	73	60	7.694515e+01
51	73	61	-3.602914e+04
51	73	62	-1.661749e+05
51	73	63	-1.006573e+04
51	73	64	8.604729e+05
51	73	65	1.457652e+06
51	73	66	5.261255e+05
51	73	67	8.137587e+05
51	73	68	1.069588e+05
51	73	69	-3.053763e+03
51	73	70	-2.281512e+04
51	73	71	-1.120222e+04
51	73	72	3.381414e+02
51	73	73	-9.032728e+04
51	73	74	1.612914e+02
51	73	75	7.862361e+04
51	73	76	9.404075e+04
51	74	40	-2.408592e+02
51	74	41	3.844699e+02
51	74	42	-2.443026e+03
51	74	60	7.603339e+03
51	74	61	1.569795e+05
51	74	62	-2.625903e+05
51	74	63	1.316936e+06
51	74	64	1.856592e+06
51	74	65	2.251604e+06
51	74	66	3.992562e+05
51	74	67	1.939034e+05
51	74	68	2.877972e+05
51	74	69	1.983405e+04
51	74	70	1.481832e+05
51	74	71	1.163910e+05
51	74	72	-4.453016e+03
51	74	73	1.189528e+06
51	74	74	3.004931e+02
51	74	75	1.464792e+05
51	74	76	1.752020e+05
51	75	40	-1.184057e+04
51	75	41	1.890043e+04
51	75	42	-1.200985e+05
51	75	60	5.036343e+03
51	75	61	3.546538e+04
51	75	62	7.118084e+03
51	75	63	1.538743e+04
51	75	64	2.422233e+05
51	75	65	2.481382e+05
51	75	66	1.513051e+05
51	75	67	3.441569e+05
51	75	68	5.026679e+05
51	76	40	-2.048468e+04
51	76	41	3.269854e+04
51	76	42	-2.077754e+05
51	76	63	1.524840e+04
51	76	64	-1.002768e+04
51	76	65	2.000391e+05
51	76	66	1.536777e+05
51	76	67	-1.267330e+05
51	76	68	9.516282e+05
51	77	64	2.488267e+02
51	77	65	3.551670e+03
51	77	66	2.306487e+04
51	77	67	-2.904469e+04
51	77	68	2.125023e+05
51	78	64	1.802687e+01
51	78	65	3.573037e+01
51	78	66	4.393803e+02
51	78	67	1.450540e+03
51	81	68	1.203587e+02
51	81	69	5.570638e+02
51	81	70	2.729273e+03
51	82	68	1.388178e+03
51	82	69	6.424993e+03
51	82	70	3.147854e+04
51	82	74	-5.771785e-01
51	82	75	-2.232451e+01
51	82	76	-1.145992e+01
51	83	68	4.066064e+03
51	83	69	1.881923e+04
51	83	70	9.220274e+04
51	83	74	-3.270921e+03
51	83	75	-1.265149e+05
51	83	76	-6.494438e+04
51	84	74	-3.448807e+03
51	84	75	-1.333953e+05
51	84	76	-6.847633e+04
51	85	74	2.811594e+03
51	85	75	6.681931e+03
51	85	76	5.244053e+04
51	86	74	-4.956052e+03
51	86	75	-1.177837e+04
51	86	76	-9.243796e+04
51	87	74	2.723480e+04
51	87	75	6.472522e+04
51	87	76	5.079707e+05
52	63	58	4.144319e-02
52	63	59	1.831314e+00
52	63	60	9.826587e-01
52	64	58	1.059512e+04
52	64	59	4.681831e+05
52	64	60	2.512208e+05
52	64	61	4.618434e+02
52	64	62	2.752196e+03
52	64	63	1.151463e+04
52	64	66	2.204889e+01
52	64	67	6.844950e+01
52	64	68	4.406980e+02
52	65	58	1.051159e+04
52	65	59	4.644921e+05
52	65	60	2.492402e+05
52	65	61	1.853384e+04
52	65	62	1.104460e+05
52	65	63	4.620838e+05
52	65	66	1.743769e+03
52	65	67	5.413430e+03
52	65	68	3.485325e+04
52	66	61	9.634389e+03
52	66	62	5.741281e+04
52	66	63	2.402036e+05
52	66	64	1.591158e-01
52	66	65	-1.436911e-01
52	66	66	2.699069e+03
52	66	67	8.373229e+03
52	66	68	5.390931e+04
52	67	64	5.519514e+04
52	67	65	-4.984452e+04
52	67	66	6.562298e+05
52	68	58	3.169496e+01
52	68	59	2.507005e+03
52	68	60	3.877595e+03
52	68	64	5.557112e+04
52	68	65	-5.018404e+04
52	68	66	6.606998e+05
52	68	74	1.940709e+02
52	68	75	6.395116e+04
52	68	76	5.115392e+04
52	69	58	3.702673e+02
52	69	59	2.928736e+04
52	69	60	4.529889e+04
52	69	61	-2.005993e+01
52	69	62	-4.685199e+03
52	69	63	-3.591490e+03
52	69	74	-2.858776e+01
52	69	75	-9.420375e+03
52	69	76	-7.535268e+03
52	70	58	1.063449e+02
52	70	59	8.411660e+03
52	70	60	1.301035e+04
52	70	61	2.298775e+01
52	70	62	5.479140e+03
52	70	63	5.457397e+03
52	70	64	1.369165e+04
52	70	65	1.084292e+05
52	70	66	3.487467e+04
52	70	67	2.150087e+02
52	70	68	1.198377e+01
52	70	69	1.175717e+02
52	70	70	3.730289e+02
52	70	74	2.641045e+03
52	70	75	8.702898e+05
52	70	76	6.961365e+05
52	71	61	-2.266888e+02
52	71	62	-5.027152e+04
52	71	63	-1.376237e+04
52	71	64	1.289839e+05
52	71	65	7.707172e+05
52	71	66	3.215602e+05
52	71	67	9.510347e+03
52	71	68	5.903002e+03
52	71	69	5.744179e+03
52	71	70	1.822501e+04
52	72	61	1.965790e+04
52	72	62	3.533046e+04
52	72	63	1.716926e+05
52	72	64	2.622316e+05
52	72	65	3.680503e+05
52	72	66	-2.452022e+04
52	72	67	9.027041e+04
52	72	68	6.600256e+04
52	72	69	2.578620e+04
52	72	70	1.498675e+05
52	72	71	2.839090e+04
52	72	72	-2.176001e+02
52	72	73	5.812724e+04
52	73	60	2.330413e+02
52	73	61	1.163872e+05
52	73	62	1.176858e+06
52	73	63	6.964652e+05
52	73	64	1.231808e+06
52	73	65	1.828391e+06
52	73	66	9.961512e+05
52	73	67	3.484269e+05
52	73	68	1.161331e+05
52	73	69	-2.477856e+04
52	73	70	-1.857526e+05
52	73	71	-4.180976e+04
52	73	72	1.964610e+02
52	73	73	-5.248036e+04
52	74	40	1.667372e+03
52	74	41	-2.661532e+03
52	74	42	1.691210e+04
52	74	60	6.343165e+03
52	74	61	2.365721e+05
52	74	62	2.256081e+05
52	74	63	2.380013e+06
52	74	64	3.244581e+06
52	74	65	2.416127e+06
52	74	66	1.233010e+06
52	74	67	4.495242e+05
52	74	68	3.213900e+05
52	74	69	1.644795e+05
52	74	70	1.211996e+06
52	74	71	2.969034e+05
52	74	72	-2.587213e+03
52	74	73	6.911188e+05
52	75	40	8.196752e+04
52	75	41	-1.308401e+05
52	75	42	8.313938e+05
52	75	60	7.835004e+03
52	75	61	1.226015e+05
52	75	62	6.978214e+04
52	75	63	3.104689e+05
52	75	64	1.700097e+06
52	75	65	1.655553e+06
52	75	66	2.313707e+06
52	75	67	1.196486e+06
52	75	68	3.256318e+05
52	75	69	1.699779e+03
52	75	70	1.992615e+03
52	76	40	1.418073e+05
52	76	41	-2.263590e+05
52	76	42	1.438347e+06
52	76	62	2.798193e+02
52	76	63	1.796991e+04
52	76	64	1.031662e+06
52	76	65	9.807392e+05
52	76	66	1.265605e+06
52	76	67	6.535302e+05
52	76	68	4.509747e+04
52	76	69	7.170490e+03
52	76	76	5.304479e+00
52	76	77	2.397956e+03
52	76	78	2.887712e+03
52	77	64	9.503514e+04
52	77	65	1.216794e+05
52	77	66	1.025077e+06
52	77	67	5.089819e+05
52	77	68	1.056211e+04
52	77	69	2.566022e+03
52	77	76	3.581816e+01
52	77	77	1.619205e+04
52	77	78	1.949909e+04
52	78	64	4.260772e+04
52	78	65	-6.690491e+04
52	78	66	4.442724e+05
52	78	67	1.787467e+05
52	78	76	6.688311e+00
52	78	77	3.023535e+03
52	78	78	3.641058e+03
52	79	64	1.406031e+02
52	79	65	1.932851e+04
52	79	66	2.083682e+04
52	79	69	3.511171e+00
52	79	70	2.199545e+02
52	79	71	3.583243e+02
52	80	64	3.559012e+03
52	80	65	4.848135e+04
52	80	66	2.850582e+04
52	80	69	4.835864e+01
52	80	70	3.029388e+03
52	80	71	4.935126e+03
52	81	64	1.662692e+03
52	81	65	1.349698e+04
52	81	66	2.960178e+03
52	81	68	1.153817e+03
52	81	69	5.470741e+03
52	81	70	3.433646e+04
52	81	71	1.331341e+04
52	82	68	1.330775e+04
52	82	69	6.159310e+04
52	82	70	3.017686e+05
52	82	74	3.202702e+00
52	82	75	1.238763e+02
52	82	76	6.358989e+01
52	83	68	3.897927e+04
52	83	69	1.804103e+05
52	83	70	8.839002e+05
52	83	74	1.814999e+04
52	83	75	7.020178e+05
52	83	76	3.603694e+05
52	84	74	1.913706e+04
52	84	75	7.401965e+05
52	84	76	3.799678e+05
53	63	58	1.430715e-02
53	63	59	6.322123e-01
53	63	60	3.392366e-01
53	64	58	3.657682e+03
53	64	59	1.616277e+05
53	64	60	8.672725e+04
53	64	66	3.020288e+02
53	64	67	9.376309e+02
53	64	68	6.036744e+03
53	65	58	3.628846e+03
53	65	59	1.603535e+05
53	65	60	8.604352e+04
53	65	66	2.388640e+04
53	65	67	7.415392e+04
53	65	68	4.774248e+05
53	66	65	1.885383e-01
53	66	66	3.704065e+04
53	66	67	1.147764e+05
53	66	68	7.384574e+05
53	67	65	-4.657197e-02
53	67	66	-2.330198e+01
53	67	67	-1.944855e+01
53	68	56	7.499065e-01
53	68	57	7.587173e+00
53	68	58	9.788313e+01
53	68	59	4.109704e+03
53	68	60	6.657399e+03
53	68	65	3.158091e+02
53	68	66	2.919155e+03
53	68	67	8.510490e+03
53	69	56	4.290361e+02
53	69	57	4.340769e+03
53	69	58	1.418189e+04
53	69	59	4.812530e+04
53	69	60	7.464368e+04
53	69	61	4.043904e+02
53	69	62	1.006465e+05
53	69	63	7.698431e+04
53	69	65	3.930541e+03
53	69	66	2.077706e+04
53	69	67	9.354791e+04
53	70	56	3.623495e+02
53	70	57	3.666068e+03
53	70	58	1.196347e+04
53	70	59	1.366566e+04
53	70	60	3.416932e+04
53	70	61	-1.133945e+04
53	70	62	-2.155251e+04
53	70	63	-7.805859e+04
53	70	64	4.018497e+04
53	70	65	5.825545e+04
53	70	66	2.821890e+04
53	70	67	8.734482e+04
53	70	68	3.483620e+02
53	70	69	2.486051e+03
53	70	70	9.219781e+03
53	71	45	2.602749e+02
53	71	46	4.585931e+03
53	71	47	1.680350e+03
53	71	56	8.699550e+01
53	71	57	1.103570e+03
53	71	58	3.343641e+02
53	71	60	1.023306e+04
53	71	61	-8.281933e+03
53	71	62	1.272144e+06
53	71	63	1.123152e+06
53	71	64	1.116644e+06
53	71	65	6.951779e+05
53	71	66	2.976448e+05
53	71	67	5.532670e+04
53	71	68	2.981655e+04
53	71	69	1.224723e+05
53	71	70	4.969587e+05
53	72	45	1.936539e+03
53	72	46	3.412099e+04
53	72	47	1.250241e+04
53	72	56	6.252646e+03
53	72	57	7.931710e+04
53	72	58	2.403182e+04
53	72	61	1.886293e+03
53	72	62	1.558168e+05
53	72	63	3.136495e+05
53	72	64	3.361125e+06
53	72	65	7.763561e+05
53	72	66	4.370566e+05
53	72	67	1.757634e+06
53	72	68	3.997471e+05
53	72	69	2.412071e+05
53	72	70	7.655496e+05
53	72	71	5.320913e+03
53	73	45	3.945097e+02
53	73	46	6.951090e+03
53	73	47	2.546977e+03
53	73	56	3.850550e+03
53	73	57	4.884564e+04
53	73	58	1.479945e+04
53	73	60	2.768832e+03
53	73	61	5.775656e+04
53	73	62	2.118013e+05
53	73	63	1.312786e+06
53	73	64	4.044810e+06
53	73	65	4.589367e+06
53	73	66	4.048704e+06
53	73	67	1.424550e+06
53	73	68	5.731387e+05
53	73	69	7.556746e+04
53	73	70	-2.050180e+04
53	73	71	-8.363250e+03
53	74	60	1.256461e+05
53	74	61	1.065352e+06
53	74	62	3.255047e+05
53	74	63	3.049064e+06
53	74	64	3.108332e+06
53	74	65	5.823464e+06
53	74	66	3.833184e+06
53	74	67	4.064496e+06
53	74	68	8.287004e+05
53	74	69	3.050454e+05
53	74	70	5.961847e+05
53	74	71	5.431893e+04
53	75	60	1.154381e+05
53	75	61	1.383281e+06
53	75	62	5.132551e+05
53	75	63	1.626697e+06
53	75	64	2.995723e+06
53	75	65	6.238414e+06
53	75	66	7.753706e+06
53	75	67	4.822421e+06
53	75	68	4.002361e+05
53	75	69	1.531349e+05
53	75	70	1.457955e+05
53	75	71	4.297527e+02
53	75	72	1.157457e+03
53	75	73	8.267398e+03
53	76	60	3.876645e+02
53	76	61	1.164122e+04
53	76	62	7.456058e+04
53	76	63	9.059286e+05
53	76	64	1.883879e+06
53	76	65	4.509339e+06
53	76	66	7.445617e+06
53	76	67	2.282628e+06
53	76	68	5.652230e+05
53	76	69	1.358730e+05
53	76	71	4.087532e+03
53	76	72	1.100898e+04
53	76	73	7.863418e+04
53	76	76	1.524767e+02
53	76	77	6.892901e+04
53	76	78	8.300700e+04
53	77	60	1.715628e+02
53	77	61	9.614054e+02
53	77	62	8.019115e+03
53	77	63	9.312629e+04
53	77	64	4.032380e+05
53	77	65	3.395803e+05
53	77	66	2.310373e+06
53	77	67	1.325452e+06
53	77	68	3.011402e+05
53	77	69	6.685364e+04
53	77	71	1.015419e+03
53	77	72	2.734837e+03
53	77	73	1.953420e+04
53	77	76	1.029589e+03
53	77	77	4.654387e+05
53	77	78	5.604995e+05
53	78	61	2.685895e+02
53	78	62	4.012587e+03
53	78	63	2.012423e+03
53	78	64	1.646054e+05
53	78	65	5.177489e+05
53	78	66	5.357719e+05
53	78	67	2.527347e+05
53	78	68	2.129949e+02
53	78	69	1.943667e+03
53	78	76	1.922548e+02
53	78	77	8.691211e+04
53	78	78	1.047056e+05
53	78	79	2.417793e+01
53	79	61	6.773866e+03
53	79	62	7.883508e+04
53	79	63	2.258544e+04
53	79	64	2.847263e+04
53	79	65	5.293006e+05
53	79	66	4.103399e+05
53	79	67	1.955563e+04
53	79	69	7.112387e+01
53	79	70	4.455497e+03
53	79	71	7.258378e+03
53	79	77	2.937240e+02
53	79	78	1.422425e+04
53	79	79	7.854808e+03
53	80	61	2.990095e+03
53	80	62	3.475268e+04
53	80	63	9.947894e+03
53	80	64	2.601006e+04
53	80	65	5.592968e+05
53	80	66	4.402919e+05
53	80	69	9.795744e+02
53	80	70	6.138117e+04
53	80	71	1.008246e+05
53	80	72	4.830485e+02
53	80	73	8.722155e+00
53	80	74	4.157272e+00
53	80	77	3.655371e+02
53	80	78	1.812396e+04
53	80	79	1.316945e+04
53	80	80	7.387810e+02
53	81	61	2.188638e+03
53	81	62	2.312987e+04
53	81	63	6.202960e+03
53	81	64	1.206587e+04
53	81	65	9.794529e+04
53	81	66	2.148151e+04
53	81	68	2.883205e+02
53	81	69	3.977034e+03
53	81	70	1.733446e+05
53	81	71	3.352331e+05
53	81	72	3.717064e+04
53	81	73	7.017981e+03
53	81	74	3.345005e+03
53	81	78	1.448575e+04
53	81	79	1.165119e+05
53	81	80	2.535989e+04
53	82	61	1.223710e+03
53	82	62	1.293236e+04
53	82	63	3.468195e+03
53	82	68	3.325394e+03
53	82	69	1.539114e+04
53	82	70	7.619779e+04
53	82	71	4.099266e+04
53	82	72	2.329882e+04
53	82	73	6.087551e+03
53	82	74	2.901531e+03
53	82	78	7.126871e+03
53	82	79	5.732290e+04
53	82	80	1.247686e+04
53	83	68	9.740300e+03
53	83	69	4.508167e+04
53	83	70	2.208726e+05
54	64	66	9.597436e+01
54	64	67	2.979468e+02
54	64	68	1.918269e+03
54	64	73	3.512660e-06
54	64	74	4.984126e-04
54	64	75	6.921293e-04
54	65	53	1.539946e+02
54	65	54	8.520149e+03
54	65	55	1.430249e+04
54	65	59	9.004391e-01
54	65	60	4.419169e+01
54	65	61	7.648686e+01
54	65	66	7.590274e+03
54	65	67	2.356356e+04
54	65	68	1.517092e+05
54	65	73	4.943485e-01
54	65	74	7.014327e+01
54	65	75	9.740568e+01
54	66	53	-2.655873e+02
54	66	54	-1.469430e+04
54	66	55	-2.466684e+04
54	66	59	3.394302e+02
54	66	60	1.665854e+04
54	66	61	2.883255e+04
54	66	65	7.071908e+01
54	66	66	4.712409e+04
54	66	67	6.597941e+04
54	66	68	2.346563e+05
54	66	73	4.891020e-01
54	66	74	6.939884e+01
54	66	75	9.637192e+01
54	67	53	1.508007e+03
54	67	54	8.343439e+04
54	67	55	1.400585e+05
54	67	59	2.755258e+02
54	67	60	1.352224e+04
54	67	61	2.340425e+04
54	67	65	-1.746874e+01
54	67	66	-8.740367e+03
54	67	67	-7.294980e+03
54	67	68	4.726386e-03
54	68	56	1.294455e+01
54	68	57	1.309663e+02
54	68	58	4.803973e+03
54	68	59	4.146901e+04
54	68	60	1.165432e+05
54	68	63	7.389176e-02
54	68	64	3.226150e+01
54	68	65	7.429297e+02
54	68	66	4.725935e+05
54	68	67	3.902478e+05
54	68	68	9.275080e+02
54	69	56	7.405827e+03
54	69	57	7.492839e+04
54	69	58	2.428568e+05
54	69	59	5.044532e+05
54	69	60	8.129767e+05
54	69	61	3.579750e+01
54	69	62	-3.053912e+02
54	69	63	5.591631e+02
54	69	64	7.618206e+03
54	69	65	1.026055e+04
54	69	66	-1.526264e+04
54	69	67	-6.855029e+04
54	69	68	9.191661e+02
54	70	56	6.254712e+03
54	70	57	6.328200e+04
54	70	58	2.581584e+05
54	70	59	1.176362e+05
54	70	60	9.688236e+05
54	70	61	1.516846e+04
54	70	62	-1.289969e+05
54	70	63	1.521837e+04
54	70	64	9.932697e+04
54	70	65	2.775073e+05
54	70	66	1.872736e+04
54	70	67	2.603182e+04
54	70	68	-1.546316e+01
54	70	69	9.463006e+02
54	70	70	1.009971e+03
54	71	45	5.648515e+03
54	71	46	9.952439e+04
54	71	47	3.646714e+04
54	71	56	-9.180159e+01
54	71	57	-1.164537e+03
54	71	58	-3.528361e+02
54	71	60	-1.431033e+04
54	71	61	1.837698e+04
54	71	62	-1.444280e+05
54	71	63	7.499678e+04
54	71	64	7.488998e+05
54	71	65	2.828342e+05
54	71	66	2.611598e+05
54	71	67	2.530488e+05
54	71	68	1.197510e+05
54	71	69	4.584106e+04
54	71	70	-1.996964e+04
54	72	45	4.202699e+04
54	72	46	7.404975e+05
54	72	47	2.713287e+05
54	72	56	-6.598074e+03
54	72	57	-8.369899e+04
54	72	58	-2.535946e+04
54	72	60	2.821025e+01
54	72	61	2.598798e+03
54	72	62	1.696760e+05
54	72	63	1.497147e+05
54	72	64	4.494342e+06
54	72	65	4.273531e+06
54	72	66	3.099448e+06
54	72	67	4.048021e+06
54	72	68	1.862602e+06
54	72	69	2.909703e+05
54	72	70	1.764984e+05
54	72	71	2.026394e+02
54	72	72	1.241904e+03
54	72	73	1.190341e+04
54	72	74	3.183276e+03
54	73	45	8.561693e+03
54	73	46	1.508533e+05
54	73	47	5.527479e+04
54	73	56	-4.063275e+03
54	73	57	-5.154413e+04
54	73	58	-1.561705e+04
54	73	60	9.775267e+02
54	73	61	3.530087e+04
54	73	62	2.335350e+05
54	73	63	5.367125e+05
54	73	64	5.306082e+06
54	73	65	7.972253e+06
54	73	66	1.457005e+07
54	73	67	8.836776e+06
54	73	68	2.081200e+06
54	73	69	1.762929e+05
54	73	70	1.258186e+05
54	73	71	7.008373e+02
54	73	72	3.046910e+02
54	73	73	-8.313344e+02
54	73	74	-2.223200e+02
54	74	57	6.698142e+02
54	74	58	-2.717382e+02
54	74	59	8.732402e+03
54	74	60	2.817124e+03
54	74	61	1.911538e+05
54	74	62	7.797343e+05
54	74	63	5.598393e+06
54	74	64	1.430883e+07
54	74	65	1.750869e+07
54	74	66	2.751237e+07
54	74	67	1.666364e+07
54	74	68	4.143311e+06
54	74	69	8.328993e+05
54	74	70	1.032295e+06
54	74	71	4.183674e+03
54	74	72	1.786963e+04
54	74	73	1.639962e+05
54	74	74	4.385677e+04
54	75	57	-5.905552e+02
54	75	58	2.395834e+02
54	75	59	-7.699098e+03
54	75	60	8.288938e+03
54	75	61	2.021564e+05
54	75	62	8.371582e+05
54	75	63	4.229972e+06
54	75	64	1.071892e+07
54	75	65	1.582996e+07
54	75	66	2.222294e+07
54	75	67	1.006269e+07
54	75	68	1.748276e+06
54	75	69	6.943763e+05
54	75	70	3.296682e+05
54	75	71	5.053106e+03
54	75	72	1.360634e+04
54	75	73	9.726919e+04
54	75	74	9.474796e+01
54	76	57	7.997664e+03
54	76	58	-3.244587e+03
54	76	59	1.042660e+05
54	76	60	2.119513e+04
54	76	61	6.922530e+05
54	76	62	1.719808e+06
54	76	63	4.143689e+06
54	76	64	4.913813e+06
54	76	65	9.588608e+06
54	76	66	1.467805e+07
54	76	67	4.286302e+06
54	76	68	2.480239e+06
54	76	69	9.089872e+05
54	76	71	4.805019e+04
54	76	72	1.294187e+05
54	76	73	9.288933e+05
54	76	74	5.139917e+03
54	76	76	7.006079e+01
54	76	77	3.167186e+04
54	76	78	3.814048e+04
54	77	60	8.328164e+03
54	77	61	4.666945e+04
54	77	62	2.342500e+05
54	77	63	8.559263e+05
54	77	64	1.301717e+06
54	77	65	2.670476e+06
54	77	66	3.309968e+06
54	77	67	1.120757e+06
54	77	68	7.512020e+05
54	77	69	1.141237e+06
54	77	71	1.193656e+04
54	77	72	3.215152e+04
54	77	73	2.322145e+05
54	77	74	2.935601e+03
54	77	76	4.730810e+02
54	77	77	2.138622e+05
54	77	78	2.575412e+05
54	78	61	2.547968e+03
54	78	62	7.188827e+04
54	78	63	-4.454636e+04
54	78	64	5.247515e+05
54	78	65	5.788266e+05
54	78	66	1.792741e+05
54	78	67	-9.741810e+03
54	78	68	4.589322e+04
54	78	69	1.584126e+05
54	78	70	4.209102e+03
54	78	76	8.833823e+01
54	78	77	3.995917e+04
54	78	78	4.928999e+04
54	78	79	6.623341e+02
54	79	61	6.437861e+04
54	79	62	7.487108e+05
54	79	63	2.144216e+05
54	79	64	2.886131e+04
54	79	65	4.187328e+05
54	79	66	3.561742e+05
54	79	67	5.324379e+05
54	79	68	6.446560e+03
54	79	69	3.960899e+04
54	79	70	4.387177e+04
54	79	71	1.667872e+04
54	79	77	8.046323e+03
54	79	78	3.896614e+05
54	79	79	2.151759e+05
54	80	61	2.933963e+04
54	80	62	3.393331e+05
54	80	63	9.686330e+04
54	80	64	9.602103e+04
54	80	65	9.075783e+05
54	80	66	3.159601e+05
54	80	68	5.372441e+00
54	80	69	1.032836e+04
54	80	70	1.482735e+05
54	80	71	2.289549e+05
54	80	72	-4.092932e+02
54	80	73	5.596898e+02
54	80	74	2.667669e+02
54	80	77	1.001358e+04
54	80	78	4.841522e+05
54	80	79	2.615255e+05
54	80	80	-1.362355e+03
54	81	61	6.254687e+04
54	81	62	6.540069e+05
54	81	63	1.743478e+05
54	81	64	4.704056e+04
54	81	65	3.844409e+05
54	81	66	8.950796e+04
54	81	69	6.072274e+03
54	81	70	3.792744e+05
54	81	71	5.617089e+05
54	81	72	-1.840744e+04
54	81	73	4.503351e+05
54	81	74	2.146448e+05
54	81	78	-2.671256e+04
54	81	79	-2.148547e+05
54	81	80	-4.676511e+04
54	82	61	3.383678e+04
54	82	62	3.575923e+05
54	82	63	9.589898e+04
54	82	64	8.460588e+03
54	82	65	1.938679e+04
54	82	66	5.974886e+04
54	82	70	-6.993246e+02
54	82	71	-3.625994e+04
54	82	72	-8.054196e+03
54	82	73	3.906650e+05
54	82	74	1.862649e+05
54	82	78	-1.314237e+04
54	82	79	-1.057068e+05
54	82	80	-2.300806e+04
54	83	64	1.485839e+04
54	83	65	-2.946766e+04
54	83	66	1.344708e+05
54	83	72	3.050278e+02
54	83	73	6.567137e+03
54	83	74	1.474523e+04
54	84	67	1.172774e+02
54	84	68	-1.233336e+02
54	84	69	1.352409e+03
54	84	72	2.272153e+02
54	84	73	4.891862e+03
54	84	74	1.098372e+04
54	85	67	6.104020e+03
54	85	68	-6.419233e+03
54	85	69	7.038977e+04
54	86	67	3.444444e+03
54	86	68	-3.622315e+03
54	86	69	3.972031e+04
54	87	61	3.747346e+00
54	87	62	4.914898e+02
54	87	63	6.913373e+02
54	88	61	1.936978e+02
54	88	62	2.540478e+04
54	88	63	3.573476e+04
54	89	61	1.090794e+02
54	89	62	1.430650e+04
54	89	63	2.012375e+04
55	63	61	3.751302e+01
55	63	62	1.183492e+04
55	63	63	9.419641e+03
55	64	61	-4.523856e+01
55	64	62	-1.427223e+04
55	64	63	-1.135955e+04
55	64	73	1.114339e-02
55	64	74	1.581139e+00
55	64	75	2.195677e+00
55	65	53	1.131858e+03
55	65	54	6.262296e+04
55	65	55	1.051231e+05
55	65	59	2.969407e+00
55	65	60	1.457324e+02
55	65	61	6.705692e+02
55	65	62	1.319801e+05
55	65	63	1.050455e+05
55	65	67	2.559751e+02
55	65	68	1.774315e+03
55	65	69	3.393769e+02
55	65	73	1.833596e+03
55	65	74	2.241735e+05
55	65	75	3.092914e+05
55	66	53	-1.952062e+03
55	66	54	-1.080029e+05
55	66	55	-1.813009e+05
55	66	59	1.119350e+03
55	66	60	5.493539e+04
55	66	61	9.508202e+04
55	66	65	8.670304e+01
55	66	66	4.338129e+04
55	66	67	3.604543e+04
55	66	68	-1.122451e+03
55	66	69	-2.146936e+02
55	66	73	3.783642e+03
55	66	74	2.340747e+05
55	66	75	3.081348e+05
55	67	53	1.108383e+04
55	67	54	6.132414e+05
55	67	55	1.029428e+06
55	67	59	9.086102e+02
55	67	60	4.459271e+04
55	67	61	7.718095e+04
55	67	65	-2.141703e+01
55	67	66	-9.153258e+03
55	67	67	-8.068554e+03
55	67	68	3.850332e+04
55	67	69	4.249650e+03
55	67	73	7.675022e+03
55	67	74	4.785529e+04
55	67	75	8.284502e+03
55	67	82	3.354876e+01
55	67	83	-4.799176e+01
55	67	84	3.549682e+02
55	68	56	3.169606e+01
55	68	57	3.206846e+02
55	68	58	6.180393e+03
55	68	59	-2.434895e+03
55	68	60	6.676305e+04
55	68	61	7.753075e+02
55	68	62	5.941249e+03
55	68	63	1.520839e+03
55	68	64	4.686578e+03
55	68	65	1.602174e+04
55	68	66	6.115033e+05
55	68	67	6.875392e+05
55	68	68	3.364725e+05
55	68	71	8.245436e+02
55	68	72	1.448234e+04
55	68	73	5.297710e+03
55	68	82	5.019855e+02
55	68	83	-7.180942e+02
55	68	84	5.311342e+03
55	69	56	1.813393e+04
55	69	57	1.834699e+05
55	69	58	5.763558e+05
55	69	59	-1.522409e+03
55	69	60	4.195591e+04
55	69	61	-8.330716e+02
55	69	62	-1.950760e+03
55	69	63	7.048763e+03
55	69	64	1.899211e+05
55	69	65	2.833938e+05
55	69	66	2.890804e+05
55	69	67	1.230821e+06
55	69	68	5.557658e+05
55	69	69	1.349776e+00
55	69	71	-7.556310e+02
55	69	72	-1.327196e+04
55	69	73	-4.854945e+03
55	69	82	1.680731e+02
55	69	83	-2.404299e+02
55	69	84	1.778326e+03
55	70	56	1.531531e+04
55	70	57	1.549525e+05
55	70	58	5.629653e+05
55	70	59	-3.711091e+04
55	70	60	1.107624e+06
55	70	61	-1.061183e+05
55	70	62	1.060000e+06
55	70	63	3.398483e+05
55	70	64	4.297553e+05
55	70	65	1.503961e+06
55	70	66	1.840233e+05
55	70	67	3.529368e+05
55	70	68	1.123321e+04
55	70	69	2.653946e+02
55	70	70	1.468812e+04
55	70	71	9.776957e+03
55	70	72	1.717232e+05
55	70	73	6.281716e+04
55	71	45	2.296047e+03
55	71	46	4.045536e+04
55	71	47	1.482341e+04
55	71	56	1.002443e+03
55	71	57	1.271636e+04
55	71	58	3.852855e+03
55	71	60	1.091220e+05
55	71	61	-1.401318e+05
55	71	62	1.198846e+06
55	71	63	2.484437e+05
55	71	64	1.088740e+06
55	71	65	1.634182e+06
55	71	66	1.156608e+06
55	71	67	9.419421e+05
55	71	68	2.307577e+05
55	71	69	2.546353e+04
55	71	70	1.202296e+06
55	72	45	1.708342e+04
55	72	46	3.010025e+05
55	72	47	1.102916e+05
55	72	56	7.205665e+04
55	72	57	9.156455e+05
55	72	58	2.781898e+05
55	72	60	2.024102e+03
55	72	61	1.881301e+04
55	72	62	6.698688e+04
55	72	63	2.545472e+05
55	72	64	2.047715e+06
55	72	65	5.293147e+06
55	72	66	5.214559e+06
55	72	67	3.196958e+06
55	72	68	1.448106e+06
55	72	69	8.036652e+05
55	72	70	8.767166e+05
55	72	71	3.022035e+04
55	72	72	1.446850e+04
55	72	73	-2.202612e+04
55	72	74	-5.890346e+03
55	73	45	3.480216e+03
55	73	46	6.131990e+04
55	73	47	2.246848e+04
55	73	56	4.445241e+04
55	73	57	5.806488e+05
55	73	58	1.839670e+05
55	73	59	4.746386e+02
55	73	60	4.339563e+04
55	73	61	4.042527e+05
55	73	62	1.961234e+05
55	73	63	1.381204e+06
55	73	64	4.218478e+06
55	73	65	1.628099e+07
55	73	66	2.054186e+07
55	73	67	1.136715e+07
55	73	68	3.949294e+06
55	73	69	1.702572e+06
55	73	70	2.689313e+05
55	73	71	2.116695e+05
55	73	72	5.736422e+04
55	73	73	1.538304e+03
55	73	74	4.113818e+02
55	74	56	2.529188e+02
55	74	57	5.570071e+04
55	74	58	4.037545e+04
55	74	59	1.810074e+04
55	74	60	1.790853e+04
55	74	61	2.051171e+05
55	74	62	8.774689e+05
55	74	63	3.809651e+06
55	74	64	1.426725e+07
55	74	65	3.709668e+07
55	74	66	3.454418e+07
55	74	67	2.390901e+07
55	74	68	6.007307e+06
55	74	69	1.611977e+06
55	74	70	7.714817e+05
55	74	71	1.473951e+06
55	74	72	3.126202e+05
55	74	73	-3.034593e+05
55	74	74	-8.115274e+04
55	75	57	-4.965392e+02
55	75	58	1.400382e+02
55	75	59	-6.613294e+03
55	75	60	-2.200599e+01
55	75	61	-3.789519e+04
55	75	62	9.325168e+05
55	75	63	3.443375e+06
55	75	64	1.096377e+07
55	75	65	2.558661e+07
55	75	66	3.178118e+07
55	75	67	1.921450e+07
55	75	68	4.455741e+06
55	75	69	9.423204e+05
55	75	70	1.705115e+05
55	75	71	1.845418e+05
55	75	72	3.931049e+03
55	75	73	3.478110e+04
55	75	74	7.671173e+03
55	76	57	9.616776e+03
55	76	58	-3.901448e+03
55	76	59	1.253744e+05
55	76	60	3.036282e+04
55	76	61	5.555498e+05
55	76	62	1.896551e+06
55	76	63	3.813338e+06
55	76	64	6.038373e+06
55	76	65	1.314929e+07
55	76	66	1.022223e+07
55	76	67	7.170431e+06
55	76	68	2.924224e+06
55	76	69	9.567452e+05
55	76	70	2.923600e+02
55	76	71	1.385776e+04
55	76	72	3.770190e+04
55	76	73	6.329036e+05
55	76	74	4.161482e+05
55	77	60	1.445594e+04
55	77	61	8.100832e+04
55	77	62	4.196698e+05
55	77	63	1.067723e+06
55	77	64	3.583036e+06
55	77	65	3.819526e+06
55	77	66	3.132116e+06
55	77	67	1.764202e+06
55	77	68	1.185456e+06
55	77	69	1.019912e+06
55	77	70	2.723900e+02
55	77	71	3.442527e+03
55	77	72	9.488060e+03
55	77	73	2.754416e+05
55	77	74	2.376780e+05
55	78	59	3.831766e+00
55	78	60	2.516915e+01
55	78	61	6.363011e+02
55	78	62	2.019341e+05
55	78	63	-1.690777e+05
55	78	64	2.696672e+06
55	78	65	4.569965e+05
55	78	66	4.362739e+05
55	78	67	1.926820e+05
55	78	68	6.812231e+05
55	78	69	3.862950e+05
55	78	70	2.867476e+04
55	78	77	1.115839e+01
55	78	78	5.403702e+02
55	78	79	2.983992e+02
55	79	59	7.260330e+02
55	79	60	4.768986e+03
55	79	61	2.041900e+04
55	79	62	2.111835e+05
55	79	63	5.816877e+04
55	79	64	7.950017e+02
55	79	65	2.051852e+05
55	79	66	3.615236e+05
55	79	67	1.128833e+06
55	79	68	3.953518e+05
55	79	69	3.026313e+05
55	79	70	1.046205e+05
55	79	77	3.625084e+03
55	79	78	1.755529e+05
55	79	79	9.694248e+04
55	80	59	5.402135e+02
55	80	60	3.548420e+03
55	80	61	1.380882e+04
55	80	62	1.268990e+05
55	80	63	3.258210e+04
55	80	64	4.001479e+03
55	80	65	2.550008e+04
55	80	66	9.082286e+03
55	80	67	2.904238e+03
55	80	68	1.055462e+05
55	80	69	3.082862e+04
55	80	70	1.619341e+04
55	80	71	1.022084e+04
55	80	72	5.771672e+03
55	80	73	3.348098e+02
55	80	74	1.595816e+02
55	80	77	4.511387e+03
55	80	78	2.224647e+05
55	80	79	1.527416e+05
55	80	80	6.986306e+03
55	81	61	8.934798e+04
55	81	62	7.304676e+05
55	81	63	1.640196e+05
55	81	64	2.314754e+04
55	81	65	2.083720e+05
55	81	66	4.848071e+04
55	81	70	1.508653e+04
55	81	71	7.822354e+05
55	81	72	4.494527e+05
55	81	73	2.693932e+05
55	81	74	1.284018e+05
55	81	78	1.369849e+05
55	81	79	1.101798e+06
55	81	80	2.398166e+05
55	82	61	1.530329e+04
55	82	62	1.617275e+05
55	82	63	4.337203e+04
55	82	64	8.994722e+04
55	82	65	6.866602e+05
55	82	66	9.510574e+04
55	82	70	9.434485e+03
55	82	71	4.891774e+05
55	82	72	2.831928e+05
55	82	73	2.348980e+05
55	82	74	1.141187e+05
55	82	78	6.739548e+04
55	82	79	5.420758e+05
55	82	80	1.179878e+05
55	83	60	4.931272e-01
55	83	61	1.569233e+00
55	83	62	9.925578e+00
55	83	64	-1.268893e+04
55	83	65	2.516511e+04
55	83	66	-1.148368e+05
55	83	72	1.082149e+04
55	83	73	2.329826e+05
55	83	74	5.231171e+05
55	84	60	4.110829e+01
55	84	61	1.308151e+02
55	84	62	8.274205e+02
55	84	67	1.353165e+02
55	84	68	-1.423043e+02
55	84	69	1.560430e+03
55	84	72	8.060929e+03
55	84	73	1.735488e+05
55	84	74	3.896701e+05
55	85	60	2.622938e+01
55	85	61	8.346733e+01
55	85	62	5.279404e+02
55	85	67	7.042914e+03
55	85	68	-7.406611e+03
55	85	69	8.121682e+04
55	86	67	3.974253e+03
55	86	68	-4.179484e+03
55	86	69	4.582992e+04
55	87	61	7.702291e+00
55	87	62	1.010208e+03
55	87	63	1.420974e+03
55	88	61	3.981262e+02
55	88	62	5.221695e+04
55	88	63	7.344919e+04
55	89	61	2.242016e+02
55	89	62	2.940556e+04
55	89	63	4.136233e+04
56	47	56	1.607970e+01
56	47	57	4.852615e+02
56	47	58	2.273380e+02
56	48	56	4.737086e+02
56	48	57	1.429583e+04
56	48	58	6.697389e+03
56	49	56	9.527145e+02
56	49	57	2.875152e+04
56	49	58	1.346967e+04
56	50	58	1.787123e+01
56	50	59	2.730125e+02
56	50	60	9.250456e+01
56	51	58	-2.489069e+01
56	51	59	-3.802465e+02
56	51	60	-1.288385e+02
56	52	58	1.908337e+02
56	52	59	2.915301e+03
56	52	60	9.877883e+02
56	57	67	4.380915e+01
56	57	68	2.106505e+02
56	57	69	1.006986e+03
56	58	67	4.446315e+03
56	58	68	2.137951e+04
56	58	69	1.022019e+05
56	59	67	2.961680e+03
56	59	68	1.424084e+04
56	59	69	6.807643e+04
56	63	61	2.471058e+02
56	63	62	7.795896e+04
56	63	63	6.218894e+04
56	63	64	6.504108e+03
56	63	65	3.546838e+03
56	64	61	-2.979955e+02
56	64	62	-9.401406e+04
56	64	63	-7.360848e+04
56	64	64	5.669084e+04
56	64	65	3.091480e+04
56	64	73	1.037622e-02
56	64	74	1.472285e+00
56	64	75	2.044515e+00
56	65	53	2.281319e+02
56	65	54	1.262199e+04
56	65	55	2.118811e+04
56	65	59	1.831119e+01
56	65	60	8.986755e+02
56	65	61	4.311088e+03
56	65	62	8.693791e+05
56	65	63	6.922391e+05
56	65	64	1.316828e+04
56	65	65	7.180960e+03
56	65	67	1.103606e+04
56	65	68	7.649746e+04
56	65	69	1.463183e+04
56	65	73	5.989499e+03
56	65	74	2.354402e+05
56	65	75	2.926203e+05
56	66	53	-3.934484e+02
56	66	54	-2.176855e+04
56	66	55	-3.654214e+04
56	66	59	6.902601e+03
56	66	60	3.387654e+05
56	66	61	5.863342e+05
56	66	67	-6.981533e+03
56	66	68	-4.839313e+04
56	66	69	-9.256258e+03
56	66	73	3.954313e+04
56	66	74	4.425515e+05
56	66	75	3.258015e+05
56	67	53	2.234004e+03
56	67	54	1.236020e+05
56	67	55	2.074866e+05
56	67	59	5.603050e+03
56	67	60	2.749861e+05
56	67	61	4.759452e+05
56	67	66	1.086291e+04
56	67	67	1.219910e+05
56	67	68	1.071101e+06
56	67	69	1.832186e+05
56	67	73	1.310038e+05
56	67	74	8.168349e+05
56	67	75	1.414069e+05
56	67	82	5.547630e+03
56	67	83	-7.935928e+03
56	67	84	5.869763e+04
56	68	61	1.133096e+04
56	68	62	8.683012e+04
56	68	63	2.233957e+04
56	68	64	5.404824e+04
56	68	65	1.480713e+05
56	68	66	2.220611e+04
56	68	67	2.393212e+05
56	68	68	4.156488e+05
56	68	71	5.147840e+03
56	68	72	9.041704e+04
56	68	73	3.307498e+04
56	68	82	8.300844e+04
56	68	83	-1.187442e+05
56	68	84	8.782847e+05
56	69	61	-8.185765e+03
56	69	62	-5.890921e+04
56	69	63	1.137967e+04
56	69	64	4.524335e+05
56	69	65	1.804548e+05
56	69	66	1.922474e+05
56	69	67	-1.726549e+05
56	69	68	1.918880e+06
56	69	69	5.171453e+03
56	69	71	-4.717601e+03
56	69	72	-8.286029e+04
56	69	73	-3.031069e+04
56	69	82	2.779261e+04
56	69	83	-3.975755e+04
56	69	84	2.940644e+05
56	70	61	1.395320e+05
56	70	62	1.064954e+06
56	70	63	6.025413e+05
56	70	64	1.122851e+06
56	70	65	2.313060e+06
56	70	66	9.438605e+04
56	70	67	7.827218e+05
56	70	68	5.001356e+05
56	70	69	2.573840e+04
56	70	70	5.950841e+00
56	70	71	6.104009e+04
56	70	72	1.072112e+06
56	70	73	3.921839e+05
56	71	61	4.848582e-01
56	71	62	8.286976e+04
56	71	63	8.066022e+05
56	71	64	3.222702e+06
56	71	65	1.071961e+06
56	71	66	1.465687e+06
56	71	67	1.669610e+06
56	71	68	4.194226e+05
56	71	69	1.219205e+05
56	71	70	6.734787e+02
56	72	56	8.999168e+01
56	72	57	1.931402e+04
56	72	58	1.463375e+04
56	72	60	3.197179e+03
56	72	61	3.031511e+04
56	72	62	1.016165e+05
56	72	63	4.743625e+05
56	72	64	2.622968e+06
56	72	65	5.547040e+06
56	72	66	4.329264e+06
56	72	67	2.369266e+06
56	72	68	2.191499e+06
56	72	69	5.546530e+04
56	72	70	9.166822e+02
56	72	71	2.164121e+04
56	72	72	2.253301e+04
56	72	73	1.123488e+05
56	72	74	3.004492e+04
56	73	56	9.517420e+02
56	73	57	2.085005e+05
56	73	58	1.518275e+05
56	73	59	5.246905e+04
56	73	60	6.854577e+04
56	73	61	6.695748e+05
56	73	62	1.217122e+06
56	73	63	2.427013e+06
56	73	64	6.366160e+06
56	73	65	1.147541e+07
56	73	66	1.276974e+07
56	73	67	7.043589e+06
56	73	68	3.265425e+06
56	73	69	1.432115e+06
56	73	70	1.017253e+04
56	73	71	1.809208e+05
56	73	72	4.022922e+04
56	73	73	-7.846437e+03
56	73	74	-2.098337e+03
56	74	56	2.907998e+03
56	74	57	7.029574e+05
56	74	58	4.213814e+05
56	74	59	9.834297e+05
56	74	60	2.770337e+04
56	74	61	2.779403e+05
56	74	62	1.089180e+06
56	74	63	5.458370e+06
56	74	64	1.395018e+07
56	74	65	1.836687e+07
56	74	66	1.642648e+07
56	74	67	1.427399e+07
56	74	68	5.105076e+06
56	74	69	2.719571e+06
56	74	70	2.442650e+05
56	74	71	1.288280e+06
56	74	72	3.915671e+05
56	74	73	1.547856e+06
56	74	74	4.139362e+05
56	75	57	1.392294e+04
56	75	58	-1.243631e+04
56	75	59	1.660502e+05
56	75	61	2.721501e+04
56	75	62	3.598129e+05
56	75	63	2.735490e+06
56	75	64	9.765408e+06
56	75	65	1.670412e+07
56	75	66	2.178874e+07
56	75	67	1.327508e+07
56	75	68	5.528195e+06
56	75	69	1.262405e+06
56	75	70	4.739685e+05
56	75	71	1.811936e+05
56	75	72	4.423820e+00
56	75	73	4.279449e+03
56	75	74	4.861636e+03
56	76	57	1.311809e+05
56	76	58	-5.321901e+04
56	76	59	1.710212e+06
56	76	61	1.249130e+04
56	76	62	1.684182e+05
56	76	63	1.355900e+06
56	76	64	2.323113e+06
56	76	65	4.852455e+06
56	76	66	6.664500e+06
56	76	67	5.624611e+06
56	76	68	2.853536e+06
56	76	69	1.467717e+06
56	76	70	2.545444e+05
56	76	72	2.399848e+02
56	76	73	2.321529e+05
56	76	74	2.637356e+05
56	77	62	-1.024882e+04
56	77	63	1.408059e+05
56	77	64	4.447492e+05
56	77	65	3.299456e+05
56	77	66	5.525333e+06
56	77	67	1.919245e+06
56	77	68	1.032204e+06
56	77	69	5.425499e+05
56	77	70	1.844340e+03
56	77	72	1.370644e+02
56	77	73	1.325913e+05
56	77	74	1.506294e+05
56	78	59	2.714015e+02
56	78	60	1.782715e+03
56	78	61	3.244120e+02
56	78	62	5.274754e+04
56	78	63	-4.599341e+04
56	78	64	6.324943e+05
56	78	65	7.814793e+05
56	78	66	1.810686e+06
56	78	67	7.254498e+05
56	78	68	1.156792e+06
56	78	69	9.706702e+05
56	78	70	2.086346e+05
56	79	59	5.142444e+04
56	79	60	3.377841e+05
56	79	61	6.866190e+04
56	79	62	5.120749e+04
56	79	63	1.003315e+04
56	79	64	1.433550e+03
56	79	65	1.010552e+06
56	79	66	1.204116e+06
56	79	67	1.759621e+05
56	79	68	1.295454e+06
56	79	69	1.670701e+06
56	79	70	8.240794e+05
56	80	59	3.826296e+04
56	80	60	2.513323e+05
56	80	61	5.704582e+04
56	80	62	8.050980e+04
56	80	63	1.590972e+04
56	80	64	8.150330e+03
56	80	65	3.971321e+04
56	80	66	8.530128e+04
56	80	67	2.310123e+04
56	80	68	1.410059e+06
56	80	69	2.576648e+05
56	80	70	1.333563e+05
56	81	61	1.231852e+05
56	81	62	8.769453e+05
56	81	63	1.788509e+05
56	81	64	1.777578e+05
56	81	65	6.444723e+05
56	81	66	2.106634e+05
56	81	67	-5.211960e+01
56	82	63	3.964645e+03
56	82	64	3.034675e+05
56	82	65	1.295105e+06
56	82	66	9.654026e+05
56	82	67	4.807116e+04
56	82	72	2.822515e+01
56	82	73	6.076770e+02
56	82	74	1.364420e+03
56	83	60	3.298796e+02
56	83	61	1.049745e+03
56	83	62	6.639759e+03
56	83	64	1.783856e+05
56	83	65	-3.537803e+05
56	83	66	1.614418e+06
56	83	72	5.388347e+03
56	83	73	1.160091e+05
56	83	74	2.604759e+05
56	84	60	2.749957e+04
56	84	61	8.750935e+04
56	84	62	5.535066e+05
56	84	67	1.912346e+03
56	84	68	-2.011100e+03
56	84	69	2.205262e+04
56	84	72	4.013782e+03
56	84	73	8.641523e+04
56	84	74	1.940286e+05
56	85	60	1.754626e+04
56	85	61	5.583584e+04
56	85	62	3.531681e+05
56	85	67	9.953326e+04
56	85	68	-1.046732e+05
56	85	69	1.147788e+06
56	86	67	5.616572e+04
56	86	68	-5.906613e+04
56	86	69	6.476866e+05
56	87	61	6.763616e+01
56	87	62	8.870941e+03
56	87	63	1.247801e+04
56	88	61	3.496068e+03
56	88	62	4.585330e+05
56	88	63	6.449798e+05
56	89	61	1.968783e+03
56	89	62	2.582192e+05
56	89	63	3.632152e+05
56	95	58	1.173332e+02
56	95	59	1.922872e+02
56	95	60	2.024464e+03
56	96	58	2.261870e+03
56	96	59	3.706781e+03
56	96	60	3.902624e+04
56	97	58	8.680048e+02
56	97	59	1.422497e+03
56	97	60	1.497653e+04
57	47	56	3.470677e+02
57	47	57	1.047399e+04
57	47	58	4.906914e+03
57	48	56	1.022463e+04
57	48	57	3.085643e+05
57	48	58	1.445579e+05
57	49	56	2.056360e+04
57	49	57	6.205791e+05
57	49	58	2.907324e+05
57	50	58	4.029874e+03
57	50	59	6.156300e+04
57	50	60	2.085933e+04
57	51	58	-5.612730e+03
57	51	59	-8.574373e+04
57	51	60	-2.905246e+04
57	52	58	4.303207e+04
57	52	59	6.573860e+05
57	52	60	2.227414e+05
57	57	67	-6.993223e+01
57	57	68	-3.362599e+02
57	57	69	-1.607445e+03
57	58	67	-7.097621e+03
57	58	68	-3.412797e+04
57	58	69	-1.631441e+05
57	59	67	-4.727709e+03
57	59	68	-2.273256e+04
57	59	69	-1.086699e+05
57	63	61	4.508760e+01
57	63	62	1.422461e+04
57	63	63	1.142075e+04
57	63	64	4.608341e+03
57	63	65	2.513033e+03
57	64	61	-5.437307e+01
57	64	62	-1.715406e+04
57	64	63	-1.278945e+04
57	64	64	4.016704e+04
57	64	65	2.190400e+04
57	65	61	5.028058e+02
57	65	62	1.586293e+05
57	65	63	1.264568e+05
57	65	64	9.330089e+03
57	65	65	5.087910e+03
57	65	67	5.874871e+03
57	65	68	4.072220e+04
57	65	69	7.789023e+03
57	65	73	1.631781e+03
57	65	74	1.017448e+04
57	65	75	1.761362e+03
57	66	67	-3.716508e+03
57	66	68	-2.576131e+04
57	66	69	-4.927421e+03
57	66	73	1.372602e+04
57	66	74	8.558449e+04
57	66	75	1.481602e+04
57	67	66	2.083312e+03
57	67	67	7.045730e+04
57	67	68	5.316308e+05
57	67	69	9.753351e+04
57	67	73	4.719788e+04
57	67	74	2.942882e+05
57	67	75	5.094591e+04
57	67	82	4.041241e+03
57	67	83	-5.781027e+03
57	67	84	4.275903e+04
57	68	61	3.742254e+03
57	68	62	2.867722e+04
57	68	63	1.047582e+04
57	68	64	3.618962e+04
57	68	65	1.265458e+05
57	68	66	8.953811e+03
57	68	67	8.202293e+04
57	68	68	1.389893e+04
57	68	71	8.922948e+02
57	68	72	1.567233e+04
57	68	73	5.733013e+03
57	68	82	6.046855e+04
57	68	83	-8.650073e+04
57	68	84	6.397976e+05
57	69	61	-2.703497e+03
57	69	62	-1.769211e+04
57	69	63	1.064031e+04
57	69	64	3.434380e+04
57	69	65	-1.529629e+05
57	69	66	3.367524e+04
57	69	67	-1.521374e+05
57	69	68	2.895009e+05
57	69	69	4.846578e+03
57	69	71	-8.177198e+02
57	69	72	-1.436249e+04
57	69	73	-5.253867e+03
57	69	82	2.024588e+04
57	69	83	-2.896189e+04
57	69	84	2.142149e+05
57	70	61	4.608298e+04
57	70	62	3.477177e+05
57	70	63	8.754329e+04
57	70	64	2.592911e+05
57	70	65	1.488095e+06
57	70	66	1.379615e+05
57	70	67	7.013164e+05
57	70	68	3.430303e+05
57	70	69	2.818178e+04
57	70	70	1.734566e+03
57	70	71	1.058031e+04
57	70	72	1.858333e+05
57	70	73	6.797872e+04
57	71	52	1.387827e+02
57	71	53	2.097283e+03
57	71	54	7.062261e+02
57	71	61	5.815761e+00
57	71	62	5.487582e+04
57	71	63	2.225583e+05
57	71	64	9.497213e+05
57	71	65	8.953560e+04
57	71	66	3.188442e+05
57	71	67	6.320451e+05
57	71	68	6.058684e+05
57	71	69	5.737787e+05
57	71	70	1.963072e+05
57	72	52	1.759709e+03
57	72	53	2.659271e+04
57	72	54	8.954662e+03
57	72	56	2.557349e+01
57	72	57	5.488584e+03
57	72	58	4.158563e+03
57	72	61	1.475471e+03
57	72	62	5.219431e+05
57	72	63	5.851398e+05
57	72	64	8.131212e+05
57	72	65	1.997120e+06
57	72	66	1.912761e+06
57	72	67	1.122248e+06
57	72	68	6.917032e+05
57	72	69	3.230886e+05
57	72	70	1.366129e+05
57	72	71	8.281318e+02
57	73	52	5.330100e+02
57	73	53	8.054844e+03
57	73	54	2.712338e+03
57	73	56	2.704624e+02
57	73	57	6.091863e+04
57	73	58	4.198965e+04
57	73	59	3.556097e+04
57	73	61	7.193055e+04
57	73	62	8.729260e+05
57	73	63	9.682464e+05
57	73	64	1.908924e+06
57	73	65	3.034185e+06
57	73	66	1.890517e+06
57	73	67	1.754268e+06
57	73	68	8.622632e+05
57	73	69	8.474279e+05
57	73	70	1.079214e+05
57	73	71	3.032706e+04
57	73	76	1.957112e+00
57	73	77	9.161491e+01
57	73	78	5.006378e+01
57	74	50	4.541485e+01
57	74	51	3.371447e+02
57	74	52	6.854849e+01
57	74	56	8.263837e+02
57	74	57	2.233480e+05
57	74	58	1.025003e+05
57	74	59	5.694450e+05
57	74	61	5.178494e+04
57	74	62	4.396746e+05
57	74	63	1.719116e+06
57	74	64	4.190209e+06
57	74	65	6.330354e+06
57	74	66	4.235847e+06
57	74	67	2.934644e+06
57	74	68	3.002285e+06
57	74	69	6.928006e+05
57	74	70	6.674254e+04
57	74	71	1.527320e+04
57	74	76	3.790224e+02
57	74	77	1.774252e+04
57	74	78	9.695558e+03
57	75	50	1.290166e+04
57	75	51	9.577764e+04
57	75	52	1.947358e+04
57	75	57	1.600135e+04
57	75	58	-1.109212e+04
57	75	59	1.981297e+05
57	75	60	5.385049e-02
57	75	61	1.255908e+05
57	75	62	-1.844530e+05
57	75	63	2.060622e+06
57	75	64	4.064577e+06
57	75	65	7.652178e+06
57	75	66	5.956582e+06
57	75	67	3.444671e+06
57	75	68	2.152074e+06
57	75	69	5.997413e+05
57	75	70	3.646921e+05
57	75	71	3.947559e+03
57	75	72	7.453688e+02
57	75	76	5.025060e+02
57	75	77	2.352295e+04
57	75	78	1.285432e+04
57	76	50	1.014161e+04
57	76	51	7.528791e+04
57	76	52	1.530759e+04
57	76	58	1.130971e-01
57	76	59	7.577629e+01
57	76	60	1.002179e+02
57	76	61	4.726557e+04
57	76	62	6.603866e+04
57	76	63	1.127121e+06
57	76	64	3.137590e+06
57	76	65	3.672815e+06
57	76	66	1.946758e+06
57	76	67	1.693042e+06
57	76	68	1.149720e+06
57	76	69	3.200303e+05
57	76	70	3.940719e+05
57	76	71	4.444598e+04
57	76	72	8.392184e+03
57	77	58	4.089446e-01
57	77	59	2.739972e+02
57	77	60	3.348123e+02
57	77	61	1.400251e+04
57	77	62	8.471259e+04
57	77	63	4.851815e+05
57	77	64	1.485793e+06
57	77	65	4.653661e+05
57	77	66	9.844960e+05
57	77	67	7.721945e+05
57	77	68	3.412214e+05
57	77	69	2.845105e+04
57	77	70	1.752931e+04
57	77	71	2.399957e+04
57	77	72	2.351349e+03
57	78	58	2.364228e+00
57	78	59	2.013978e+03
57	78	60	4.669896e+03
57	78	61	5.138928e+02
57	78	64	2.173544e+03
57	78	65	6.169557e+04
57	78	66	3.867719e+05
57	78	67	4.669967e+05
57	78	68	8.034791e+05
57	78	69	3.729423e+05
57	78	70	-1.297860e+03
57	78	71	-1.948451e+04
57	79	59	8.146014e+04
57	79	60	5.350751e+05
57	79	61	9.737106e+04
57	79	64	2.276109e+03
57	79	65	5.151147e+04
57	79	66	2.851145e+04
57	79	67	1.801720e+04
57	79	68	4.415776e+05
57	79	69	2.549256e+05
57	79	70	1.909566e+05
57	79	71	1.142548e+05
57	80	59	6.061138e+04
57	80	60	3.981290e+05
57	80	61	7.245009e+04
57	80	63	-2.697462e+02
57	80	64	-4.379738e+03
57	80	65	-3.194203e+02
57	80	66	5.773467e+04
57	80	67	6.778263e+04
57	80	68	4.560601e+05
57	80	69	2.471376e+04
57	81	63	-1.401285e+04
57	81	64	-2.275198e+05
57	81	65	-7.978974e+04
57	81	66	-4.574532e+02
57	81	67	-9.733010e+02
57	81	68	1.813954e+02
57	81	69	4.411720e+01
57	81	70	2.620579e+03
57	82	63	-7.902871e+03
57	82	64	-1.283151e+05
57	82	65	-2.808934e+04
57	82	66	4.219201e+05
57	82	67	8.976988e+05
57	82	68	9.558986e+03
57	82	69	2.324842e+03
57	82	70	1.380965e+05
57	83	60	2.822000e+02
57	83	61	8.980189e+02
57	83	62	5.680072e+03
57	83	68	5.413710e+03
57	83	69	1.316669e+03
57	83	70	7.821065e+04
57	84	60	2.352488e+04
57	84	61	7.486105e+04
57	84	62	4.735047e+05
57	84	75	1.343222e+00
57	84	76	4.260029e+02
57	84	77	5.315411e+02
57	85	60	1.501018e+04
57	85	61	4.776552e+04
57	85	62	3.021224e+05
57	85	75	1.463357e+01
57	85	76	4.641035e+03
57	85	77	5.790808e+03
57	86	75	4.008593e+00
57	86	76	1.271325e+03
57	86	77	1.586284e+03
57	95	58	2.560104e+03
57	95	59	4.195531e+03
57	95	60	4.417197e+04
57	96	58	4.935193e+04
57	96	59	8.087858e+04
57	96	60	8.515170e+05
57	97	58	1.893907e+04
57	97	59	3.103760e+04
57	97	60	3.267743e+05
58	42	85	1.409647e+02
58	42	86	8.827679e+02
58	42	87	3.585573e+03
58	43	85	2.552221e+03
58	43	86	1.598286e+04
58	43	87	6.491821e+04
58	44	83	1.256869e+02
58	44	84	-1.608894e+02
58	44	85	2.326823e+03
58	44	86	5.940277e+03
58	44	87	2.412786e+04
58	45	83	7.337335e+03
58	45	84	-9.392383e+03
58	45	85	8.045936e+04
58	46	83	4.278416e+03
58	46	84	-5.476719e+03
58	46	85	4.691602e+04
58	47	56	1.407171e+02
58	47	57	4.246635e+03
58	47	58	1.989487e+03
58	48	56	4.145532e+03
58	48	57	1.251061e+05
58	48	58	5.861039e+04
58	49	56	8.337423e+03
58	49	57	2.516111e+05
58	49	58	1.178762e+05
58	50	58	5.235542e+03
58	50	59	7.998157e+04
58	50	60	2.710007e+04
58	51	58	-7.291961e+03
58	51	59	-1.113968e+05
58	51	60	-3.774445e+04
58	52	58	5.590652e+04
58	52	59	8.540645e+05
58	52	60	2.893818e+05
58	57	67	4.443489e+02
58	57	68	2.136593e+03
58	57	69	1.021369e+04
58	58	67	4.509823e+04
58	58	68	2.168488e+05
58	58	69	1.036617e+06
58	59	67	3.003982e+04
58	59	68	1.444425e+05
58	59	69	6.904879e+05
58	63	63	2.155662e+03
58	63	64	1.002383e+05
58	63	65	5.466225e+04
58	64	63	1.878910e+04
58	64	64	8.736933e+05
58	64	65	4.764448e+05
58	65	63	4.364374e+03
58	65	64	2.029434e+05
58	65	65	1.106697e+05
58	67	58	4.770847e-01
58	67	59	3.190595e+00
58	67	60	5.904728e-01
58	68	58	5.212287e+00
58	68	59	3.485816e+01
58	68	60	6.451084e+00
58	69	58	1.567315e+01
58	69	59	1.048172e+02
58	69	60	1.939817e+01
58	69	66	8.410759e+03
58	69	67	4.469669e+03
58	69	68	1.265672e+05
58	70	63	8.992246e-01
58	70	64	1.095680e+03
58	70	65	2.817788e+04
58	70	66	1.809468e+04
58	70	67	-6.044190e+03
58	70	68	-1.710191e+05
58	70	69	3.211953e+03
58	70	70	1.367744e+03
58	71	52	3.716992e+03
58	71	53	5.617117e+04
58	71	54	1.891473e+04
58	71	61	1.699688e+00
58	71	62	7.417387e+03
58	71	63	8.082543e+03
58	71	64	2.454658e+05
58	71	65	2.309013e+05
58	71	66	3.127576e+04
58	71	67	9.622211e+04
58	71	68	1.383353e+06
58	71	69	3.635085e+05
58	71	70	1.547927e+05
58	72	52	4.712996e+04
58	72	53	7.122277e+05
58	72	54	2.398311e+05
58	72	61	3.359743e+01
58	72	62	1.492966e+05
58	72	63	1.858122e+05
58	72	64	3.618631e+05
58	72	65	8.671386e+05
58	72	66	4.758424e+04
58	72	67	2.272890e+06
58	72	68	4.590055e+05
58	72	69	2.492809e+05
58	72	70	1.253845e+05
58	72	71	5.616250e+03
58	73	52	1.427551e+04
58	73	53	2.157314e+05
58	73	54	7.264406e+04
58	73	61	1.305697e+01
58	73	62	7.546451e+04
58	73	63	8.555770e+05
58	73	64	8.578566e+05
58	73	65	1.130549e+06
58	73	66	-8.735995e+04
58	73	67	1.275761e+06
58	73	68	3.583570e+05
58	73	69	1.016615e+05
58	73	70	7.325059e+05
58	73	71	2.056730e+05
58	73	76	4.255597e+01
58	73	77	1.992100e+03
58	73	78	1.088600e+03
58	74	50	3.039293e+02
58	74	51	2.256270e+03
58	74	52	4.587463e+02
58	74	61	6.017233e+03
58	74	62	1.820451e+05
58	74	63	1.505329e+06
58	74	64	2.097534e+06
58	74	65	1.506874e+06
58	74	66	4.198264e+05
58	74	67	4.245147e+04
58	74	68	6.496436e+05
58	74	69	1.190127e+06
58	74	70	4.567006e+05
58	74	71	1.035803e+05
58	74	76	8.241566e+03
58	74	77	3.857982e+05
58	74	78	2.108228e+05
58	75	50	8.634165e+04
58	75	51	6.409716e+05
58	75	52	1.303228e+05
58	75	60	1.403174e+00
58	75	61	2.695114e+04
58	75	62	4.915108e+04
58	75	63	3.770256e+05
58	75	64	7.487518e+05
58	75	65	2.691721e+06
58	75	66	8.465678e+05
58	75	67	1.991212e+05
58	75	68	6.556236e+05
58	75	69	5.132345e+05
58	75	70	-1.306700e+05
58	75	71	6.990555e+04
58	75	72	1.319940e+04
58	75	76	1.092663e+04
58	75	77	5.114893e+05
58	75	78	2.795079e+05
58	76	50	6.787056e+04
58	76	51	5.038484e+05
58	76	52	1.024428e+05
58	76	58	3.095354e+01
58	76	59	2.073920e+04
58	76	60	2.447836e+04
58	76	61	2.864249e+05
58	76	62	3.647370e+05
58	76	63	-4.320432e+04
58	76	64	5.648169e+05
58	76	65	6.607298e+05
58	76	66	6.339074e+05
58	76	67	3.463519e+05
58	76	68	1.028400e+04
58	76	69	1.025267e+06
58	76	70	7.961438e+05
58	76	71	7.870738e+05
58	76	72	1.486134e+05
58	77	58	1.119240e+02
58	77	59	7.499027e+04
58	77	60	8.779237e+04
58	77	61	3.648613e+05
58	77	62	4.685780e+05
58	77	63	-1.025595e+05
58	77	64	4.793638e+05
58	77	65	2.081342e+05
58	77	66	1.207300e+06
58	77	67	7.902448e+05
58	77	68	1.403360e+03
58	77	69	2.607884e+04
58	77	70	1.368167e+05
58	77	71	2.919471e+05
58	77	72	4.163899e+04
58	78	58	6.470654e+02
58	78	59	4.335407e+05
58	78	60	5.052160e+05
58	78	64	2.228517e+04
58	78	65	5.487120e+05
58	78	66	5.073498e+05
58	78	67	1.653865e+05
58	78	68	3.666782e+03
58	78	69	6.770510e+04
58	78	70	-1.312577e+05
58	78	71	-9.584776e+04
58	79	64	2.333676e+04
58	79	65	5.281429e+05
58	79	66	2.189081e+05
58	79	69	6.051951e+03
58	79	70	9.442716e+05
58	79	71	7.348607e+05
58	80	63	1.220618e+03
58	80	64	1.981858e+04
58	80	65	7.407921e+03
58	80	66	1.147255e+04
58	80	67	2.449214e+04
58	80	68	2.483580e+02
58	81	63	6.340900e+04
58	81	64	1.029541e+06
58	81	65	3.609636e+05
58	81	66	-1.317252e+02
58	81	67	2.542951e+02
58	81	68	1.273894e+03
58	81	69	-8.132502e+01
58	81	70	-4.830738e+03
58	82	60	1.602934e+01
58	82	61	1.895865e+02
58	82	62	5.489866e+01
58	82	63	3.576098e+04
58	82	64	5.806336e+05
58	82	65	2.099596e+05
58	82	66	1.593387e+05
58	82	67	3.391131e+05
58	82	68	-1.733215e+04
58	82	69	-4.285581e+03
58	82	70	-2.545652e+05
58	83	60	5.952397e+03
58	83	61	7.040176e+04
58	83	62	2.038628e+04
58	83	68	-9.979556e+03
58	83	69	-2.427129e+03
58	83	70	-1.441724e+05
58	84	60	4.824062e+03
58	84	61	5.705642e+04
58	84	62	1.652186e+04
58	84	75	1.165017e+02
58	84	76	3.694853e+04
58	84	77	4.610218e+04
58	85	75	1.269214e+03
58	85	76	4.025311e+05
58	85	77	5.022544e+05
58	86	75	3.476775e+02
58	86	76	1.102659e+05
58	86	77	1.375833e+05
58	95	58	1.043278e+03
58	95	59	1.709738e+03
58	95	60	1.800070e+04
58	96	58	2.011161e+04
58	96	59	3.295916e+04
58	96	60	3.470051e+05
58	97	58	7.717938e+03
58	97	59	1.264826e+04
58	97	60	1.331651e+05
59	42	85	1.036732e+02
59	42	86	6.492359e+02
59	42	87	2.637027e+03
59	43	85	1.877043e+03
59	43	86	1.175467e+04
59	43	87	4.774441e+04
59	44	83	5.642224e+01
59	44	84	-7.222504e+01
59	44	85	1.316344e+03
59	44	86	4.368806e+03
59	44	87	1.774495e+04
59	45	83	3.293812e+03
59	45	84	-4.216346e+03
59	45	85	3.611910e+04
59	46	77	1.951505e+02
59	46	78	-1.514505e+02
59	46	79	2.378703e+03
59	46	83	1.920629e+03
59	46	84	-2.458560e+03
59	46	85	2.106113e+04
59	47	77	-2.901163e+02
59	47	78	2.251506e+02
59	47	79	-3.536248e+03
59	48	77	2.036228e+03
59	48	78	-1.580256e+03
59	48	79	2.481972e+04
59	67	58	2.491817e+03
59	67	59	1.666450e+04
59	67	60	3.084044e+03
59	68	58	2.722382e+04
59	68	59	1.820645e+05
59	68	60	3.369406e+04
59	69	55	6.793945e+01
59	69	56	4.972678e+03
59	69	57	3.076122e+03
59	69	58	8.186100e+04
59	69	59	5.474611e+05
59	69	60	1.013360e+05
59	69	61	6.577857e+02
59	69	62	3.230625e+02
59	69	66	2.901205e+03
59	69	67	1.541766e+03
59	69	68	4.365807e+04
59	70	55	6.244050e+01
59	70	56	4.570194e+03
59	70	57	2.827143e+03
59	70	60	6.842540e+02
59	70	61	2.337721e+04
59	70	62	1.148140e+04
59	70	66	-3.923207e+03
59	70	67	-2.084881e+03
59	70	68	-5.903742e+04
59	71	52	1.658920e+03
59	71	53	2.506960e+04
59	71	54	8.441779e+03
59	71	55	1.076005e+03
59	71	56	7.875582e+04
59	71	57	4.871872e+04
59	71	60	1.297131e+03
59	71	61	4.431732e+04
59	71	62	2.180145e+04
59	71	63	2.280758e+01
59	71	64	8.974816e+00
59	71	66	3.128164e+04
59	71	67	1.662377e+04
59	71	68	4.707341e+05
59	72	52	2.103444e+04
59	72	53	3.178723e+05
59	72	54	1.070384e+05
59	72	61	4.682778e+02
59	72	62	1.151906e+04
59	72	63	6.863299e+03
59	72	64	9.049158e+03
59	72	65	-1.644709e+03
59	72	66	8.923245e+04
59	72	69	3.313503e+02
59	72	70	3.746972e+03
59	72	71	1.052939e+03
59	73	52	6.371263e+03
59	73	53	9.628249e+04
59	73	54	3.242157e+04
59	73	61	3.729376e+02
59	73	62	1.253508e+04
59	73	63	5.845519e+04
59	73	64	3.033244e+04
59	73	65	-6.957171e+02
59	73	66	3.774562e+04
59	73	67	6.803774e+03
59	73	68	1.032231e+05
59	73	69	5.885989e+04
59	73	70	1.646377e+05
59	73	71	3.855976e+04
59	73	76	1.731423e+01
59	73	77	8.105012e+02
59	73	78	4.429055e+02
59	74	50	5.628319e+01
59	74	51	4.178276e+02
59	74	52	8.495299e+01
59	74	61	1.649181e+04
59	74	62	2.161991e+05
59	74	63	5.372293e+05
59	74	64	3.238823e+05
59	74	65	-4.026579e+03
59	74	66	1.326136e+06
59	74	67	5.674933e+04
59	74	68	8.691707e+05
59	74	69	5.887382e+05
59	74	70	6.971039e+05
59	74	71	1.941932e+04
59	74	76	3.353145e+03
59	74	77	1.569650e+05
59	74	78	8.577492e+04
59	75	50	1.598919e+04
59	75	51	1.186984e+05
59	75	52	2.413384e+04
59	75	60	6.190160e-01
59	75	61	1.700883e+04
59	75	62	2.464810e+05
59	75	63	1.230635e+06
59	75	64	4.356176e+05
59	75	65	3.671907e+05
59	75	66	6.182116e+04
59	75	67	1.273771e+04
59	75	68	1.968247e+05
59	75	69	1.342215e+05
59	75	70	2.282369e+05
59	75	71	2.568239e+04
59	75	72	4.849288e+03
59	75	76	4.445583e+03
59	75	77	2.081034e+05
59	75	78	1.137199e+05
59	76	50	1.256862e+04
59	76	51	9.330523e+04
59	76	52	1.897088e+04
59	76	58	2.422019e+01
59	76	59	1.622779e+04
59	76	60	1.904760e+04
59	76	61	1.235892e+05
59	76	62	1.413340e+05
59	76	63	2.256096e+04
59	76	64	4.049140e+04
59	76	65	1.423345e+05
59	76	66	8.235224e+04
59	76	67	7.450032e+04
59	76	68	7.320992e+03
59	76	69	2.492489e+05
59	76	70	1.869606e+05
59	76	71	2.891607e+05
59	76	72	5.459863e+04
59	77	58	8.757708e+01
59	77	59	5.867757e+04
59	77	60	6.855683e+04
59	77	61	1.609601e+05
59	77	62	1.844760e+05
59	77	63	2.030904e+04
59	77	64	3.214768e+04
59	77	65	4.495339e+04
59	77	66	3.764678e+05
59	77	67	4.884628e+05
59	77	68	6.083292e+04
59	77	69	5.731871e+05
59	77	70	1.696198e+05
59	77	71	9.347220e+04
59	77	72	1.529762e+04
59	78	58	5.063087e+02
59	78	59	3.392322e+05
59	78	60	3.953159e+05
59	78	62	-3.270825e+01
59	78	63	2.552412e+03
59	78	64	1.513278e+04
59	78	65	1.440577e+05
59	78	66	1.435112e+05
59	78	67	9.425122e+04
59	78	68	1.743703e+04
59	78	69	1.738664e+05
59	78	70	3.732724e+04
59	78	71	1.268855e+05
59	79	62	4.027272e+03
59	79	63	5.641621e+04
59	79	64	2.429618e+04
59	79	65	1.386223e+05
59	79	66	5.745707e+04
59	79	69	9.314353e+03
59	79	70	1.880165e+05
59	79	71	2.918158e+05
59	80	66	1.896042e+03
59	80	67	2.874001e+04
59	80	68	7.433002e+04
59	81	66	1.227807e+04
59	81	67	1.861098e+05
59	81	68	4.830498e+05
59	81	69	4.172805e+02
59	81	70	2.478663e+04
59	82	60	-1.592941e+01
59	82	61	-1.884045e+02
59	82	62	-5.455640e+01
59	82	66	2.204390e+03
59	82	67	3.341393e+04
59	82	68	1.768314e+05
59	82	69	2.198941e+04
59	82	70	1.306180e+06
59	83	60	-5.915287e+03
59	83	61	-6.996285e+04
59	83	62	-2.025918e+04
59	83	68	5.120532e+04
59	83	69	1.245365e+04
59	83	70	7.397518e+05
59	84	60	-4.793987e+03
59	84	61	-5.670070e+04
59	84	62	-1.641886e+04
59	84	75	7.500826e+01
59	84	76	2.378887e+04
59	84	77	2.968234e+04
59	85	75	8.171681e+02
59	85	76	2.591648e+05
59	85	77	3.233705e+05
59	86	75	2.238480e+02
59	86	76	7.099338e+04
59	86	77	8.858133e+04
60	42	85	2.180214e+03
60	42	86	1.365323e+04
60	42	87	5.545586e+04
60	43	85	3.947363e+04
60	43	86	2.471970e+05
60	43	87	1.004050e+06
60	44	83	1.869895e+03
60	44	84	-2.393617e+03
60	44	85	3.517578e+04
60	44	86	9.187461e+04
60	44	87	3.731707e+05
60	45	83	1.091605e+05
60	45	84	-1.397343e+05
60	45	85	1.197027e+06
60	46	77	1.044874e+04
60	46	78	-8.108954e+03
60	46	79	1.273604e+05
60	46	83	6.365174e+04
60	46	84	-8.147939e+04
60	46	85	6.979889e+05
60	47	77	-1.553339e+04
60	47	78	1.205500e+04
60	47	79	-1.893376e+05
60	48	77	1.090236e+05
60	48	78	-8.460995e+04
60	48	79	1.328896e+06
60	65	71	1.475473e+01
60	65	72	1.335548e+02
60	65	73	3.195079e+01
60	66	71	5.765922e+01
60	66	72	5.219118e+02
60	66	73	1.248588e+02
60	67	58	2.633113e+03
60	67	59	1.760945e+04
60	67	60	3.258921e+03
60	67	71	3.160605e+02
60	67	72	2.860873e+03
60	67	73	6.844165e+02
60	68	58	2.876751e+04
60	68	59	1.923882e+05
60	68	60	3.560465e+04
60	68	72	3.446763e+00
60	68	73	-2.116968e+00
60	68	74	4.330595e+01
60	69	55	7.091283e+02
60	69	56	5.190308e+04
60	69	57	3.210748e+04
60	69	58	8.650283e+04
60	69	59	5.785042e+05
60	69	60	1.070922e+05
60	69	61	1.037190e+03
60	69	62	5.094015e+02
60	69	72	6.604955e+03
60	69	73	-4.056697e+03
60	69	74	8.298621e+04
60	70	55	6.517321e+02
60	70	56	4.770209e+04
60	70	57	2.950873e+04
60	70	60	1.078925e+03
60	70	61	3.686094e+04
60	70	62	1.810375e+04
60	70	72	6.025077e+03
60	70	73	-3.700542e+03
60	70	74	7.570050e+04
60	71	55	1.123097e+04
60	71	56	8.220258e+05
60	71	57	5.085090e+05
60	71	60	2.045302e+03
60	71	61	6.990632e+04
60	71	62	3.504920e+04
60	71	63	1.424031e+03
60	71	64	1.387675e+03
60	72	61	9.372228e+03
60	72	62	2.313609e+05
60	72	63	3.945059e+05
60	72	64	3.701417e+05
60	72	65	-3.321847e+02
60	72	66	1.802244e+04
60	73	61	7.463933e+03
60	73	62	1.875966e+05
60	73	63	3.699473e+05
60	73	64	3.106329e+05
60	73	65	-1.405152e+02
60	73	66	7.623550e+03
60	73	68	3.083363e+02
60	73	69	6.606731e+03
60	73	70	1.486073e+04
60	74	62	-2.002232e+03
60	74	63	-1.006413e+04
60	74	64	7.841222e+04
60	74	65	2.203154e+04
60	74	66	2.671564e+05
60	74	67	6.515608e-02
60	74	68	6.912598e+03
60	74	69	1.478378e+05
60	74	70	3.324955e+05
60	75	60	7.438964e+01
60	75	61	7.053306e+03
60	75	62	4.756893e+04
60	75	63	8.867499e+05
60	75	64	9.678818e+05
60	75	65	3.035676e+05
60	75	66	9.577446e+02
60	75	67	3.161517e+02
60	75	68	1.263864e+04
60	75	69	7.376970e+04
60	75	70	1.370905e+05
60	76	60	-1.355325e+02
60	76	61	-1.285061e+04
60	76	62	2.501838e+02
60	76	63	6.854609e+05
60	76	64	6.092644e+05
60	76	65	1.260917e+05
60	76	66	4.667676e+05
60	76	67	1.316672e+05
60	76	68	1.475586e+04
60	76	69	8.276757e+04
60	76	70	2.085378e+04
60	77	60	7.081624e+02
60	77	61	6.714491e+04
60	77	62	5.247952e+04
60	77	63	1.693246e+05
60	77	64	1.999900e+05
60	77	65	4.911624e+04
60	77	66	5.583054e+05
60	77	67	1.574411e+05
60	77	68	7.633743e+04
60	77	69	8.955572e+05
60	77	70	2.845469e+05
60	77	71	4.465494e+03
60	78	62	-2.490765e+03
60	78	63	-1.779024e+04
60	78	64	4.233533e+04
60	78	66	1.576662e+00
60	78	67	1.738231e+00
60	78	68	6.769526e+04
60	78	69	1.199789e+06
60	78	70	9.912612e+05
60	78	71	7.141713e+05
60	79	62	7.141218e+04
60	79	63	1.000380e+06
60	79	64	3.222100e+05
60	79	65	1.148401e+02
60	79	66	9.210081e+03
60	79	67	5.827499e+03
60	79	68	1.776437e+02
60	79	69	6.710677e+04
60	79	70	3.368724e+05
60	79	71	7.554078e+05
60	80	65	-2.006792e+02
60	80	66	-1.369207e+04
60	80	67	2.593065e+04
60	80	68	9.337477e+04
60	81	65	1.117303e+03
60	81	66	1.049184e+05
60	81	67	2.902887e+05
60	81	68	6.044404e+05
60	82	60	1.870929e+02
60	82	61	2.212834e+03
60	82	62	6.407716e+02
60	82	66	2.768186e+03
60	82	67	4.195989e+04
60	82	68	1.085205e+05
60	83	60	6.947578e+04
60	83	61	8.217222e+05
60	83	62	2.379466e+05
60	84	60	5.630596e+04
60	84	61	6.659567e+05
60	84	62	1.928415e+05
61	46	77	5.945104e+03
61	46	78	-4.613817e+03
61	46	79	7.246528e+04
61	47	77	-8.838159e+03
61	47	78	6.859031e+03
61	47	79	-1.077289e+05
61	48	77	6.203204e+04
61	48	78	-4.814121e+04
61	48	79	7.561128e+05
61	55	55	2.017789e+01
61	55	56	2.315289e+03
61	55	57	3.332334e+03
61	56	55	-3.108718e+01
61	56	56	-3.567064e+03
61	56	57	-5.133981e+03
61	57	55	2.077320e+02
61	57	56	2.383831e+04
61	57	57	3.430219e+04
61	58	55	3.885074e+02
61	58	56	5.717164e+04
61	58	57	4.084833e+04
61	59	55	4.101438e+02
61	59	56	6.035560e+04
61	59	57	4.312322e+04
61	60	62	2.918824e+02
61	60	63	4.202722e+03
61	60	64	1.375931e+03
61	61	62	5.556548e+03
61	61	63	8.000697e+04
61	61	64	2.619352e+04
61	62	62	2.118930e+03
61	62	63	3.050980e+04
61	62	64	9.988617e+03
61	65	65	1.097845e+02
61	65	66	1.751332e+03
61	65	67	4.431585e+03
61	65	71	2.721052e+03
61	65	72	2.463004e+04
61	65	73	5.892331e+03
61	66	65	6.922624e+02
61	66	66	1.104329e+04
61	66	67	2.794402e+04
61	66	71	1.063345e+04
61	66	72	9.625044e+04
61	66	73	2.302633e+04
61	67	65	1.211564e+02
61	67	66	1.932743e+03
61	67	67	4.931707e+03
61	67	68	5.210146e+03
61	67	69	3.625421e+03
61	67	71	5.828755e+04
61	67	72	5.275992e+05
61	67	73	1.262194e+05
61	68	67	7.192476e+02
61	68	68	9.122443e+04
61	68	69	6.347749e+04
61	68	72	-2.564012e+00
61	68	73	1.574791e+00
61	68	74	-3.221486e+01
61	69	55	1.885109e+02
61	69	56	1.379764e+04
61	69	57	8.535285e+03
61	69	60	3.298922e+02
61	69	61	1.127061e+04
61	69	62	5.535405e+03
61	69	67	2.626679e+02
61	69	68	3.331499e+04
61	69	69	2.318186e+04
61	69	72	-4.913358e+03
61	69	73	3.017736e+03
61	69	74	-6.173260e+04
61	70	55	1.732530e+02
61	70	56	1.268087e+04
61	70	57	7.844447e+03
61	70	60	1.172412e+04
61	70	61	4.005489e+05
61	70	62	1.967241e+05
61	70	72	-4.481994e+03
61	70	73	2.752796e+03
61	70	74	-5.631283e+04
61	71	55	2.985581e+03
61	71	56	2.185230e+05
61	71	57	1.351793e+05
61	71	60	2.222525e+04
61	71	61	7.593831e+05
61	71	62	3.746072e+05
61	71	63	1.522433e+03
61	71	64	9.997969e+02
61	72	61	2.163608e+04
61	72	62	5.326159e+05
61	72	63	4.416573e+05
61	72	64	2.657112e+05
61	72	70	5.799822e+01
61	72	71	-1.083726e+02
61	72	72	5.443848e+02
61	73	61	1.723072e+04
61	73	62	4.241577e+05
61	73	63	3.481567e+05
61	73	64	2.071469e+05
61	73	66	3.162474e-01
61	73	67	6.808776e+02
61	73	68	6.243546e+02
61	73	70	2.705254e+03
61	73	71	-5.054905e+03
61	73	72	2.539215e+04
61	74	62	1.911012e+02
61	74	63	1.607313e+04
61	74	64	4.135367e+04
61	74	65	1.571609e+04
61	74	66	3.023508e+00
61	74	67	6.511677e+03
61	74	68	6.414484e+03
61	74	69	5.829756e+02
61	74	70	4.745825e+03
61	74	71	-8.867814e+03
61	74	72	4.454542e+04
61	75	60	1.066980e+03
61	75	61	1.011665e+05
61	75	62	6.714738e+04
61	75	63	6.760898e+04
61	75	64	3.940914e+05
61	75	65	1.769760e+05
61	75	66	3.959705e+02
61	75	67	3.215785e+03
61	75	68	3.163400e+05
61	75	69	4.122003e+05
61	76	60	-1.943960e+03
61	76	61	-1.843179e+05
61	76	62	-1.161679e+05
61	76	63	3.506859e+05
61	76	64	3.543023e+05
61	76	65	6.651936e+04
61	76	66	1.926132e+05
61	76	67	5.558896e+04
61	76	68	2.705054e+05
61	76	69	3.541429e+05
61	76	70	1.173360e-04
61	76	71	2.500599e-02
61	76	72	3.272709e-02
61	77	60	1.015727e+04
61	77	61	9.630681e+05
61	77	62	6.461622e+05
61	77	63	4.165203e+05
61	77	64	7.606118e+05
61	77	65	2.026798e+04
61	77	66	2.303930e+05
61	77	67	6.568979e+04
61	77	68	4.901016e+02
61	77	69	2.723172e+03
61	77	70	1.946142e+04
61	77	71	3.834557e+03
61	77	72	1.075811e+01
61	78	62	2.632166e+03
61	78	63	1.105290e+05
61	78	64	2.426146e+05
61	78	66	5.823860e+03
61	78	67	6.165898e+03
61	78	68	9.423395e+04
61	78	69	7.391804e+04
61	78	70	5.282615e+05
61	78	71	1.038690e+05
61	78	72	8.602939e+00
61	79	62	2.625427e+04
61	79	63	3.677840e+05
61	79	64	1.184586e+05
61	79	65	1.266429e+03
61	79	66	1.421267e+05
61	79	67	1.192506e+05
61	79	68	6.668775e+05
61	79	69	3.354191e+04
61	79	70	2.370909e+05
61	79	71	4.661488e+04
61	80	65	-2.213042e+03
61	80	66	-1.696317e+05
61	80	67	-1.001924e+05
61	80	68	1.756790e+05
61	80	69	1.546834e+04
61	81	65	1.232134e+04
61	81	66	9.878848e+05
61	81	67	6.412848e+05
61	81	68	1.254021e+05
61	81	69	2.789022e+04
61	88	63	4.503191e+01
61	88	64	3.841231e+02
61	88	65	8.770716e+01
61	89	63	3.478421e+02
61	89	64	2.967101e+03
61	89	65	6.774807e+02
61	90	63	1.252948e+03
61	90	64	1.068768e+04
61	90	65	2.440326e+03
62	55	55	1.598561e+02
62	55	56	1.834251e+04
62	55	57	2.639989e+04
62	56	55	-2.462833e+02
62	56	56	-2.825950e+04
62	56	57	-4.067315e+04
62	57	55	1.645698e+03
62	57	56	1.888514e+05
62	57	57	2.717509e+05
62	58	55	2.938000e+03
62	58	56	4.323477e+05
62	58	57	3.089063e+05
62	58	85	7.408654e+01
62	58	86	1.795203e+03
62	58	87	7.673713e+02
62	59	55	3.101621e+03
62	59	56	4.564257e+05
62	59	57	3.261097e+05
62	59	85	3.062105e+03
62	59	86	7.419837e+04
62	59	87	3.171658e+04
62	60	62	2.757606e+03
62	60	63	3.970590e+04
62	60	64	1.299933e+04
62	60	85	1.607582e+03
62	60	86	3.895359e+04
62	60	87	1.665097e+04
62	61	62	5.249639e+04
62	61	63	7.558788e+05
62	61	64	2.474675e+05
62	62	57	2.883858e+01
62	62	58	8.806087e+02
62	62	59	4.144609e+02
62	62	62	2.001893e+04
62	62	63	2.882463e+05
62	62	64	9.436908e+04
62	63	57	1.864101e+02
62	63	58	5.692180e+03
62	63	59	2.679040e+03
62	64	57	3.341020e+01
62	64	58	1.020207e+03
62	64	59	4.801631e+02
62	65	65	9.393098e+02
62	65	66	1.498430e+04
62	65	67	3.791639e+04
62	65	71	3.632310e+03
62	65	72	3.287845e+04
62	65	73	7.865625e+03
62	66	65	5.922959e+03
62	66	66	9.448575e+04
62	66	67	2.390875e+05
62	66	71	1.419451e+04
62	66	72	1.284839e+05
62	66	73	3.073766e+04
62	67	65	1.036608e+03
62	67	66	1.653644e+04
62	67	67	4.212895e+04
62	67	68	3.614851e+04
62	67	69	2.515353e+04
62	67	71	7.780757e+04
62	67	72	7.042879e+05
62	67	73	1.684892e+05
62	68	67	4.990211e+03
62	68	68	6.329241e+05
62	68	69	4.404131e+05
62	68	72	4.227197e+01
62	68	73	-2.596302e+01
62	68	74	5.311151e+02
62	69	67	1.822416e+03
62	69	68	2.311427e+05
62	69	69	1.608380e+05
62	69	72	8.100482e+04
62	69	73	-4.975235e+04
62	69	74	1.017764e+06
62	70	59	3.459897e+01
62	70	60	1.438941e+03
62	70	61	7.569937e+02
62	70	72	7.389306e+04
62	70	73	-4.538438e+04
62	70	74	9.284099e+05
62	71	59	-4.247022e+01
62	71	60	-1.766299e+03
62	71	61	-9.292096e+02
62	72	59	3.839763e+02
62	72	60	1.596923e+04
62	72	61	8.401049e+03
62	72	70	1.276904e+03
62	72	71	-2.385961e+03
62	72	72	1.198532e+04
62	73	66	1.360917e+01
62	73	67	2.930041e+04
62	73	68	2.686803e+04
62	73	70	5.955961e+04
62	73	71	-1.112902e+05
62	73	72	5.590404e+05
62	74	66	1.301115e+02
62	74	67	2.801298e+05
62	74	68	2.570876e+05
62	74	69	2.798719e+02
62	74	70	1.044854e+05
62	74	71	-1.952362e+05
62	74	72	9.807239e+05
62	75	60	3.485226e+02
62	75	61	3.304542e+04
62	75	62	2.169727e+04
62	75	66	3.244718e+01
62	75	67	7.056945e+04
62	75	68	2.152114e+05
62	75	69	1.978870e+05
62	76	60	-6.349827e+02
62	76	61	-6.020633e+04
62	76	62	-3.953083e+04
62	76	67	6.108399e+02
62	76	68	1.298628e+05
62	76	69	1.700151e+05
62	76	70	3.464711e+00
62	76	71	7.383796e+02
62	76	72	9.663690e+02
62	77	60	3.317809e+03
62	77	61	3.145804e+05
62	77	62	2.065501e+05
62	77	66	4.802059e+02
62	77	67	5.380953e+04
62	77	68	3.656750e+04
62	77	70	1.138927e+03
62	77	71	2.427216e+05
62	77	72	3.176668e+05
62	78	66	6.049399e+03
62	78	67	-1.233924e+04
62	78	68	8.775638e+04
62	78	70	9.107655e+02
62	78	71	1.940972e+05
62	78	72	2.540285e+05
62	79	65	3.498372e+02
62	79	66	7.892864e+04
62	79	67	7.870538e+05
62	79	68	1.233139e+06
62	79	69	2.686576e+03
62	80	65	-6.113287e+02
62	80	66	-4.267448e+04
62	80	67	-8.154659e+03
62	80	68	4.660500e+05
62	80	69	1.133927e+05
62	81	61	4.436977e+00
62	81	62	1.571282e+02
62	81	63	7.818819e+01
62	81	65	3.403636e+03
62	81	66	2.865848e+05
62	81	67	3.732608e+05
62	81	68	1.150575e+06
62	81	69	2.044528e+05
62	82	61	2.624628e+02
62	82	62	9.294688e+03
62	82	63	4.625107e+03
62	83	61	1.536016e+02
62	83	62	5.439547e+03
62	83	63	2.706759e+03
62	88	63	3.014644e+03
62	88	64	2.571497e+04
62	88	65	5.871522e+03
62	89	63	2.328616e+04
62	89	64	1.986314e+05
62	89	65	4.535368e+04
62	90	63	8.387815e+04
62	90	64	7.154823e+05
62	90	65	1.633667e+05
63	55	55	5.678446e+02
63	55	56	6.515670e+04
63	55	57	9.377830e+04
63	56	55	-8.748533e+02
63	56	56	-1.003841e+05
63	56	57	-1.444801e+05
63	57	55	5.844071e+03
63	57	56	6.705751e+05
63	57	57	9.651290e+05
63	58	55	6.070093e+02
63	58	56	8.932576e+04
63	58	57	6.382199e+04
63	58	85	6.662330e+02
63	58	86	1.614360e+04
63	58	87	6.900688e+03
63	59	55	6.408144e+02
63	59	56	9.430042e+04
63	59	57	6.737632e+04
63	59	85	2.753638e+04
63	59	86	6.672386e+05
63	59	87	2.852155e+05
63	60	62	6.815934e+02
63	60	63	9.814047e+03
63	60	64	3.213025e+03
63	60	85	1.445640e+04
63	60	86	3.502953e+05
63	60	87	1.497360e+05
63	61	62	1.297545e+04
63	61	63	1.868294e+05
63	61	64	6.116617e+04
63	62	57	1.983419e+03
63	62	58	6.056526e+04
63	62	59	2.850520e+04
63	62	62	4.948050e+03
63	62	63	7.124540e+04
63	62	64	2.332506e+04
63	63	57	1.282065e+04
63	63	58	3.914887e+05
63	63	59	1.842552e+05
63	64	57	2.297840e+03
63	64	58	7.016634e+04
63	64	59	3.302398e+04
63	65	65	3.200608e+03
63	65	66	5.105756e+04
63	65	67	1.291965e+05
63	66	65	2.018191e+04
63	66	66	3.219511e+05
63	66	67	8.146677e+05
63	67	65	3.532142e+03
63	67	66	5.634634e+04
63	67	67	1.426338e+05
63	67	68	6.920109e+03
63	67	69	4.815279e+03
63	68	67	9.553037e+02
63	68	68	1.211642e+05
63	68	69	8.431071e+04
63	69	67	3.488751e+02
63	69	68	4.424893e+04
63	69	69	3.079011e+04
63	70	59	1.842006e+03
63	70	60	7.660739e+04
63	70	61	4.030140e+04
63	71	59	-2.261062e+03
63	71	60	-9.403556e+04
63	71	61	-4.946996e+04
63	72	59	2.044242e+04
63	72	60	8.501821e+05
63	72	61	4.472614e+05
63	72	70	5.225502e+02
63	72	71	-9.764116e+02
63	72	72	4.904778e+03
63	73	66	2.440558e+01
63	73	67	5.254498e+04
63	73	68	4.818296e+04
63	73	70	2.437370e+04
63	73	71	-4.554350e+04
63	73	72	2.287772e+05
63	74	66	2.333314e+02
63	74	67	5.023603e+05
63	74	68	4.606568e+05
63	74	70	4.275876e+04
63	74	71	-7.989691e+04
63	74	72	4.013437e+05
63	75	64	5.438261e+00
63	75	65	3.955607e+02
63	75	66	3.025069e+02
63	75	67	1.252785e+05
63	75	68	1.148785e+05
63	76	64	2.321568e+02
63	76	65	1.688630e+04
63	76	66	1.042985e+04
63	76	70	3.546188e+00
63	76	71	7.557433e+02
63	76	72	9.890942e+02
63	77	64	4.172622e+02
63	77	65	3.035024e+04
63	77	66	1.904434e+04
63	77	67	3.344377e+04
63	77	68	2.272748e+04
63	77	70	1.165710e+03
63	77	71	2.484295e+05
63	77	72	3.251371e+05
63	78	66	-1.064799e+02
63	78	67	-1.193161e+04
63	78	68	-8.108401e+03
63	78	70	9.321831e+02
63	78	71	1.986616e+05
63	78	72	2.600023e+05
63	79	66	7.353913e+03
63	79	67	4.742837e+05
63	79	68	4.086906e+05
63	79	69	5.402417e+02
63	80	66	-5.127673e+03
63	80	67	-4.471792e+04
63	80	68	-8.212276e+04
63	80	69	2.280205e+04
63	81	61	1.315451e+02
63	81	62	4.658452e+03
63	81	63	2.318081e+03
63	81	66	3.571768e+04
63	81	67	3.710177e+05
63	81	68	1.267901e+06
63	81	69	4.111327e+04
63	82	61	7.781354e+03
63	82	62	2.755638e+05
63	82	63	1.371226e+05
63	83	61	4.553896e+03
63	83	62	1.612687e+05
63	83	63	8.024852e+04
63	88	63	1.823408e+03
63	88	64	1.555370e+04
63	88	65	3.551391e+03
63	89	63	1.408464e+04
63	89	64	1.201422e+05
63	89	65	2.743218e+04
63	90	63	5.073371e+04
63	90	64	4.327596e+05
63	90	65	9.881236e+04
64	58	85	1.585808e+02
64	58	86	3.842597e+03
64	58	87	1.642543e+03
64	59	85	6.554375e+03
64	59	86	1.588201e+05
64	59	87	6.788870e+04
64	60	85	3.440998e+03
64	60	86	8.337939e+04
64	60	87	3.564107e+04
64	62	57	3.162583e+03
64	62	58	9.657196e+04
64	62	59	4.545185e+04
64	63	57	2.044267e+04
64	63	58	6.242330e+05
64	63	59	2.937969e+05
64	64	57	3.663930e+03
64	64	58	1.118810e+05
64	64	59	5.265709e+04
64	66	76	1.030930e+01
64	66	77	7.879819e+02
64	66	78	4.926172e+02
64	67	76	7.078767e+01
64	67	77	5.410593e+03
64	67	78	3.382503e+03
64	68	76	2.724821e+02
64	68	77	2.082693e+04
64	68	78	1.302023e+04
64	70	59	1.046333e+03
64	70	60	4.351608e+04
64	70	61	2.289281e+04
64	71	59	-1.284374e+03
64	71	60	-5.341598e+04
64	71	61	-2.810092e+04
64	72	59	1.161211e+04
64	72	60	4.829376e+05
64	72	61	2.540624e+05
64	75	64	2.131400e+01
64	75	65	1.550308e+03
64	75	66	9.575505e+02
64	76	64	9.098845e+02
64	76	65	6.618192e+04
64	76	66	4.087738e+04
64	77	64	1.635362e+03
64	77	65	1.189507e+05
64	77	66	7.347012e+04
64	81	61	2.640118e+02
64	81	62	9.349544e+03
64	81	63	4.652403e+03
64	82	61	1.561723e+04
64	82	62	5.530584e+05
64	82	63	2.752060e+05
64	83	61	9.139698e+03
64	83	62	3.236674e+05
64	83	63	1.610593e+05
65	66	76	1.186959e+02
65	66	77	9.072419e+03
65	66	78	5.671741e+03
65	67	76	8.150128e+02
65	67	77	6.229479e+04
65	67	78	3.894440e+04
65	68	76	3.137219e+03
65	68	77	2.397905e+05
65	68	78	1.499082e+05
65	75	64	1.166021e+02
65	75	65	8.481244e+03
65	75	66	5.238455e+03
65	76	64	4.977690e+03
65	76	65	3.620603e+05
65	76	66	2.236272e+05
65	76	67	9.797884e-01
65	76	68	1.813975e+00
65	77	64	8.946548e+03
65	77	65	6.507416e+05
65	77	66	4.019340e+05
65	77	67	8.540590e+01
65	77	68	1.581201e+02
65	78	66	1.430578e+00
65	78	67	5.504944e+01
65	78	68	1.019183e+02
66	47	86	9.687210e+02
66	47	87	8.244333e+03
66	47	88	1.878992e+03
66	48	83	8.832783e+02
66	48	84	-7.116399e+02
66	48	85	1.070499e+04
66	48	86	-1.590226e+03
66	48	87	-1.353367e+04
66	48	88	-3.084502e+03
66	49	83	1.479325e+03
66	49	84	-1.191863e+03
66	49	85	1.792885e+04
66	49	86	9.707059e+03
66	49	87	8.261226e+04
66	49	88	1.882842e+04
66	50	83	1.530133e+04
66	50	84	-1.232798e+04
66	50	85	1.854462e+05
66	66	76	3.479605e+02
66	66	77	2.659606e+04
66	66	78	1.662687e+04
66	67	76	2.389233e+03
66	67	77	1.826190e+05
66	67	78	1.141666e+05
66	68	76	9.196846e+03
66	68	77	7.029528e+05
66	68	78	4.394602e+05
66	76	66	6.147363e+01
66	76	67	2.365540e+03
66	76	68	4.379549e+03
66	77	66	5.358515e+03
66	77	67	2.061987e+05
66	77	68	3.817552e+05
66	78	66	3.453898e+03
66	78	67	1.329079e+05
66	78	68	2.460651e+05
67	47	86	1.367871e+04
67	47	87	1.164131e+05
67	47	88	2.653208e+04
67	48	83	6.225825e+03
67	48	84	-5.016024e+03
67	48	85	7.545460e+04
67	48	86	-2.245460e+04
67	48	87	-1.911006e+05
67	48	88	-4.355434e+04
67	49	83	1.042709e+04
67	49	84	-8.400900e+03
67	49	85	1.263723e+05
67	49	86	1.370674e+05
67	49	87	1.166517e+06
67	49	88	2.658645e+05
67	50	83	1.078521e+05
67	50	84	-8.689429e+04
67	50	85	1.307126e+06
67	69	79	2.418772e-02
67	69	80	3.493524e-01
67	69	81	1.145838e-01
67	70	79	2.449631e+03
67	70	80	3.538095e+04
67	70	81	1.160456e+04
67	71	79	2.419010e+03
67	71	80	3.493868e+04
67	71	81	1.145950e+04
67	76	54	5.775570e+01
67	76	55	2.559417e+01
67	76	56	8.585634e+02
67	76	66	6.665935e+01
67	76	67	2.565089e+03
67	76	68	4.748993e+03
67	77	54	1.244275e+03
67	77	55	5.513948e+02
67	77	56	1.849669e+04
67	77	66	5.810542e+03
67	77	67	2.235929e+05
67	77	68	4.139588e+05
67	78	54	5.040398e+02
67	78	55	2.233629e+02
67	78	56	7.492769e+03
67	78	66	3.745258e+03
67	78	67	1.441196e+05
67	78	68	2.668223e+05
68	47	86	4.426733e+03
68	47	87	3.767386e+04
68	47	88	8.586369e+03
68	48	83	1.209003e+03
68	48	84	-9.740701e+02
68	48	85	1.465265e+04
68	48	86	-7.266804e+03
68	48	87	-6.184439e+04
68	48	88	-1.409515e+04
68	49	83	2.024854e+03
68	49	84	-1.631385e+03
68	49	85	2.454045e+04
68	49	86	4.435804e+04
68	49	87	3.775106e+05
68	49	88	8.603964e+04
68	50	83	2.094397e+04
68	50	84	-1.687415e+04
68	50	85	2.538329e+05
68	53	80	1.226210e+02
68	53	81	7.013282e+02
68	53	82	3.008014e+03
68	54	80	8.039360e+02
68	54	81	4.598095e+03
68	54	82	1.972134e+04
68	55	80	1.460394e+02
68	55	81	8.352693e+02
68	55	82	3.582490e+03
68	69	79	3.599447e-01
68	69	80	5.198818e+00
68	69	81	1.705155e+00
68	70	79	3.645369e+04
68	70	80	5.265144e+05
68	70	81	1.726910e+05
68	71	79	3.599801e+04
68	71	80	5.199329e+05
68	71	81	1.705323e+05
68	76	54	1.211627e+03
68	76	55	5.369268e+02
68	76	56	1.801136e+04
68	77	54	2.610301e+04
68	77	55	1.156743e+04
68	77	56	3.880325e+05
68	78	54	1.057399e+04
68	78	55	4.685814e+03
68	78	56	1.571869e+05
68	79	51	5.565948e+00
68	79	52	9.393340e+01
68	79	53	2.321537e+02
68	80	51	4.983118e+01
68	80	52	8.409731e+02
68	80	53	2.078441e+03
68	81	51	1.182040e+01
68	81	52	1.994863e+02
68	81	53	4.930246e+02
69	53	80	6.513899e+03
69	53	81	2.678236e+04
69	53	82	1.400114e+05
69	54	80	4.442069e+04
69	54	81	1.745601e+05
69	54	82	9.395318e+05
69	55	80	8.391451e+03
69	55	81	3.151576e+04
69	55	82	1.747280e+05
69	69	79	1.201352e-01
69	69	80	1.735158e+00
69	69	81	5.691130e-01
69	70	79	1.216679e+04
69	70	80	1.757296e+05
69	70	81	5.763737e+04
69	71	79	1.201470e+04
69	71	80	1.735329e+05
69	71	81	5.691689e+04
69	76	54	2.747186e+03
69	76	55	1.217402e+03
69	76	56	4.083810e+04
69	77	54	5.918473e+04
69	77	55	2.622743e+04
69	77	56	8.798065e+05
69	78	54	2.397497e+04
69	78	55	1.062439e+04
69	78	56	3.563982e+05
69	78	58	1.289068e+02
69	78	59	-2.172179e+02
69	78	60	1.276400e+03
69	79	51	1.590167e+03
69	79	52	2.683637e+04
69	79	53	6.632531e+04
69	79	58	2.787253e+03
69	79	59	-4.696736e+03
69	79	60	2.759862e+04
69	80	51	1.423655e+04
69	80	52	2.402624e+05
69	80	53	5.938015e+05
69	80	58	6.248184e+03
69	80	59	-1.052867e+04
69	80	60	6.186782e+04
69	81	51	3.377036e+03
69	81	52	5.699236e+04
69	81	53	1.408550e+05
70	53	80	1.412790e+04
70	53	81	7.382394e+03
70	53	82	2.079051e+05
70	54	80	1.046404e+05
70	54	81	4.116521e+04
70	54	82	1.514358e+06
70	55	80	2.126707e+04
70	55	81	6.117625e+03
70	55	82	3.035303e+05
70	78	58	4.075135e+02
70	78	59	-6.866915e+02
70	78	60	4.035087e+03
70	79	51	1.250844e+03
70	79	52	2.110979e+04
70	79	53	5.217225e+04
70	79	58	8.811349e+03
70	79	59	-1.484780e+04
70	79	60	8.724757e+04
70	80	51	1.119864e+04
70	80	52	1.889931e+05
70	80	53	4.670911e+05
70	80	58	1.975240e+04
70	80	59	-3.328431e+04
70	80	60	1.955829e+05
70	81	51	2.656415e+03
70	81	52	4.483084e+04
70	81	53	1.107981e+05
71	53	80	2.244270e+03
71	53	81	-1.351655e+03
71	53	82	2.825889e+04
71	54	80	1.703559e+04
71	54	81	-1.026001e+04
71	54	82	2.145049e+05
71	55	80	3.531043e+03
71	55	81	-2.126639e+03
71	55	82	4.446139e+04
71	72	59	6.301576e-03
71	72	60	1.441505e+01
71	72	61	1.566552e+01
71	73	59	7.576300e+00
71	73	60	1.733102e+04
71	73	61	1.883444e+04
71	74	59	6.745318e+00
71	74	60	1.543012e+04
71	74	61	1.676865e+04
71	78	58	2.589750e+03
71	78	59	-4.363928e+03
71	78	60	2.564300e+04
71	79	58	5.599616e+04
71	79	59	-9.435785e+04
71	79	60	5.544587e+05
71	80	58	1.255266e+05
71	80	59	-2.115220e+05
71	80	60	1.242930e+06
72	72	59	1.305076e-01
72	72	60	2.985402e+02
72	72	61	3.244379e+02
72	73	59	1.569076e+02
72	73	60	3.589309e+05
72	73	61	3.900673e+05
72	74	59	1.396977e+02
72	74	60	3.195627e+05
72	74	61	3.472840e+05
73	72	59	5.188100e-02
73	72	60	1.186794e+02
73	72	61	1.289746e+02
73	73	59	6.237583e+01
73	73	60	1.426866e+05
73	73	61	1.550644e+05
73	74	59	5.553434e+01
73	74	60	1.270365e+05
73	74	61	1.380566e+05
74	10	99	4.468895e+02
74	10	100	6.306813e+02
74	10	101	7.513320e+03
74	11	99	3.095657e+03
74	11	100	4.368805e+03
74	11	101	5.204567e+04
74	12	99	5.917653e+02
74	12	100	8.351400e+02
74	12	101	9.949041e+03
74	44	94	9.763305e-02
74	44	95	8.328251e-01
74	44	96	1.901621e-01
74	45	94	2.777777e+00
74	45	95	2.369487e+01
74	45	96	5.410339e+00
74	46	94	1.271050e+00
74	46	95	1.084226e+01
74	46	96	2.475653e+00
74	80	79	6.266346e+02
74	80	80	8.403130e+03
74	80	81	2.635791e+03
74	81	79	7.400923e+03
74	81	80	9.924590e+04
74	81	81	3.113024e+04
74	82	79	2.141071e+03
74	82	80	2.871162e+04
74	82	81	9.005910e+03
75	10	99	8.073613e+03
75	10	100	1.139404e+04
75	10	101	1.357374e+05
75	11	99	5.592689e+04
75	11	100	7.892788e+04
75	11	101	9.403692e+05
75	11	102	1.631870e+03
75	11	103	4.084030e+03
75	12	99	1.069097e+04
75	12	100	1.508784e+04
75	12	101	1.806339e+05
75	12	102	1.460991e+04
75	12	103	3.656377e+04
75	13	101	2.116320e+02
75	13	102	3.465600e+03
75	13	103	8.673248e+03
75	29	111	1.591840e+02
75	29	112	1.719959e+03
75	29	113	5.200031e+03
75	30	111	1.569161e+03
75	30	112	1.647284e+04
75	30	113	5.049922e+04
75	31	111	1.522991e+03
75	31	112	1.226053e+04
75	31	113	4.313031e+04
75	32	111	2.742397e+02
75	32	112	1.989297e+03
75	32	113	7.421618e+03
75	44	94	2.129512e+03
75	44	95	1.816507e+04
75	44	96	4.147698e+03
75	45	94	6.058716e+04
75	45	95	5.168179e+05
75	45	96	1.180070e+05
75	46	94	2.772337e+04
75	46	95	2.364846e+05
75	46	96	5.399742e+04
75	80	79	5.052194e+03
75	80	80	6.774960e+04
75	80	81	2.125086e+04
75	81	79	5.966938e+04
75	81	80	8.001626e+05
75	81	81	2.509852e+05
75	82	79	1.726222e+04
75	82	80	2.314853e+05
75	82	81	7.260947e+04
76	10	99	2.997311e+03
76	10	100	4.230011e+03
76	10	101	5.039222e+04
76	11	99	2.076273e+04
76	11	100	2.930180e+04
76	11	101	3.510880e+05
76	11	102	3.299729e+04
76	11	103	8.258128e+04
76	12	99	3.969000e+03
76	12	100	5.601326e+03
76	12	101	8.476900e+04
76	12	102	2.954203e+05
76	12	103	7.393390e+05
76	13	101	4.279313e+03
76	13	102	7.007630e+04
76	13	103	1.753777e+05
76	29	111	4.783878e+02
76	29	112	5.168910e+03
76	29	113	1.562740e+04
76	30	111	7.667178e+03
76	30	112	7.091448e+04
76	30	113	2.316367e+05
76	31	111	3.028098e+04
76	31	112	2.232993e+05
76	31	113	8.252327e+05
76	32	111	6.790832e+03
76	32	112	4.925975e+04
76	32	113	1.837770e+05
76	44	94	2.072515e+03
76	44	95	1.767887e+04
76	44	96	4.036684e+03
76	45	94	5.896552e+04
76	45	95	5.029851e+05
76	45	96	1.148485e+05
76	46	94	2.698134e+04
76	46	95	2.301551e+05
76	46	96	5.255217e+04
76	80	79	1.101834e+03
76	80	80	1.477552e+04
76	80	81	4.634604e+03
76	81	79	1.301330e+04
76	81	80	1.745076e+05
76	81	81	5.473739e+04
76	82	79	3.764720e+03
76	82	80	5.048465e+04
76	82	81	1.583541e+04
77	11	101	7.917855e+02
77	11	102	1.296596e+04
77	11	103	3.244950e+04
77	12	101	7.088749e+03
77	12	102	1.160825e+05
77	12	103	2.905159e+05
77	13	101	1.681514e+03
77	13	102	2.753579e+04
77	13	103	6.891294e+04
77	29	111	3.153036e+03
77	29	112	3.406809e+04
77	29	113	1.029996e+05
77	30	111	2.984383e+04
77	30	112	3.173104e+05
77	30	113	9.667782e+05
77	31	111	1.939090e+04
77	31	112	1.646847e+05
77	31	113	5.626849e+05
77	32	111	2.930630e+03
77	32	112	2.125838e+04
77	32	113	7.931024e+04
78	18	107	1.873796e+02
78	18	108	2.298652e+03
78	18	109	6.538938e+03
78	19	107	3.083831e+03
78	19	108	3.783045e+04
78	19	109	1.076156e+05
78	20	107	1.089299e+03
78	20	108	1.336282e+04
78	20	109	3.801298e+04
79	18	107	1.366608e+03
79	18	108	1.676467e+04
79	18	109	4.769018e+04
79	19	107	2.249118e+04
79	19	108	2.759073e+05
79	19	109	7.848689e+05
79	20	107	7.944541e+03
79	20	108	9.745851e+04
79	20	109	2.772386e+05
80	18	107	2.735772e+02
80	18	108	3.356069e+03
80	18	109	9.546953e+03
80	19	107	4.502442e+03
80	19	108	5.523305e+04
80	19	109	1.571205e+05
80	20	107	1.590394e+03
80	20	108	1.950992e+04
80	20	109	5.549956e+04
81	0	86	9.861294e+00
81	0	87	6.304260e+02
81	0	88	3.767527e+02
81	1	86	4.169120e+02
81	1	87	2.665291e+04
81	1	88	1.592820e+04
81	2	86	7.513623e+02
81	2	87	4.803409e+04
81	2	88	2.870594e+04
82	0	86	6.138901e+00
82	0	87	3.924558e+02
82	0	88	2.345379e+02
82	1	86	2.595381e+02
82	1	87	1.659210e+04
82	1	88	9.915703e+03
82	2	86	4.677417e+02
82	2	87	2.990242e+04
82	2	88	1.787016e+04
82	91	40	1.015606e+03
82	91	41	7.781263e+01
82	91	42	1.431266e+04
82	92	40	-4.074959e+02
82	92	41	-3.122109e+01
82	92	42	-5.742731e+03
82	93	40	1.325065e+04
82	93	41	1.015225e+03
82	93	42	1.867379e+05
83	0	86	1.502437e+02
83	0	87	9.604979e+03
83	0	88	5.740090e+03
83	1	86	6.351946e+03
83	1	87	4.060756e+05
83	1	88	2.426773e+05
83	2	86	1.144753e+04
83	2	87	7.318329e+05
83	2	88	4.373551e+05
83	91	40	7.399945e+03
83	91	41	5.669612e+02
83	91	42	1.042854e+05
83	92	40	-2.969112e+03
83	92	41	-2.274843e+02
83	92	42	-4.184290e+04
83	93	40	9.654738e+04
83	93	41	7.397166e+03
83	93	42	1.360616e+06
84	91	40	1.480115e+03
84	91	41	1.134019e+02
84	91	42	2.085886e+04
84	92	40	-5.938728e+02
84	92	41	-4.550073e+01
84	92	42	-8.369291e+03
84	93	40	1.931112e+04
84	93	41	1.479559e+03
84	93	42	2.721464e+05
95	6	98	1.899079e+00
95	6	99	6.504309e+03
95	6	100	6.962359e+03
95	7	98	-3.166267e+00
95	7	99	-1.084440e+04
95	7	100	-1.160809e+04
95	8	98	1.889680e+01
95	8	99	6.472115e+04
95	8	100	6.927897e+04
96	6	98	8.874430e-01
96	6	99	3.039474e+03
96	6	100	3.253522e+03
96	7	98	-1.479602e+00
96	7	99	-5.067607e+03
96	7	100	-5.424481e+03
96	8	98	8.830504e+00
96	8	99	3.024430e+04
96	8	100	3.237418e+04
97	6	98	2.832587e+01
97	6	99	9.701553e+04
97	6	100	1.038476e+05
97	7	98	-4.722671e+01
97	7	99	-1.617505e+05
97	7	100	-1.731414e+05
97	8	98	2.818566e+02
97	8	99	9.653533e+05
97	8	100	1.033336e+06
122	7	99	2.223515e+02
122	7	100	-2.226070e+02
122	7	101	2.591303e+03
122	8	99	1.036994e+03
122	8	100	-1.038186e+03
122	8	101	1.208522e+04
122	9	99	5.055643e+03
122	9	100	-5.061452e+03
122	9	101	5.891886e+04
123	7	99	9.909214e+02
123	7	100	-9.920599e+02
123	7	101	1.154828e+04
123	8	99	4.621420e+03
123	8	100	-4.626730e+03
123	8	101	5.385840e+04
123	9	99	2.253074e+04
123	9	100	-2.255663e+04
123	9	101	2.625750e+05
124	7	99	4.976056e+03
124	7	100	-4.981773e+03
124	7	101	5.799135e+04
124	8	99	2.320714e+04
124	8	100	-2.323380e+04
124	8	101	2.704578e+05
124	9	99	1.131414e+05
124	9	100	-1.132714e+05
124	9	101	1.318559e+06
