0.0130	-4.737002e+06	773
15	13	109	2.992335e+00
15	13	110	4.783561e+03
15	13	111	5.283521e+03
15	14	109	2.347210e+01
15	14	110	3.752261e+04
15	14	111	4.144433e+04
15	15	109	5.002997e+00
15	15	110	7.997815e+03
15	15	111	8.833717e+03
16	13	109	4.156776e+01
16	13	110	6.645042e+04
16	13	111	7.339557e+04
16	14	109	3.260606e+02
16	14	110	5.212420e+05
16	14	111	5.757203e+05
16	15	109	6.949870e+01
16	15	110	1.111009e+05
16	15	111	1.227128e+05
17	13	109	1.332112e+01
17	13	110	2.129520e+04
17	13	111	2.352090e+04
17	14	109	1.044918e+02
17	14	110	1.670412e+05
17	14	111	1.844997e+05
17	15	109	2.227208e+01
17	15	110	3.560425e+04
17	15	111	3.932547e+04
35	66	34	1.348012e+00
35	66	35	1.274161e+01
35	66	36	3.150448e+00
35	67	34	3.308627e+03
35	67	35	3.127363e+04
35	67	36	7.732617e+03
35	68	34	3.050765e+03
35	68	35	2.883628e+04
35	68	36	7.129965e+03
36	66	34	4.709380e+00
36	66	35	4.451375e+01
36	66	36	1.100633e+01
36	67	34	1.155894e+04
36	67	35	1.092568e+05
36	67	36	2.701447e+04
36	68	34	1.065808e+04
36	68	35	1.007417e+05
36	68	36	2.490907e+04
37	66	34	2.788574e+01
37	66	35	2.635801e+02
37	66	36	6.517197e+01
37	67	34	6.844416e+04
37	67	35	6.469442e+05
37	67	36	1.599613e+05
37	68	34	6.310987e+04
37	68	35	5.965238e+05
37	68	36	1.474945e+05
40	63	76	1.228844e+02
40	63	77	4.001316e+02
40	63	78	2.489772e+03
40	64	76	-1.607460e+02
40	64	77	-5.234152e+02
40	64	78	-3.256890e+03
40	65	76	1.338801e+03
40	65	77	4.359354e+03
40	65	78	2.712557e+04
41	63	76	2.307473e+03
41	63	77	7.513507e+03
41	63	78	4.675191e+04
41	64	76	-3.018423e+03
41	64	77	-9.828477e+03
41	64	78	-6.115654e+04
41	65	76	2.513946e+04
41	65	77	8.185817e+04
41	65	78	5.093529e+05
42	63	76	5.461495e+03
42	63	77	1.778352e+04
42	63	78	1.106559e+05
42	64	76	-7.144224e+03
42	64	77	-2.326276e+04
42	64	78	-1.447498e+05
42	65	76	5.950191e+04
42	65	77	1.937479e+05
42	65	78	1.205574e+06
43	71	59	1.767449e-02
43	71	60	2.811319e+00
43	71	61	2.035033e+00
43	72	59	8.677258e-01
43	72	60	1.380212e+02
43	72	61	9.990958e+01
43	73	59	1.501722e+00
43	73	60	2.388651e+02
43	73	61	1.729076e+02
44	69	69	6.023519e+01
44	69	70	6.805025e+02
44	69	71	1.911052e+02
44	70	69	5.792738e+02
44	70	70	6.544302e+03
44	70	71	1.837833e+03
44	71	59	2.891564e+01
44	71	60	4.599346e+03
44	71	61	3.329335e+03
44	71	69	1.450930e+02
44	71	70	1.639178e+03
44	71	71	4.603294e+02
44	72	59	1.419608e+03
44	72	60	2.258040e+05
44	72	61	1.634531e+05
44	73	59	2.456832e+03
44	73	60	3.907858e+05
44	73	61	2.828786e+05
45	69	69	3.855549e+03
45	69	70	4.355777e+04
45	69	71	1.223231e+04
45	70	69	3.707830e+04
45	70	70	4.188893e+05
45	70	71	1.176365e+05
45	71	59	2.617718e+01
45	71	60	4.163763e+03
45	71	61	3.014029e+03
45	71	69	9.287151e+03
45	71	70	1.049209e+05
45	71	71	2.946488e+04
45	72	59	1.285164e+03
45	72	60	2.044192e+05
45	72	61	1.479732e+05
45	73	59	2.224157e+03
45	73	60	3.537763e+05
45	73	61	2.560885e+05
46	66	68	7.017038e+02
46	66	69	3.186725e+03
46	66	70	1.580662e+04
46	67	68	-1.269030e+03
46	67	69	-5.763188e+03
46	67	70	-2.858626e+04
46	68	68	6.706700e+03
46	68	69	3.045788e+04
46	68	70	1.510755e+05
46	69	69	6.249502e+03
46	69	70	7.060327e+04
46	69	71	1.982748e+04
46	70	61	1.513002e+02
46	70	62	1.211642e+04
46	70	63	7.659158e+03
46	70	69	6.010063e+04
46	70	70	6.789823e+05
46	70	71	1.906783e+05
46	71	61	-1.141999e+02
46	71	62	-9.145354e+03
46	71	63	-5.781056e+03
46	71	69	1.505365e+04
46	71	70	1.700674e+05
46	71	71	4.775995e+04
46	72	61	1.851736e+03
46	72	62	1.482907e+05
46	72	63	9.373905e+04
46	88	44	8.656163e+02
46	88	45	7.556513e+03
46	88	46	1.757385e+03
46	89	44	1.188854e+03
46	89	45	1.037826e+04
46	89	46	2.413625e+03
46	90	44	1.448912e+04
46	90	45	1.264847e+05
46	90	46	2.941600e+04
47	64	61	8.040495e+00
47	64	62	6.344549e+02
47	64	63	9.818130e+02
47	65	61	5.555072e+01
47	65	62	4.383365e+03
47	65	63	6.783217e+03
47	66	61	1.059356e+01
47	66	62	8.359110e+02
47	66	63	1.293565e+03
47	66	68	6.188734e+03
47	66	69	2.810558e+04
47	66	70	1.394078e+05
47	67	68	-1.119232e+04
47	67	69	-5.082891e+04
47	67	70	-2.521188e+05
47	68	68	5.915029e+04
47	68	69	2.686257e+05
47	68	70	1.332423e+06
47	70	61	-2.936811e+02
47	70	62	-2.351856e+04
47	70	63	-1.486680e+04
47	71	58	4.307971e+00
47	71	59	2.460802e+03
47	71	60	2.903884e+03
47	71	61	2.216676e+02
47	71	62	1.775158e+04
47	71	63	1.122131e+04
47	72	58	-7.121217e+00
47	72	59	-4.067787e+03
47	72	60	-4.800215e+03
47	72	61	-3.594310e+03
47	72	62	-2.878394e+05
47	72	63	-1.819520e+05
47	73	58	4.303372e+01
47	73	59	2.458175e+04
47	73	60	2.900784e+04
47	88	44	-1.146466e+03
47	88	45	-1.000823e+04
47	88	46	-2.327570e+03
47	89	44	-1.574578e+03
47	89	45	-1.374549e+04
47	89	46	-3.196728e+03
47	90	44	-1.919013e+04
47	90	45	-1.675228e+05
47	90	46	-3.896004e+04
48	64	61	6.663528e+02
48	64	62	5.258020e+04
48	64	63	8.136736e+04
48	65	61	4.603744e+03
48	65	62	3.632697e+05
48	65	63	5.621564e+05
48	66	61	8.779374e+02
48	66	62	6.927579e+04
48	66	63	1.072036e+05
48	66	68	1.450937e+03
48	66	69	6.589300e+03
48	66	70	3.268390e+04
48	67	68	-2.624018e+03
48	67	69	-1.191674e+04
48	67	70	-5.910879e+04
48	68	68	1.386767e+04
48	68	69	6.297880e+04
48	68	70	3.123841e+05
48	70	61	1.388205e+03
48	70	62	1.111702e+05
48	70	63	7.027405e+04
48	71	58	4.045940e+01
48	71	59	2.311125e+04
48	71	60	2.727256e+04
48	71	61	-1.047803e+03
48	71	62	-8.391014e+04
48	71	63	-5.304215e+04
48	72	58	-6.688071e+01
48	72	59	-3.820365e+04
48	72	60	-4.508244e+04
48	72	61	1.698999e+04
48	72	62	1.360592e+06
48	72	63	8.600714e+05
48	73	58	4.041621e+02
48	73	59	2.308658e+05
48	73	60	2.724345e+05
48	76	69	7.343662e+02
48	76	70	6.592753e+03
48	76	71	1.567195e+03
48	77	69	6.996631e+03
48	77	70	6.281207e+04
48	77	71	1.493136e+04
48	78	69	1.740294e+03
48	78	70	1.562345e+04
48	78	71	3.713925e+03
48	88	44	9.394767e+03
48	88	45	8.201287e+04
48	88	46	1.907337e+04
48	89	44	1.290295e+04
48	89	45	1.126380e+05
48	89	46	2.619573e+04
48	90	44	1.572544e+05
48	90	45	1.372773e+06
48	90	46	3.192598e+05
49	64	61	4.245959e+02
49	64	62	3.350377e+04
49	64	63	5.184678e+04
49	65	61	2.933477e+03
49	65	62	2.314732e+05
49	65	63	3.582026e+05
49	66	61	5.594162e+02
49	66	62	4.414211e+04
49	66	63	6.830950e+04
49	69	71	2.464496e+00
49	69	72	3.517182e+03
49	69	73	3.161632e+03
49	70	57	6.280814e-02
49	70	58	1.421616e+02
49	70	59	1.545617e+02
49	70	71	1.394620e+01
49	70	72	1.990319e+04
49	70	73	1.789119e+04
49	71	57	2.042259e+01
49	71	58	4.635631e+04
49	71	59	1.252439e+05
49	71	60	8.848867e+04
49	71	71	6.020570e+01
49	71	72	8.592200e+04
49	71	73	7.723619e+04
49	72	57	1.631113e+01
49	72	58	3.670206e+04
49	72	59	-8.381640e+04
49	72	60	-1.462747e+05
49	73	58	1.311346e+03
49	73	59	7.490680e+05
49	73	60	8.839420e+05
49	74	65	1.395113e+01
49	74	66	-1.896248e+01
49	74	67	1.501773e+02
49	75	65	2.219017e+02
49	75	66	-3.016105e+02
49	75	67	2.388667e+03
49	76	65	7.691811e+01
49	76	66	-1.045477e+02
49	76	67	8.279872e+02
49	76	69	6.993326e+02
49	76	70	6.278240e+03
49	76	71	1.492431e+03
49	77	69	6.662850e+03
49	77	70	5.981556e+04
49	77	71	1.421905e+04
49	78	69	1.657272e+03
49	78	70	1.487812e+04
49	78	71	3.536749e+03
50	69	64	4.325872e+00
50	69	65	5.071154e+02
50	69	66	3.476659e+02
50	69	71	1.816840e+01
50	69	72	2.594851e+04
50	69	73	2.360216e+04
50	69	74	9.865954e+01
50	70	57	-6.052286e-02
50	70	58	-1.369891e+02
50	70	59	-1.489380e+02
50	70	64	4.351427e+00
50	70	65	5.101112e+02
50	70	66	3.497198e+02
50	70	71	1.028122e+02
50	70	72	1.466914e+05
50	70	73	1.313548e+05
50	70	74	-1.809484e+02
50	71	57	-1.967951e+01
50	71	58	-4.454313e+04
50	71	59	-4.842842e+04
50	71	63	5.886082e+02
50	71	64	-4.875296e+02
50	71	65	1.676592e+04
50	71	66	9.861516e+03
50	71	71	4.438397e+02
50	71	72	6.336080e+05
50	71	73	5.721821e+05
50	71	74	9.357920e+02
50	72	57	-1.571765e+01
50	72	58	-3.557575e+04
50	72	59	-3.867886e+04
50	72	63	1.688695e+02
50	72	64	6.982102e+02
50	72	65	2.118470e+04
50	72	66	4.303259e+04
50	73	63	8.557666e+03
50	73	64	-9.148718e+03
50	73	65	1.027347e+05
50	73	66	1.110888e+04
50	74	60	2.023299e+03
50	74	61	-3.212179e+03
50	74	62	2.056925e+04
50	74	65	3.867562e+03
50	74	66	-5.256820e+03
50	74	67	4.163248e+04
50	75	60	-1.632594e+03
50	75	61	2.591897e+03
50	75	62	-1.659726e+04
50	75	65	6.151607e+04
50	75	66	-8.361312e+04
50	75	67	6.621915e+05
50	76	60	2.451582e+04
50	76	61	-3.892119e+04
50	76	62	2.492326e+05
50	76	65	2.132340e+04
50	76	66	-2.898294e+04
50	76	67	2.295364e+05
50	76	69	1.167969e+04
50	76	70	1.048541e+05
50	76	71	2.492537e+04
50	77	69	1.112775e+05
50	77	70	9.989911e+05
50	77	71	2.374750e+05
50	78	69	2.767842e+04
50	78	70	2.484823e+05
50	78	71	5.906792e+04
50	79	76	4.456535e+01
50	79	77	4.643691e+02
50	79	78	1.232969e+02
50	80	76	8.889533e+03
50	80	77	9.262857e+04
50	80	78	2.459426e+04
50	81	76	6.664963e+03
50	81	77	6.944863e+04
50	81	78	1.843964e+04
51	63	64	4.740506e+01
51	63	65	4.360352e+02
51	63	66	1.056079e+02
51	64	64	7.318007e+03
51	64	65	6.731156e+04
51	64	66	1.630289e+04
51	65	64	1.002859e+04
51	65	65	9.224369e+04
51	65	66	2.234146e+04
51	66	53	1.825562e+02
51	66	54	2.272545e+03
51	66	55	6.420553e+03
51	67	53	5.260967e+02
51	67	54	6.549095e+03
51	67	55	1.850297e+04
51	68	53	3.574968e+03
51	68	54	4.450285e+04
51	68	55	1.257326e+05
51	68	64	7.151317e+00
51	68	65	1.575538e+02
51	68	66	6.449679e+01
51	69	59	3.201208e+01
51	69	60	-3.029525e+01
51	69	61	3.772888e+02
51	69	64	3.473138e+03
51	69	65	1.096419e+05
51	69	66	5.614996e+04
51	69	71	3.671569e+00
51	69	72	1.150249e+04
51	69	73	9.854856e+04
51	69	74	3.144407e+04
51	70	57	7.376479e-01
51	70	58	1.669612e+03
51	70	59	2.551153e+03
51	70	60	-6.964408e+02
51	70	61	8.673286e+03
51	70	64	4.125288e+03
51	70	65	1.242054e+05
51	70	66	6.217827e+04
51	70	71	2.077684e+01
51	70	72	1.816536e+04
51	70	73	-1.454520e+05
51	70	74	-5.767058e+04
51	71	57	2.398524e+02
51	71	58	5.428883e+05
51	71	59	5.918546e+05
51	71	60	-1.526274e+03
51	71	61	1.900781e+04
51	71	63	8.681013e+02
51	71	64	4.887070e+03
51	71	65	6.688512e+05
51	71	66	4.607659e+05
51	71	71	8.969354e+01
51	71	72	1.874068e+05
51	71	73	1.005129e+06
51	71	74	2.982490e+05
51	72	57	1.915655e+02
51	72	58	4.335945e+05
51	72	59	4.714149e+05
51	72	61	5.449067e+01
51	72	62	2.957270e+03
51	72	63	1.938269e+03
51	72	64	2.402089e+03
51	72	65	6.116234e+04
51	72	66	1.303282e+05
51	73	61	8.207301e+02
51	73	62	4.453364e+04
51	73	63	3.831697e+04
51	73	64	-1.313649e+04
51	73	65	1.594634e+05
51	73	66	3.379406e+04
51	74	60	-3.744895e+03
51	74	61	6.983578e+03
51	74	62	1.681360e+04
51	74	63	7.663038e+04
51	74	64	2.042964e+02
51	74	65	2.648351e+04
51	74	66	7.836929e+03
51	74	67	5.273950e+04
51	75	59	7.340368e+01
51	75	60	4.494787e+03
51	75	61	-3.722910e+02
51	75	62	8.454516e+04
51	75	63	9.161516e+04
51	75	64	3.034163e+02
51	75	65	1.099840e+05
51	75	66	-8.439062e+04
51	75	67	8.388558e+05
51	76	58	6.651055e-01
51	76	59	9.752953e+02
51	76	60	-2.578027e+04
51	76	61	1.172123e+05
51	76	62	-4.613009e+05
51	76	65	2.701222e+04
51	76	66	-3.671522e+04
51	76	67	2.907738e+05
51	77	58	3.055379e+00
51	77	59	2.671529e+03
51	77	60	5.372062e+04
51	77	61	1.238098e+05
51	78	58	1.504242e+01
51	78	59	-1.845094e+01
51	78	60	1.669735e+02
51	79	60	5.914083e-02
51	79	61	3.788976e+00
51	79	62	6.140285e+00
51	79	76	-7.462453e+01
51	79	77	-7.775845e+02
51	79	78	-2.064602e+02
51	80	60	1.016588e+01
51	80	61	6.512976e+02
51	80	62	1.055470e+03
51	80	76	-1.488549e+04
51	80	77	-1.551062e+05
51	80	78	-4.118301e+04
51	81	60	7.451386e+00
51	81	61	4.773881e+02
51	81	62	7.736387e+02
51	81	76	-1.116046e+04
51	81	77	-1.162915e+05
51	81	78	-3.087712e+04
52	61	71	5.058407e-01
52	61	72	5.624757e+01
52	61	73	3.816627e+01
52	62	71	1.884622e+02
52	62	72	2.095628e+04
52	62	73	1.421969e+04
52	63	64	3.362134e+02
52	63	65	3.092515e+03
52	63	66	7.490085e+02
52	63	71	2.312152e+02
52	63	72	2.571026e+04
52	63	73	1.744546e+04
52	64	64	5.190189e+04
52	64	65	4.773974e+05
52	64	66	1.156258e+05
52	65	57	1.303697e+01
52	65	58	1.599502e+02
52	65	59	4.549797e+02
52	65	64	7.112630e+04
52	65	65	6.542386e+05
52	65	66	1.585544e+05
52	65	67	2.033360e+01
52	66	53	1.342327e+03
52	66	54	1.670991e+04
52	66	55	4.721001e+04
52	66	57	8.971390e+02
52	66	58	1.100697e+04
52	66	59	3.130942e+04
52	66	65	2.678964e+02
52	66	66	1.969398e+03
52	66	67	3.970066e+02
52	67	53	3.868363e+03
52	67	54	4.815517e+04
52	67	55	1.360514e+05
52	67	57	5.464772e+02
52	67	58	6.704713e+03
52	67	59	1.907161e+04
52	67	61	5.254532e-01
52	67	62	8.517854e+02
52	67	63	8.161359e+02
52	67	64	1.134432e+02
52	67	65	9.601825e+02
52	67	66	7.605991e+02
52	67	67	1.533275e+02
52	67	73	9.904414e+02
52	67	74	2.745675e+03
52	67	75	1.919704e+04
52	68	53	2.628656e+04
52	68	54	3.272273e+05
52	68	55	9.245056e+05
52	68	61	3.317017e+00
52	68	62	5.377048e+03
52	68	63	1.095419e+04
52	68	64	2.149442e+04
52	68	65	1.227661e+05
52	68	66	-1.035781e+02
52	68	72	2.662717e+02
52	68	73	1.275575e+03
52	68	74	-3.325657e+03
52	68	75	-2.827589e+04
52	69	59	1.485130e+03
52	69	60	-1.405482e+03
52	69	61	1.751690e+04
52	69	62	2.177440e+04
52	69	63	2.738957e+04
52	69	64	1.632459e+04
52	69	65	4.526736e+03
52	69	66	-2.192613e+04
52	69	67	5.021227e+01
52	69	68	8.115008e+03
52	69	69	3.654007e+03
52	69	72	6.928389e+03
52	69	73	1.050472e+05
52	69	74	5.903331e+04
52	69	75	2.009942e+05
52	70	59	3.419967e+04
52	70	60	-3.160206e+04
52	70	61	4.025853e+05
52	70	62	-1.819754e+01
52	70	63	-9.595717e+02
52	70	64	8.378712e+04
52	70	65	1.576931e+04
52	70	66	-3.029910e+04
52	70	67	1.480937e+03
52	70	68	3.420514e+04
52	70	69	1.345183e+04
52	70	72	-8.765496e+03
52	70	73	-1.331665e+05
52	70	74	-4.491001e+04
52	71	55	2.399112e-03
52	71	56	8.632047e+02
52	71	57	8.574652e+02
52	71	59	7.622219e+04
52	71	60	-5.380398e+04
52	71	61	8.890599e+05
52	71	62	4.805652e+02
52	71	63	5.359313e+04
52	71	64	2.272548e+04
52	71	65	5.656033e+05
52	71	66	3.800549e+05
52	71	67	2.497040e+04
52	71	68	4.932816e+04
52	71	69	1.503800e+05
52	71	70	3.748151e+02
52	71	72	4.733433e+04
52	71	73	7.092500e+05
52	71	74	2.376608e+05
52	72	55	7.571319e-02
52	72	56	2.724174e+04
52	72	57	2.706061e+04
52	72	59	2.842742e+03
52	72	60	3.915318e+04
52	72	61	8.854190e+04
52	72	62	5.713869e+03
52	72	63	6.173270e+03
52	72	64	1.499024e+04
52	72	65	4.242235e+05
52	72	66	8.549881e+05
52	72	67	1.931449e+04
52	72	68	1.542905e+04
52	72	69	7.946649e+04
52	72	70	1.088201e+04
52	72	71	4.049756e+03
52	72	72	6.936839e+02
52	73	55	3.609256e-02
52	73	56	1.298617e+04
52	73	57	1.289982e+04
52	73	59	1.123931e+03
52	73	60	1.595351e+04
52	73	61	4.403633e+04
52	73	62	8.545925e+04
52	73	63	1.937316e+05
52	73	64	-1.509495e+05
52	73	65	1.834761e+06
52	73	66	3.704039e+05
52	73	67	9.442511e+04
52	73	68	1.160495e+04
52	73	69	2.688730e+04
52	73	70	4.762726e+04
52	73	71	9.779628e+04
52	73	72	6.480063e+03
52	74	60	1.911982e+04
52	74	61	-3.036113e+04
52	74	62	1.510180e+05
52	74	63	-1.082177e+05
52	74	64	1.271222e+04
52	74	65	3.679782e+05
52	74	66	2.662194e+05
52	74	67	1.653577e+05
52	74	68	2.656307e+04
52	74	69	1.004042e+03
52	74	70	5.237898e+04
52	74	71	9.361713e+04
52	74	72	1.588065e+03
52	75	59	-1.437519e+02
52	75	60	-1.817326e+04
52	75	61	1.986523e+04
52	75	62	-2.397660e+05
52	75	63	-1.593879e+05
52	75	64	3.847109e+04
52	75	65	5.470949e+05
52	75	66	3.583501e+05
52	75	67	4.015896e+04
52	75	68	2.622656e+04
52	75	69	2.513848e+04
52	76	58	3.243287e+03
52	76	59	-5.889787e+03
52	76	60	2.295808e+05
52	76	61	-4.365026e+05
52	76	62	2.390342e+06
52	76	63	-2.127992e+01
52	76	64	1.651125e+04
52	76	65	2.873305e+04
52	76	66	7.204912e+03
52	76	67	6.028149e+03
52	76	68	1.557878e+04
52	76	69	1.924430e+04
52	77	58	1.489910e+04
52	77	59	-2.351434e+04
52	77	60	6.024403e+04
52	77	61	-2.424660e+05
52	77	65	2.915087e+02
52	77	66	8.609920e+03
52	77	67	3.047978e+04
52	77	68	7.065505e+03
52	78	58	7.335209e+04
52	78	59	-8.997323e+04
52	78	60	8.142212e+05
52	78	65	5.153174e+02
52	78	66	9.993973e+03
52	78	67	3.846832e+03
52	79	60	5.713102e+01
52	79	61	1.742553e+03
52	79	62	2.065467e+03
52	79	65	1.826780e+00
52	79	66	1.530942e+01
52	79	67	3.446259e+00
52	79	76	4.425662e+02
52	79	77	4.611521e+03
52	79	78	1.224427e+03
52	80	60	6.007035e+03
52	80	61	2.420048e+05
52	80	62	3.356868e+05
52	80	65	1.539849e+01
52	80	66	1.290478e+02
52	80	67	2.904957e+01
52	80	72	1.272477e-02
52	80	73	2.086707e-01
52	80	74	7.356397e-02
52	80	76	8.827950e+04
52	80	77	9.198687e+05
52	80	78	2.442388e+05
52	81	60	4.077261e+03
52	81	61	1.724701e+05
52	81	62	2.443985e+05
52	81	65	5.288932e+01
52	81	66	4.432415e+02
52	81	67	9.977681e+01
52	81	72	2.628253e-01
52	81	73	4.310016e+00
52	81	74	1.519436e+00
52	81	76	6.618790e+04
52	81	77	6.896752e+05
52	81	78	1.831190e+05
52	82	72	5.994516e-01
52	82	73	9.830276e+00
52	82	74	3.465527e+00
53	61	71	9.205278e+00
53	61	72	1.023592e+03
53	61	73	6.945488e+02
53	62	71	3.429631e+03
53	62	72	3.813619e+05
53	62	73	2.587696e+05
53	63	64	6.565447e+01
53	63	65	6.038945e+02
53	63	66	1.462635e+02
53	63	71	4.207650e+03
53	63	72	4.678746e+05
53	63	73	3.174720e+05
53	64	64	1.013520e+04
53	64	65	9.322432e+04
53	64	66	2.257897e+04
53	65	57	6.460902e+01
53	65	58	7.926862e+02
53	65	59	2.254802e+03
53	65	64	1.388927e+04
53	65	65	1.309870e+05
53	65	66	5.470495e+04
53	65	67	4.790283e+03
53	66	53	2.706487e+02
53	66	54	3.369161e+03
53	66	55	9.518791e+03
53	66	57	4.446069e+03
53	66	58	5.454869e+04
53	66	59	1.551642e+05
53	66	61	4.236133e-04
53	66	62	4.981938e+02
53	66	63	4.963592e+02
53	66	65	6.311226e+04
53	66	66	4.639597e+05
53	66	67	9.352863e+04
53	67	53	7.799647e+02
53	67	54	9.709361e+03
53	67	55	2.743157e+04
53	67	57	2.708248e+03
53	67	58	3.322742e+04
53	67	59	9.451565e+04
53	67	61	4.441143e+00
53	67	62	7.457174e+03
53	67	63	6.690721e+03
53	67	64	-2.018138e+02
53	67	65	2.285043e+04
53	67	66	1.791854e+05
53	67	67	3.612160e+04
53	67	73	6.630459e+03
53	67	74	1.838078e+04
53	67	75	1.285136e+05
53	68	53	5.300069e+03
53	68	54	6.597770e+04
53	68	55	1.864049e+05
53	68	61	2.804049e+01
53	68	62	5.292815e+04
53	68	63	3.781000e+04
53	68	64	-3.385718e+04
53	68	65	-2.123148e+05
53	68	66	9.654645e+02
53	68	67	9.957143e+00
53	68	68	2.499604e+02
53	68	69	1.085178e+02
53	68	72	4.296183e+03
53	68	73	3.327148e+04
53	68	74	-1.358924e+04
53	68	75	-1.892915e+05
53	69	59	8.092909e+02
53	69	60	-7.658881e+02
53	69	61	9.692592e+03
53	69	62	1.848493e+05
53	69	63	1.828876e+05
53	69	64	3.767463e+05
53	69	65	1.135041e+06
53	69	66	8.184854e+05
53	69	67	9.408743e+03
53	69	68	9.138046e+04
53	69	69	4.649636e+04
53	69	70	6.405080e+02
53	69	72	3.397432e+04
53	69	73	3.874922e+05
53	69	74	3.380425e+05
53	69	75	1.345545e+06
53	70	59	2.101985e+04
53	70	60	1.145366e+04
53	70	61	2.285956e+05
53	70	62	1.519816e+04
53	70	63	8.586430e+04
53	70	64	2.841265e+05
53	70	65	1.180515e+06
53	70	66	9.460221e+05
53	70	67	3.038949e+04
53	70	68	3.756736e+05
53	70	69	4.718854e+04
53	70	70	3.268904e+03
53	70	72	1.344990e+04
53	70	73	7.545685e+04
53	70	74	1.459111e+05
53	71	55	8.233269e-03
53	71	56	2.962345e+03
53	71	57	2.942648e+03
53	71	59	9.610938e+04
53	71	60	6.283607e+05
53	71	61	7.010109e+05
53	71	62	4.012207e+04
53	71	63	4.521516e+05
53	71	64	3.377466e+05
53	71	65	8.582846e+04
53	71	66	2.893072e+05
53	71	67	4.815484e+05
53	71	68	7.215390e+05
53	71	69	7.793082e+05
53	71	70	1.537938e+04
53	72	55	2.598325e-01
53	72	56	9.348818e+04
53	72	57	9.286657e+04
53	72	59	4.165876e+04
53	72	60	5.421530e+05
53	72	61	7.990054e+05
53	72	62	6.802816e+04
53	72	63	1.497926e+05
53	72	64	3.730304e+05
53	72	65	5.521356e+05
53	72	66	2.986254e+05
53	72	67	1.007015e+06
53	72	68	3.436561e+05
53	72	69	6.474357e+04
53	72	70	2.084645e+04
53	72	71	8.262290e+04
53	72	72	1.566593e+04
53	73	55	1.238624e-01
53	73	56	4.515321e+04
53	73	57	5.471202e+04
53	73	58	3.844597e+03
53	73	59	9.355928e+03
53	73	60	1.383683e+05
53	73	61	3.704025e+05
53	73	62	8.705116e+05
53	73	63	4.850645e+05
53	73	64	1.195247e+06
53	73	65	1.046063e+06
53	73	66	4.531611e+05
53	73	67	2.246661e+05
53	73	68	2.477601e+05
53	73	69	2.209947e+04
53	73	70	4.754520e+04
53	73	71	6.601814e+05
53	73	72	1.463766e+05
53	74	56	5.478772e+03
53	74	57	9.741583e+04
53	74	58	3.586569e+04
53	74	59	7.364864e+01
53	74	60	8.194361e+03
53	74	61	3.475134e+04
53	74	62	7.326660e+05
53	74	63	1.064620e+06
53	74	64	1.995803e+06
53	74	65	1.771203e+06
53	74	66	7.002087e+05
53	74	67	1.243698e+06
53	74	68	-3.361805e+04
53	74	69	9.016358e+02
53	74	70	-6.722375e+04
53	74	71	3.210433e+04
53	74	72	3.590123e+04
53	75	56	1.341299e+03
53	75	57	2.384910e+04
53	75	58	8.780549e+03
53	75	59	6.697373e+02
53	75	60	1.579761e+04
53	75	61	1.199772e+05
53	75	62	7.749639e+05
53	75	63	1.037560e+06
53	75	64	5.043893e+05
53	75	65	3.552761e+05
53	75	66	2.480254e+05
53	75	67	-3.801622e+04
53	75	68	3.363278e+05
53	75	69	4.657700e+05
53	76	58	3.433780e+03
53	76	59	4.694213e+03
53	76	60	2.285115e+05
53	76	61	7.982519e+05
53	76	62	7.775164e+05
53	76	63	9.513943e+03
53	76	64	1.571044e+05
53	76	65	9.913399e+04
53	76	66	3.209787e+04
53	76	67	6.964761e+04
53	76	68	3.063447e+05
53	76	69	3.643483e+05
53	77	58	1.577419e+04
53	77	59	5.060779e+03
53	77	60	6.649353e+05
53	77	61	1.129645e+06
53	77	63	2.960973e+02
53	77	64	5.591604e+02
53	77	65	1.790550e+04
53	77	66	1.991987e+05
53	77	67	3.508369e+05
53	77	68	7.141452e+04
53	78	58	7.766038e+04
53	78	59	-9.525775e+04
53	78	60	8.620440e+05
53	78	61	2.174471e-03
53	78	62	1.939705e+00
53	78	63	1.500709e+03
53	78	64	-1.539509e+03
53	78	65	3.270361e+04
53	78	66	2.974061e+05
53	78	67	1.144761e+05
53	79	60	5.912104e+02
53	79	61	1.002295e+04
53	79	62	5.333969e+03
53	79	63	7.057126e+03
53	79	64	-7.123627e+03
53	79	65	8.286395e+04
53	79	66	2.092003e+04
53	79	67	4.709248e+03
53	80	60	4.623506e+04
53	80	61	8.872583e+05
53	80	62	6.172851e+05
53	80	63	7.092931e+01
53	80	65	2.104174e+04
53	80	66	1.763413e+05
53	80	67	3.969569e+04
53	80	72	6.482477e+02
53	80	73	1.063047e+04
53	80	74	3.747626e+03
53	81	60	2.915746e+04
53	81	61	5.789581e+05
53	81	62	4.283986e+05
53	81	65	7.227225e+04
53	81	66	6.056811e+05
53	81	67	1.363431e+05
53	81	72	1.338931e+04
53	81	73	2.195684e+05
53	81	74	7.740579e+04
53	82	64	1.519376e+01
53	82	65	1.012590e+03
53	82	66	1.626140e+03
53	82	67	6.458402e-02
53	82	68	2.269878e-02
53	82	72	3.053832e+04
53	82	73	5.007913e+05
53	82	74	1.765470e+05
53	83	64	1.950284e+02
53	83	65	1.299769e+04
53	83	66	2.096812e+04
53	83	67	1.547574e+03
53	83	68	5.439121e+02
53	84	64	5.953301e+01
53	84	65	3.967585e+03
53	84	66	6.468992e+03
53	84	67	1.588018e+03
53	84	68	5.581267e+02
54	61	71	3.430345e+00
54	61	72	3.814414e+02
54	61	73	2.588235e+02
54	62	71	1.278051e+03
54	62	72	1.421145e+05
54	62	73	9.643045e+04
54	63	71	1.567980e+03
54	63	72	1.743534e+05
54	63	73	1.183059e+05
54	65	57	3.029566e+02
54	65	58	3.716966e+03
54	65	59	1.057765e+04
54	65	60	4.261715e+03
54	65	61	3.726862e+03
54	65	65	4.176229e+03
54	65	66	3.070088e+04
54	65	67	6.188924e+03
54	65	68	1.801238e+02
54	65	69	-3.424942e+02
54	65	70	1.673540e+03
54	66	57	2.084795e+04
54	66	58	2.557829e+05
54	66	59	7.276332e+05
54	66	60	5.123712e+04
54	66	61	4.480679e+04
54	66	62	2.216054e+04
54	66	63	2.207893e+04
54	66	65	8.153944e+04
54	66	66	5.994332e+05
54	66	67	1.213359e+05
54	66	68	5.118242e+02
54	66	69	-4.278856e+02
54	66	70	2.090791e+03
54	67	57	1.269918e+04
54	67	58	1.558892e+05
54	67	59	4.435638e+05
54	67	60	1.683467e+04
54	67	61	1.313017e+04
54	67	62	3.617731e+04
54	67	63	3.422377e+04
54	67	64	1.093705e+03
54	67	65	3.975088e+04
54	67	66	2.315162e+05
54	67	67	4.740059e+04
54	67	68	3.391809e+03
54	67	69	-5.649399e+03
54	67	70	2.760484e+04
54	67	73	1.228231e+03
54	67	74	3.404871e+03
54	67	75	2.380597e+04
54	68	58	-7.855369e+01
54	68	59	-3.360429e+02
54	68	60	-1.733593e+03
54	68	61	9.643573e+01
54	68	62	4.887455e+05
54	68	63	5.319872e+05
54	68	64	2.313400e+05
54	68	65	1.205062e+06
54	68	66	7.546303e+02
54	68	67	2.932467e+04
54	68	68	3.847491e+04
54	68	69	1.459672e+04
54	68	72	1.149618e+04
54	68	73	1.089265e+05
54	68	74	3.881560e+04
54	68	75	-3.506451e+04
54	69	58	9.819448e+02
54	69	59	4.200638e+03
54	69	60	2.167067e+04
54	69	61	7.004666e+02
54	69	62	6.319442e+05
54	69	63	6.909064e+05
54	69	64	5.207970e+05
54	69	65	1.322279e+06
54	69	66	5.480344e+05
54	69	67	1.995716e+05
54	69	68	2.701120e+05
54	69	69	6.883511e+04
54	69	70	5.894142e+03
54	69	72	1.019972e+05
54	69	73	8.515530e+05
54	69	74	6.760422e+05
54	69	75	2.492499e+05
54	70	59	1.265322e+03
54	70	60	1.522988e+04
54	70	61	1.366668e+04
54	70	62	1.782001e+04
54	70	63	-3.341351e+04
54	70	64	1.025220e+06
54	70	65	2.018384e+06
54	70	66	1.428062e+06
54	70	67	3.238786e+05
54	70	68	1.747605e+06
54	70	69	5.263135e+05
54	70	70	3.008141e+04
54	70	72	6.549490e+04
54	70	73	2.481791e+05
54	70	74	9.191423e+05
54	71	55	4.936459e-02
54	71	56	1.776147e+04
54	71	57	1.764337e+04
54	71	59	2.882048e+04
54	71	60	3.470684e+05
54	71	61	1.953689e+05
54	71	62	1.484639e+04
54	71	63	2.191094e+06
54	71	64	1.485785e+06
54	71	65	2.195553e+06
54	71	66	7.366566e+05
54	71	67	8.646085e+05
54	71	68	2.385540e+05
54	71	69	2.460091e+06
54	71	70	1.443698e+05
54	71	72	7.846411e+02
54	71	73	-1.139123e+03
54	71	74	8.258607e+03
54	72	55	1.557889e+00
54	72	56	5.605314e+05
54	72	57	5.568044e+05
54	72	58	1.977748e+03
54	72	59	3.362005e+04
54	72	60	2.079489e+05
54	72	61	2.713618e+05
54	72	62	5.544070e+05
54	72	63	1.886415e+06
54	72	64	1.973687e+06
54	72	65	2.803008e+06
54	72	66	2.022554e+06
54	72	67	1.480908e+06
54	72	68	6.739192e+05
54	72	69	1.669426e+06
54	72	70	1.668456e+05
54	72	71	3.809959e+04
54	72	72	6.556773e+03
54	72	73	1.247530e+02
54	72	74	-9.044551e+02
54	73	55	7.426476e-01
54	73	56	2.664931e+05
54	73	57	2.527549e+05
54	73	58	-7.458694e+03
54	73	59	-2.089990e+04
54	73	60	2.056247e+05
54	73	61	2.197597e+05
54	73	62	6.304156e+05
54	73	63	1.410881e+06
54	73	64	3.540715e+06
54	73	65	7.748791e+06
54	73	66	5.743920e+06
54	73	67	2.651589e+06
54	73	68	2.062005e+05
54	73	69	4.205517e+05
54	73	70	4.780138e+05
54	73	71	1.201699e+06
54	73	72	2.824508e+05
54	73	73	-1.559580e+04
54	73	74	1.130690e+05
54	74	56	-6.649803e+03
54	74	57	-1.182375e+05
54	74	58	-2.251026e+04
54	74	59	1.880194e+05
54	74	60	2.589517e+05
54	74	61	1.584509e+05
54	74	62	3.636048e+05
54	74	63	1.191223e+06
54	74	64	5.859037e+06
54	74	65	3.896563e+06
54	74	66	3.449337e+06
54	74	67	3.620814e+06
54	74	68	4.934549e+05
54	74	69	1.917697e+04
54	74	70	4.941603e+05
54	74	71	1.196088e+06
54	74	72	2.500084e+05
54	75	56	-1.627988e+03
54	75	57	-2.894660e+04
54	75	58	-1.065730e+04
54	75	59	6.264527e+01
54	75	60	4.847748e+03
54	75	61	6.846346e+04
54	75	62	9.656382e+05
54	75	63	1.333216e+06
54	75	64	3.337264e+06
54	75	65	9.489617e+05
54	75	66	1.259681e+06
54	75	67	9.940748e+05
54	75	68	9.680789e+05
54	75	69	1.862519e+05
54	76	59	7.312177e+01
54	76	60	9.141135e+03
54	76	61	2.367299e+05
54	76	62	1.122773e+06
54	76	63	5.261256e+05
54	76	64	9.340242e+05
54	76	65	1.070206e+06
54	76	66	2.372829e+05
54	76	67	6.862427e+05
54	76	68	1.271409e+06
54	76	69	2.917533e+05
54	77	60	4.625137e+03
54	77	61	4.768421e+04
54	77	62	1.636513e+04
54	77	63	2.365594e+04
54	77	64	1.433263e+05
54	77	65	6.655747e+05
54	77	66	5.326274e+05
54	77	67	1.032157e+06
54	77	68	2.270466e+05
54	77	69	7.027110e+02
54	78	60	5.050232e+03
54	78	61	5.106286e+04
54	78	62	1.844708e+04
54	78	63	8.578793e+03
54	78	64	-1.543386e+03
54	78	65	9.531734e+04
54	78	66	6.796879e+05
54	78	67	2.475404e+05
54	78	68	2.201413e+04
54	78	69	4.014999e+03
54	79	57	1.131801e+01
54	79	58	1.221423e+01
54	79	59	1.828763e+02
54	79	60	1.871378e+02
54	79	61	3.146349e+03
54	79	62	2.892942e+05
54	79	63	3.416076e+05
54	79	64	-1.265550e+04
54	79	65	1.450161e+05
54	79	66	1.876100e+04
54	79	67	4.223236e+03
54	80	51	7.337555e-01
54	80	52	1.529576e+02
54	80	53	2.007738e+02
54	80	57	5.527492e+02
54	80	58	5.965186e+02
54	80	59	8.931311e+03
54	80	60	1.394004e+04
54	80	61	2.104813e+05
54	80	62	2.366378e+05
54	80	63	1.894521e+05
54	80	65	1.887016e+04
54	80	66	1.581423e+05
54	80	67	3.559895e+04
54	80	72	6.368481e+02
54	80	73	1.044353e+04
54	80	74	3.681723e+03
54	81	51	1.770033e+02
54	81	52	3.689785e+04
54	81	53	4.843253e+04
54	81	57	9.579278e+02
54	81	58	1.033781e+03
54	81	59	1.547818e+04
54	81	60	8.660591e+03
54	81	61	1.306511e+05
54	81	62	4.395067e+04
54	81	65	6.481348e+04
54	81	66	5.431725e+05
54	81	67	1.222720e+05
54	81	72	1.315386e+04
54	81	73	2.157073e+05
54	81	74	7.604460e+04
54	82	51	1.362716e+02
54	82	52	2.840697e+04
54	82	53	3.728730e+04
54	82	64	4.415448e+02
54	82	65	2.942681e+04
54	82	66	4.725806e+04
54	82	67	1.676632e+01
54	82	68	5.892712e+00
54	82	72	3.000130e+04
54	82	73	4.919848e+05
54	82	74	1.734424e+05
54	83	64	5.667708e+03
54	83	65	3.777251e+05
54	83	66	6.312312e+05
54	83	67	4.017576e+05
54	83	68	1.412022e+05
54	84	64	1.730085e+03
54	84	65	1.153017e+05
54	84	66	2.104447e+05
54	84	67	4.122571e+05
54	84	68	1.448924e+05
55	62	66	1.231242e+01
55	62	67	1.175632e+02
55	62	68	2.928984e+01
55	63	66	-2.574703e+00
55	63	67	-2.458414e+01
55	63	68	-6.124925e+00
55	64	66	1.658884e+02
55	64	67	1.583959e+03
55	64	68	3.946297e+02
55	65	59	3.905923e+00
55	65	60	1.024981e+03
55	65	61	1.064949e+03
55	65	68	3.986403e+03
55	65	69	-7.579897e+03
55	65	70	3.703789e+04
55	66	59	3.223438e+02
55	66	60	3.566870e+04
55	66	61	4.839706e+04
55	66	62	3.937951e+04
55	66	63	3.923450e+04
55	66	64	9.592125e-01
55	66	65	1.328541e+04
55	66	66	1.356902e+04
55	66	67	4.031364e+04
55	66	68	2.813653e+04
55	66	69	-9.469734e+03
55	66	70	4.627226e+04
55	67	57	1.628572e+02
55	67	58	1.309608e+04
55	67	59	2.263242e+04
55	67	60	1.090609e+05
55	67	61	2.926147e+04
55	67	62	2.041076e+04
55	67	63	2.033560e+04
55	67	64	6.154866e+00
55	67	65	8.524691e+04
55	67	66	8.346091e+04
55	67	67	5.913536e+04
55	67	68	9.972268e+04
55	67	69	-1.250295e+05
55	67	70	6.109586e+05
55	67	71	5.186686e+02
55	67	72	2.139966e+02
55	68	57	-1.221626e+02
55	68	58	-1.060063e+04
55	68	59	-2.013541e+04
55	68	60	-8.368857e+04
55	68	61	5.029738e-01
55	68	62	5.915264e+05
55	68	63	5.922337e+05
55	68	64	6.217464e+04
55	68	65	5.356869e+04
55	68	66	3.006176e+04
55	68	67	8.336329e+05
55	68	68	4.156342e+05
55	68	69	1.040057e+04
55	68	70	5.852827e+02
55	68	71	1.311446e+04
55	68	72	5.572498e+03
55	68	73	2.887237e+02
55	68	74	2.834521e+03
55	69	57	1.994955e+03
55	69	58	1.586549e+05
55	69	59	2.759344e+05
55	69	60	1.059074e+06
55	69	61	1.223403e+04
55	69	62	5.566755e+04
55	69	63	1.076547e+05
55	69	64	8.184986e+05
55	69	65	7.394169e+05
55	69	66	4.949488e+05
55	69	67	1.938918e+06
55	69	68	7.507362e+04
55	69	69	6.816357e+04
55	69	70	2.157964e+04
55	69	71	5.711292e+03
55	69	72	6.964196e+03
55	69	73	8.231174e+03
55	69	74	8.080885e+04
55	70	58	6.064108e+01
55	70	59	8.148330e+03
55	70	60	1.180568e+04
55	70	61	3.103273e+05
55	70	62	7.211230e+05
55	70	63	1.340683e+06
55	70	64	1.756581e+06
55	70	65	1.346103e+06
55	70	66	8.094776e+05
55	70	67	9.379449e+05
55	70	68	7.445484e+05
55	70	69	4.629515e+05
55	70	70	1.268706e+05
55	70	72	9.368186e+03
55	70	73	1.673498e+04
55	70	74	1.642942e+05
55	71	59	5.390006e+02
55	71	60	5.815458e+03
55	71	61	5.223974e+05
55	71	62	1.632314e+06
55	71	63	3.604019e+06
55	71	64	3.470608e+06
55	71	65	6.449470e+06
55	71	66	3.612799e+06
55	71	67	3.223022e+06
55	71	68	3.115425e+05
55	71	69	1.387571e+06
55	71	70	4.640048e+05
55	71	72	1.008136e+04
55	71	73	-1.463587e+04
55	71	74	1.061096e+05
55	72	58	-3.704116e+03
55	72	59	-2.098260e+04
55	72	60	-1.432886e+04
55	72	61	4.342996e+05
55	72	62	1.042579e+06
55	72	63	3.506830e+06
55	72	64	9.524913e+06
55	72	65	1.248432e+07
55	72	66	8.909209e+06
55	72	67	4.851883e+06
55	72	68	3.357455e+06
55	72	69	8.421908e+05
55	72	70	1.456454e+03
55	72	71	1.990796e+02
55	72	72	-9.560165e+02
55	72	73	1.602872e+03
55	72	74	-1.162077e+04
55	73	56	6.537925e+03
55	73	57	1.162482e+05
55	73	58	4.802901e+04
55	73	59	5.849638e+04
55	73	60	4.704281e+05
55	73	61	5.751237e+05
55	73	62	2.154622e+06
55	73	63	3.787292e+06
55	73	64	1.317079e+07
55	73	65	2.145795e+07
55	73	66	1.024161e+07
55	73	67	8.532867e+06
55	73	68	3.288354e+06
55	73	69	3.007268e+05
55	73	70	1.632135e+04
55	73	71	2.699331e+05
55	73	72	3.387798e+05
55	73	73	-2.003805e+05
55	73	74	1.452752e+06
55	74	56	6.099134e+04
55	74	57	1.084462e+06
55	74	58	3.598969e+05
55	74	59	-3.440547e+05
55	74	60	3.581204e+05
55	74	61	3.592878e+05
55	74	62	4.820510e+05
55	74	63	1.831214e+06
55	74	64	1.091543e+07
55	74	65	1.504803e+07
55	74	66	1.178140e+07
55	74	67	7.745911e+06
55	74	68	1.681618e+06
55	74	69	7.089139e+04
55	74	70	1.599909e+03
55	74	71	3.006816e+05
55	74	72	2.236238e+05
55	75	56	1.493175e+04
55	75	57	2.654954e+05
55	75	58	9.774772e+04
55	75	59	1.877851e+03
55	75	60	1.195166e+05
55	75	61	3.560877e+05
55	75	62	1.559962e+06
55	75	63	1.950944e+06
55	75	64	5.658551e+06
55	75	65	3.064379e+06
55	75	66	2.976471e+06
55	75	67	2.789622e+06
55	75	68	9.641961e+05
55	75	69	-2.358782e+03
55	75	70	5.379624e+03
55	75	77	6.441073e+02
55	75	78	4.046113e+03
55	75	79	7.055294e+02
55	76	59	2.191894e+03
55	76	60	1.394958e+05
55	76	61	3.179018e+05
55	76	62	3.889771e+05
55	76	63	8.293950e+04
55	76	64	4.402378e+05
55	76	65	5.732903e+05
55	76	66	5.719235e+05
55	76	67	5.119901e+05
55	76	68	1.111623e+06
55	76	69	3.076024e+05
55	76	70	6.278404e+03
55	76	77	7.991973e+02
55	76	78	5.020348e+03
55	76	79	8.754088e+02
55	77	60	1.058714e+03
55	77	61	6.241666e+03
55	77	62	1.423078e+03
55	77	63	-2.230381e+04
55	77	64	-6.937209e+04
55	77	65	3.332094e+05
55	77	66	3.370876e+04
55	77	67	1.409932e+05
55	77	68	1.690585e+05
55	77	69	2.614153e+04
55	77	77	1.061363e+04
55	77	78	6.667205e+04
55	77	79	1.162575e+04
55	78	60	7.724054e+02
55	78	61	7.815170e+03
55	78	62	7.624722e+03
55	78	63	3.264197e+04
55	78	64	-8.821970e+03
55	78	65	8.178378e+05
55	78	66	1.210645e+06
55	78	67	2.875373e+05
55	78	68	8.189468e+05
55	78	69	1.493618e+05
55	79	57	2.574826e+02
55	79	58	2.778714e+02
55	79	59	4.160399e+03
55	79	61	3.491225e+02
55	79	62	3.114609e+05
55	79	63	4.860159e+05
55	79	64	-1.135653e+05
55	79	65	1.407936e+06
55	80	51	-3.265696e-01
55	80	52	-6.807620e+01
55	80	53	-8.935759e+01
55	80	57	1.257494e+04
55	80	58	1.357068e+04
55	80	59	2.031856e+05
55	80	61	2.008629e+02
55	80	62	1.791158e+05
55	80	63	1.872841e+05
55	80	64	-2.189713e+04
55	81	51	-7.877816e+01
55	81	52	-1.642198e+04
55	81	53	-2.155567e+04
55	81	57	2.179267e+04
55	81	58	2.351832e+04
55	81	59	3.521256e+05
55	81	62	2.862048e+02
55	81	63	8.135646e+04
55	81	64	1.027631e+05
55	82	51	-6.064984e+01
55	82	52	-1.264297e+04
55	82	53	-1.659531e+04
55	82	64	2.037784e+02
55	82	65	1.358084e+04
55	82	66	2.181051e+04
55	82	67	1.303205e+01
55	82	68	4.580261e+00
55	83	64	2.615718e+03
55	83	65	1.743248e+05
55	83	66	2.991002e+05
55	83	67	3.122764e+05
55	83	68	1.097530e+05
55	84	64	7.984559e+02
55	84	65	5.321319e+04
55	84	66	1.051052e+05
55	84	67	3.204374e+05
55	84	68	1.126213e+05
56	62	66	6.052701e+03
56	62	67	5.779325e+04
56	62	68	1.439868e+04
56	63	66	-1.265706e+03
56	63	67	-1.208540e+04
56	63	68	-3.010971e+03
56	64	66	8.154963e+04
56	64	67	7.786637e+05
56	64	68	1.939973e+05
56	65	59	7.072153e+01
56	65	60	6.127166e+04
56	65	61	5.376188e+04
56	65	66	5.634057e+01
56	65	67	7.601549e+02
56	65	68	9.098536e+03
56	65	69	-1.684523e+04
56	65	70	8.231136e+04
56	66	59	1.144134e+03
56	66	60	7.615611e+05
56	66	61	6.843437e+05
56	66	64	-1.630700e+00
56	66	65	-2.258561e+04
56	66	66	-1.626879e+04
56	66	67	9.362766e+04
56	66	68	4.715172e+04
56	66	69	-2.104512e+04
56	66	70	1.028334e+05
56	67	57	-1.783199e+02
56	67	58	-7.719796e+03
56	67	59	4.227717e+03
56	67	60	2.825582e+05
56	67	61	2.172570e+05
56	67	62	3.455884e+03
56	67	64	-1.046352e+01
56	67	65	-1.449220e+05
56	67	66	-1.355615e+05
56	67	67	8.223366e+04
56	67	68	1.815310e+05
56	67	69	-2.778599e+05
56	67	70	1.358789e+06
56	67	71	2.406019e+04
56	67	72	9.926954e+03
56	68	57	1.337614e+02
56	68	58	5.363864e+03
56	68	59	-4.420884e+03
56	68	60	-4.500766e+04
56	68	61	5.114070e+03
56	68	62	2.241687e+04
56	68	63	2.357965e+04
56	68	64	1.462253e+05
56	68	65	2.520768e+04
56	68	66	-1.328452e+04
56	68	67	4.787664e+05
56	68	68	2.869159e+05
56	68	69	3.031959e+04
56	68	70	2.715031e+04
56	68	71	6.083583e+05
56	68	72	2.510015e+05
56	69	57	-2.184369e+03
56	69	58	-9.336800e+04
56	69	59	3.388454e+05
56	69	60	9.967979e+05
56	69	61	3.711902e+04
56	69	62	2.005658e+05
56	69	63	1.537689e+05
56	69	64	4.268432e+04
56	69	65	8.585122e+04
56	69	66	8.284943e+04
56	69	67	7.157918e+05
56	69	68	1.922541e+04
56	69	69	-1.400364e+04
56	69	70	1.280067e+04
56	69	71	2.649375e+05
56	69	72	1.093101e+05
56	70	58	2.261267e+03
56	70	59	2.687344e+05
56	70	60	3.725520e+05
56	70	61	6.294321e+05
56	70	62	1.648426e+06
56	70	63	1.034254e+06
56	70	64	2.455632e+06
56	70	65	2.173388e+06
56	70	66	8.420042e+05
56	70	67	6.838829e+05
56	70	68	7.833358e+05
56	70	69	4.205215e+05
56	70	70	1.380628e+04
56	71	58	1.962346e+03
56	71	59	3.350711e+04
56	71	60	8.069816e+04
56	71	61	7.458562e+05
56	71	62	1.168571e+06
56	71	63	2.974564e+06
56	71	64	5.593091e+06
56	71	65	8.411522e+06
56	71	66	6.309697e+06
56	71	67	2.113516e+06
56	71	68	2.139344e+05
56	71	69	7.593374e+04
56	71	70	2.311434e+04
56	71	72	3.079217e+03
56	71	73	-4.470334e+03
56	71	74	3.240977e+04
56	72	58	1.890626e+04
56	72	59	3.075558e+05
56	72	60	-1.035629e+05
56	72	61	2.497190e+06
56	72	62	2.388671e+06
56	72	63	6.191612e+06
56	72	64	2.008917e+07
56	72	65	2.435335e+07
56	72	66	1.914429e+07
56	72	67	6.732977e+06
56	72	68	3.146698e+06
56	72	69	2.829696e+05
56	72	70	3.164172e+04
56	72	72	-3.372256e+02
56	72	73	4.895760e+02
56	72	74	-3.549410e+03
56	73	58	-2.617471e+04
56	73	59	-9.786139e+04
56	73	60	9.188775e+05
56	73	61	1.841127e+06
56	73	62	2.395919e+06
56	73	63	4.816328e+06
56	73	64	2.234129e+07
56	73	65	3.736947e+07
56	73	66	3.078716e+07
56	73	67	1.366952e+07
56	73	68	6.485307e+06
56	73	69	2.097111e+06
56	73	70	3.237745e+05
56	73	72	4.215772e+04
56	73	73	-6.120357e+04
56	73	74	4.437239e+05
56	74	58	1.970480e+05
56	74	59	1.743106e+06
56	74	60	4.099921e+05
56	74	61	1.559060e+05
56	74	62	1.313076e+06
56	74	63	5.258411e+06
56	74	64	1.842233e+07
56	74	65	2.713744e+07
56	74	66	2.059306e+07
56	74	67	7.125018e+06
56	74	68	1.399014e+06
56	74	69	4.719713e+05
56	74	70	2.220645e+02
56	75	59	3.755322e+03
56	75	60	2.504064e+05
56	75	61	9.499661e+05
56	75	62	7.715693e+05
56	75	63	3.521520e+06
56	75	64	7.841846e+06
56	75	65	4.064432e+06
56	75	66	2.785644e+06
56	75	67	1.828005e+06
56	75	68	1.551090e+06
56	75	69	7.750829e+05
56	75	70	1.450033e+05
56	75	71	6.862528e+03
56	75	77	1.141055e+03
56	75	78	7.167811e+03
56	75	79	1.249866e+03
56	76	59	4.383344e+03
56	76	60	3.065466e+05
56	76	61	1.070774e+06
56	76	62	8.468382e+05
56	76	63	1.467448e+06
56	76	64	9.224800e+05
56	76	65	2.011957e+06
56	76	66	-3.288916e+04
56	76	67	3.098429e+05
56	76	68	1.354570e+06
56	76	69	7.836414e+05
56	76	70	1.628364e+05
56	76	71	5.766921e+04
56	76	77	1.415802e+03
56	76	78	8.893697e+03
56	76	79	1.550813e+03
56	77	60	9.655683e+04
56	77	61	7.253009e+05
56	77	62	7.418882e+05
56	77	63	2.562350e+05
56	77	64	5.519025e+05
56	77	65	1.293313e+06
56	77	66	4.238625e+05
56	77	67	7.912741e+05
56	77	68	6.777349e+05
56	77	69	1.445298e+04
56	77	70	-1.674844e+03
56	77	71	1.301046e+04
56	77	77	1.880236e+04
56	77	78	1.181115e+05
56	77	79	2.059536e+04
56	78	60	7.199388e+04
56	78	61	7.278468e+05
56	78	62	1.891161e+05
56	78	63	4.525364e+01
56	78	64	7.602469e+03
56	78	65	1.751475e+05
56	78	66	8.437273e+05
56	78	67	5.498463e+05
56	78	68	4.147302e+05
56	78	69	7.563967e+04
56	79	57	5.664384e+02
56	79	58	6.112918e+02
56	79	59	9.152502e+03
56	79	62	-2.444906e+01
56	79	63	-6.957821e+03
56	79	64	-9.003265e+03
56	79	65	3.255068e+03
56	79	66	1.619607e+04
56	79	67	4.172486e+03
56	80	51	9.501105e+00
56	80	52	1.980586e+03
56	80	53	2.599739e+03
56	80	57	2.766372e+04
56	80	58	2.985427e+04
56	80	59	4.469899e+05
56	80	62	4.766747e+01
56	80	63	1.416299e+04
56	80	64	3.681978e+04
56	80	65	9.459112e+03
56	81	51	2.291945e+03
56	81	52	4.777754e+05
56	81	53	6.271333e+05
56	81	57	4.794190e+04
56	81	58	5.173818e+04
56	81	59	7.746444e+05
56	81	62	-2.237032e+02
56	81	63	-6.358979e+04
56	81	64	-8.032166e+04
56	82	51	1.764526e+03
56	82	52	3.678304e+05
56	82	53	4.828183e+05
57	57	77	4.858226e+02
57	57	78	4.908186e+03
57	57	79	1.274653e+03
57	58	77	3.907597e+03
57	58	78	3.947780e+04
57	58	79	1.025236e+04
57	59	77	8.505291e+02
57	59	78	8.592755e+03
57	59	79	2.231533e+03
57	62	66	5.043602e+03
57	62	67	4.815803e+04
57	62	68	1.199815e+04
57	63	66	-1.054689e+03
57	63	67	-1.007053e+04
57	63	68	-2.508986e+03
57	64	66	6.795378e+04
57	64	67	6.488458e+05
57	64	68	1.616543e+05
57	65	59	4.935663e+01
57	65	60	4.184210e+03
57	65	61	6.379362e+03
57	65	66	5.433024e+02
57	65	67	7.330312e+03
57	65	68	2.307913e+03
57	66	59	5.036447e+03
57	66	60	4.269650e+05
57	66	61	6.509626e+05
57	66	64	9.458400e+00
57	66	65	1.310285e+05
57	66	66	1.878000e+05
57	66	67	6.710580e+05
57	66	68	2.065354e+05
57	66	74	1.280280e-01
57	66	75	3.993401e+01
57	66	76	4.991808e+01
57	67	57	1.860807e+03
57	67	58	1.037020e+05
57	67	59	6.304481e+04
57	67	60	2.846932e+05
57	67	61	4.339337e+05
57	67	62	-6.420147e+02
57	67	64	6.069061e+01
57	67	65	8.408455e+05
57	67	66	9.673937e+05
57	67	67	5.733408e+05
57	67	68	1.339864e+05
57	67	69	2.373705e+01
57	67	70	5.851156e+02
57	67	71	1.311071e+04
57	67	72	5.409327e+03
57	67	74	2.913132e+01
57	67	75	9.086535e+03
57	67	76	1.135830e+04
57	68	53	4.176976e-01
57	68	54	-5.528034e-01
57	68	55	4.534445e+00
57	68	57	-1.395830e+03
57	68	58	-7.778814e+04
57	68	59	-4.465638e+04
57	68	60	8.128541e+00
57	68	61	-9.355592e+02
57	68	62	7.068103e+03
57	68	63	9.363462e+04
57	68	64	1.479183e+05
57	68	65	2.428749e+05
57	68	66	5.366398e+05
57	68	67	4.957058e+05
57	68	68	5.894611e+04
57	68	69	4.364773e+04
57	68	70	1.479456e+04
57	68	71	3.315023e+05
57	68	72	1.367740e+05
57	68	74	2.225187e+01
57	68	75	6.940721e+03
57	68	76	8.676000e+03
57	69	53	7.917713e+00
57	69	54	-1.047873e+01
57	69	55	8.595317e+01
57	69	57	2.279436e+04
57	69	58	1.271386e+06
57	69	59	8.743429e+05
57	69	60	1.999873e+05
57	69	61	-5.081138e+02
57	69	62	1.576055e+05
57	69	63	8.729609e+05
57	69	64	6.779032e+05
57	69	65	3.200515e+05
57	69	66	1.505250e+05
57	69	67	-5.976850e+04
57	69	68	-6.966599e+04
57	69	69	4.494372e+04
57	69	70	3.632566e+04
57	69	71	1.443679e+05
57	69	72	5.956451e+04
57	70	53	1.867039e+01
57	70	54	-2.470939e+01
57	70	55	2.026821e+02
57	70	56	8.283333e+01
57	70	57	1.437925e+02
57	70	58	5.329395e+03
57	70	59	1.664406e+05
57	70	60	1.910043e+05
57	70	61	2.262199e+05
57	70	62	6.749859e+05
57	70	63	1.576940e+06
57	70	64	3.310270e+06
57	70	65	3.707273e+06
57	70	66	2.001969e+06
57	70	67	6.987375e+05
57	70	68	6.165215e+05
57	70	69	1.390536e+06
57	70	70	4.223589e+05
57	71	56	2.720494e+03
57	71	57	4.722575e+03
57	71	58	6.731876e+04
57	71	59	2.648041e+05
57	71	60	1.170400e+05
57	71	61	8.118068e+05
57	71	62	1.078176e+06
57	71	63	1.376499e+06
57	71	64	7.233663e+06
57	71	65	5.767155e+06
57	71	66	8.979949e+06
57	71	67	2.322889e+06
57	71	68	2.531010e+05
57	71	69	3.393041e+05
57	71	70	1.443475e+05
57	72	56	5.283988e+03
57	72	57	9.172608e+03
57	72	58	9.638647e+04
57	72	59	1.132701e+05
57	72	60	7.266054e+04
57	72	61	1.689442e+06
57	72	62	8.216507e+05
57	72	63	7.110393e+06
57	72	64	1.313422e+07
57	72	65	1.965111e+07
57	72	66	1.342315e+07
57	72	67	4.359640e+06
57	72	68	2.286124e+06
57	72	69	1.050351e+05
57	72	70	1.287274e+04
57	73	58	4.988686e+02
57	73	59	6.826773e+04
57	73	60	5.267340e+05
57	73	61	1.623292e+06
57	73	62	1.647079e+06
57	73	63	3.847995e+06
57	73	64	2.087324e+07
57	73	65	3.117567e+07
57	73	66	2.434965e+07
57	73	67	7.998569e+06
57	73	68	5.994654e+06
57	73	69	1.873312e+06
57	73	70	1.317206e+05
57	73	74	9.575353e+01
57	73	75	6.195723e+03
57	73	76	3.714443e+03
57	74	60	1.192832e+00
57	74	61	7.724558e+04
57	74	62	1.518530e+06
57	74	63	2.841024e+06
57	74	64	1.857166e+07
57	74	65	1.979451e+07
57	74	66	2.074215e+07
57	74	67	5.438368e+06
57	74	68	2.986790e+06
57	74	69	1.103751e+06
57	74	70	9.962622e+01
57	74	74	-1.377203e+02
57	74	75	-8.911180e+03
57	74	76	-5.342406e+03
57	74	81	3.813562e+02
57	74	82	4.223271e+03
57	74	83	1.170012e+03
57	75	60	3.753496e+03
57	75	61	1.202029e+05
57	75	62	2.995196e+05
57	75	63	1.177552e+06
57	75	64	5.489364e+06
57	75	65	6.494446e+06
57	75	66	6.013107e+06
57	75	67	2.203598e+06
57	75	68	7.335844e+05
57	75	69	-9.615033e+04
57	75	70	6.165845e+04
57	75	71	2.945407e+04
57	75	74	1.011203e+03
57	75	75	6.542977e+04
57	75	76	3.922628e+04
57	75	77	1.127772e+04
57	75	78	7.084365e+04
57	75	79	1.235316e+04
57	75	81	6.518829e+03
57	75	82	7.219177e+04
57	75	83	1.999996e+04
57	76	60	1.760633e+04
57	76	61	1.043999e+05
57	76	62	2.465401e+05
57	76	63	1.330626e+05
57	76	64	1.014141e+05
57	76	65	3.086034e+06
57	76	66	2.224477e+06
57	76	67	9.097178e+05
57	76	68	2.129198e+05
57	76	69	2.377527e+05
57	76	70	4.452189e+04
57	76	71	2.475171e+05
57	76	77	1.399320e+04
57	76	78	8.790159e+04
57	76	79	1.532759e+04
57	76	81	2.350435e+03
57	76	82	2.602954e+04
57	76	83	7.211206e+03
57	77	60	4.285009e+04
57	77	61	4.712823e+04
57	77	62	6.962809e+05
57	77	64	6.400366e+04
57	77	65	1.450156e+06
57	77	66	1.347547e+06
57	77	67	3.476694e+05
57	77	68	2.552746e+05
57	77	69	5.212275e+03
57	77	70	-7.188456e+03
57	77	71	5.584109e+04
57	77	77	1.858347e+05
57	77	78	1.167365e+06
57	77	79	2.035559e+05
57	78	63	1.892077e+03
57	78	64	6.170370e+04
57	78	65	1.014998e+05
57	78	66	7.013424e+04
57	78	67	-1.517182e+04
57	79	62	3.808675e+02
57	79	63	1.079332e+05
57	79	64	1.289050e+05
57	79	65	2.672601e+05
57	79	66	8.800034e+05
57	79	67	1.754988e+05
57	80	62	-7.425641e+02
57	80	63	-1.854490e+05
57	80	64	5.572364e+05
57	80	65	3.954903e+05
57	80	67	3.483224e+01
57	80	68	3.407796e+02
57	80	69	8.644912e+01
57	81	56	4.401401e-02
57	81	57	3.376841e+00
57	81	58	5.256894e+00
57	81	62	3.484850e+03
57	81	63	9.906022e+05
57	81	64	1.251251e+06
57	81	67	6.689398e+03
57	81	68	6.544541e+04
57	81	69	1.660222e+04
57	82	56	1.399911e-01
57	82	57	1.074039e+01
57	82	58	1.672009e+01
57	82	67	4.987371e+03
57	82	68	4.879371e+04
57	82	69	1.237801e+04
57	83	56	8.857789e-01
57	83	57	6.795870e+01
57	83	58	1.057946e+02
58	43	56	9.864804e+01
58	43	57	4.409286e+03
58	43	58	2.374646e+03
58	44	56	-1.732076e+02
58	44	57	-7.741886e+03
58	44	58	-4.169436e+03
58	45	56	9.574690e+02
58	45	57	4.279613e+04
58	45	58	2.304810e+04
58	54	64	2.065534e+03
58	54	65	1.905372e+04
58	54	66	4.624978e+03
58	55	64	1.332354e+04
58	55	65	1.229042e+05
58	55	66	2.983299e+04
58	55	77	3.538824e-01
58	55	78	5.347205e+00
58	55	79	1.800456e+00
58	56	64	2.383216e+03
58	56	65	2.198420e+04
58	56	66	5.336305e+03
58	56	77	7.906796e+02
58	56	78	1.194726e+04
58	56	79	4.022761e+03
58	57	77	3.135913e+03
58	57	78	3.598844e+04
58	57	79	1.034703e+04
58	58	77	1.830486e+04
58	58	78	1.849310e+05
58	58	79	4.802645e+04
58	59	77	3.984243e+03
58	59	78	4.025215e+04
58	59	79	1.045346e+04
58	63	64	1.133169e+03
58	63	65	1.157428e+04
58	63	66	3.029653e+03
58	64	64	-2.081232e+03
58	64	65	-2.125787e+04
58	64	66	-5.564403e+03
58	65	64	1.073985e+04
58	65	65	1.096977e+05
58	65	66	2.885052e+04
58	65	67	1.839789e+03
58	65	68	5.792484e+02
58	65	69	1.317675e+03
58	65	70	1.473378e+04
58	65	71	4.108822e+03
58	66	61	8.857205e-04
58	66	62	1.310626e-02
58	66	63	4.360009e-03
58	66	64	3.025536e-01
58	66	65	3.494067e+01
58	66	66	2.175951e+04
58	66	67	1.760932e+05
58	66	68	5.183702e+04
58	66	69	1.194827e+04
58	66	70	1.336013e+05
58	66	71	3.725752e+04
58	66	74	2.003968e+00
58	66	75	6.337819e+02
58	66	76	4.510863e+03
58	66	77	3.066972e+03
58	67	60	1.852659e+03
58	67	61	1.147471e+04
58	67	62	4.829011e+04
58	67	63	5.160716e+02
58	67	64	4.070684e+01
58	67	65	2.149900e+03
58	67	66	1.027940e+05
58	67	67	2.194744e+05
58	67	68	3.667939e+04
58	67	69	3.796060e+03
58	67	70	3.200556e+04
58	67	71	8.925420e+03
58	67	74	4.559803e+02
58	67	75	1.422206e+05
58	67	76	1.747712e+05
58	67	77	-2.479727e+03
58	68	53	1.453080e+03
58	68	54	-1.923084e+03
58	68	55	1.577436e+04
58	68	60	1.242020e+04
58	68	61	8.477994e+04
58	68	62	3.408657e+05
58	68	63	1.367465e+05
58	68	64	1.278825e+05
58	68	65	1.194185e+05
58	68	66	3.037178e+05
58	68	67	5.091420e+05
58	68	68	5.714090e+05
58	68	69	1.692717e+05
58	68	70	3.043634e+03
58	68	74	3.482991e+02
58	68	75	1.087457e+05
58	68	76	1.809771e+05
58	68	77	3.715000e+04
58	69	53	2.754402e+04
58	69	54	-3.645323e+04
58	69	55	2.990125e+05
58	69	60	4.708957e+04
58	69	61	2.933155e+05
58	69	62	1.198834e+06
58	69	63	8.920415e+04
58	69	64	1.135700e+06
58	69	65	4.263044e+05
58	69	66	7.717631e+04
58	69	67	1.199681e+06
58	69	68	8.205248e+05
58	69	69	1.348728e+05
58	69	70	2.056012e+04
58	70	53	6.495025e+04
58	70	54	-8.595865e+04
58	70	55	7.050874e+05
58	70	56	7.692949e+02
58	70	57	1.335438e+03
58	70	58	2.257888e+04
58	70	59	1.208965e+05
58	70	60	5.466679e+04
58	70	61	2.382558e+05
58	70	62	7.525556e+05
58	70	63	1.231488e+06
58	70	64	9.541324e+05
58	70	65	9.482438e+05
58	70	66	5.778533e+05
58	70	67	1.933663e+06
58	70	68	1.197984e+06
58	70	69	3.793558e+04
58	70	70	3.840595e+03
58	71	56	2.526595e+04
58	71	57	4.385980e+04
58	71	58	5.027045e+05
58	71	59	8.187506e+05
58	71	60	2.556873e+05
58	71	61	1.930363e+05
58	71	62	2.834872e+05
58	71	63	3.470454e+05
58	71	64	2.973770e+06
58	71	65	4.054486e+06
58	71	66	5.304350e+06
58	71	67	1.177202e+06
58	71	68	2.746822e+06
58	71	69	3.174836e+05
58	72	56	4.907378e+04
58	72	57	8.518842e+04
58	72	58	8.747667e+05
58	72	59	4.055548e+05
58	72	60	5.302669e+05
58	72	61	1.291720e+05
58	72	62	3.147804e+05
58	72	63	1.631303e+06
58	72	64	8.149260e+06
58	72	65	8.634328e+06
58	72	66	7.729423e+06
58	72	67	2.942658e+06
58	72	68	2.098102e+06
58	72	69	8.102996e+04
58	73	58	7.120352e+03
58	73	59	2.472846e+05
58	73	60	4.744237e+05
58	73	61	5.277885e+04
58	73	62	6.566949e+05
58	73	63	4.200800e+05
58	73	64	6.758926e+06
58	73	65	1.214984e+07
58	73	66	1.150185e+07
58	73	67	5.934738e+06
58	73	68	1.420215e+06
58	73	69	4.258616e+05
58	73	74	1.385769e+03
58	73	75	8.966608e+04
58	73	76	5.375636e+04
58	74	60	4.835559e+03
58	74	61	6.606123e+04
58	74	62	6.642791e+05
58	74	63	1.413404e+06
58	74	64	9.136054e+06
58	74	65	9.948290e+06
58	74	66	6.345393e+06
58	74	67	2.952235e+06
58	74	68	6.833138e+05
58	74	69	7.472418e+05
58	74	74	-1.993123e+03
58	74	75	-1.289649e+05
58	74	76	-7.731666e+04
58	74	81	-3.674488e+01
58	74	82	-4.069256e+02
58	74	83	-1.127344e+02
58	75	60	2.348435e+03
58	75	61	2.588901e+04
58	75	62	3.854483e+05
58	75	63	6.623640e+05
58	75	64	3.987155e+06
58	75	65	3.703444e+06
58	75	66	1.840336e+06
58	75	67	3.365265e+06
58	75	68	2.116450e+06
58	75	69	2.404512e+06
58	75	70	-1.951779e+04
58	75	71	1.516173e+05
58	75	74	1.463438e+04
58	75	75	9.469163e+05
58	75	76	5.676927e+05
58	75	81	-6.281099e+02
58	75	82	-6.955907e+03
58	75	83	-1.927060e+03
58	76	60	4.262717e+04
58	76	61	2.960539e+05
58	76	62	1.199603e+06
58	76	63	7.907801e+05
58	76	64	4.495945e+05
58	76	65	4.638478e+05
58	76	66	6.946677e+05
58	76	67	8.138083e+05
58	76	68	6.417673e+05
58	76	69	4.306065e+05
58	76	70	-1.640176e+05
58	76	71	1.274115e+06
58	76	81	-2.264719e+02
58	76	82	-2.508029e+03
58	76	83	-6.948226e+02
58	77	60	1.586389e+04
58	77	61	1.101777e+05
58	77	62	4.213384e+05
58	77	64	4.174338e+03
58	77	65	6.603550e+04
58	77	66	1.122947e+05
58	77	67	2.729549e+04
58	77	69	2.683062e+04
58	77	70	-3.700318e+04
58	77	71	2.874467e+05
58	77	72	6.985274e+01
58	77	73	7.281184e+02
58	77	74	2.240801e+03
58	78	60	1.102156e+01
58	78	61	1.701386e+02
58	78	62	4.365879e+02
58	78	63	9.971298e+02
58	78	64	3.338147e+04
58	78	65	1.229160e+05
58	78	66	9.344876e+04
58	78	67	-2.654877e+04
58	78	70	5.657400e+02
58	78	71	-8.203847e+02
58	78	72	6.885608e+03
58	78	73	9.678853e+03
58	78	74	2.978689e+04
58	79	60	6.728987e+01
58	79	61	1.038746e+03
58	79	62	2.665497e+03
58	79	63	-1.749782e+02
58	79	64	-1.392381e+03
58	79	65	4.156584e+05
58	79	66	1.476993e+06
58	79	67	3.169492e+05
58	79	70	4.005502e+03
58	79	71	-5.808415e+03
58	79	72	4.472198e+04
58	79	73	2.653175e+04
58	79	74	8.165205e+04
58	80	60	1.141064e+01
58	80	61	1.761448e+02
58	80	62	4.520004e+02
58	80	63	1.350816e+04
58	80	64	4.341751e+05
58	80	65	2.084244e+05
58	80	67	3.388343e+02
58	80	68	3.314970e+03
58	80	69	8.409431e+02
58	80	70	7.809671e+02
58	80	71	-1.132488e+03
58	80	72	8.223330e+03
58	81	56	2.075050e+02
58	81	57	1.592019e+04
58	81	58	2.478374e+04
58	81	67	6.509611e+04
58	81	68	6.367733e+05
58	81	69	1.615243e+05
58	82	56	6.599912e+02
58	82	57	5.063582e+04
58	82	58	7.882726e+04
58	82	59	2.134791e+02
58	82	60	1.352224e+03
58	82	61	2.376957e+02
58	82	67	4.846956e+04
58	82	68	4.743715e+05
58	82	69	1.203625e+05
58	83	56	4.176024e+03
58	83	57	3.203928e+05
58	83	58	4.987711e+05
58	83	59	1.705498e+03
58	83	60	1.080300e+04
58	83	61	1.898966e+03
58	83	67	2.269561e+02
58	83	68	1.365752e+03
58	83	69	2.282960e+02
58	84	59	3.691398e+02
58	84	60	2.338212e+03
58	84	61	4.110141e+02
58	87	73	1.562088e+02
58	87	74	1.649021e+02
58	87	75	2.516698e+03
58	88	73	2.096792e+02
58	88	74	2.213481e+02
58	88	75	3.378164e+03
58	89	73	2.605184e+03
58	89	74	2.750167e+03
58	89	75	4.197241e+04
59	43	56	6.383928e+02
59	43	57	2.853434e+04
59	43	58	1.536733e+04
59	44	56	-1.120899e+03
59	44	57	-5.010099e+04
59	44	58	-2.698217e+04
59	45	56	6.196183e+03
59	45	57	2.769517e+05
59	45	58	1.491539e+05
59	54	64	1.430232e+04
59	54	65	1.319331e+05
59	54	66	3.202459e+04
59	55	64	9.225576e+04
59	55	65	8.510220e+05
59	55	66	2.065717e+05
59	55	77	1.347616e+01
59	55	78	2.036263e+02
59	55	79	6.856297e+01
59	56	64	1.650203e+04
59	56	65	1.522245e+05
59	56	66	3.695002e+04
59	56	77	3.010979e+04
59	56	78	4.549625e+05
59	56	79	1.531903e+05
59	57	77	4.381733e+04
59	57	78	6.066869e+05
59	57	79	1.956697e+05
59	58	77	8.898672e+04
59	58	78	8.990182e+05
59	58	79	2.334744e+05
59	59	77	1.936889e+04
59	59	78	1.956807e+05
59	59	79	5.081814e+04
59	62	61	1.584541e-01
59	62	62	2.041427e+02
59	62	63	1.824756e+02
59	63	61	5.205537e+01
59	63	62	6.706502e+04
59	63	63	5.994692e+04
59	63	64	1.248798e+04
59	63	65	1.275532e+05
59	63	66	3.338799e+04
59	63	68	8.607174e+01
59	63	69	2.377583e+03
59	63	70	1.074860e+03
59	64	61	4.162421e+01
59	64	62	5.362614e+04
59	64	63	4.793441e+04
59	64	64	-2.293601e+04
59	64	65	-2.342702e+05
59	64	66	-6.132194e+04
59	64	68	2.967388e+03
59	64	69	8.196895e+04
59	64	70	3.705659e+04
59	65	64	1.183574e+05
59	65	65	1.208912e+06
59	65	66	3.164416e+05
59	65	68	1.462253e+03
59	65	69	4.859490e+04
59	65	70	1.099801e+05
59	65	71	2.557792e+04
59	66	61	2.355642e-01
59	66	62	3.485712e+00
59	66	63	1.159578e+00
59	66	64	3.413433e+01
59	66	65	1.667114e+03
59	66	66	9.229873e+02
59	66	69	7.437944e+04
59	66	70	8.316847e+05
59	66	71	2.319327e+05
59	66	74	5.111904e+00
59	66	75	1.744556e+03
59	66	76	6.623858e+04
59	66	77	5.283233e+04
59	67	61	2.787772e+04
59	67	62	4.125147e+05
59	67	63	1.372295e+05
59	67	64	4.501211e+03
59	67	65	2.199015e+05
59	67	66	1.217497e+05
59	67	67	1.242590e+02
59	67	68	1.585372e+03
59	67	69	1.830045e+04
59	67	70	1.992385e+05
59	67	71	5.556183e+04
59	67	74	1.163156e+03
59	67	75	3.626861e+05
59	67	76	4.015704e+05
59	67	77	-4.271631e+04
59	68	53	1.554592e+03
59	68	54	-2.057430e+03
59	68	55	1.687635e+04
59	68	60	1.298533e+03
59	68	61	4.506783e+04
59	68	62	4.627451e+05
59	68	63	2.124204e+05
59	68	64	2.198770e+04
59	68	65	1.707228e+05
59	68	66	1.710926e+05
59	68	67	2.230615e+04
59	68	68	2.859306e+05
59	68	69	1.390806e+05
59	68	70	9.663935e+04
59	68	74	8.884732e+02
59	68	75	2.789471e+05
59	68	76	1.124616e+06
59	68	77	6.399541e+05
59	69	53	2.946823e+04
59	69	54	-3.899984e+04
59	69	55	3.199014e+05
59	69	60	5.831155e+02
59	69	61	7.864160e+03
59	69	62	7.319218e+03
59	69	63	-1.197976e+05
59	69	64	2.368254e+05
59	69	65	-6.610651e+04
59	69	66	7.855404e+04
59	69	67	4.290620e+04
59	69	68	2.318687e+05
59	69	69	4.187781e+05
59	69	70	6.527882e+05
59	69	71	1.127510e+02
59	70	53	6.948765e+04
59	70	54	-9.196369e+04
59	70	55	7.543446e+05
59	70	56	1.876992e+02
59	70	57	3.258317e+02
59	70	58	3.273623e+03
59	70	60	1.931921e+04
59	70	61	2.617094e+05
59	70	62	8.181034e+05
59	70	63	7.947905e+05
59	70	64	1.591812e+06
59	70	65	3.963447e+05
59	70	66	8.203636e+05
59	70	67	5.462105e+05
59	70	68	4.752463e+05
59	70	69	8.755983e+04
59	70	70	1.218607e+05
59	70	71	4.224989e+02
59	71	54	4.141729e-01
59	71	55	6.556542e+01
59	71	56	6.254108e+03
59	71	57	1.070129e+04
59	71	58	1.075156e+05
59	71	59	2.029066e+00
59	71	60	3.873532e+00
59	71	61	1.462563e+03
59	71	62	7.185556e+04
59	71	63	-2.130188e+04
59	71	64	6.014148e+05
59	71	65	2.425083e+05
59	71	66	8.096905e+05
59	71	67	6.649824e+05
59	71	68	1.098638e+06
59	71	69	1.897881e+05
59	71	70	-4.693236e+02
59	71	71	2.383255e+03
59	72	54	2.234278e-01
59	72	55	3.536962e+01
59	72	56	1.202173e+04
59	72	57	2.078500e+04
59	72	58	2.111921e+05
59	72	59	8.215902e+04
59	72	60	1.567627e+05
59	72	61	1.931095e+04
59	72	62	3.315105e+05
59	72	63	3.134357e+05
59	72	64	9.308029e+05
59	72	65	2.275652e+06
59	72	66	2.993557e+06
59	72	67	1.676969e+06
59	72	68	6.246654e+05
59	72	69	4.487921e+04
59	73	54	6.239444e+00
59	73	55	9.877320e+02
59	73	56	1.348386e+03
59	73	58	2.319081e+03
59	73	59	8.053998e+04
59	73	60	1.515287e+05
59	73	61	-6.535009e+03
59	73	62	-2.812649e+04
59	73	63	1.920163e+04
59	73	64	5.479291e+05
59	73	65	2.223335e+06
59	73	66	3.277332e+06
59	73	67	1.962095e+06
59	73	68	3.709806e+05
59	73	74	4.550518e+02
59	73	75	2.944408e+04
59	73	76	1.765224e+04
59	74	60	-4.572221e+03
59	74	61	-1.369304e+04
59	74	62	-1.490988e+04
59	74	63	5.933566e+05
59	74	64	3.113312e+06
59	74	65	4.314992e+06
59	74	66	1.026404e+06
59	74	67	1.043620e+06
59	74	68	1.568875e+05
59	74	69	1.590342e+00
59	74	74	-6.544916e+02
59	74	75	-4.234881e+04
59	74	76	-2.538885e+04
59	74	81	5.232086e+03
59	74	82	5.794193e+04
59	74	83	1.605220e+04
59	75	62	2.011202e+04
59	75	63	3.522165e+05
59	75	64	2.982249e+05
59	75	65	1.800369e+06
59	75	66	4.071055e+05
59	75	67	9.181068e+05
59	75	68	1.371740e+05
59	75	69	3.832699e+02
59	75	74	4.805563e+03
59	75	75	3.109435e+05
59	75	76	1.864160e+05
59	75	81	8.943626e+04
59	75	82	9.904482e+05
59	75	83	2.743931e+05
59	76	62	4.483058e+04
59	76	63	5.219431e+05
59	76	64	2.049555e+05
59	76	65	1.275082e+04
59	76	66	1.038234e+05
59	76	67	1.137691e+05
59	76	68	1.637182e+05
59	76	69	1.140403e+03
59	76	70	2.346907e+02
59	76	81	3.224723e+04
59	76	82	3.571170e+05
59	76	83	9.893546e+04
59	77	63	1.767957e+00
59	77	64	1.593741e+02
59	77	65	2.273991e+03
59	77	66	4.726431e+04
59	77	67	1.924295e+04
59	77	68	4.216471e+02
59	77	69	7.296922e+03
59	77	70	2.648363e+03
59	77	72	6.844612e+02
59	77	73	7.134563e+03
59	77	74	2.195678e+04
59	78	60	2.537228e+03
59	78	61	3.916690e+04
59	78	62	1.005051e+05
59	78	63	1.572060e+02
59	78	64	1.417148e+04
59	78	65	2.992495e+04
59	78	66	4.512377e+05
59	78	67	1.837146e+05
59	78	68	1.248088e+03
59	78	69	2.159911e+04
59	78	70	2.237826e+04
59	78	71	-2.108317e+04
59	78	72	1.621897e+05
59	78	73	9.483951e+04
59	78	74	2.918707e+05
59	79	56	2.877971e+00
59	79	57	6.214347e+01
59	79	58	1.393780e+02
59	79	60	1.549052e+04
59	79	61	2.391254e+05
59	79	62	6.136131e+05
59	79	63	1.017807e+02
59	79	64	9.175349e+03
59	79	65	1.137400e+04
59	79	66	1.126969e+05
59	79	67	4.576650e+04
59	79	70	1.029379e+05
59	79	71	-1.492712e+05
59	79	72	1.108843e+06
59	79	73	2.599748e+05
59	79	74	8.000783e+05
59	80	56	2.648245e+02
59	80	57	5.718304e+03
59	80	58	1.282525e+04
59	80	60	2.626797e+03
59	80	61	4.054957e+04
59	80	62	1.040531e+05
59	80	64	8.123728e+00
59	80	65	8.883762e+03
59	80	66	1.001667e+04
59	80	67	8.559321e+01
59	80	68	8.373971e+02
59	80	69	2.124313e+02
59	80	70	2.007017e+04
59	80	71	-2.910394e+04
59	80	72	2.113324e+05
59	81	56	6.170901e+02
59	81	57	2.544791e+04
59	81	58	4.550017e+04
59	81	64	4.027403e+00
59	81	65	4.404195e+03
59	81	66	4.965846e+03
59	81	67	3.266353e+04
59	81	68	2.584601e+05
59	81	69	5.711809e+04
59	82	56	6.994319e+02
59	82	57	5.366179e+04
59	82	58	8.353792e+04
59	82	59	7.776678e+03
59	82	60	4.925918e+04
59	82	61	8.658845e+03
59	82	67	-1.824918e+04
59	82	68	-6.366691e+04
59	82	69	-2.682713e+02
59	83	56	4.425581e+03
59	83	57	3.395393e+05
59	83	58	5.285774e+05
59	83	59	6.212837e+04
59	83	60	3.935347e+05
59	83	61	6.917606e+04
59	83	67	1.517611e+05
59	83	68	9.132516e+05
59	83	69	1.526570e+05
59	84	59	1.344713e+04
59	84	60	8.517706e+04
59	84	61	1.497254e+04
59	87	73	4.012618e+03
59	87	74	4.235926e+03
59	87	75	6.464773e+04
59	88	73	5.386138e+03
59	88	74	5.685885e+03
59	88	75	8.677667e+04
59	89	73	6.692073e+04
59	89	74	7.064498e+04
59	89	75	1.078167e+06
60	43	56	2.543313e+03
60	43	57	1.136788e+05
60	43	58	6.122238e+04
60	44	56	-4.465584e+03
60	44	57	-1.995989e+05
60	44	58	-1.074951e+05
60	45	56	2.468516e+04
60	45	57	1.103357e+06
60	45	58	5.942188e+05
60	54	64	2.733004e+03
60	54	65	2.521085e+04
60	54	66	6.119521e+03
60	55	64	1.762898e+04
60	55	65	1.626202e+05
60	55	66	3.947340e+04
60	55	77	6.880584e+00
60	55	78	1.039665e+02
60	55	79	3.500652e+01
60	56	64	3.153343e+03
60	56	65	2.908831e+04
60	56	66	7.060711e+03
60	56	77	1.537330e+04
60	56	78	2.322923e+05
60	56	79	7.821510e+04
60	57	77	1.672327e+04
60	57	78	2.526906e+05
60	57	79	8.508339e+04
60	62	61	1.061732e+00
60	62	62	1.367871e+03
60	62	63	1.222689e+03
60	63	61	3.488003e+02
60	63	62	4.493734e+05
60	63	63	4.016782e+05
60	63	64	3.448087e+03
60	63	65	3.528377e+04
60	63	66	1.838639e+04
60	63	67	6.506888e+03
60	63	68	7.070368e+02
60	63	69	1.953067e+04
60	63	70	8.829439e+03
60	64	61	2.789057e+02
60	64	62	3.593254e+05
60	64	63	3.211876e+05
60	64	64	-6.332919e+03
60	64	65	-6.422944e+04
60	64	66	4.758140e+04
60	64	67	4.578975e+04
60	64	68	2.437563e+04
60	64	69	6.733344e+05
60	64	70	3.044016e+05
60	65	64	3.267996e+04
60	65	65	3.338841e+05
60	65	66	9.988308e+04
60	65	67	8.879002e+03
60	65	68	1.201169e+04
60	65	69	3.332199e+05
60	65	70	1.658544e+05
60	65	71	4.420961e+03
60	66	61	1.836612e-01
60	66	62	2.717688e+00
60	66	63	9.040826e-01
60	66	64	4.927654e+01
60	66	65	2.406656e+03
60	66	66	1.332431e+03
60	66	69	1.285595e+04
60	66	70	1.437507e+05
60	66	71	4.008790e+04
60	66	75	5.433301e+01
60	66	76	2.326021e+04
60	66	77	1.912806e+04
60	67	61	2.173529e+04
60	67	62	3.216234e+05
60	67	63	1.069940e+05
60	67	64	6.507754e+03
60	67	65	3.174837e+05
60	67	66	1.757586e+05
60	67	69	3.079775e+03
60	67	70	3.443696e+04
60	67	71	9.603465e+03
60	67	75	-4.392965e+01
60	67	76	-1.880648e+04
60	67	77	-1.546554e+04
60	68	61	2.148385e+04
60	68	62	3.179027e+05
60	68	63	1.332728e+05
60	68	64	2.565905e+05
60	68	65	1.267372e+06
60	68	66	2.474536e+05
60	68	67	-2.744544e+02
60	68	68	6.481925e+03
60	68	69	2.510340e+04
60	68	70	4.617561e+04
60	68	75	6.581317e+02
60	68	76	2.817492e+05
60	68	77	2.316968e+05
60	69	62	1.019977e+03
60	69	63	2.647540e+04
60	69	64	2.653270e+05
60	69	65	8.488940e+05
60	69	66	6.500965e+04
60	69	67	-8.668144e+03
60	69	68	2.447659e+05
60	69	69	1.737007e+05
60	69	70	3.042685e+05
60	69	71	3.886374e+04
60	70	61	4.097083e+03
60	70	62	1.127145e+05
60	70	63	-6.727995e+04
60	70	64	5.540542e+05
60	70	65	8.705847e+04
60	70	66	5.669546e+05
60	70	67	7.182113e+04
60	70	68	1.709742e+06
60	70	69	4.713089e+04
60	70	70	2.958829e+04
60	70	71	1.456296e+05
60	71	54	1.799764e+02
60	71	55	2.849106e+04
60	71	56	3.889411e+04
60	71	61	5.527683e+03
60	71	62	2.114525e+05
60	71	63	-3.504832e+04
60	71	64	9.607006e+05
60	71	65	8.698577e+04
60	71	66	3.747520e+05
60	71	67	2.376510e+05
60	71	68	3.972933e+05
60	71	69	8.717542e+04
60	71	70	-1.617694e+05
60	71	71	8.214753e+05
60	72	54	9.708923e+01
60	72	55	1.536966e+04
60	72	56	2.098164e+04
60	72	60	1.006448e+03
60	72	61	7.619331e+04
60	72	62	1.548278e+06
60	72	63	1.388596e+06
60	72	64	1.125016e+06
60	72	65	1.435488e+06
60	72	66	6.349846e+05
60	72	67	4.563000e+05
60	72	68	1.524323e+05
60	73	54	2.711314e+03
60	73	55	4.292131e+05
60	73	56	5.859332e+05
60	73	60	2.772726e+04
60	73	61	8.472989e+04
60	73	62	7.638415e+05
60	73	63	9.145452e+05
60	73	64	5.738349e+05
60	73	65	5.514488e+05
60	73	66	1.914666e+06
60	73	67	1.532784e+06
60	73	68	7.630273e+04
60	74	60	5.702019e+04
60	74	61	1.711984e+05
60	74	62	1.142742e+06
60	74	63	1.549889e+05
60	74	64	3.725280e+05
60	74	65	1.103592e+06
60	74	66	1.436966e+06
60	74	67	9.551421e+05
60	74	68	1.616072e+02
60	74	69	1.487823e+03
60	75	62	-7.532256e+02
60	75	63	-1.086960e+05
60	75	64	-1.380223e+05
60	75	65	2.600244e+05
60	75	66	4.052771e+05
60	75	67	8.320914e+05
60	75	68	3.894708e+04
60	75	69	3.585629e+05
60	76	62	6.096878e+03
60	76	63	1.078241e+06
60	76	64	7.938613e+05
60	76	67	2.591869e+04
60	76	68	5.064373e+04
60	76	69	4.700367e+05
60	76	70	2.938826e+03
60	77	63	6.096814e+01
60	77	64	5.496028e+03
60	77	65	6.397296e+03
60	77	66	6.158548e+04
60	77	67	2.507360e+04
60	77	68	5.279915e+03
60	77	69	9.137294e+04
60	77	70	3.316312e+04
60	77	71	4.886532e-05
60	77	72	1.738666e+02
60	77	73	1.812006e+03
60	77	74	5.576370e+03
60	78	60	1.941134e+03
60	78	61	2.996507e+04
60	78	62	7.689252e+04
60	78	63	5.421262e+03
60	78	64	4.887046e+05
60	78	65	3.443671e+05
60	78	66	5.879635e+05
60	78	67	2.393805e+05
60	78	68	1.562871e+04
60	78	69	2.704667e+05
60	78	70	1.045400e+05
60	78	71	-9.246144e+03
60	78	72	6.945062e+04
60	78	73	2.408740e+04
60	78	74	7.412650e+04
60	79	56	8.347068e+01
60	79	57	1.802366e+03
60	79	58	4.042423e+03
60	79	60	1.185119e+04
60	79	61	1.829455e+05
60	79	62	4.694515e+05
60	79	63	3.509918e+03
60	79	64	3.164153e+05
60	79	65	2.237219e+05
60	79	66	1.594624e+05
60	79	67	5.963383e+04
60	79	70	4.514400e+04
60	79	71	-6.546373e+04
60	79	72	4.816863e+05
60	79	73	6.602631e+04
60	79	74	2.031961e+05
60	80	56	7.680787e+03
60	80	57	1.658498e+05
60	80	58	3.719748e+05
60	80	60	2.009660e+03
60	80	61	3.102290e+04
60	80	62	7.960699e+04
60	80	64	3.692819e+02
60	80	65	4.038309e+05
60	80	66	4.553299e+05
60	80	70	8.801888e+03
60	80	71	-1.276370e+04
60	80	72	9.268103e+04
60	81	56	1.151967e+04
60	81	57	2.487421e+05
60	81	58	5.578892e+05
60	81	64	1.830744e+02
60	81	65	2.002024e+05
60	81	66	2.257334e+05
60	81	67	1.388003e+04
60	81	68	8.352578e+04
60	81	69	1.396198e+04
60	82	58	5.414420e+01
60	82	59	1.467742e+04
60	82	60	9.353513e+04
60	82	61	1.629286e+04
60	82	67	-2.609476e+04
60	82	68	-1.570303e+05
60	82	69	-2.624882e+04
60	83	58	4.121403e+02
60	83	59	1.172421e+05
60	83	60	7.469387e+05
60	83	61	1.301647e+05
60	83	67	1.298219e+05
60	83	68	7.812282e+05
60	83	69	1.305883e+05
60	84	58	8.563099e+01
60	84	59	2.537306e+04
60	84	60	1.616123e+05
60	84	61	2.817298e+04
60	87	73	1.759416e+03
60	87	74	1.857330e+03
60	87	75	2.834614e+04
60	88	73	2.361664e+03
60	88	74	2.493095e+03
60	88	75	3.804904e+04
60	89	73	2.934279e+04
60	89	74	3.097576e+04
60	89	75	4.727449e+05
61	62	61	1.968431e-01
61	62	62	2.536009e+02
61	62	63	2.266844e+02
61	63	61	6.466695e+01
61	63	62	8.331303e+04
61	63	63	7.447041e+04
61	63	65	6.591356e+02
61	63	66	9.335424e+04
61	63	67	6.626040e+04
61	63	68	1.565885e+02
61	63	69	4.325487e+03
61	63	70	1.955470e+03
61	63	76	2.427150e+00
61	63	77	3.609624e+02
61	63	78	2.583676e+02
61	64	61	5.170861e+01
61	64	62	6.661828e+04
61	64	63	5.954760e+04
61	64	65	4.638416e+03
61	64	66	6.569450e+05
61	64	67	4.662824e+05
61	64	68	5.398507e+03
61	64	69	1.491244e+05
61	64	70	6.741628e+04
61	64	76	-1.999616e+00
61	64	77	-2.973802e+02
61	64	78	-2.128571e+02
61	65	65	8.994263e+02
61	65	66	1.273869e+05
61	65	67	9.041592e+04
61	65	68	2.660247e+03
61	65	69	7.348472e+04
61	65	70	3.322103e+04
61	65	76	2.931233e+01
61	65	77	4.359289e+03
61	65	78	3.120268e+03
61	68	66	1.309153e+04
61	68	67	-7.755529e+03
61	68	68	1.651387e+05
61	69	66	7.908969e+04
61	69	67	-4.685337e+04
61	69	68	9.976499e+05
61	69	69	5.100428e+03
61	69	70	-9.464746e+03
61	69	71	4.806258e+04
61	70	61	1.678469e+01
61	70	62	1.690771e+03
61	70	63	1.137041e+03
61	70	64	8.739518e+03
61	70	65	7.498343e+03
61	70	66	1.327211e+04
61	70	67	-7.862505e+03
61	70	68	1.674165e+05
61	70	69	1.911224e+04
61	70	70	-3.546614e+04
61	70	71	1.800993e+05
61	71	54	1.482216e+02
61	71	55	2.346415e+04
61	71	56	3.203170e+04
61	71	61	1.124759e+02
61	71	62	1.238207e+04
61	71	63	1.813607e+04
61	71	64	1.811916e+05
61	71	65	1.531994e+05
61	71	69	1.078094e+05
61	71	70	-2.000594e+05
61	71	71	1.015914e+06
61	72	54	7.995897e+01
61	72	55	1.265786e+04
61	72	56	1.727968e+04
61	72	60	5.920940e+02
61	72	61	1.532391e+04
61	72	62	8.994820e+04
61	72	63	1.688861e+05
61	72	64	4.445807e+05
61	72	65	3.507533e+05
61	72	66	5.843567e+03
61	72	67	2.260473e+03
61	73	54	2.232934e+03
61	73	55	3.534835e+05
61	73	56	4.825522e+05
61	73	60	1.721083e+03
61	73	61	4.326681e+04
61	73	62	1.303783e+05
61	73	63	3.789824e+05
61	73	64	1.005105e+05
61	73	65	-1.772577e+03
61	73	66	2.013538e+05
61	73	67	1.425903e+05
61	73	68	3.345379e+02
61	73	69	9.793223e+01
61	74	60	1.162181e+04
61	74	61	2.921640e+05
61	74	62	6.201151e+05
61	74	64	1.345321e+03
61	74	65	-5.883258e+02
61	74	66	1.063440e+05
61	74	67	8.842116e+04
61	74	68	4.148567e+04
61	74	69	1.378444e+04
61	75	67	2.778489e+04
61	75	68	1.030315e+05
61	75	69	4.253938e+05
61	76	60	4.491622e+01
61	76	61	3.688952e+02
61	76	62	8.168723e+01
61	76	67	2.950761e+04
61	76	68	5.844189e+04
61	76	69	5.487176e+05
61	76	70	8.280211e+03
61	77	60	3.860828e+02
61	77	61	3.170884e+03
61	77	62	7.021525e+02
61	77	63	3.004653e+01
61	77	64	2.708572e+03
61	77	65	1.758956e+03
61	77	68	1.487629e+04
61	77	69	2.574454e+05
61	77	70	9.343787e+04
61	77	71	1.849382e+01
61	77	72	1.278287e+04
61	77	73	1.486140e+04
61	78	60	8.869532e+01
61	78	61	7.284513e+02
61	78	62	1.613064e+02
61	78	63	2.671725e+03
61	78	64	2.408451e+05
61	78	65	1.564056e+05
61	78	68	4.403426e+04
61	78	69	7.620463e+05
61	78	70	2.765790e+05
61	78	71	4.631417e+02
61	78	72	3.201221e+05
61	78	73	3.721748e+05
61	79	56	3.849206e+01
61	79	57	8.311517e+02
61	79	58	1.864142e+03
61	79	63	1.729770e+03
61	79	64	1.559374e+05
61	79	65	1.075007e+05
61	79	66	7.033672e+03
61	79	71	2.008573e+02
61	79	72	1.388319e+05
61	79	73	1.614063e+05
61	80	56	3.541954e+03
61	80	57	7.648074e+04
61	80	58	1.715342e+05
61	80	64	1.999470e+02
61	80	65	2.186535e+05
61	80	66	2.465375e+05
61	81	56	5.312236e+03
61	81	57	1.147061e+05
61	81	58	2.572677e+05
61	81	64	9.912530e+01
61	81	65	1.083992e+05
61	81	66	1.222229e+05
61	82	58	6.761719e+03
61	82	59	5.555392e+03
61	82	60	1.057611e+05
61	83	58	5.146953e+04
61	83	59	4.228709e+04
61	83	60	8.050429e+05
61	84	58	1.069390e+04
61	84	59	8.786051e+03
61	84	60	1.672649e+05
62	39	80	3.060115e+00
62	39	81	2.017832e+03
62	39	82	1.724219e+03
62	40	80	1.919210e+01
62	40	81	1.265522e+04
62	40	82	1.081377e+04
62	41	80	3.341371e+00
62	41	81	2.203292e+03
62	41	82	1.882693e+03
62	63	65	1.721573e+02
62	63	66	2.438286e+04
62	63	67	1.730632e+04
62	63	76	2.651597e+02
62	63	77	3.943419e+04
62	63	78	2.822598e+04
62	64	65	1.211491e+03
62	64	66	1.715851e+05
62	64	67	1.217866e+05
62	64	76	-2.184528e+02
62	64	77	-3.248801e+04
62	64	78	-2.325408e+04
62	65	65	2.349179e+02
62	65	66	3.327174e+04
62	65	67	2.361541e+04
62	65	76	3.202295e+03
62	65	77	4.762409e+05
62	65	78	3.408810e+05
62	68	66	5.973819e+03
62	68	67	-3.538938e+03
62	68	68	7.535470e+04
62	69	66	3.608955e+04
62	69	67	-2.137974e+04
62	69	68	4.552393e+05
62	70	61	3.599020e+01
62	70	62	3.625398e+03
62	70	63	2.421740e+03
62	70	64	7.392536e+03
62	70	65	6.342657e+03
62	70	66	6.056219e+03
62	70	67	-3.587719e+03
62	70	68	7.720140e+04
62	70	69	8.285944e+02
62	71	61	2.411741e+02
62	71	62	2.429417e+04
62	71	63	1.637445e+04
62	71	64	1.510376e+05
62	71	65	1.295875e+05
62	71	67	1.891820e-01
62	71	68	4.445101e+03
62	71	69	4.562428e+03
62	72	60	5.017334e+02
62	72	61	1.355472e+04
62	72	62	1.216109e+05
62	72	63	6.357170e+04
62	72	64	3.470307e+05
62	72	65	2.962995e+05
62	72	66	1.435785e+04
62	72	67	8.305112e-01
62	72	68	1.951405e+04
62	72	69	2.002912e+04
62	73	60	1.458426e+03
62	73	61	3.666379e+04
62	73	62	7.781850e+04
62	73	64	1.659719e+04
62	73	65	-7.405235e+03
62	73	66	2.148690e+05
62	73	67	-7.861582e-01
62	73	68	-9.453644e+00
62	73	69	-2.767449e+00
62	74	60	9.848182e+03
62	74	61	2.475763e+05
62	74	62	5.254782e+05
62	74	64	5.557532e+03
62	74	65	-2.479626e+03
62	74	66	7.194839e+04
62	74	67	-9.705823e+01
62	74	68	-1.167137e+03
62	74	69	-3.416662e+02
62	75	59	5.358189e-01
62	75	60	8.038734e+00
62	75	61	2.088330e+01
62	75	67	-1.379240e+02
62	75	68	-1.658552e+03
62	75	69	-4.855225e+02
62	76	59	3.567898e+02
62	76	60	1.448778e+04
62	76	61	8.893088e+04
62	76	62	1.661338e+04
62	77	59	3.051097e+02
62	77	60	8.309821e+04
62	77	61	6.567793e+05
62	77	62	1.428023e+05
62	77	71	1.861440e+01
62	77	72	1.286622e+04
62	77	73	1.495830e+04
62	78	60	1.803867e+04
62	78	61	1.481509e+05
62	78	62	3.280617e+04
62	78	71	4.661616e+02
62	78	72	3.222094e+05
62	78	73	3.746016e+05
62	79	71	2.021669e+02
62	79	72	1.397372e+05
62	79	73	1.624588e+05
62	82	58	4.691556e+03
62	82	59	3.854558e+03
62	82	60	7.338136e+04
62	83	58	3.571166e+04
62	83	59	2.934051e+04
62	83	60	5.585716e+05
62	84	58	7.419864e+03
62	84	59	6.096121e+03
62	84	60	1.160552e+05
63	39	80	5.894297e+01
63	39	81	3.886685e+04
63	39	82	3.321137e+04
63	40	80	3.696721e+02
63	40	81	2.437609e+05
63	40	82	2.082914e+05
63	41	80	6.436044e+01
63	41	81	4.243911e+04
63	41	82	3.626384e+04
63	63	76	3.850093e+02
63	63	77	5.725806e+04
63	63	78	4.098385e+04
63	64	76	-3.171914e+02
63	64	77	-4.717227e+04
63	64	78	-3.376470e+04
63	65	62	1.025558e+00
63	65	63	1.204269e+00
63	65	64	1.676445e+01
63	65	76	4.649701e+03
63	65	77	6.914972e+05
63	65	78	4.949559e+05
63	66	62	1.917119e+02
63	66	63	2.251190e+02
63	66	64	3.133848e+03
63	67	62	1.423552e+02
63	67	63	1.671616e+02
63	67	64	2.327032e+03
63	69	73	1.022545e+02
63	69	74	2.454091e+02
63	69	75	1.911662e+03
63	70	61	3.057597e+02
63	70	62	3.080007e+04
63	70	63	2.048382e+04
63	70	67	3.220144e-01
63	70	68	7.566189e+03
63	70	69	7.765896e+03
63	70	73	3.776330e+03
63	70	74	9.063126e+03
63	70	75	7.059897e+04
63	71	61	2.048927e+03
63	71	62	2.063945e+05
63	71	63	1.372642e+05
63	71	67	1.773084e+00
63	71	68	4.166115e+04
63	71	69	4.276078e+04
63	71	73	7.076727e+03
63	71	74	1.698402e+04
63	71	75	1.323003e+05
63	72	61	7.998594e+03
63	72	62	8.057219e+05
63	72	63	5.358513e+05
63	72	64	5.856004e+03
63	72	65	-2.612796e+03
63	72	66	7.581244e+04
63	72	67	7.783861e+00
63	72	68	1.828929e+05
63	72	69	1.877204e+05
63	73	64	8.763665e+04
63	73	65	-3.910119e+04
63	73	66	1.134553e+06
63	73	67	3.857855e+02
63	73	68	4.639116e+03
63	73	69	1.358049e+03
63	74	55	1.786128e-02
63	74	56	7.528891e-01
63	74	57	1.357995e+00
63	74	64	2.934493e+04
63	74	65	-1.309294e+04
63	74	66	3.799025e+05
63	74	67	4.762866e+04
63	74	68	5.727402e+05
63	74	69	1.676633e+05
63	75	55	1.634952e+01
63	75	56	6.891655e+02
63	75	57	1.243056e+03
63	75	59	8.313983e+00
63	75	60	1.247323e+02
63	75	61	3.240337e+02
63	75	67	6.768240e+04
63	75	68	8.138888e+05
63	75	69	2.382568e+05
63	76	55	1.430945e+01
63	76	56	6.031721e+02
63	76	57	1.087949e+03
63	76	59	5.536095e+03
63	76	60	8.992477e+04
63	76	61	2.721763e+05
63	76	62	1.249116e+04
63	77	59	4.734206e+03
63	77	60	1.300636e+05
63	77	61	6.693877e+05
63	77	62	1.073693e+05
63	78	60	1.356280e+04
63	78	61	1.113908e+05
63	78	62	2.466609e+04
63	78	71	4.996496e+02
63	78	72	3.816883e+03
63	78	73	7.954694e+02
63	79	71	-2.134418e+02
63	79	72	-1.630508e+03
63	79	73	-3.398111e+02
63	80	71	6.489857e+03
63	80	72	4.957680e+04
63	80	73	1.033221e+04
64	39	80	1.381171e+02
64	39	81	9.107405e+04
64	39	82	7.782195e+04
64	40	80	8.662276e+02
64	40	81	5.711883e+05
64	40	82	4.880752e+05
64	41	80	1.508115e+02
64	41	81	9.944470e+04
64	41	82	8.497459e+04
64	65	62	1.408440e+02
64	65	63	1.653871e+02
64	65	64	2.302329e+03
64	66	62	2.632857e+04
64	66	63	3.091650e+04
64	66	64	4.303840e+05
64	67	62	1.955022e+04
64	67	63	2.295697e+04
64	67	64	3.195806e+05
64	69	73	6.488182e+02
64	69	74	1.557152e+03
64	69	75	1.212974e+04
64	70	67	1.045925e+00
64	70	68	2.457551e+04
64	70	69	2.522418e+04
64	70	73	2.396130e+04
64	70	74	5.750670e+04
64	70	75	4.479595e+05
64	71	67	5.759102e+00
64	71	68	1.353183e+05
64	71	69	1.388900e+05
64	71	73	4.490274e+04
64	71	74	1.077658e+05
64	71	75	8.394625e+05
64	72	67	2.528253e+01
64	72	68	5.940492e+05
64	72	69	6.097289e+05
64	74	55	5.565648e+00
64	74	56	2.346033e+02
64	74	57	4.231569e+02
64	75	55	5.094578e+03
64	75	56	2.147468e+05
64	75	57	3.873414e+05
64	75	59	2.128738e+01
64	75	60	3.193683e+02
64	75	61	8.296659e+02
64	76	55	4.458881e+03
64	76	56	1.879509e+05
64	76	57	3.390093e+05
64	76	59	1.417479e+04
64	76	60	2.126602e+05
64	76	61	5.524560e+05
64	77	59	1.212161e+04
64	77	60	1.818569e+05
64	77	61	4.724342e+05
64	78	71	2.541270e+03
64	78	72	1.941307e+04
64	78	73	4.045840e+03
64	79	71	-1.085587e+03
64	79	72	-8.292933e+03
64	79	73	-1.728315e+03
64	80	71	3.300809e+04
64	80	72	2.521528e+05
64	80	73	5.255068e+04
65	65	62	1.966191e+02
65	65	63	2.308813e+02
65	65	64	3.214065e+03
65	66	62	3.675483e+04
65	66	63	4.315961e+04
65	66	64	6.008186e+05
65	67	62	2.729221e+04
65	67	63	3.204807e+04
65	67	64	4.461364e+05
65	69	73	1.142395e+02
65	69	74	2.741729e+02
65	69	75	2.135722e+03
65	70	73	4.218943e+03
65	70	74	1.012539e+04
65	70	75	7.887369e+04
65	71	73	7.906172e+03
65	71	74	1.897467e+04
65	71	75	1.478069e+05
65	74	55	4.423449e+00
65	74	56	1.864573e+02
65	74	57	3.363154e+02
65	75	55	4.049053e+03
65	75	56	1.706758e+05
65	75	57	3.078500e+05
65	76	55	3.543816e+03
65	76	56	1.493790e+05
65	76	57	2.694368e+05
65	78	71	1.172205e+04
65	78	72	8.954612e+04
65	78	73	1.866214e+04
65	79	71	-5.007460e+03
65	79	72	-3.825259e+04
65	79	73	-7.972150e+03
65	80	71	1.522555e+05
65	80	72	1.163098e+06
65	80	73	2.423991e+05
65	84	62	4.556553e+02
65	84	63	3.229669e+00
65	84	64	6.353417e+03
65	85	62	-3.799313e+02
65	85	63	-2.692940e+00
65	85	64	-5.297561e+03
65	86	62	5.492185e+03
65	86	63	3.892842e+01
65	86	64	7.658013e+04
66	84	62	1.498327e+03
66	84	63	1.062009e+01
66	84	64	2.089188e+04
66	85	62	-1.249324e+03
66	85	63	-8.855166e+00
66	85	64	-1.741992e+04
66	86	62	1.805990e+04
66	86	63	1.280079e+02
66	86	64	2.518177e+05
67	66	72	8.575040e+01
67	66	73	-1.466122e+02
67	66	74	8.432525e+02
67	67	72	2.080914e+03
67	67	73	-3.557853e+03
67	67	74	2.046330e+04
67	68	72	4.472249e+03
67	68	73	-7.646451e+03
67	68	74	4.397922e+04
67	84	62	9.258404e+03
67	84	63	6.562325e+01
67	84	64	1.290943e+05
67	85	62	-7.719776e+03
67	85	63	-5.471751e+01
67	85	64	-1.076405e+05
67	86	62	1.115950e+05
67	86	63	7.909817e+02
67	86	64	1.556022e+06
68	66	72	1.983585e+03
68	66	73	-3.391444e+03
68	66	74	1.950618e+04
68	67	72	4.813586e+04
68	67	73	-8.230054e+04
68	67	74	4.733586e+05
68	68	72	1.034524e+05
68	68	73	-1.768783e+05
68	68	74	1.017331e+06
68	77	41	2.941648e+01
68	77	42	5.519476e+02
68	77	43	2.089390e+02
68	78	41	8.048059e+02
68	78	42	1.510074e+04
68	78	43	5.716366e+03
68	79	41	1.659049e+03
68	79	42	3.112908e+04
68	79	43	1.178387e+04
69	66	72	8.304292e+02
69	66	73	-1.419830e+03
69	66	74	8.166277e+03
69	67	72	2.015211e+04
69	67	73	-3.445518e+04
69	67	74	1.981719e+05
69	68	72	4.331043e+04
69	68	73	-7.405022e+04
69	68	74	4.259062e+05
69	72	55	8.830160e-02
69	72	56	7.231453e+00
69	72	57	4.595176e+00
69	72	65	6.022088e+02
69	72	66	1.539277e+03
69	72	67	1.143267e+04
69	73	55	1.642497e+01
69	73	56	1.345121e+03
69	73	57	8.547479e+02
69	73	65	-1.023790e+02
69	73	66	-2.616861e+02
69	73	67	-1.943620e+03
69	74	55	2.189899e+01
69	74	56	1.793416e+03
69	74	57	1.139614e+03
69	74	65	8.165366e+03
69	74	66	2.087110e+04
69	74	67	1.550159e+05
69	77	41	6.209977e+02
69	77	42	1.165191e+04
69	77	43	4.410815e+03
69	78	41	1.698988e+04
69	78	42	3.187848e+05
69	78	43	1.206756e+05
69	79	41	3.502341e+04
69	79	42	6.571517e+05
69	79	43	2.487639e+05
70	72	55	1.975437e+01
70	72	56	1.617783e+03
70	72	57	1.028009e+03
70	72	65	4.711387e+03
70	72	66	1.204255e+04
70	72	67	8.944362e+04
70	73	55	3.674507e+03
70	73	56	3.009235e+05
70	73	57	1.912197e+05
70	73	65	-8.009631e+02
70	73	66	-2.047304e+03
70	73	67	-1.520594e+04
70	74	55	4.899127e+03
70	74	56	4.012137e+05
70	74	57	2.549484e+05
70	74	65	6.388183e+04
70	74	66	1.632853e+05
70	74	67	1.212769e+06
70	77	41	2.491442e+02
70	77	42	4.674745e+03
70	77	43	1.769618e+03
70	78	41	6.816339e+03
70	78	42	1.278964e+05
70	78	43	4.841502e+04
70	79	41	1.405139e+04
70	79	42	2.636492e+05
70	79	43	9.980403e+04
71	43	87	5.258850e+01
71	43	88	5.093084e+02
71	43	89	9.455722e+02
71	43	90	2.207597e+02
71	44	87	3.113684e+03
71	44	88	2.861726e+04
71	44	89	4.051813e+04
71	44	90	9.067274e+03
71	45	87	5.140915e+03
71	45	88	4.332262e+04
71	45	89	2.741193e+04
71	45	90	4.750314e+03
71	72	55	1.505424e+01
71	72	56	1.232866e+03
71	72	57	7.834157e+02
71	72	65	1.001996e+03
71	72	66	2.561156e+03
71	72	67	1.902247e+04
71	73	55	2.800236e+03
71	73	56	2.293251e+05
71	73	57	1.457230e+05
71	73	65	-1.703452e+02
71	73	66	-4.354113e+02
71	73	67	-3.233930e+03
71	74	55	3.733483e+03
71	74	56	3.057534e+05
71	74	57	1.942888e+05
71	74	65	1.358610e+04
71	74	66	3.472678e+04
71	74	67	2.579262e+05
72	43	87	8.480659e+02
72	43	88	7.222639e+03
72	43	89	5.285942e+03
72	43	90	9.813696e+02
72	44	87	5.021268e+04
72	44	88	4.208038e+05
72	44	89	2.442119e+05
72	44	90	4.030783e+04
72	45	87	8.290471e+04
72	45	88	6.773222e+05
72	45	89	2.276777e+05
72	45	90	2.111714e+04
73	12	98	1.236775e+00
73	12	99	1.723890e+02
73	12	100	1.220149e+02
73	13	98	2.307866e+00
73	13	99	3.216840e+02
73	13	100	2.276841e+02
73	14	98	2.187814e+01
73	14	99	3.049505e+03
73	14	100	2.158403e+03
73	15	97	5.341400e+02
73	15	98	8.913132e+01
73	15	99	7.630269e+03
73	16	97	1.007833e+04
73	16	98	1.681760e+03
73	16	99	1.439705e+05
73	17	97	3.825991e+03
73	17	98	6.384386e+02
73	17	99	5.465485e+04
73	43	87	2.962274e+02
73	43	88	4.287556e+03
73	43	89	1.959285e+04
73	43	90	4.936174e+03
73	44	82	6.130187e-01
73	44	83	4.751829e+00
73	44	84	1.002725e+00
73	44	87	1.753917e+04
73	44	88	2.194676e+05
73	44	89	8.142047e+05
73	44	90	2.027437e+05
73	45	82	-6.687498e-01
73	45	83	-5.183830e+00
73	45	84	-1.093886e+00
73	45	87	2.895842e+04
73	45	88	2.745600e+05
73	45	89	4.613966e+05
73	45	90	1.062167e+05
73	46	82	7.010406e+00
73	46	83	5.434133e+01
73	46	84	1.146704e+01
73	72	75	2.272679e+02
73	72	76	-2.914705e+02
73	72	77	2.490775e+03
73	73	75	4.578043e+03
73	73	76	-5.871328e+03
73	73	77	5.017371e+04
73	74	75	1.795554e+03
73	74	76	-2.302794e+03
73	74	77	1.967864e+04
74	12	98	2.380753e+02
74	12	99	3.318435e+04
74	12	100	2.348748e+04
74	13	98	4.442570e+02
74	13	99	6.192318e+04
74	13	100	4.382849e+04
74	14	98	4.211474e+03
74	14	99	5.870202e+05
74	14	100	4.154859e+05
74	15	97	-9.051034e+02
74	15	98	-1.510335e+02
74	15	99	-1.292954e+04
74	16	97	-1.707780e+04
74	16	98	-2.849752e+03
74	16	99	-2.439588e+05
74	17	97	-6.483164e+03
74	17	98	-1.081838e+03
74	17	99	-9.261296e+04
74	44	82	8.543951e+03
74	44	83	6.622864e+04
74	44	84	1.397549e+04
74	45	82	-9.253758e+03
74	45	83	-6.744108e+04
74	45	84	-1.228524e+04
74	46	82	9.771256e+04
74	46	83	7.577408e+05
74	46	84	1.600425e+05
74	47	82	9.431392e+02
74	47	83	6.774423e+04
74	47	84	4.171229e+04
74	72	75	4.580849e+03
74	72	76	-5.874927e+03
74	72	77	5.020447e+04
74	73	75	9.227577e+04
74	73	76	-1.183434e+05
74	73	77	1.011309e+06
74	74	75	3.619149e+04
74	74	76	-4.641549e+04
74	74	77	3.966458e+05
75	12	98	1.775623e+02
75	12	99	2.474968e+04
75	12	100	1.751753e+04
75	13	98	3.313376e+02
75	13	99	4.618379e+04
75	13	100	3.268834e+04
75	14	98	3.141019e+03
75	14	99	4.378138e+05
75	14	100	3.098794e+05
75	15	97	5.275072e+03
75	15	98	8.802451e+02
75	15	99	7.535519e+04
75	16	97	9.953183e+04
75	16	98	1.660876e+04
75	16	99	1.421827e+06
75	17	97	3.778481e+04
75	17	98	6.305107e+03
75	17	99	5.397616e+05
75	44	82	8.837759e+03
75	44	83	6.850610e+04
75	44	84	1.445608e+04
75	45	82	-8.804969e+03
75	45	83	-1.466743e+04
75	45	84	2.121470e+04
75	46	82	1.011298e+05
75	46	83	7.879022e+05
75	46	84	1.680732e+05
75	47	82	1.178129e+04
75	47	83	8.462320e+05
75	47	84	5.210521e+05
75	72	75	1.797194e+03
75	72	76	-2.304897e+03
75	72	77	1.969661e+04
75	73	75	3.620235e+04
75	73	76	-4.642942e+04
75	73	77	3.967648e+05
75	74	75	1.419892e+04
75	74	76	-1.821009e+04
75	74	77	1.556152e+05
76	30	106	2.822480e+00
76	30	107	-3.448022e+00
76	30	108	3.136507e+01
76	31	106	1.253390e+03
76	31	107	-1.531178e+03
76	31	108	1.392842e+04
76	32	106	1.511863e+03
76	32	107	-1.846935e+03
76	32	108	1.680072e+04
76	41	94	9.934094e-01
76	41	95	-1.456144e+00
76	41	96	1.041957e+01
76	42	94	2.925345e+03
76	42	95	-4.287983e+03
76	42	96	3.068307e+04
76	43	94	2.716557e+03
76	43	95	-3.981941e+03
76	43	96	2.849315e+04
76	45	82	2.509003e+02
76	45	83	1.802178e+04
76	45	84	1.109659e+04
76	46	82	1.869163e+01
76	46	83	1.342591e+03
76	46	84	8.266762e+02
76	47	82	3.534734e+03
76	47	83	2.538944e+05
76	47	84	1.563309e+05
77	29	106	9.698232e+02
77	29	107	-1.061714e+03
77	29	108	1.108167e+04
77	30	106	9.646172e+03
77	30	107	-1.057578e+04
77	30	108	1.101831e+05
77	31	106	5.710841e+04
77	31	107	-6.945794e+04
77	31	108	6.353830e+05
77	32	106	6.596340e+04
77	32	107	-8.058278e+04
77	32	108	7.330245e+05
77	41	94	7.547719e+00
77	41	95	-1.106348e+01
77	41	96	7.916578e+01
77	42	94	2.222616e+04
77	42	95	-3.257921e+04
77	42	96	2.331236e+05
77	43	94	2.063984e+04
77	43	95	-3.025396e+04
77	43	96	2.164851e+05
78	29	106	9.978496e+03
78	29	107	-1.092396e+04
78	29	108	1.140191e+05
78	30	106	9.804807e+04
78	30	107	-1.073465e+05
78	30	108	1.120324e+06
78	31	106	5.414721e+04
78	31	107	-6.298557e+04
78	31	108	6.095391e+05
78	32	106	3.525047e+04
78	32	107	-4.306298e+04
78	32	108	3.917242e+05
78	41	94	2.743746e+01
78	41	95	-4.021796e+01
78	41	96	2.877834e+02
78	42	94	8.079654e+04
78	42	95	-1.184319e+05
78	42	96	8.474508e+05
78	43	94	7.502993e+04
78	43	95	-1.099792e+05
78	43	96	7.869665e+05
79	20	103	2.062839e+01
79	20	104	4.682306e+02
79	20	105	1.943388e+02
79	21	103	3.918553e+02
79	21	104	8.894470e+03
79	21	105	3.691644e+03
79	22	103	1.492670e+02
79	22	104	3.388115e+03
79	22	105	1.406235e+03
79	29	106	2.625661e+03
79	29	107	-2.874444e+03
79	29	108	3.000207e+04
79	30	106	2.578227e+04
79	30	107	-2.822515e+04
79	30	108	2.946006e+05
79	31	106	6.558110e+03
79	31	107	-7.179495e+03
79	31	108	7.493612e+04
80	6	85	3.433820e+00
80	6	86	5.911766e+02
80	6	87	4.334281e+02
80	7	85	3.084345e+01
80	7	86	5.310100e+03
80	7	87	3.893162e+03
80	8	85	1.024254e+02
80	8	86	1.763386e+04
80	8	87	1.292847e+04
80	20	103	1.400442e+03
80	20	104	3.178772e+04
80	20	105	1.319347e+04
80	21	103	2.660267e+04
80	21	104	6.038369e+05
80	21	105	2.506221e+05
80	22	103	1.013359e+04
80	22	104	2.300158e+05
80	22	105	9.546790e+04
81	6	85	4.470806e+01
81	6	86	7.697071e+03
81	6	87	5.643198e+03
81	7	85	4.015792e+02
81	7	86	6.913707e+04
81	7	87	5.068865e+04
81	8	85	1.333571e+03
81	8	86	2.295914e+05
81	8	87	1.683277e+05
81	20	103	8.501121e+02
81	20	104	1.929615e+04
81	20	105	8.008853e+03
81	21	103	1.614866e+04
81	21	104	3.665480e+05
81	21	105	1.521355e+05
81	22	103	6.151408e+03
81	22	104	1.396268e+05
81	22	105	5.795203e+04
82	2	86	1.511955e+00
82	2	87	5.583963e+01
82	2	88	2.820603e+01
82	3	86	7.656844e+01
82	3	87	2.827830e+03
82	3	88	1.428410e+03
82	4	86	4.285746e+01
82	4	87	1.582815e+03
82	4	88	7.995203e+02
82	6	85	1.237201e+02
82	6	86	2.130002e+04
82	6	87	1.561636e+04
82	7	85	1.111286e+03
82	7	86	1.913222e+05
82	7	87	1.402701e+05
82	8	85	3.690375e+03
82	8	86	6.353458e+05
82	8	87	4.658112e+05
83	2	86	1.862590e+02
83	2	87	6.878928e+03
83	2	88	3.474724e+03
83	3	86	9.432528e+03
83	3	87	3.483627e+05
83	3	88	1.759670e+05
83	4	86	5.279645e+03
83	4	87	1.949882e+05
83	4	88	9.849355e+04
84	2	86	2.647807e+02
84	2	87	9.778896e+03
84	2	88	4.939572e+03
84	3	86	1.340902e+04
84	3	87	4.952229e+05
84	3	88	2.501498e+05
84	4	86	7.505399e+03
84	4	87	2.771899e+05
84	4	88	1.400157e+05
85	92	38	9.276222e+01
85	92	39	7.116353e+03
85	92	40	4.452821e+03
85	93	38	1.219926e+03
85	93	39	9.358795e+04
85	93	40	5.855955e+04
85	94	38	3.780741e+02
85	94	39	2.900436e+04
85	94	40	1.814851e+04
86	92	38	-1.458031e+02
86	92	39	-1.118544e+04
86	92	40	-6.998918e+03
86	93	38	-1.917473e+03
86	93	39	-1.471010e+05
86	93	40	-9.204355e+04
86	94	38	-5.942546e+02
86	94	39	-4.558888e+04
86	94	40	-2.852572e+04
87	92	38	9.469640e+02
87	92	39	7.264735e+04
87	92	40	4.545666e+04
87	93	38	1.245363e+04
87	93	39	9.553934e+05
87	93	40	5.978056e+05
87	94	38	3.859573e+03
87	94	39	2.960912e+05
87	94	40	1.852692e+05
90	4	88	2.473788e+01
90	4	89	6.673001e+02
90	4	90	1.382218e+03
90	5	88	2.301465e+02
90	5	89	6.208162e+03
90	5	90	1.285933e+04
90	6	88	5.622723e+01
90	6	89	1.516720e+03
90	6	90	3.141670e+03
91	4	88	6.117572e+02
91	4	89	1.650205e+04
91	4	90	3.418165e+04
91	5	88	5.691424e+03
91	5	89	1.535252e+05
91	5	90	3.180057e+05
91	6	88	1.390475e+03
91	6	89	3.750783e+04
91	6	90	7.769216e+04
92	4	88	1.305990e+03
92	4	89	3.522886e+04
92	4	90	7.297159e+04
92	5	88	1.215015e+04
92	5	89	3.277482e+05
92	5	90	6.788841e+05
92	6	88	2.968411e+03
92	6	89	8.007238e+04
92	6	90	1.658586e+05
93	11	94	1.801897e+02
93	11	95	1.238740e+03
93	11	96	4.764978e+03
93	12	94	1.904012e+03
93	12	95	1.308941e+04
93	12	96	5.035011e+04
93	13	94	5.105679e+02
93	13	95	3.509973e+03
93	13	96	1.350157e+04
94	11	94	2.934227e+03
94	11	95	2.017177e+04
94	11	96	7.759336e+04
94	12	94	3.100512e+04
94	12	95	2.131492e+05
94	12	96	8.199062e+05
94	13	94	8.314139e+03
94	13	95	5.715675e+04
94	13	96	2.198609e+05
95	11	94	1.030439e+03
95	11	95	7.083902e+03
95	11	96	2.724916e+04
95	12	94	1.088834e+04
95	12	95	7.485351e+04
95	12	96	2.879338e+05
95	13	94	2.919751e+03
95	13	95	2.007225e+04
95	13	96	7.721054e+04
109	0	106	1.130831e+03
109	0	107	1.096521e+04
109	0	108	2.763390e+03
109	1	106	-1.324269e+03
109	1	107	-1.284090e+04
109	1	108	-3.236091e+03
109	2	106	1.270882e+04
109	2	107	1.232322e+05
109	2	108	3.105630e+04
110	0	106	1.042499e+04
110	0	107	1.010869e+05
110	0	108	2.547534e+04
110	1	106	-1.220827e+04
110	1	107	-1.183786e+05
110	1	108	-2.983311e+04
110	2	106	1.171610e+05
110	2	107	1.136062e+06
110	2	108	2.863041e+05
111	0	106	2.529298e+03
111	0	107	2.452556e+04
111	0	108	6.180795e+03
111	1	106	-2.961955e+03
111	1	107	-2.872087e+04
111	1	108	-7.238072e+03
111	2	106	2.842545e+04
111	2	107	2.756300e+05
111	2	108	6.946272e+04
112	6	103	4.070192e+00
112	6	104	5.792873e+00
112	6	105	6.852513e+01
112	7	103	5.236129e+03
112	7	104	7.452284e+03
112	7	105	8.815466e+04
112	8	103	5.849247e+03
112	8	104	8.324900e+03
112	8	105	9.847702e+04
113	6	103	-6.448063e+00
113	6	104	-9.177161e+00
113	6	105	-1.085586e+02
113	7	103	-8.295159e+03
113	7	104	-1.180603e+04
113	7	105	-1.396560e+05
113	8	103	-9.266470e+03
113	8	104	-1.318844e+04
113	8	105	-1.560089e+05
114	6	103	4.141523e+01
114	6	104	5.894394e+01
114	6	105	6.972605e+02
114	7	103	5.327894e+04
114	7	104	7.582888e+04
114	7	105	8.969960e+05
114	8	103	5.951757e+04
114	8	104	8.470796e+04
114	8	105	1.002029e+06
116	14	96	2.341525e-03
116	14	97	4.298948e-02
116	14	98	1.609336e-02
116	15	96	4.067164e+00
116	15	97	7.467155e+01
116	15	98	2.795373e+01
116	16	96	3.692867e+00
116	16	97	6.779960e+01
116	16	98	2.538117e+01
117	14	96	1.144043e+01
117	14	97	2.100418e+02
117	14	98	7.863039e+01
117	15	96	1.987171e+04
117	15	97	3.648369e+05
117	15	98	1.365788e+05
117	16	96	1.804294e+04
117	16	97	3.312613e+05
117	16	98	1.240096e+05
118	14	96	1.211170e+01
118	14	97	2.223662e+02
118	14	98	8.324407e+01
118	15	96	2.103770e+04
118	15	97	3.862440e+05
118	15	98	1.445927e+05
118	16	96	1.910162e+04
118	16	97	3.506983e+05
118	16	98	1.312859e+05
