0.0158	-4.635626e+06	766
7	5	117	2.955042e+02
7	5	118	2.330178e+00
7	5	119	4.120862e+03
7	6	117	7.416198e+01
7	6	118	5.847991e-01
7	6	119	1.034203e+03
7	7	117	4.273920e+03
7	7	118	3.370170e+01
7	7	119	5.960062e+04
8	5	117	1.497906e+03
8	5	118	1.181163e+01
8	5	119	2.088858e+04
8	6	117	3.759259e+02
8	6	118	2.964337e+00
8	6	119	5.242357e+03
8	7	117	2.166443e+04
8	7	118	1.708334e+02
8	7	119	3.021146e+05
9	5	117	6.924068e+03
9	5	118	5.459925e+01
9	5	119	9.655743e+04
9	6	117	1.737717e+03
9	6	118	1.370264e+01
9	6	119	2.423278e+04
9	7	117	1.001438e+05
9	7	118	7.896768e+02
9	7	119	1.396524e+06
34	66	66	3.727353e+02
34	66	67	-7.206575e+02
34	66	68	3.428258e+03
34	67	66	1.382113e+04
34	67	67	-2.672219e+04
34	67	68	1.271208e+05
34	68	66	6.991282e+03
34	68	67	-1.351715e+04
34	68	68	6.430278e+04
35	66	66	3.238057e+03
35	66	67	-6.260556e+03
35	66	68	2.978225e+04
35	67	66	1.200681e+05
35	67	67	-2.321432e+05
35	67	68	1.104334e+06
35	68	66	6.073525e+04
35	68	67	-1.174273e+05
35	68	68	5.586164e+05
35	71	34	6.713055e+02
35	71	35	6.026144e+02
35	71	36	1.060306e+04
35	72	34	4.720166e+03
35	72	35	4.237177e+03
35	72	36	7.455355e+04
35	73	34	9.145986e+02
35	73	35	8.210126e+02
35	73	36	1.444580e+04
36	66	66	7.501730e+02
36	66	67	-1.450407e+03
36	66	68	6.899765e+03
36	67	66	2.781663e+04
36	67	67	-5.378150e+04
36	67	68	2.558453e+05
36	68	66	1.407076e+04
36	68	67	-2.720483e+04
36	68	68	1.294168e+05
36	71	34	7.520029e+02
36	71	35	6.750544e+02
36	71	36	1.187765e+04
36	72	34	5.287576e+03
36	72	35	4.746527e+03
36	72	36	8.351561e+04
36	73	34	1.024542e+03
36	73	35	9.197062e+02
36	73	36	1.618232e+04
37	71	34	1.090168e+04
37	71	35	9.786174e+03
37	71	36	1.721887e+05
37	72	34	7.665328e+04
37	72	35	6.880976e+04
37	72	36	1.210715e+06
37	73	34	1.485265e+04
37	73	35	1.333286e+04
37	73	36	2.345930e+05
42	69	53	3.434039e-01
42	69	54	8.350120e+02
42	69	55	9.051919e+02
42	70	53	7.301101e+00
42	70	54	1.775316e+04
42	70	55	1.924526e+04
42	71	53	2.939125e+00
42	71	54	7.146700e+03
42	71	55	7.747356e+03
43	66	71	2.359975e+03
43	66	72	-3.879711e+03
43	66	73	2.363279e+04
43	67	71	-4.613178e+03
43	67	72	7.583893e+03
43	67	73	-4.619636e+04
43	68	71	2.155773e+04
43	68	72	-3.544011e+04
43	68	73	2.158791e+05
43	69	53	2.868664e+00
43	69	54	6.975368e+03
43	69	55	7.561624e+03
43	70	53	6.099058e+01
43	70	54	1.483031e+05
43	70	55	1.607675e+05
43	71	53	2.455232e+01
43	71	54	5.970077e+04
43	71	55	6.471842e+04
43	75	57	6.657211e-02
43	75	58	1.122708e+00
43	75	59	4.018745e-01
43	76	57	9.329377e+02
43	76	58	1.573357e+04
43	76	59	5.631846e+03
43	77	57	9.018769e+02
43	77	58	1.520974e+04
43	77	59	5.444342e+03
44	66	71	1.987381e+04
44	66	72	-3.267180e+04
44	66	73	1.990163e+05
44	67	71	-3.884846e+04
44	67	72	6.386542e+04
44	67	73	-3.890284e+05
44	68	71	1.815418e+05
44	68	72	-2.984480e+05
44	68	73	1.817959e+06
44	69	53	9.900907e+00
44	69	54	2.407478e+04
44	69	55	2.609819e+04
44	70	53	2.105029e+02
44	70	54	5.118533e+05
44	70	55	5.548728e+05
44	71	53	8.473987e+01
44	71	54	2.060512e+05
44	71	55	2.233692e+05
44	75	57	2.064978e+00
44	75	58	3.482491e+01
44	75	59	1.246561e+01
44	76	57	2.893848e+04
44	76	58	4.880342e+05
44	76	59	1.746923e+05
44	77	57	2.797502e+04
44	77	58	4.717859e+05
44	77	59	1.688762e+05
45	66	71	4.491247e+03
45	66	72	-7.383442e+03
45	66	73	4.497534e+04
45	67	71	-8.779296e+03
45	67	72	1.443284e+04
45	67	73	-8.791585e+04
45	68	71	4.102632e+04
45	68	72	-6.744574e+04
45	68	73	4.108375e+05
45	75	57	9.778415e-01
45	75	58	1.649085e+01
45	75	59	5.902916e+00
45	76	57	1.370341e+04
45	76	58	2.311018e+05
45	76	59	8.272313e+04
45	77	57	1.324718e+04
45	77	58	2.234076e+05
45	77	59	7.996899e+04
45	82	76	7.147288e-02
45	82	77	1.428330e-03
45	82	78	9.985636e-01
45	83	76	5.614787e+03
45	83	77	1.122072e+02
45	83	78	7.844546e+04
45	84	76	5.535156e+03
45	84	77	1.106158e+02
45	84	78	7.733291e+04
45	88	41	1.958217e+03
45	88	42	-3.519916e+03
45	88	43	1.877698e+04
45	89	41	-1.968511e+03
45	89	42	3.538419e+03
45	89	43	-1.887568e+04
45	90	41	2.280179e+04
45	90	42	-4.098646e+04
45	90	43	2.186421e+05
46	73	65	3.871367e+00
46	73	66	4.853641e+01
46	73	67	1.459636e+01
46	74	65	1.760674e+01
46	74	66	2.207407e+02
46	74	67	6.638336e+01
46	75	65	8.725034e+01
46	75	66	1.093882e+03
46	75	67	3.289632e+02
46	76	55	3.919935e-02
46	76	56	7.673980e+02
46	76	57	7.457321e+02
46	77	55	4.973599e-01
46	77	56	9.736719e+03
46	77	57	9.461822e+03
46	78	55	1.507117e-01
46	78	56	2.950454e+03
46	78	57	2.867154e+03
46	82	76	-5.884915e-02
46	82	77	-1.176055e-03
46	82	78	-8.221947e-01
46	83	76	-4.623089e+03
46	83	77	-9.238886e+01
46	83	78	-6.459022e+04
46	84	76	-4.557522e+03
46	84	77	-9.107856e+01
46	84	78	-6.367417e+04
46	88	41	1.494774e+04
46	88	42	-2.686871e+04
46	88	43	1.433311e+05
46	89	41	-1.502631e+04
46	89	42	2.700996e+04
46	89	43	-1.440845e+05
46	90	41	1.740538e+05
46	90	42	-3.128635e+05
46	90	43	1.668969e+06
47	73	65	1.918628e+03
47	73	66	2.405437e+04
47	73	67	7.233874e+03
47	74	65	8.725804e+03
47	74	66	1.098791e+05
47	74	67	3.304615e+04
47	74	68	7.014994e+03
47	75	65	4.324078e+04
47	75	66	5.478576e+05
47	75	67	1.647836e+05
47	75	68	8.361526e+04
47	75	72	1.523303e+01
47	75	73	3.264750e+02
47	75	74	7.342864e+02
47	75	75	2.241540e+02
47	75	76	2.798137e+00
47	75	77	3.128088e+03
47	76	55	1.922010e+00
47	76	56	3.762681e+04
47	76	57	3.656450e+04
47	76	66	1.669445e+03
47	76	67	5.446980e+02
47	76	68	2.456911e+04
47	76	69	4.285522e+01
47	76	72	-2.480998e+01
47	76	73	-5.317286e+02
47	76	74	-1.195929e+03
47	76	75	2.971666e+03
47	76	76	3.709561e+01
47	76	77	4.146986e+04
47	77	55	2.438639e+01
47	77	56	4.774077e+05
47	77	57	4.639290e+05
47	77	60	1.059448e-01
47	77	61	1.444486e+00
47	77	62	3.914491e+00
47	77	67	-1.411233e+01
47	77	68	-9.387341e+01
47	77	69	-1.728601e+01
47	77	72	1.531744e+02
47	77	73	3.282841e+03
47	77	74	7.383552e+03
47	77	75	8.155925e+03
47	77	76	1.018112e+02
47	77	77	1.138166e+05
47	78	55	7.389648e+00
47	78	56	1.446657e+05
47	78	57	1.405814e+05
47	78	60	4.032419e+02
47	78	61	5.497933e+03
47	78	62	1.489915e+04
47	78	67	4.563116e+02
47	78	68	3.035325e+03
47	78	69	5.589299e+02
47	79	60	3.778286e+02
47	79	61	5.151439e+03
47	79	62	1.396017e+04
47	79	68	2.578861e+03
47	79	69	1.597918e+04
47	79	70	2.749351e+03
47	80	68	-4.180053e+03
47	80	69	-2.590051e+04
47	80	70	-4.456397e+03
47	81	68	2.598597e+04
47	81	69	1.610146e+05
47	81	70	2.770391e+04
47	81	74	1.997597e+02
47	81	75	2.338237e+03
47	81	76	6.724471e+02
47	82	54	2.228769e+02
47	82	55	5.049720e+03
47	82	56	2.094129e+03
47	82	74	3.890907e+03
47	82	75	4.554403e+04
47	82	76	1.309874e+04
47	82	77	1.725134e-02
47	82	78	1.206063e+01
47	83	54	1.894230e+03
47	83	55	4.291756e+04
47	83	56	1.779800e+04
47	83	74	1.500910e+03
47	83	75	1.756852e+04
47	83	76	7.286774e+04
47	83	77	1.355236e+03
47	83	78	9.474623e+05
47	84	54	4.312510e+02
47	84	55	9.770850e+03
47	84	56	4.051991e+03
47	84	76	6.685347e+04
47	84	77	1.336015e+03
47	84	78	9.340249e+05
47	87	68	2.440213e+02
47	87	69	1.212732e+03
47	87	70	5.676446e+03
47	88	41	3.113211e+03
47	88	42	-5.596029e+03
47	88	43	2.985199e+04
47	88	68	2.292753e+03
47	88	69	1.139447e+04
47	88	70	5.333425e+04
47	89	41	-3.129576e+03
47	89	42	5.625446e+03
47	89	43	-3.000892e+04
47	89	68	5.643464e+02
47	89	69	2.804676e+03
47	89	70	1.312788e+04
47	90	41	3.625072e+04
47	90	42	-6.516104e+04
47	90	43	3.476013e+05
47	92	50	4.664409e+00
47	92	51	9.471170e+02
47	92	52	1.247589e+03
47	93	50	4.942566e+01
47	93	51	1.003597e+04
47	93	52	1.321988e+04
47	94	50	1.508732e+02
47	94	51	3.063509e+04
47	94	52	4.035405e+04
48	59	57	1.359019e+02
48	59	58	2.216138e+03
48	59	59	7.788609e+02
48	60	57	4.689613e+03
48	60	58	7.647306e+04
48	60	59	2.687642e+04
48	61	57	2.311698e+03
48	61	58	3.769663e+04
48	61	59	1.324846e+04
48	64	63	3.162007e+00
48	64	64	1.261810e+01
48	64	65	6.819306e+01
48	65	63	1.176161e+03
48	65	64	4.693511e+03
48	65	65	2.536554e+04
48	66	63	1.443212e+03
48	66	64	5.759188e+03
48	66	65	3.112486e+04
48	73	65	2.291506e+03
48	73	66	2.872925e+04
48	73	67	8.639750e+03
48	74	65	1.042163e+04
48	74	66	1.308791e+05
48	74	67	3.936029e+04
48	74	68	3.209734e+03
48	75	58	4.395584e+00
48	75	59	3.006135e+01
48	75	60	1.159812e+02
48	75	65	5.164446e+04
48	75	66	6.501055e+05
48	75	67	1.955183e+05
48	75	68	3.825844e+04
48	75	72	1.201537e+03
48	75	73	2.575140e+04
48	75	74	5.791837e+04
48	75	75	2.003551e+03
48	75	76	2.501053e+01
48	75	77	2.795973e+04
48	76	38	1.038583e+03
48	76	39	-6.813266e+02
48	76	40	1.294907e+04
48	76	55	1.065379e+00
48	76	56	2.085672e+04
48	76	57	2.026787e+04
48	76	58	3.440911e+03
48	76	59	2.399908e+04
48	76	60	9.150552e+04
48	76	66	7.638600e+02
48	76	67	7.534715e+03
48	76	68	5.970379e+04
48	76	69	8.943502e+03
48	76	72	-1.956939e+03
48	76	73	-4.194120e+04
48	76	74	-9.433141e+04
48	76	75	2.656159e+04
48	76	76	3.315710e+02
48	76	77	3.706692e+05
48	77	38	8.898199e+03
48	77	39	-5.837356e+03
48	77	40	1.109429e+05
48	77	55	1.351749e+01
48	77	56	2.646293e+05
48	77	57	2.571580e+05
48	77	58	3.202729e+03
48	77	59	2.448659e+04
48	77	60	8.846277e+04
48	77	61	4.839070e+01
48	77	62	1.311366e+02
48	77	67	-2.945118e+03
48	77	68	-1.959054e+04
48	77	69	-3.607435e+03
48	77	72	1.208195e+04
48	77	73	2.589409e+05
48	77	74	5.823930e+05
48	77	75	7.289994e+04
48	77	76	9.100174e+02
48	77	77	1.017325e+06
48	78	38	2.038888e+03
48	78	39	-1.337542e+03
48	78	40	2.542089e+04
48	78	55	4.096116e+00
48	78	56	8.018886e+04
48	78	57	7.792489e+04
48	78	58	1.177416e+03
48	78	59	1.935661e+04
48	78	60	6.187248e+04
48	78	61	1.841823e+05
48	78	62	4.991258e+05
48	78	67	9.522816e+04
48	78	68	6.334453e+05
48	78	69	1.166437e+05
48	78	70	5.594503e-01
48	78	71	5.304461e+02
48	78	72	4.653467e+02
48	79	60	1.265737e+04
48	79	61	1.725747e+05
48	79	62	4.676696e+05
48	79	68	1.958072e+04
48	79	69	1.213263e+05
48	79	70	2.088498e+04
48	79	71	9.270710e+03
48	79	72	8.132954e+03
48	80	68	-3.173821e+04
48	80	69	-1.966568e+05
48	80	70	-3.381261e+04
48	80	71	2.258528e+04
48	80	72	1.981348e+04
48	81	68	1.973057e+05
48	81	69	1.222548e+06
48	81	70	2.103496e+05
48	81	74	5.283837e+02
48	81	75	6.184863e+03
48	81	76	1.778687e+03
48	82	54	7.099332e+02
48	82	55	1.608495e+04
48	82	56	6.670461e+03
48	82	74	1.029182e+04
48	82	75	1.204684e+05
48	82	76	3.464515e+04
48	83	54	6.033721e+03
48	83	55	1.367060e+05
48	83	56	5.669224e+04
48	83	74	3.970051e+03
48	83	75	4.647043e+04
48	83	76	1.336430e+04
48	84	54	1.373670e+03
48	84	55	3.112324e+04
48	84	56	1.290687e+04
48	87	68	3.909378e+03
48	87	69	1.942874e+04
48	87	70	9.094032e+04
48	88	68	3.673138e+04
48	88	69	1.825468e+05
48	88	70	8.544489e+05
48	89	68	9.041192e+03
48	89	69	4.493272e+04
48	89	70	2.103171e+05
48	91	73	4.525874e+02
48	91	74	3.444119e+03
48	91	75	7.154238e+02
48	92	50	7.047109e+01
48	92	51	1.430929e+04
48	92	52	1.884890e+04
48	92	73	8.190463e+03
48	92	74	6.232815e+04
48	92	75	1.294701e+04
48	93	50	7.467356e+02
48	93	51	1.516261e+05
48	93	52	1.997293e+05
48	93	73	3.043378e+03
48	93	74	2.315963e+04
48	93	75	4.810795e+03
48	94	50	2.279431e+03
48	94	51	4.628428e+05
48	94	52	6.096793e+05
49	59	57	1.253069e+03
49	59	58	2.043368e+04
49	59	59	7.181407e+03
49	60	57	4.324009e+04
49	60	58	7.051120e+05
49	60	59	2.478113e+05
49	61	57	2.131477e+04
49	61	58	3.475779e+05
49	61	59	1.221561e+05
49	63	62	2.967009e+01
49	63	63	1.923707e+03
49	63	64	1.153911e+03
49	64	61	1.279568e+02
49	64	62	4.431623e+02
49	64	63	2.799054e+04
49	64	64	1.588655e+04
49	64	65	1.389444e+03
49	65	61	8.255782e+03
49	65	62	3.756187e+03
49	65	63	2.154350e+05
49	65	64	1.381121e+05
49	65	65	5.168267e+05
49	66	61	4.945765e+03
49	66	62	1.595846e+03
49	66	63	1.016828e+05
49	66	64	1.173443e+05
49	66	65	6.341739e+05
49	69	62	4.857981e+00
49	69	63	9.192330e+02
49	69	64	1.222651e+03
49	70	62	2.032257e+02
49	70	63	3.848622e+04
49	70	64	5.110855e+04
49	70	65	3.502721e+02
49	71	62	1.071198e+02
49	71	63	2.024811e+04
49	71	64	2.701649e+04
49	71	65	3.588056e+02
49	71	66	2.291092e+02
49	72	63	3.930294e+02
49	72	64	-5.407958e+02
49	72	65	3.273438e+03
49	72	66	-4.170636e+02
49	73	63	5.187119e-02
49	73	64	2.981851e+02
49	73	65	5.700846e+03
49	73	66	2.736776e+03
49	73	67	1.827358e+02
49	73	73	8.615492e+01
49	73	74	3.373333e+03
49	73	75	6.213906e+03
49	74	63	9.865353e+00
49	74	64	1.461713e+03
49	74	65	1.108718e+03
49	74	66	8.089551e+03
49	74	67	2.485630e+03
49	74	68	1.045212e+05
49	74	73	8.346110e+02
49	74	74	3.267858e+04
49	74	75	6.019615e+04
49	75	58	3.110197e+01
49	75	59	2.127061e+02
49	75	60	8.206522e+02
49	75	63	1.311234e+01
49	75	64	1.942806e+03
49	75	65	2.048769e+03
49	75	66	9.707721e+04
49	75	67	2.567165e+04
49	75	68	1.265444e+06
49	75	72	1.859519e+03
49	75	73	4.006347e+04
49	75	74	9.786506e+04
49	75	75	1.563421e+04
49	75	76	5.925204e+00
49	75	77	6.623894e+03
49	76	38	-5.110663e+02
49	76	39	3.352674e+02
49	76	40	-6.371982e+03
49	76	58	2.414221e+04
49	76	59	1.664449e+05
49	76	60	6.390580e+05
49	76	66	2.725888e+04
49	76	67	1.300513e+04
49	76	68	4.495404e+05
49	76	69	1.173760e+04
49	76	72	-3.028591e+03
49	76	73	-6.490888e+04
49	76	74	-1.459888e+05
49	76	75	6.292663e+03
49	76	76	7.855195e+01
49	76	77	8.781465e+04
49	77	38	-4.378629e+03
49	77	39	2.872448e+03
49	77	40	-5.459281e+04
49	77	58	2.152841e+04
49	77	59	1.546303e+05
49	77	60	5.793665e+05
49	77	61	2.359438e+01
49	77	62	6.393970e+01
49	77	67	-3.865220e+03
49	77	68	-2.571094e+04
49	77	69	-4.734455e+03
49	77	72	1.869823e+04
49	77	73	4.007412e+05
49	77	74	9.013210e+05
49	77	75	1.727061e+04
49	77	76	2.155908e+02
49	77	77	2.410128e+05
49	78	38	-1.003297e+03
49	78	39	6.581782e+02
49	78	40	-1.250912e+04
49	78	58	3.371889e+03
49	78	59	5.543355e+04
49	78	60	1.450910e+05
49	78	61	8.980379e+04
49	78	62	2.433642e+05
49	78	67	1.249790e+05
49	78	68	8.313437e+05
49	78	69	1.530850e+05
49	78	70	3.709089e+00
49	78	71	3.516795e+03
49	78	72	3.085193e+03
49	79	60	6.171491e+03
49	79	61	8.414413e+04
49	79	62	2.280268e+05
49	79	68	4.059536e+03
49	79	69	2.515376e+04
49	79	70	4.392738e+03
49	79	71	6.146371e+04
49	79	72	5.392052e+04
49	80	68	-6.580066e+03
49	80	69	-4.077150e+04
49	80	70	-6.857151e+03
49	80	71	1.497377e+05
49	80	72	1.313610e+05
49	81	68	4.090603e+04
49	81	69	2.534626e+05
49	81	70	4.361034e+04
49	81	74	3.825171e+03
49	81	75	4.477458e+04
49	81	76	1.287660e+04
49	82	54	4.487277e+03
49	82	55	1.016682e+05
49	82	56	4.216201e+04
49	82	74	7.450644e+04
49	82	75	8.721164e+05
49	82	76	2.508095e+05
49	83	54	3.813736e+04
49	83	55	8.640779e+05
49	83	56	3.583348e+05
49	83	74	2.874071e+04
49	83	75	3.364172e+05
49	83	76	9.674926e+04
49	84	54	8.682563e+03
49	84	55	1.967208e+05
49	84	56	8.158049e+04
49	87	68	1.360560e+03
49	87	69	6.761679e+03
49	87	70	3.164947e+04
49	88	68	1.278342e+04
49	88	69	6.353078e+04
49	88	70	2.973692e+05
49	89	68	3.146557e+03
49	89	69	1.563769e+04
49	89	70	7.319552e+04
49	91	73	5.641591e+03
49	91	74	4.293163e+04
49	91	75	8.917899e+03
49	92	50	2.372663e+01
49	92	51	4.817736e+03
49	92	52	6.346158e+03
49	92	73	1.020957e+05
49	92	74	7.769327e+05
49	92	75	1.613870e+05
49	93	50	2.514154e+02
49	93	51	5.105036e+04
49	93	52	6.724605e+04
49	93	73	3.793631e+04
49	93	74	2.886894e+05
49	93	75	5.996751e+04
49	94	50	7.674526e+02
49	94	51	1.558327e+05
49	94	52	2.052705e+05
50	59	57	3.040564e+02
50	59	58	4.958218e+03
50	59	59	1.742564e+03
50	60	57	1.049218e+04
50	60	58	1.710950e+05
50	60	59	6.013126e+04
50	61	57	5.172015e+03
50	61	58	8.433955e+04
50	61	59	2.964110e+04
50	63	62	-1.925444e+01
50	63	63	-1.248391e+03
50	63	64	-7.488315e+02
50	64	61	9.229404e+02
50	64	62	3.700753e+01
50	64	63	-3.395960e+03
50	64	64	-1.004135e+04
50	64	65	5.480001e+02
50	65	61	5.954817e+04
50	65	62	1.850551e+04
50	65	63	8.337259e+05
50	65	64	1.014897e+04
50	65	65	2.038377e+05
50	65	80	5.109250e+01
50	65	81	9.468189e+03
50	65	82	1.263036e+04
50	66	61	3.567333e+04
50	66	62	1.151068e+04
50	66	63	5.329257e+05
50	66	64	4.628090e+04
50	66	65	2.501197e+05
50	66	80	-5.494515e+01
50	66	81	-1.018214e+04
50	66	82	-1.358276e+04
50	67	80	5.862243e+02
50	67	81	1.086360e+05
50	67	82	1.449180e+05
50	69	62	5.235117e+01
50	69	63	1.060686e+04
50	69	64	1.761473e+04
50	69	65	7.801928e+02
50	69	67	7.793374e-01
50	69	68	3.859024e+02
50	69	69	3.217796e+02
50	70	62	2.190025e+03
50	70	63	4.279606e+05
50	70	64	5.742215e+05
50	70	65	9.786582e+04
50	70	67	7.031075e+01
50	70	68	3.481559e+04
50	70	69	2.903051e+04
50	71	62	1.154358e+03
50	71	63	2.321007e+05
50	71	64	4.227417e+05
50	71	65	2.639113e+04
50	71	66	2.574554e+04
50	71	67	4.228160e+02
50	71	68	5.260115e+04
50	71	69	4.850498e+04
50	72	63	1.032466e+05
50	72	64	-1.337154e+05
50	72	65	1.027589e+06
50	72	66	-4.131057e+04
50	72	67	3.123573e+03
50	72	68	1.781080e+03
50	72	69	4.725404e+04
50	73	62	1.113982e+00
50	73	63	5.631035e+03
50	73	64	4.034616e+04
50	73	65	6.389321e+05
50	73	66	2.659649e+05
50	73	67	9.623212e+03
50	73	68	1.155668e+03
50	73	69	1.224129e+04
50	73	73	1.011945e+03
50	73	74	3.962198e+04
50	73	75	7.298635e+04
50	74	59	5.511552e+01
50	74	60	-7.762365e+01
50	74	61	5.863186e+02
50	74	62	8.550162e+00
50	74	63	4.510112e+04
50	74	64	3.455384e+05
50	74	65	4.196264e+05
50	74	66	1.533799e+05
50	74	67	1.624177e+04
50	74	68	2.101686e+04
50	74	69	5.399439e+03
50	74	73	9.803047e+03
50	74	74	3.838311e+05
50	74	75	7.070428e+05
50	75	58	6.060695e+00
50	75	59	1.064849e+04
50	75	60	-1.477883e+04
50	75	61	1.128376e+05
50	75	62	1.789138e+00
50	75	63	1.163277e+04
50	75	64	4.003882e+05
50	75	65	4.266182e+05
50	75	66	5.897282e+05
50	75	67	3.202144e+04
50	75	68	6.826106e+05
50	75	69	2.472492e+03
50	75	73	2.468760e+03
50	75	74	9.667939e+04
50	75	75	1.792820e+05
50	75	76	1.928400e+03
50	76	38	1.333799e+04
50	76	39	-8.749926e+03
50	76	40	1.662982e+05
50	76	58	5.627727e+03
50	76	59	6.168745e+04
50	76	60	1.426308e+05
50	76	61	1.497297e+05
50	76	64	5.423774e+02
50	76	65	1.300768e+04
50	76	66	9.199268e+04
50	76	67	-1.389527e+05
50	76	68	7.863981e+05
50	76	69	1.026882e+04
50	76	70	1.057938e+04
50	76	74	2.217759e+01
50	76	75	1.605382e+03
50	76	76	2.530862e+03
50	77	38	1.142750e+05
50	77	39	-7.496616e+04
50	77	40	1.424782e+06
50	77	58	9.304981e+03
50	77	59	1.141374e+05
50	77	60	3.227909e+05
50	77	64	5.762463e+03
50	77	65	1.272199e+05
50	77	66	5.213687e+04
50	77	67	1.760486e+03
50	77	68	1.463462e+03
50	77	69	-1.046520e+04
50	77	70	-8.909355e+03
50	77	74	2.808322e+02
50	77	75	2.032876e+04
50	77	76	3.204799e+04
50	78	38	2.618439e+04
50	78	39	-1.717736e+04
50	78	40	3.264674e+05
50	78	58	2.301839e+04
50	78	59	3.784202e+05
50	78	60	9.455077e+05
50	78	64	1.551159e+03
50	78	65	3.424793e+04
50	78	66	1.410422e+04
50	78	67	1.184907e+04
50	78	68	9.308200e+03
50	78	69	1.187355e+05
50	78	70	1.248867e+05
50	78	71	1.381425e+04
50	78	72	1.211888e+04
50	79	65	4.281525e+01
50	79	66	4.171418e+02
50	79	67	1.054964e+02
50	79	69	1.074513e+03
50	79	70	4.930234e+03
50	79	71	2.550190e+05
50	79	72	2.118041e+05
50	80	65	1.041636e+02
50	80	66	1.014848e+03
50	80	67	2.566580e+02
50	80	69	1.577120e+04
50	80	70	9.655388e+04
50	80	71	6.896315e+05
50	80	72	5.159965e+05
50	81	69	6.024709e+03
50	81	70	4.101685e+04
50	81	71	2.308291e+04
50	91	73	1.690356e+03
50	91	74	1.286334e+04
50	91	75	2.672016e+03
50	92	73	3.059033e+04
50	92	74	2.327876e+05
50	92	75	4.835541e+04
50	93	73	1.136663e+04
50	93	74	8.649825e+04
50	93	75	1.796770e+04
51	63	62	3.704104e+02
51	63	63	2.401613e+04
51	63	64	1.440577e+04
51	64	61	1.829591e+02
51	64	62	5.076158e+03
51	64	63	3.279667e+05
51	64	64	1.951228e+05
51	65	61	1.180453e+04
51	65	62	1.744557e+04
51	65	63	1.056662e+06
51	65	64	5.303466e+05
51	65	80	-1.007318e+02
51	65	81	-1.866708e+04
51	65	82	-2.490148e+04
51	66	61	7.071703e+03
51	66	62	2.281821e+03
51	66	63	1.033455e+05
51	66	80	1.083275e+02
51	66	81	2.007468e+04
51	66	82	2.677919e+04
51	67	80	-1.155775e+03
51	67	81	-2.141821e+05
51	67	82	-2.857143e+05
51	68	64	4.110864e-03
51	68	65	6.253147e-02
51	68	66	1.614794e-01
51	69	62	1.434407e+01
51	69	63	7.800412e+03
51	69	64	3.618370e+04
51	69	65	1.233246e+04
51	69	66	1.876970e+03
51	69	67	4.719083e+00
51	69	68	-1.971623e+02
51	69	69	-1.656091e+02
51	69	70	1.089643e+01
51	70	62	5.955275e+02
51	70	63	1.570510e+05
51	70	64	3.854014e+05
51	70	65	1.559899e+05
51	70	66	1.167944e+04
51	70	67	4.165162e+02
51	70	68	-1.779209e+04
51	70	69	-1.330499e+04
51	70	70	2.063698e+03
51	71	62	3.156534e+02
51	71	63	1.947332e+05
51	71	64	9.692054e+05
51	71	65	2.134458e+05
51	71	66	3.922494e+04
51	71	67	8.174998e+03
51	71	68	-2.127040e+04
51	71	69	-1.606824e+03
51	71	70	-3.783385e+02
51	72	61	4.783281e+01
51	72	62	-9.537910e+01
51	72	63	8.134244e+04
51	72	64	-9.347164e+04
51	72	65	8.080946e+05
51	72	66	1.418013e+04
51	72	67	1.800047e+04
51	72	68	1.078182e+04
51	72	69	2.347377e+05
51	72	70	6.150757e+03
51	73	61	8.194046e+01
51	73	62	-1.621925e+02
51	73	63	6.853634e+03
51	73	64	3.803313e+04
51	73	65	8.460482e+05
51	73	66	3.997436e+05
51	73	67	1.731594e+05
51	73	68	1.210700e+05
51	73	69	7.940514e+04
51	73	73	2.916881e+02
51	73	74	1.145784e+04
51	73	75	2.287575e+04
51	73	76	1.022665e+03
51	74	59	-1.089219e+02
51	74	60	1.534035e+02
51	74	61	-3.265684e+02
51	74	62	-1.631812e+03
51	74	63	7.435947e+04
51	74	64	4.796924e+05
51	74	65	1.384807e+06
51	74	66	1.218890e+06
51	74	67	2.737848e+05
51	74	68	2.779369e+05
51	74	69	7.664299e+04
51	74	73	2.825678e+03
51	74	74	1.113670e+05
51	74	75	2.400374e+05
51	74	76	2.016380e+04
51	75	59	-2.096213e+04
51	75	60	2.952266e+04
51	75	61	-2.229950e+05
51	75	62	1.960371e+03
51	75	63	4.655151e+04
51	75	64	5.410026e+05
51	75	65	1.496559e+06
51	75	66	1.777899e+06
51	75	67	6.610910e+05
51	75	68	4.790373e+05
51	75	69	3.246005e+04
51	75	70	2.500717e+00
51	75	71	6.993122e+01
51	75	72	3.177456e+01
51	75	73	7.116075e+02
51	75	74	2.967170e+04
51	75	75	1.437929e+05
51	75	76	5.995199e+04
51	76	59	-2.781566e+04
51	76	60	3.917505e+04
51	76	61	-2.959029e+05
51	76	62	3.100489e+03
51	76	63	5.773576e+04
51	76	64	7.709568e+04
51	76	65	9.702671e+05
51	76	66	9.559898e+05
51	76	67	3.170025e+05
51	76	68	4.222211e+05
51	76	69	6.700259e+04
51	76	70	7.232764e+04
51	76	71	3.612537e+03
51	76	72	1.641423e+03
51	76	74	1.510307e+02
51	76	75	1.093274e+04
51	76	76	1.723532e+04
51	77	62	5.242148e+02
51	77	63	1.338105e+04
51	77	64	1.247587e+05
51	77	65	1.011675e+06
51	77	66	3.370262e+05
51	77	67	9.107137e+04
51	77	68	1.003389e+05
51	77	69	4.006173e+03
51	77	70	3.069757e+05
51	77	71	7.549053e+03
51	77	72	3.396473e+03
51	77	74	1.912483e+03
51	77	75	1.384400e+05
51	77	76	2.182487e+05
51	78	62	2.277748e+02
51	78	63	1.684831e+04
51	78	64	8.724760e+04
51	78	65	2.418604e+05
51	78	66	1.106679e+05
51	78	67	6.133306e+05
51	78	68	5.034787e+05
51	78	69	8.775464e+05
51	78	70	1.353259e+06
51	78	71	3.456054e+04
51	78	72	1.486161e+04
51	79	62	1.280770e+02
51	79	63	8.400166e+03
51	79	64	1.353949e+04
51	79	65	2.441838e+04
51	79	66	2.505780e+05
51	79	67	6.743924e+04
51	79	68	2.029508e+05
51	79	69	9.854237e+03
51	79	70	2.017928e+04
51	79	71	2.186133e+05
51	79	72	3.157738e+04
51	80	59	3.812940e+00
51	80	60	5.931308e+01
51	80	61	2.030462e+01
51	80	65	5.859932e+04
51	80	66	5.709233e+05
51	80	67	1.443942e+05
51	80	68	7.039993e+03
51	80	69	4.773520e+04
51	80	70	5.453260e+04
51	80	71	9.295207e+05
51	81	59	3.041945e+02
51	81	60	4.731968e+03
51	81	61	1.619892e+03
51	81	67	6.032037e+00
51	81	68	7.046655e+03
51	81	69	1.230637e+04
51	81	70	-1.081373e+04
51	81	71	1.628472e+05
51	82	59	4.696505e+02
51	82	60	7.305758e+03
51	82	61	2.500977e+03
52	65	80	4.641717e+02
52	65	81	8.601782e+04
52	65	82	1.147459e+05
52	66	80	-4.991727e+02
52	66	81	-9.250403e+04
52	66	82	-1.233984e+05
52	67	64	1.524471e+01
52	67	65	3.333887e+02
52	67	66	1.360065e+02
52	67	80	5.325806e+03
52	67	81	9.869500e+05
52	67	82	1.316570e+06
52	68	64	1.292440e+03
52	68	65	2.122705e+04
52	68	66	4.362128e+04
52	69	62	4.837335e+01
52	69	63	2.847944e+04
52	69	64	3.848817e+04
52	69	65	5.725808e+04
52	69	66	4.811641e+04
52	69	67	2.028544e+02
52	69	68	7.392918e+03
52	69	69	8.691559e+03
52	69	70	1.257360e+03
52	70	61	1.004693e+02
52	70	62	1.509654e+03
52	70	63	4.104165e+04
52	70	64	1.238396e+05
52	70	65	4.505924e+05
52	70	66	7.034346e+05
52	70	67	1.991986e+04
52	70	68	6.749332e+05
52	70	69	9.676570e+05
52	70	70	2.242346e+05
52	71	60	2.262332e+02
52	71	61	5.821090e+03
52	71	62	6.869059e+04
52	71	63	5.015890e+05
52	71	64	6.837250e+05
52	71	65	2.257130e+05
52	71	66	3.283372e+04
52	71	67	2.781650e+04
52	71	68	9.849793e+05
52	71	69	1.027851e+06
52	71	70	-1.615697e+04
52	72	60	1.269081e+03
52	72	61	2.368380e+04
52	72	62	1.303113e+05
52	72	63	1.179303e+05
52	72	64	1.187342e+05
52	72	65	4.737720e+05
52	72	66	1.401693e+05
52	72	67	1.426109e+05
52	72	68	7.558478e+04
52	72	69	1.430384e+06
52	72	70	5.837591e+05
52	73	59	7.677231e+00
52	73	60	5.770871e+03
52	73	61	5.026963e+04
52	73	62	1.198506e+05
52	73	63	2.156797e+05
52	73	64	2.213628e+05
52	73	65	5.879424e+05
52	73	66	8.821882e+05
52	73	67	6.523313e+05
52	73	68	2.937208e+05
52	73	69	3.208545e+05
52	73	70	5.484650e+01
52	73	71	1.635769e+02
52	73	72	1.084100e+03
52	73	74	-4.794160e+01
52	73	75	-2.380968e+03
52	73	76	-1.324912e+03
52	74	59	4.946741e+02
52	74	60	-6.821908e+02
52	74	61	1.375961e+05
52	74	62	-2.472067e+05
52	74	63	2.117716e+06
52	74	64	9.291073e+05
52	74	65	1.940230e+06
52	74	66	1.982135e+06
52	74	67	1.090716e+06
52	74	68	1.129716e+06
52	74	69	3.009213e+05
52	74	70	1.336051e+03
52	74	71	4.141301e+03
52	74	72	2.662437e+04
52	74	74	-9.452603e+02
52	74	75	-4.694534e+04
52	74	76	-2.612318e+04
52	75	56	8.896678e+01
52	75	57	7.481886e+02
52	75	58	1.688965e+02
52	75	59	9.631136e+04
52	75	60	-1.285517e+05
52	75	61	1.029439e+06
52	75	62	9.195863e+04
52	75	63	6.710419e+05
52	75	64	1.088914e+06
52	75	65	3.122408e+06
52	75	66	1.937831e+06
52	75	67	1.210892e+06
52	75	68	1.511706e+06
52	75	69	1.060243e+05
52	75	70	8.367951e+02
52	75	71	1.105251e+04
52	75	72	1.957099e+04
52	75	74	-1.749778e+03
52	75	75	-7.678713e+04
52	75	76	-9.865797e+03
52	76	56	2.189542e+03
52	76	57	1.841350e+04
52	76	58	4.156675e+03
52	76	59	1.276739e+05
52	76	60	-1.747633e+05
52	76	61	1.397011e+06
52	76	62	1.556959e+05
52	76	63	1.319828e+05
52	76	64	1.926878e+06
52	76	65	-1.420715e+05
52	76	66	1.071282e+06
52	76	67	8.691050e+05
52	76	68	6.616326e+05
52	76	69	9.965377e+04
52	76	70	2.611200e+04
52	76	71	3.065084e+05
52	76	72	1.408825e+05
52	76	74	5.841237e+02
52	76	75	4.228329e+04
52	76	76	6.665901e+04
52	77	56	4.682247e+03
52	77	57	3.937654e+04
52	77	58	8.888883e+03
52	77	60	9.714655e+03
52	77	61	9.033795e+04
52	77	62	4.423623e+04
52	77	63	1.171437e+05
52	77	64	2.709470e+05
52	77	65	6.620851e+04
52	77	66	1.730083e+05
52	77	67	3.917289e+05
52	77	68	1.100469e+05
52	77	69	1.003961e+05
52	77	70	2.818682e+05
52	77	71	5.341371e+05
52	77	72	2.423791e+05
52	77	74	7.396688e+03
52	77	75	5.354282e+05
52	77	76	8.440949e+05
52	78	61	4.040811e+03
52	78	62	1.868500e+03
52	78	63	3.842757e+05
52	78	64	6.291463e+05
52	78	65	9.782370e+05
52	78	66	9.455665e+05
52	78	67	5.059720e+05
52	78	68	4.038482e+05
52	78	69	8.234733e+05
52	78	70	5.669679e+05
52	78	71	3.253422e+05
52	78	72	1.399026e+05
52	79	57	2.684049e+02
52	79	58	1.200004e+03
52	79	59	6.013351e+03
52	79	62	2.897433e+03
52	79	63	1.900335e+05
52	79	64	3.062984e+05
52	79	65	4.894106e+04
52	79	66	3.883078e+05
52	79	67	9.408651e+04
52	79	68	-3.147790e+05
52	79	69	3.359760e+05
52	79	70	6.859288e+04
52	79	71	7.391190e+05
52	79	72	2.972597e+05
52	79	77	1.785203e+02
52	79	78	2.934943e+02
52	79	79	3.081984e+03
52	80	57	2.064099e+02
52	80	58	9.228319e+02
52	80	59	4.905453e+03
52	80	60	4.371780e+03
52	80	61	1.496590e+03
52	80	64	4.693488e-02
52	80	65	4.942071e+04
52	80	66	4.814883e+05
52	80	67	1.220344e+05
52	80	68	3.092799e+05
52	80	69	4.970908e+05
52	80	70	1.048042e+06
52	80	71	4.704654e+05
52	80	77	1.344395e+02
52	80	78	2.210238e+02
52	80	79	2.320971e+03
52	81	57	4.169567e+03
52	81	58	1.864160e+04
52	81	59	1.158363e+05
52	81	60	3.487785e+05
52	81	61	1.193972e+05
52	81	64	2.482257e+03
52	81	65	5.298242e+04
52	81	66	2.136830e+04
52	81	67	2.649985e+02
52	81	68	3.095726e+05
52	81	69	4.128140e+05
52	81	70	4.730642e+05
52	81	71	1.426347e+05
52	81	77	2.767462e+03
52	81	78	4.549814e+03
52	81	79	4.777760e+04
52	82	59	3.461646e+04
52	82	60	5.384845e+05
52	82	61	1.843391e+05
52	82	64	2.439410e+03
52	82	65	5.206787e+04
52	82	66	2.099945e+04
52	84	82	2.348418e+02
52	84	83	4.252247e+02
52	84	84	4.129458e+03
52	85	82	9.412851e+02
52	85	83	1.704371e+03
52	85	84	1.655155e+04
52	86	82	5.071960e+03
52	86	83	9.183724e+03
52	86	84	8.918532e+04
53	67	64	3.569651e+02
53	67	65	7.806519e+03
53	67	66	3.184682e+03
53	67	70	1.070356e-03
53	67	71	3.420520e-02
53	67	72	1.638406e-02
53	68	60	9.260358e-02
53	68	61	6.947466e+00
53	68	62	4.323783e+00
53	68	63	3.360369e+01
53	68	64	6.876023e+03
53	68	65	1.365833e+05
53	68	66	9.037632e+04
53	68	67	3.614373e+02
53	68	68	4.710625e+02
53	68	70	4.919998e-01
53	68	71	1.572276e+01
53	68	72	7.531098e+00
53	69	39	6.677284e+01
53	69	40	-2.410137e+01
53	69	41	8.772029e+02
53	69	60	1.347355e+00
53	69	61	2.010313e+02
53	69	62	1.044820e+03
53	69	63	4.766596e+04
53	69	64	1.856718e+05
53	69	65	5.054788e+05
53	69	66	2.017904e+05
53	69	67	4.135483e+03
53	69	68	9.438428e+03
53	69	69	4.007881e+03
53	69	70	8.599787e+02
53	69	71	1.890515e+01
53	69	72	9.055441e+00
53	70	39	1.441435e+03
53	70	40	-5.202797e+02
53	70	41	1.893630e+04
53	70	60	3.547333e+00
53	70	61	1.550965e+03
53	70	62	1.256987e+04
53	70	63	1.071471e+05
53	70	64	3.432359e+05
53	70	65	1.249479e+06
53	70	66	1.016707e+06
53	70	67	8.878288e+04
53	70	68	4.104595e+05
53	70	69	5.147175e+05
53	70	70	2.052529e+05
53	71	39	3.233229e+03
53	71	40	-1.167020e+03
53	71	41	4.247532e+04
53	71	60	1.453878e+03
53	71	61	3.436364e+03
53	71	62	-1.975894e+04
53	71	63	5.899077e+05
53	71	64	1.489134e+06
53	71	65	7.381964e+05
53	71	66	-9.293720e+04
53	71	67	8.365097e+04
53	71	68	6.645860e+05
53	71	69	3.050581e+05
53	71	70	-1.139093e+05
53	72	60	8.155698e+03
53	72	61	4.854741e+04
53	72	62	9.717737e+04
53	72	63	1.676220e+05
53	72	64	7.785360e+05
53	72	65	1.591768e+06
53	72	66	1.848182e+06
53	72	67	1.270665e+06
53	72	68	2.607608e+05
53	72	69	5.462560e+05
53	72	70	8.719366e+05
53	73	59	1.750316e+03
53	73	60	9.546593e+04
53	73	61	2.834792e+05
53	73	62	1.015232e+06
53	73	63	1.859916e+05
53	73	64	1.234368e+06
53	73	65	1.196746e+06
53	73	66	3.416448e+06
53	73	67	5.027499e+06
53	73	68	2.833736e+06
53	73	69	3.797677e+05
53	73	70	7.016736e+04
53	73	71	8.063162e+03
53	73	72	3.186924e+04
53	73	74	4.043388e+02
53	73	75	2.008105e+04
53	73	76	1.117429e+04
53	74	59	-1.203243e+03
53	74	60	-3.708446e+04
53	74	61	1.081675e+05
53	74	62	5.494726e+05
53	74	63	2.176842e+06
53	74	64	5.556663e+06
53	74	65	6.619143e+06
53	74	66	1.072852e+07
53	74	67	6.826159e+06
53	74	68	1.848657e+06
53	74	69	5.731237e+05
53	74	70	4.878249e+04
53	74	71	1.215218e+05
53	74	72	7.903564e+05
53	74	74	7.972313e+03
53	74	75	3.959364e+05
53	74	76	2.203225e+05
53	75	56	3.378348e+02
53	75	57	2.841107e+03
53	75	58	6.413532e+02
53	75	59	2.169585e+04
53	75	60	8.172530e+05
53	75	61	4.338059e+05
53	75	62	1.558810e+06
53	75	63	2.188973e+06
53	75	64	6.793805e+06
53	75	65	1.155540e+07
53	75	66	1.372010e+07
53	75	67	9.123691e+06
53	75	68	1.248992e+06
53	75	69	-8.259214e+03
53	75	70	1.445806e+05
53	75	71	2.876776e+05
53	75	72	6.590284e+05
53	75	74	1.851137e+04
53	75	75	9.193471e+05
53	75	76	5.115794e+05
53	76	56	8.314379e+03
53	76	57	6.992187e+04
53	76	58	1.578420e+04
53	76	60	6.172884e+04
53	76	61	4.532519e+05
53	76	62	1.536794e+06
53	76	63	2.512985e+06
53	76	64	5.395645e+06
53	76	65	1.194124e+07
53	76	66	1.073154e+07
53	76	67	6.238836e+06
53	76	68	6.056667e+05
53	76	69	4.001636e+05
53	76	70	8.419375e+03
53	76	71	2.752963e+05
53	76	72	2.188805e+05
53	77	56	1.777997e+04
53	77	57	1.495251e+05
53	77	58	3.375388e+04
53	77	60	9.310641e+04
53	77	61	8.443026e+05
53	77	62	2.984796e+05
53	77	63	1.560002e+06
53	77	64	1.648898e+06
53	77	65	3.390748e+06
53	77	66	3.147201e+06
53	77	67	2.325518e+06
53	77	68	3.620470e+05
53	77	69	6.323006e+05
53	77	70	1.643562e+04
53	77	71	3.380333e+05
53	77	72	1.529212e+05
53	78	61	7.900712e+03
53	78	62	-3.555507e+03
53	78	63	2.559956e+05
53	78	64	8.830336e+05
53	78	65	5.603907e+05
53	78	66	8.513986e+05
53	78	67	1.369392e+05
53	78	68	1.769900e+05
53	78	69	4.237196e+05
53	78	70	3.265147e+03
53	78	71	8.019647e+04
53	78	72	3.448582e+04
53	79	57	7.671030e+01
53	79	58	3.429619e+02
53	79	59	1.718620e+03
53	79	62	1.762940e+03
53	79	63	7.805733e+04
53	79	64	1.394598e+05
53	79	65	2.507065e+04
53	79	66	2.629976e+05
53	79	67	1.144553e+05
53	79	68	1.925706e+06
53	79	69	2.304527e+05
53	79	70	6.937661e+03
53	79	71	1.703984e+05
53	79	72	7.327416e+04
53	79	77	1.165309e+03
53	79	78	1.915813e+03
53	79	79	2.011796e+04
53	80	57	5.899208e+01
53	80	58	2.637460e+02
53	80	59	1.495812e+03
53	80	60	2.709058e+03
53	80	61	9.273906e+02
53	80	63	1.005789e+03
53	80	64	6.824959e+03
53	80	65	2.645032e+04
53	80	66	5.375173e+03
53	80	67	8.562536e+04
53	80	68	2.062771e+05
53	80	69	1.919419e+05
53	80	77	8.775671e+02
53	80	78	1.442754e+03
53	80	79	1.515036e+04
53	81	57	1.191665e+03
53	81	58	5.327780e+03
53	81	59	4.059184e+04
53	81	60	2.161273e+05
53	81	61	7.398676e+04
53	81	63	4.844875e+02
53	81	64	2.138941e+03
53	81	65	-1.177588e+04
53	81	66	-5.663422e+03
53	81	67	4.425008e+04
53	81	68	1.811097e+05
53	81	69	1.882091e+05
53	81	77	1.806488e+04
53	81	78	2.969936e+04
53	81	79	3.118730e+05
53	82	59	2.145076e+04
53	82	60	3.336823e+05
53	82	61	1.142293e+05
53	82	64	-1.128817e+03
53	82	65	-2.409399e+04
53	82	66	-9.717328e+03
53	83	66	7.244061e+02
53	83	67	4.751935e+03
53	83	68	1.878191e+04
53	84	66	5.443824e+03
53	84	67	3.571022e+04
53	84	68	1.411438e+05
53	84	82	2.749411e+03
53	84	83	4.978319e+03
53	84	84	4.834564e+04
53	85	66	1.118640e+03
53	85	67	7.338021e+03
53	85	68	2.900334e+04
53	85	82	1.102010e+04
53	85	83	1.995393e+04
53	85	84	1.937774e+05
53	86	61	4.341479e-04
53	86	62	8.295508e+01
53	86	63	8.371722e+01
53	86	82	5.937998e+04
53	86	83	1.075185e+05
53	86	84	1.044137e+06
53	87	61	4.495003e-02
53	87	62	8.588856e+03
53	87	63	8.667766e+03
53	88	61	3.006460e-02
53	88	62	5.744612e+03
53	88	63	5.797391e+03
54	64	64	2.087961e+01
54	64	65	5.475323e+03
54	64	66	6.981660e+03
54	65	64	-1.473788e+01
54	65	65	-3.864758e+03
54	65	66	-4.928006e+03
54	66	64	2.579202e+02
54	66	65	6.763519e+04
54	66	66	8.624256e+04
54	67	55	2.187175e+00
54	67	56	5.970926e+01
54	67	57	2.686211e+01
54	67	64	7.770861e+02
54	67	65	1.707375e+04
54	67	66	7.769215e+03
54	67	67	2.234937e+02
54	67	70	2.063933e+01
54	67	71	6.595678e+02
54	67	72	3.159287e+02
54	68	55	4.585294e+02
54	68	56	1.251772e+04
54	68	57	5.631496e+03
54	68	60	1.623608e+02
54	68	61	1.218092e+04
54	68	62	7.580840e+03
54	68	63	-4.671063e+01
54	68	64	1.156357e+04
54	68	65	2.624697e+05
54	68	66	1.068154e+05
54	68	67	3.703450e+04
54	68	68	4.850392e+04
54	68	70	9.487073e+03
54	68	71	3.031769e+05
54	68	72	1.452197e+05
54	69	39	1.442256e+03
54	69	40	-5.205760e+02
54	69	41	1.894709e+04
54	69	55	3.462632e+02
54	69	56	9.452886e+03
54	69	57	4.252681e+03
54	69	60	2.362302e+03
54	69	61	1.790007e+05
54	69	62	1.266704e+05
54	69	63	4.225864e+04
54	69	64	-6.976193e+04
54	69	65	6.532247e+05
54	69	66	2.843215e+05
54	69	67	4.112364e+05
54	69	68	5.063403e+05
54	69	70	1.140732e+04
54	69	71	3.645419e+05
54	69	72	1.746132e+05
54	70	39	3.113418e+04
54	70	40	-1.123775e+04
54	70	41	4.090135e+05
54	70	60	6.219500e+03
54	70	61	4.929204e+05
54	70	62	5.372924e+05
54	70	63	8.287492e+05
54	70	64	6.108421e+04
54	70	65	7.801027e+02
54	70	66	4.886736e+04
54	70	67	1.133655e+05
54	70	68	1.346167e+05
54	71	39	6.983592e+04
54	71	40	-2.520697e+04
54	71	41	9.174430e+05
54	71	60	2.591372e+02
54	71	61	4.764674e+04
54	71	62	5.719175e+05
54	71	63	3.082277e+05
54	71	64	2.259327e+05
54	71	65	6.664052e+05
54	71	66	6.687929e+05
54	71	67	3.408249e+05
54	71	68	1.117690e+04
54	71	69	1.131329e+03
54	71	70	1.092951e+03
54	72	60	1.453660e+03
54	72	61	7.699970e+04
54	72	62	9.420414e+05
54	72	63	8.821517e+05
54	72	64	1.977197e+06
54	72	65	2.845637e+06
54	72	66	3.061191e+06
54	72	67	9.265096e+05
54	72	68	4.211818e+05
54	72	69	1.508854e+05
54	72	70	4.470690e+04
54	73	57	6.927529e+00
54	73	58	1.501904e+01
54	73	59	1.463839e+03
54	73	60	5.318990e+04
54	73	61	1.185768e+05
54	73	62	4.549530e+05
54	73	63	6.227611e+05
54	73	64	3.822430e+06
54	73	65	3.405268e+06
54	73	66	8.668590e+06
54	73	67	4.388432e+06
54	73	68	5.675387e+05
54	73	69	6.551861e+05
54	73	70	7.555008e+05
54	73	71	8.815101e+00
54	73	72	1.477588e+04
54	74	57	4.549065e+03
54	74	58	9.862476e+03
54	74	59	8.215267e+04
54	74	60	-2.977233e+04
54	74	61	4.260295e+05
54	74	62	1.051532e+06
54	74	63	3.035322e+06
54	74	64	6.904761e+06
54	74	65	1.125651e+07
54	74	66	2.347743e+07
54	74	67	1.230344e+07
54	74	68	6.087717e+06
54	74	69	1.803180e+06
54	74	70	3.943441e+05
54	74	71	7.341656e+04
54	74	72	3.850182e+05
54	75	56	1.888407e+03
54	75	57	1.976689e+04
54	75	58	1.200961e+04
54	75	59	8.753764e+04
54	75	60	6.110161e+05
54	75	61	7.271858e+05
54	75	62	1.204411e+06
54	75	63	3.512021e+06
54	75	64	9.859212e+06
54	75	65	2.159720e+07
54	75	66	3.214853e+07
54	75	67	1.808237e+07
54	75	68	5.223734e+06
54	75	69	3.842254e+04
54	75	70	-2.060246e+04
54	75	71	3.472711e+05
54	75	72	6.938640e+05
54	76	56	4.647517e+04
54	76	57	3.908447e+05
54	76	58	8.822950e+04
54	76	60	2.073956e+04
54	76	61	1.537628e+05
54	76	62	7.976052e+05
54	76	63	1.684300e+06
54	76	64	6.861641e+06
54	76	65	1.401976e+07
54	76	66	2.323417e+07
54	76	67	1.673505e+07
54	76	68	5.178540e+06
54	76	69	1.800456e+06
54	76	70	3.126719e+04
54	76	71	1.413274e+05
54	76	72	2.158708e+05
54	77	56	9.938528e+04
54	77	57	8.358056e+05
54	77	58	1.886752e+05
54	77	60	2.398294e+04
54	77	61	2.855750e+05
54	77	62	8.919208e+04
54	77	63	1.872403e+06
54	77	64	3.405504e+06
54	77	65	4.389284e+06
54	77	66	6.487350e+06
54	77	67	3.154981e+06
54	77	68	7.538464e+05
54	77	69	6.861513e+05
54	77	70	7.815174e+05
54	77	71	2.335931e+05
54	78	61	7.278797e+04
54	78	62	2.110196e+04
54	78	63	1.087413e+06
54	78	64	1.181713e+06
54	78	65	1.752107e+06
54	78	66	1.987345e+06
54	78	67	2.110201e+05
54	78	68	1.067347e+06
54	78	69	3.618313e+03
54	78	70	1.192870e+04
54	78	71	4.631113e+03
54	79	57	3.901671e+03
54	79	58	1.744387e+04
54	79	59	8.741315e+04
54	79	60	2.913689e+02
54	79	61	3.338306e+03
54	79	62	4.731342e+04
54	79	63	-3.638191e+04
54	79	64	5.440056e+05
54	79	65	2.120144e+05
54	79	66	5.051966e+04
54	79	67	3.349412e+04
54	79	68	5.133977e+04
54	79	69	2.830201e+04
54	79	77	4.619093e+03
54	79	78	7.593967e+03
54	79	79	7.974425e+04
54	80	57	3.000480e+03
54	80	58	1.341476e+04
54	80	59	6.722283e+04
54	80	60	2.089298e+03
54	80	61	2.155219e+04
54	80	62	5.681521e+03
54	80	63	2.679518e+04
54	80	64	1.881410e+05
54	80	65	7.293877e+05
54	80	66	2.032885e+05
54	80	67	7.394364e+05
54	80	68	7.056750e+05
54	80	69	4.278641e+05
54	80	77	3.478531e+03
54	80	78	5.718840e+03
54	80	79	6.005354e+04
54	81	57	6.061096e+04
54	81	58	2.709838e+05
54	81	59	1.357930e+06
54	81	60	4.120129e+02
54	81	61	4.250126e+03
54	81	62	1.171578e+03
54	81	63	1.669328e+04
54	81	64	1.255675e+05
54	81	65	1.023378e+06
54	81	66	3.444023e+05
54	81	67	1.067795e+06
54	81	68	6.281836e+05
54	81	69	1.441081e+05
54	81	77	7.160619e+04
54	81	78	1.177233e+05
54	81	79	1.236213e+06
54	82	62	7.782008e+02
54	82	63	5.757559e+04
54	82	64	1.218249e+05
54	82	65	6.721320e+05
54	82	66	2.710770e+05
54	83	62	2.629915e+02
54	83	63	1.945756e+04
54	83	64	3.052860e+04
54	83	66	4.559889e+03
54	83	67	2.991181e+04
54	83	68	1.182257e+05
54	84	66	3.426701e+04
54	84	67	2.247836e+05
54	84	68	8.884517e+05
54	84	82	7.907965e+02
54	84	83	1.431884e+03
54	84	84	1.390536e+04
54	85	66	7.041460e+03
54	85	67	4.619034e+04
54	85	68	1.825662e+05
54	85	82	3.169644e+03
54	85	83	5.739228e+03
54	85	84	5.573500e+04
54	86	61	1.964601e-02
54	86	62	3.753873e+03
54	86	63	3.788362e+03
54	86	66	2.010450e+02
54	86	67	3.199792e+03
54	86	68	1.109543e+03
54	86	82	1.707910e+04
54	86	83	3.092488e+04
54	86	84	3.003189e+05
54	87	61	2.034074e+00
54	87	62	3.886619e+05
54	87	63	3.922327e+05
54	87	66	9.012834e+02
54	87	67	1.434465e+04
54	87	68	4.974076e+03
54	88	61	1.360480e+00
54	88	62	2.599545e+05
54	88	63	2.623429e+05
54	88	66	4.508437e+03
54	88	67	7.175539e+04
54	88	68	2.488153e+04
55	51	56	1.142520e+03
55	51	57	-1.724044e+03
55	51	58	1.185399e+04
55	52	56	8.075188e+03
55	52	57	-1.204047e+04
55	52	58	8.398797e+04
55	53	56	1.647943e+03
55	53	57	2.740181e+03
55	53	58	2.451072e+04
55	54	56	1.447817e+02
55	54	57	9.644781e+03
55	54	58	1.549027e+04
55	64	64	2.001387e+02
55	64	65	5.248296e+04
55	64	66	6.692175e+04
55	65	64	-1.412679e+02
55	65	65	-3.704511e+04
55	65	66	-4.723673e+04
55	66	64	2.472259e+03
55	66	65	6.483079e+05
55	66	66	8.266663e+05
55	67	55	8.849169e+01
55	67	56	2.415798e+03
55	67	57	1.086824e+03
55	67	64	9.934352e-04
55	67	65	4.298449e+03
55	67	66	4.519135e+04
55	67	67	1.207542e+04
55	67	70	2.124140e+01
55	67	71	6.788080e+02
55	67	72	3.251446e+02
55	68	55	1.855180e+04
55	68	56	5.064590e+05
55	68	57	2.278467e+05
55	68	60	1.474857e+02
55	68	61	1.106493e+04
55	68	62	6.886301e+03
55	68	63	3.590660e+02
55	68	64	4.348374e+03
55	68	65	2.342915e+05
55	68	66	2.687140e+05
55	68	67	1.505005e+04
55	68	68	3.240483e+04
55	68	70	9.763819e+03
55	68	71	3.120208e+05
55	68	72	1.494559e+05
55	69	39	5.849508e+02
55	69	40	-2.111355e+02
55	69	41	7.684570e+03
55	69	55	1.400958e+04
55	69	56	3.824576e+05
55	69	57	1.720607e+05
55	69	60	2.145873e+03
55	69	61	1.616428e+05
55	69	62	1.062119e+05
55	69	63	1.167759e+05
55	69	64	9.226203e+05
55	69	65	5.135363e+05
55	69	66	8.653068e+05
55	69	67	3.745960e+05
55	69	68	3.382793e+05
55	69	70	1.174008e+04
55	69	71	3.751758e+05
55	69	72	1.797199e+05
55	69	73	9.687636e-02
55	69	74	1.833942e+02
55	70	39	1.262742e+04
55	70	40	-4.557811e+03
55	70	41	1.658879e+05
55	70	60	5.649683e+03
55	70	61	4.336024e+05
55	70	62	3.662003e+05
55	70	63	3.913302e+05
55	70	64	8.761506e+05
55	70	65	3.100232e+05
55	70	66	1.832943e+05
55	70	67	2.016428e+05
55	70	68	8.993563e+04
55	70	72	4.727514e+03
55	70	73	3.482207e+01
55	70	74	6.592078e+04
55	71	39	2.832409e+04
55	71	40	-1.022346e+04
55	71	41	3.720969e+05
55	71	61	1.479230e+04
55	71	62	5.063431e+05
55	71	63	3.934136e+05
55	71	64	8.599079e+05
55	71	65	5.042417e+05
55	71	66	6.023039e+05
55	71	67	-1.895585e+05
55	71	68	1.637294e+04
55	71	69	2.613619e+04
55	71	70	2.524959e+04
55	71	72	3.818014e+03
55	71	73	2.812284e+01
55	71	74	5.323865e+04
55	72	60	3.612362e+02
55	72	61	2.597581e+04
55	72	62	9.781704e+05
55	72	63	6.968281e+05
55	72	64	1.008041e+06
55	72	65	3.426730e+06
55	72	66	5.692212e+06
55	72	67	3.121184e+06
55	72	68	4.475233e+05
55	72	69	5.105344e+05
55	72	70	4.920302e+05
55	73	57	5.833213e+01
55	73	58	1.264654e+02
55	73	59	1.065223e+03
55	73	60	8.391958e+03
55	73	61	1.539492e+05
55	73	62	2.946997e+05
55	73	63	7.116060e+05
55	73	64	2.467799e+06
55	73	65	5.933552e+06
55	73	66	1.321989e+07
55	73	67	6.855758e+06
55	73	68	1.654013e+06
55	73	69	1.030646e+06
55	73	70	6.153119e+05
55	73	71	4.037918e+04
55	74	57	3.830467e+04
55	74	58	8.304538e+04
55	74	59	6.994944e+05
55	74	60	1.603281e+03
55	74	61	4.781889e+05
55	74	62	5.961474e+05
55	74	63	2.632793e+06
55	74	64	6.695249e+06
55	74	65	2.028028e+07
55	74	66	3.082105e+07
55	74	67	1.776636e+07
55	74	68	5.369440e+06
55	74	69	7.242117e+05
55	74	70	-9.189476e+04
55	74	71	-6.127985e+04
55	75	57	3.272020e+04
55	75	58	7.093812e+04
55	75	59	5.975145e+05
55	75	60	5.554695e+04
55	75	61	1.138353e+06
55	75	62	1.376307e+06
55	75	63	2.985844e+06
55	75	64	1.061911e+07
55	75	65	2.442919e+07
55	75	66	4.316418e+07
55	75	67	2.352365e+07
55	75	68	8.327739e+06
55	75	69	1.810049e+05
55	75	70	1.600072e+06
55	75	71	4.292270e+05
55	76	60	4.382615e+04
55	76	61	8.315293e+04
55	76	62	1.215638e+06
55	76	63	1.140735e+06
55	76	64	7.493497e+06
55	76	65	1.340788e+07
55	76	66	2.636322e+07
55	76	67	2.001720e+07
55	76	68	8.126581e+06
55	76	69	3.298206e+05
55	76	70	2.255033e+04
55	76	71	6.819443e+03
55	77	60	2.947715e+04
55	77	61	1.186493e+05
55	77	62	4.874806e+05
55	77	63	1.020456e+06
55	77	64	2.896439e+06
55	77	65	6.372863e+06
55	77	66	7.767608e+06
55	77	67	5.037338e+06
55	77	68	3.399988e+06
55	77	69	3.917990e+05
55	77	70	7.491252e+05
55	77	71	2.394475e+05
55	78	61	2.690845e+04
55	78	62	9.951646e+05
55	78	63	7.012104e+05
55	78	64	1.357649e+06
55	78	65	9.348794e+05
55	78	66	1.345477e+06
55	78	67	5.227018e+05
55	78	68	1.995193e+06
55	78	69	4.022737e+04
55	78	70	2.458744e+05
55	78	71	9.545654e+04
55	78	72	6.023902e+00
55	78	73	5.122702e+01
55	78	74	1.166808e+01
55	79	60	1.000980e+04
55	79	61	1.191821e+05
55	79	62	6.089496e+05
55	79	63	2.501744e+05
55	79	64	9.643373e+05
55	79	65	3.064167e+05
55	79	66	-6.429684e+04
55	79	67	1.510410e+05
55	79	68	9.766805e+04
55	79	69	1.747220e+04
55	79	72	1.777520e+03
55	79	73	1.511596e+04
55	79	74	3.442993e+03
55	80	60	7.177657e+04
55	80	61	7.404126e+05
55	80	62	1.951852e+05
55	80	63	1.193223e+04
55	80	64	7.075856e+04
55	80	65	2.739490e+05
55	80	66	-1.733040e+05
55	80	67	1.158675e+06
55	80	68	8.459338e+05
55	80	69	2.641413e+05
55	80	72	2.235696e+03
55	80	73	1.901227e+04
55	80	74	4.330464e+03
55	81	60	1.415445e+04
55	81	61	1.460105e+05
55	81	62	3.886632e+04
55	81	63	3.352809e+04
55	81	64	8.258933e+04
55	81	65	1.511572e+05
55	81	66	3.068798e+04
55	81	67	8.086314e+05
55	81	68	5.260533e+05
55	81	69	8.896492e+04
55	81	72	6.073342e+00
55	81	73	1.532955e+02
55	81	74	3.249087e+02
55	82	62	5.710061e+03
55	82	63	4.224618e+05
55	82	64	6.628357e+05
55	82	72	3.783312e+02
55	82	73	9.549351e+03
55	82	74	2.023978e+04
55	83	62	1.929705e+03
55	83	63	1.427702e+05
55	83	64	2.240041e+05
55	83	66	7.967029e+02
55	83	67	5.226186e+03
55	83	68	2.065637e+04
55	83	72	6.171461e+02
55	83	73	1.557721e+04
55	83	74	3.301578e+04
55	84	66	5.987126e+03
55	84	67	3.927416e+04
55	84	68	1.552301e+05
55	85	66	1.230283e+03
55	85	67	8.070367e+03
55	85	68	3.189792e+04
55	86	61	1.062206e-02
55	86	62	2.029616e+03
55	86	63	2.048263e+03
55	86	66	8.677260e+01
55	86	67	1.381055e+03
55	86	68	4.788877e+02
55	87	61	1.099768e+00
55	87	62	2.101388e+05
55	87	63	2.120695e+05
55	87	66	3.890010e+02
55	87	67	6.191263e+03
55	87	68	2.146850e+03
55	88	61	7.355741e-01
55	88	62	1.405503e+05
55	88	63	1.418416e+05
55	88	66	1.945877e+03
55	88	67	3.097019e+04
55	88	68	1.073906e+04
56	51	56	1.579861e+04
56	51	57	-2.383984e+04
56	51	58	1.639154e+05
56	52	56	1.116629e+05
56	52	57	-1.664715e+05
56	52	58	1.161410e+06
56	53	56	2.279968e+04
56	53	57	3.870055e+04
56	53	58	3.402313e+05
56	54	56	2.024958e+03
56	54	57	1.348946e+05
56	54	58	2.166513e+05
56	58	68	2.985910e+00
56	58	69	3.011628e+01
56	58	70	7.811822e+00
56	59	68	2.389160e+03
56	59	69	2.409738e+04
56	59	70	6.250587e+03
56	60	68	2.748542e+03
56	60	69	2.772215e+04
56	60	70	7.190812e+03
56	62	60	5.590966e-01
56	62	61	5.990229e+00
56	62	62	1.818582e+01
56	63	60	4.695776e+02
56	63	61	5.031111e+03
56	63	62	1.527402e+04
56	64	60	4.085633e+02
56	64	61	4.377397e+03
56	64	62	1.328940e+04
56	64	64	5.000711e+01
56	64	65	1.311351e+04
56	64	66	1.672122e+04
56	65	64	-3.529753e+01
56	65	65	-9.256178e+03
56	65	66	-1.180268e+04
56	65	72	1.329077e+02
56	65	73	3.474403e+03
56	65	74	1.534863e+03
56	66	64	6.177243e+02
56	66	65	1.619877e+05
56	66	66	2.065528e+05
56	66	72	1.792935e+03
56	66	73	4.686996e+04
56	66	74	2.070541e+04
56	67	55	4.612724e+01
56	67	56	1.259261e+03
56	67	57	5.665184e+02
56	67	64	8.823239e-04
56	67	65	7.258338e+03
56	67	66	7.631164e+04
56	67	67	2.039103e+04
56	67	72	5.644439e+02
56	67	73	1.475539e+04
56	67	74	6.518386e+03
56	67	83	5.901097e+01
56	67	84	6.012801e+02
56	67	85	1.571148e+02
56	68	55	9.670326e+03
56	68	56	2.639972e+05
56	68	57	1.187675e+05
56	68	64	8.744567e+02
56	68	65	2.045571e+05
56	68	66	2.091604e+05
56	68	67	-1.657157e+04
56	68	72	6.723470e-01
56	68	73	1.266953e+00
56	68	74	1.191710e+01
56	68	83	2.625944e+03
56	68	84	2.675651e+04
56	68	85	6.991489e+03
56	69	55	7.302645e+03
56	69	56	1.993601e+05
56	69	57	8.968849e+04
56	69	63	7.445882e+03
56	69	64	1.534927e+02
56	69	65	3.815933e+05
56	69	66	1.187336e+06
56	69	67	4.491323e+05
56	69	72	1.990667e+02
56	69	73	8.722333e+01
56	69	74	2.948527e+03
56	69	83	1.412213e+03
56	69	84	1.438946e+04
56	69	85	3.759971e+03
56	70	63	9.566876e+04
56	70	64	-1.220293e+05
56	70	65	9.227537e+05
56	70	66	2.950252e+05
56	70	67	3.842266e+04
56	70	72	5.515944e+04
56	70	73	4.583649e+02
56	70	74	7.692519e+05
56	71	61	3.479424e+00
56	71	62	3.299265e+02
56	71	63	5.556722e+04
56	71	64	3.469589e+05
56	71	65	9.252857e+05
56	71	66	5.930531e+05
56	71	67	2.968395e+06
56	71	68	3.140653e+03
56	71	69	1.150668e+04
56	71	70	1.276152e+04
56	71	72	4.452522e+04
56	71	73	3.279652e+02
56	71	74	6.208627e+05
56	72	60	8.270269e+03
56	72	61	6.012431e+04
56	72	62	5.145452e+04
56	72	63	1.244395e+05
56	72	64	8.377470e+05
56	72	65	2.993672e+06
56	72	66	2.677425e+06
56	72	67	1.056904e+06
56	72	68	1.773741e+05
56	72	69	2.929508e+05
56	72	70	3.182041e+05
56	72	71	5.606263e+03
56	72	72	2.632051e+03
56	73	57	1.318130e+01
56	73	58	2.857735e+01
56	73	59	2.407081e+02
56	73	60	1.051563e+05
56	73	61	7.659358e+05
56	73	62	2.373960e+05
56	73	63	4.382897e+05
56	73	64	1.946266e+06
56	73	65	5.347496e+06
56	73	66	7.733157e+06
56	73	67	3.152538e+06
56	73	68	3.422625e+05
56	73	69	9.223778e+05
56	73	70	6.143777e+05
56	73	71	1.027174e+05
56	73	72	4.822416e+04
56	74	48	1.600969e+01
56	74	49	9.172704e+00
56	74	50	2.422881e+02
56	74	57	8.655697e+03
56	74	58	1.876575e+04
56	74	59	1.580646e+05
56	74	60	3.190775e+04
56	74	61	3.811487e+05
56	74	62	1.185276e+06
56	74	63	1.174388e+06
56	74	64	3.565173e+06
56	74	65	1.542403e+07
56	74	66	1.433949e+07
56	74	67	8.769385e+06
56	74	68	2.100599e+06
56	74	69	5.621102e+05
56	74	70	1.676048e+05
56	74	71	3.841209e+04
56	74	72	1.803386e+04
56	75	48	4.918985e+02
56	75	49	2.818318e+02
56	75	50	7.444314e+03
56	75	57	7.393775e+03
56	75	58	1.602987e+04
56	75	59	1.350202e+05
56	75	60	1.064021e+04
56	75	61	1.654263e+05
56	75	62	5.617795e+05
56	75	63	1.581870e+06
56	75	64	5.702280e+06
56	75	65	1.511138e+07
56	75	66	1.991887e+07
56	75	67	1.409322e+07
56	75	68	4.293764e+06
56	75	69	5.254839e+05
56	75	70	6.527163e+04
56	76	48	2.320723e+02
56	76	49	1.329651e+02
56	76	50	3.512146e+03
56	76	59	2.822484e+01
56	76	60	2.003617e+04
56	76	61	1.819297e+05
56	76	62	3.020222e+05
56	76	63	1.839926e+06
56	76	64	4.443050e+06
56	76	65	1.052467e+07
56	76	66	1.540708e+07
56	76	67	1.232247e+07
56	76	68	5.122372e+06
56	76	69	3.095324e+05
56	76	70	5.250146e+03
56	76	71	1.000786e+03
56	77	59	1.530290e+03
56	77	60	1.525439e+05
56	77	61	1.104431e+06
56	77	62	4.068484e+05
56	77	63	8.077976e+05
56	77	64	1.925943e+06
56	77	65	4.935005e+06
56	77	66	5.134378e+06
56	77	67	6.051215e+06
56	77	68	3.052058e+06
56	77	69	6.195171e+05
56	77	70	4.341125e+05
56	77	71	1.598221e+05
56	78	59	8.738653e+02
56	78	60	3.289434e+03
56	78	61	4.444251e+04
56	78	62	7.097261e+05
56	78	63	1.371718e+05
56	78	64	3.073595e+05
56	78	65	1.561014e+06
56	78	66	3.041347e+06
56	78	67	1.622039e+06
56	78	68	8.960356e+05
56	78	69	1.206048e+05
56	78	70	5.662942e+05
56	78	71	2.178887e+05
56	78	72	6.526319e+01
56	78	73	5.549955e+02
56	78	74	1.264125e+02
56	79	60	4.926203e+03
56	79	61	6.753354e+04
56	79	62	6.747187e+05
56	79	63	1.409473e+06
56	79	64	2.262087e+05
56	79	65	4.222449e+05
56	79	66	5.824992e+05
56	79	67	7.897432e+05
56	79	68	1.035900e+05
56	79	71	8.725882e+00
56	79	72	1.985342e+04
56	79	73	1.641290e+05
56	79	74	3.730152e+04
56	80	60	3.532397e+04
56	80	61	3.643851e+05
56	80	62	9.605804e+04
56	80	64	6.372485e+04
56	80	65	2.612037e+05
56	80	66	1.406537e+06
56	80	67	4.589500e+05
56	80	68	1.012396e+05
56	80	71	2.545555e+01
56	80	72	2.595942e+04
56	80	73	2.070361e+05
56	80	74	4.691642e+04
56	81	60	6.965942e+03
56	81	61	7.185731e+04
56	81	62	1.901836e+04
56	81	63	5.590938e+03
56	81	64	8.772091e+03
56	81	65	1.055422e+02
56	81	66	1.274512e+04
56	81	67	1.818041e+04
56	81	71	1.714409e+02
56	81	72	1.181319e+04
56	81	73	9.872082e+03
56	81	74	5.844071e+03
56	82	62	1.149179e+03
56	82	63	8.502262e+04
56	82	64	1.333991e+05
56	82	72	6.804971e+03
56	82	73	1.717623e+05
56	82	74	3.640490e+05
56	83	62	3.883630e+02
56	83	63	2.873324e+04
56	83	64	4.508198e+04
56	83	72	1.110049e+04
56	83	73	2.801843e+05
56	83	74	5.938485e+05
56	86	66	2.983799e+03
56	86	67	4.748954e+04
56	86	68	1.646723e+04
56	87	66	1.337635e+04
56	87	67	2.128953e+05
56	87	68	7.382249e+04
56	88	66	6.691174e+04
56	88	67	1.064954e+06
56	88	68	3.692779e+05
57	51	56	5.048969e+03
57	51	57	-7.618811e+03
57	51	58	5.238458e+04
57	51	76	2.238323e+01
57	51	77	1.580442e+03
57	51	78	9.689741e+02
57	52	56	3.575576e+04
57	52	57	-4.852682e+04
57	52	58	3.786749e+05
57	52	76	7.866128e+02
57	52	77	5.554139e+04
57	52	78	3.405261e+04
57	53	56	9.818497e+03
57	53	57	1.810467e+05
57	53	58	3.796432e+05
57	53	76	3.903403e+02
57	53	77	2.756126e+04
57	53	78	1.689790e+04
57	54	56	5.425268e+03
57	54	57	3.614097e+05
57	54	58	5.804521e+05
57	58	68	6.021470e+01
57	58	69	6.073334e+02
57	58	70	1.575354e+02
57	59	68	4.818047e+04
57	59	69	4.859545e+05
57	59	70	1.260511e+05
57	60	68	5.542786e+04
57	60	69	5.590527e+05
57	60	70	1.450119e+05
57	62	60	7.872215e+00
57	62	61	8.434386e+01
57	62	62	2.560607e+02
57	63	60	6.784104e+03
57	63	61	7.091988e+04
57	63	62	2.176326e+05
57	64	60	5.521783e+03
57	64	61	6.152680e+04
57	64	62	1.836739e+05
57	65	60	1.863720e+03
57	65	61	8.718833e+02
57	65	62	2.780046e+04
57	65	72	2.013659e+03
57	65	73	5.264000e+04
57	65	74	2.325440e+04
57	66	72	2.716440e+04
57	66	73	7.101174e+05
57	66	74	3.137036e+05
57	67	72	8.551777e+03
57	67	73	2.235560e+05
57	67	74	9.875877e+04
57	67	83	4.455474e+02
57	67	84	4.539814e+03
57	67	85	1.186255e+03
57	68	72	4.843905e+02
57	68	73	9.127727e+02
57	68	74	8.585638e+03
57	68	83	1.982652e+04
57	68	84	2.020183e+05
57	68	85	5.278747e+04
57	69	63	6.509156e+03
57	69	64	-1.282097e+04
57	69	65	5.917149e+04
57	69	72	3.295991e+04
57	69	73	6.202620e+04
57	69	74	5.840356e+05
57	69	83	1.066256e+04
57	69	84	1.086440e+05
57	69	85	2.838871e+04
57	70	63	9.044388e+04
57	70	64	-1.747231e+05
57	70	65	8.277167e+05
57	70	72	3.580195e+04
57	70	73	3.777727e+04
57	70	74	5.747823e+05
57	71	61	3.151359e+01
57	71	62	2.988186e+03
57	71	63	3.651590e+04
57	71	64	3.658538e+04
57	71	65	4.613127e+05
57	71	66	4.653655e+04
57	71	67	2.635983e+04
57	71	68	5.509591e+03
57	71	69	5.854184e+03
57	71	70	2.251773e+04
57	71	72	1.277334e+04
57	71	73	9.408627e+01
57	71	74	1.781124e+05
57	72	60	3.446105e+03
57	72	61	2.877712e+04
57	72	62	3.639377e+05
57	72	63	5.400977e+05
57	72	64	5.130505e+05
57	72	65	8.487122e+05
57	72	66	4.646578e+05
57	72	67	1.013789e+06
57	72	68	6.438329e+05
57	72	69	1.986098e+05
57	72	70	7.651593e+05
57	72	71	3.899956e+04
57	72	72	1.830967e+04
57	73	60	4.381714e+04
57	73	61	3.681452e+05
57	73	62	8.600055e+05
57	73	63	5.822597e+05
57	73	64	4.297415e+05
57	73	65	2.555347e+06
57	73	66	2.805919e+06
57	73	67	8.338957e+05
57	73	68	2.003306e+06
57	73	69	6.438224e+05
57	73	70	4.093559e+05
57	73	71	7.145457e+05
57	73	72	3.354678e+05
57	74	48	1.585746e+03
57	74	49	9.085488e+02
57	74	50	2.399844e+04
57	74	60	1.329551e+04
57	74	61	1.360078e+05
57	74	62	4.671156e+05
57	74	63	1.535007e+05
57	74	64	4.907205e+05
57	74	65	3.054161e+06
57	74	66	3.016004e+06
57	74	67	2.200731e+06
57	74	68	2.893340e+06
57	74	69	2.424048e+06
57	74	70	1.663466e+05
57	74	71	2.672109e+05
57	74	72	1.254512e+05
57	75	48	4.872214e+04
57	75	49	2.791521e+04
57	75	50	7.373533e+05
57	75	60	3.014306e+03
57	75	61	2.237914e+04
57	75	62	4.721372e+03
57	75	63	6.027495e+05
57	75	64	2.690584e+06
57	75	65	7.429329e+06
57	75	66	7.889460e+06
57	75	67	2.958578e+06
57	75	68	2.977920e+06
57	75	69	1.789416e+06
57	75	70	4.280087e+05
57	76	48	2.298657e+04
57	76	49	1.317009e+04
57	76	50	3.478752e+05
57	76	59	6.293183e+02
57	76	60	2.566603e+03
57	76	61	1.478888e+04
57	76	62	8.850590e+03
57	76	63	2.557768e+05
57	76	64	1.334358e+06
57	76	65	2.962980e+06
57	76	66	2.626320e+06
57	76	67	2.634872e+06
57	76	68	2.492125e+06
57	76	69	9.233806e+05
57	76	70	9.355291e+04
57	77	59	3.412029e+04
57	77	60	1.708454e+05
57	77	61	1.037096e+06
57	77	62	7.945140e+04
57	77	63	2.388483e+05
57	77	64	4.772301e+05
57	77	65	1.364890e+06
57	77	66	1.961763e+06
57	77	67	1.022753e+06
57	77	68	1.049433e+06
57	77	69	7.288272e+05
57	77	70	7.858214e+05
57	78	59	1.948424e+04
57	78	60	7.334324e+04
57	78	61	4.124324e+05
57	78	62	-1.405713e+04
57	78	63	-8.541276e+04
57	78	64	1.850359e+04
57	78	65	2.227913e+05
57	78	66	7.837550e+05
57	78	67	2.705432e+05
57	78	68	3.543899e+04
57	78	69	4.093769e+04
57	78	70	1.772215e+05
57	78	72	1.970520e+02
57	78	73	1.675722e+03
57	78	74	3.816828e+02
57	79	62	7.009523e+04
57	79	63	4.300343e+05
57	79	64	1.677377e+05
57	79	65	9.595018e+04
57	79	66	7.067709e+04
57	79	67	1.198942e+06
57	79	68	1.902175e+05
57	79	71	4.919547e+02
57	79	72	9.173050e+04
57	79	73	5.148847e+05
57	79	74	1.126261e+05
57	80	60	2.776711e+01
57	80	61	1.986023e+03
57	80	62	3.139219e+03
57	80	63	4.073789e+02
57	80	64	1.679335e+04
57	80	65	2.793751e+04
57	80	66	3.804440e+05
57	80	67	1.196187e+06
57	80	68	1.859016e+05
57	80	71	1.435153e+03
57	80	72	1.711086e+05
57	80	73	6.814823e+05
57	80	74	1.416568e+05
57	81	60	4.521765e+02
57	81	61	3.234162e+04
57	81	62	5.112095e+04
57	81	64	6.452031e+00
57	81	65	2.043851e+03
57	81	66	2.404722e+05
57	81	67	3.430075e+05
57	81	71	9.665631e+03
57	81	72	6.598947e+05
57	81	73	4.021443e+05
57	81	74	2.164628e+03
57	82	60	1.587976e+02
57	82	61	1.135789e+04
57	82	62	1.795291e+04
57	82	72	2.520542e+03
57	82	73	6.362029e+04
57	82	74	1.348427e+05
57	83	72	4.111590e+03
57	83	73	1.037795e+05
57	83	74	2.199598e+05
57	98	59	1.398647e-02
57	98	60	2.434456e+03
57	98	61	2.411212e+03
57	99	59	7.240626e-02
57	99	60	1.260288e+04
57	99	61	1.248255e+04
57	100	59	3.302902e-01
57	100	60	5.748960e+04
57	100	61	5.694072e+04
58	38	87	6.992144e+01
58	38	88	-1.330563e+02
58	38	89	6.493383e+02
58	39	87	8.711646e+03
58	39	88	-1.657774e+04
58	39	89	8.090230e+04
58	40	87	1.236033e+04
58	40	88	-2.352097e+04
58	40	89	1.147865e+05
58	51	76	-4.503517e-01
58	51	77	-3.179856e+01
58	51	78	-1.949581e+01
58	52	76	-1.582669e+01
58	52	77	-1.117495e+03
58	52	78	-6.851402e+02
58	53	76	-7.853665e+00
58	53	77	-5.545339e+02
58	53	78	-3.399866e+02
58	58	68	2.362970e+01
58	58	69	2.383323e+02
58	58	70	6.182069e+01
58	59	68	1.890718e+04
58	59	69	1.907003e+05
58	59	70	4.946549e+04
58	60	68	2.175123e+04
58	60	69	2.193858e+05
58	60	70	5.690618e+04
58	62	60	2.102848e+01
58	62	61	2.253017e+02
58	62	62	6.839967e+02
58	63	60	2.125635e+04
58	63	61	1.909096e+05
58	63	62	6.281022e+05
58	64	60	1.055060e+04
58	64	61	1.623876e+05
58	64	62	4.279948e+05
58	65	60	3.887551e+04
58	65	61	1.818670e+04
58	65	62	5.798924e+05
58	65	63	2.590117e-01
58	65	64	7.018347e+01
58	65	65	8.914513e+01
58	65	72	6.790653e+02
58	65	73	1.775176e+04
58	65	74	7.842072e+03
58	66	63	2.660437e+01
58	66	64	7.208889e+03
58	66	65	9.156534e+03
58	66	72	9.160641e+03
58	66	73	2.394726e+05
58	66	74	1.057901e+05
58	67	63	1.776505e+01
58	67	64	4.813730e+03
58	67	65	6.114269e+03
58	67	72	2.883912e+03
58	67	73	7.538970e+04
58	67	74	3.330438e+04
58	67	83	1.625322e+03
58	67	84	1.656088e+04
58	67	85	4.327365e+03
58	68	72	4.167605e+02
58	68	73	7.853326e+02
58	68	74	7.386923e+03
58	68	83	7.232559e+04
58	68	84	7.369467e+05
58	68	85	1.925645e+05
58	69	65	7.423641e-03
58	69	66	4.697613e-02
58	69	67	8.249588e-03
58	69	72	2.832024e+04
58	69	73	5.336590e+04
58	69	74	5.019654e+05
58	69	83	3.889617e+04
58	69	84	3.963245e+05
58	69	85	1.035598e+05
58	70	65	1.210310e+00
58	70	66	7.658731e+00
58	70	67	1.344968e+00
58	70	72	1.719544e+04
58	70	73	3.240263e+04
58	70	74	3.047826e+05
58	71	61	7.542617e+00
58	71	62	7.152072e+02
58	71	63	1.083771e+03
58	71	64	7.050883e+03
58	71	65	5.768548e+03
58	71	66	5.566332e+00
58	71	67	9.775166e-01
58	71	68	2.234361e+02
58	71	69	1.536181e+03
58	71	70	5.908820e+03
58	72	61	9.618965e+02
58	72	62	8.624524e+04
58	72	63	1.277716e+05
58	72	64	-7.531271e+03
58	72	65	1.916156e+03
58	72	66	5.409305e+04
58	72	67	1.698130e+05
58	72	68	3.340766e+04
58	72	69	5.284397e+04
58	72	70	2.060313e+05
58	72	71	8.552812e+03
58	72	72	3.513536e+03
58	73	61	2.334013e+04
58	73	62	3.132588e+05
58	73	63	2.355397e+05
58	73	64	1.818666e+05
58	73	65	2.244435e+05
58	73	66	8.307638e+05
58	73	67	1.405173e+06
58	73	68	2.287673e+05
58	73	69	9.041601e+04
58	73	70	9.817674e+04
58	73	71	1.362104e+05
58	73	72	6.437463e+04
58	73	79	1.095443e-01
58	73	80	3.801033e+00
58	73	81	1.877471e+00
58	74	48	1.050899e+03
58	74	49	6.021094e+02
58	74	50	1.590414e+04
58	74	61	1.847123e+04
58	74	62	2.126999e+05
58	74	63	-1.261060e+04
58	74	64	2.173509e+05
58	74	65	6.361563e+05
58	74	66	1.439947e+06
58	74	67	1.917379e+06
58	74	68	4.108124e+05
58	74	69	9.665903e+05
58	74	70	6.584657e+04
58	74	71	6.412337e+04
58	74	72	2.407348e+04
58	74	79	6.187531e+00
58	74	80	2.146986e+02
58	74	81	1.060476e+02
58	75	48	3.228892e+04
58	75	49	1.849984e+04
58	75	50	4.886554e+05
58	75	62	4.443264e+04
58	75	63	1.229921e+06
58	75	64	1.254175e+06
58	75	65	1.497073e+06
58	75	66	2.088014e+06
58	75	67	1.134654e+06
58	75	68	2.630554e+05
58	75	69	8.920675e+05
58	75	79	3.574853e+00
58	75	80	1.240424e+02
58	75	81	6.126912e+01
58	76	48	1.523356e+04
58	76	49	8.728022e+03
58	76	50	2.305423e+05
58	76	59	2.590565e+02
58	76	60	9.751495e+02
58	76	61	5.483577e+03
58	76	62	4.496821e+03
58	76	63	1.190333e+05
58	76	64	8.642725e+05
58	76	65	1.458862e+06
58	76	66	1.213746e+06
58	76	67	7.847008e+05
58	76	68	2.563931e+05
58	76	69	4.966056e+04
58	76	70	4.635879e+04
58	77	59	1.404549e+04
58	77	60	5.287052e+04
58	77	61	2.973078e+05
58	77	62	2.236840e+04
58	77	63	-3.255597e+04
58	77	64	4.949714e+05
58	77	65	7.416151e+05
58	77	66	1.421545e+06
58	77	67	4.919370e+05
58	77	68	6.279597e+05
58	77	69	2.115160e+05
58	77	70	3.894024e+05
58	78	59	8.020614e+03
58	78	60	3.019147e+04
58	78	61	1.697763e+05
58	78	63	-4.941796e+02
58	78	64	-2.035784e+04
58	78	65	-1.067597e+04
58	78	66	8.971033e+01
58	78	67	1.510950e+02
58	78	68	5.156951e+03
58	78	69	2.028608e+04
58	78	70	8.781954e+04
58	79	63	-3.137951e+03
58	79	64	-1.280123e+05
58	79	65	-5.348700e+04
58	79	66	6.197151e+03
58	79	67	2.408550e+03
58	79	68	1.000714e+04
58	79	71	2.840775e+02
58	79	72	1.939343e+04
58	79	73	1.178919e+04
58	80	60	2.114145e+01
58	80	61	1.512127e+03
58	80	62	2.390153e+03
58	80	63	-5.529026e+02
58	80	64	3.910226e+04
58	80	65	5.331995e+05
58	80	66	2.670225e+05
58	80	67	1.902400e+05
58	80	68	4.000899e+04
58	80	71	8.287241e+02
58	80	72	5.657542e+04
58	80	73	3.439199e+04
58	81	60	3.442802e+02
58	81	61	2.462441e+04
58	81	62	3.892270e+04
58	81	64	3.492876e+04
58	81	65	2.955402e+05
58	81	66	1.597929e+05
58	81	67	1.302093e+05
58	81	71	5.581385e+03
58	81	72	3.810306e+05
58	81	73	2.316271e+05
58	82	60	1.209061e+02
58	82	61	8.647723e+03
58	82	62	1.366907e+04
58	82	63	6.962413e-01
58	82	64	4.762929e-01
58	82	65	1.697803e+01
58	82	66	2.977126e+00
58	83	63	7.569195e+02
58	83	64	2.237579e+02
58	83	65	1.104478e+04
58	83	66	1.242819e+01
58	84	63	6.698408e+02
58	84	64	2.029561e+02
58	84	65	9.898692e+03
58	84	66	6.516544e+01
58	98	59	-3.252268e-03
58	98	60	-5.660827e+02
58	98	61	-5.606780e+02
58	99	59	-1.683659e-02
58	99	60	-2.930541e+03
58	99	61	-2.902562e+03
58	100	59	-7.680221e-02
58	100	60	-1.336803e+04
58	100	61	-1.324040e+04
59	38	87	-7.197195e+01
59	38	88	1.369583e+02
59	38	89	-6.683808e+02
59	39	87	-8.967123e+03
59	39	88	1.706390e+04
59	39	89	-8.327484e+04
59	40	85	1.066207e+01
59	40	86	5.517388e+01
59	40	87	-1.247106e+04
59	40	88	2.421075e+04
59	40	89	-1.181527e+05
59	41	85	1.617612e+03
59	41	86	8.370793e+03
59	41	87	3.819412e+04
59	42	85	2.222728e+03
59	42	86	1.150213e+04
59	42	87	5.248175e+04
59	51	76	3.107869e+02
59	51	77	2.194414e+04
59	51	78	1.345402e+04
59	52	76	1.092197e+04
59	52	77	7.711817e+05
59	52	78	4.728141e+05
59	53	76	5.419801e+03
59	53	77	3.826829e+05
59	53	78	2.346242e+05
59	63	60	8.168382e+03
59	63	61	3.821323e+03
59	63	62	1.218449e+05
59	64	60	-1.094346e+04
59	64	61	-5.119558e+03
59	64	62	-1.632398e+05
59	65	60	8.833548e+04
59	65	61	4.132500e+04
59	65	62	1.317669e+06
59	65	63	5.967846e+00
59	65	64	1.617086e+03
59	65	65	2.053978e+03
59	66	63	6.129868e+02
59	66	64	1.660988e+05
59	66	65	2.109742e+05
59	67	63	4.093215e+02
59	67	64	1.109124e+05
59	67	65	1.408779e+05
59	69	65	4.259709e+02
59	69	66	2.695506e+03
59	69	67	4.733640e+02
59	70	65	6.944797e+04
59	70	66	4.394605e+05
59	70	67	7.717468e+04
59	70	70	1.133203e+01
59	70	71	4.685471e+01
59	70	72	2.472544e+02
59	71	63	1.786413e+02
59	71	64	7.254040e+04
59	71	65	1.098130e+05
59	71	66	3.193979e+05
59	71	67	5.609022e+04
59	71	70	1.082914e+03
59	71	71	4.477540e+03
59	71	72	2.362818e+04
59	72	63	-1.918868e+02
59	72	64	-7.791898e+04
59	72	65	-6.373822e+04
59	72	69	1.218794e+04
59	72	70	8.963017e+04
59	72	71	2.075004e+04
59	72	72	1.554014e+04
59	73	63	2.067658e+03
59	73	64	8.607367e+05
59	73	65	7.171878e+05
59	73	66	3.298787e+04
59	73	69	-1.034599e+04
59	73	70	-7.547986e+04
59	73	71	-1.511430e+04
59	73	79	2.245823e+02
59	73	80	7.792688e+03
59	73	81	3.849097e+03
59	74	62	9.672939e+03
59	74	63	1.022683e+05
59	74	64	6.294926e+05
59	74	65	1.111591e+06
59	74	66	1.450824e+06
59	74	67	2.528524e+04
59	74	69	1.464724e+05
59	74	70	1.068600e+06
59	74	71	2.139795e+05
59	74	79	1.268537e+04
59	74	80	4.401644e+05
59	74	81	2.174135e+05
59	75	62	7.400553e+04
59	75	63	7.745311e+05
59	75	64	1.093024e+06
59	75	65	6.261108e+05
59	75	66	1.199138e+06
59	75	67	1.953207e+05
59	75	79	7.328986e+03
59	75	80	2.543055e+05
59	75	81	1.256109e+05
59	76	62	2.134718e+04
59	76	63	1.553104e+05
59	76	64	3.879728e+05
59	76	65	2.615088e+05
59	76	66	2.164128e+05
59	76	67	4.109514e+04
59	77	62	-2.785692e+04
59	77	63	5.227913e+04
59	77	64	-8.806094e+04
59	77	65	4.423972e+05
59	77	66	3.252054e+05
59	78	63	3.921346e+03
59	78	64	1.615407e+05
59	78	65	8.471450e+04
59	78	66	2.107432e+03
59	78	67	3.549452e+03
59	78	68	3.654606e+04
59	79	63	2.489984e+04
59	79	64	1.028837e+06
59	79	65	6.192961e+05
59	79	66	5.187265e+04
59	79	67	2.470652e+04
59	79	68	2.469058e+05
59	79	69	5.422807e+03
59	80	60	4.309205e+02
59	80	61	3.082129e+04
59	80	62	4.871785e+04
59	80	63	4.387317e+03
59	80	64	2.578193e+05
59	80	65	1.277684e+06
59	80	66	5.191715e+05
59	80	67	1.911728e+05
59	80	68	1.022177e+06
59	80	69	3.775055e+04
59	81	60	7.017373e+03
59	81	61	5.019128e+05
59	81	62	7.933512e+05
59	81	64	3.775497e+04
59	81	65	4.503731e+05
59	81	66	1.531336e+05
59	81	67	5.910265e+04
59	81	68	1.580417e+04
59	81	69	7.248888e+03
59	82	60	2.464396e+03
59	82	61	1.762643e+05
59	82	62	2.786131e+05
59	82	63	2.075917e+01
59	82	64	9.903162e+02
59	82	65	2.511423e+04
59	82	66	1.079174e+04
59	83	63	2.256836e+04
59	83	64	1.074643e+04
59	83	65	4.320396e+05
59	83	66	4.505075e+04
59	84	63	1.997202e+04
59	84	64	2.741725e+04
59	84	65	8.337777e+05
59	84	66	2.362172e+05
59	98	59	1.877230e-01
59	98	60	3.267467e+04
59	98	61	3.236271e+04
59	99	59	9.718193e-01
59	99	60	1.691528e+05
59	99	61	1.675378e+05
59	100	59	4.433075e+00
59	100	60	7.716115e+05
59	100	61	7.642445e+05
60	38	87	8.101029e+02
60	38	88	-1.541578e+03
60	38	89	7.523170e+03
60	39	87	1.009323e+05
60	39	88	-1.920681e+05
60	39	89	9.373262e+05
60	40	85	1.375939e+02
60	40	86	7.120188e+02
60	40	87	1.464544e+05
60	40	88	-2.725117e+05
60	40	89	1.329905e+06
60	41	85	2.087529e+04
60	41	86	1.080251e+05
60	41	87	4.928950e+05
60	42	85	2.868430e+04
60	42	86	1.484350e+05
60	42	87	6.772769e+05
60	65	63	1.306790e+01
60	65	64	3.540961e+03
60	65	65	4.497632e+03
60	66	63	1.342268e+03
60	66	64	3.637095e+05
60	66	65	4.619739e+05
60	67	63	8.962986e+02
60	67	64	2.428668e+05
60	67	65	3.084827e+05
60	68	74	4.365071e+00
60	68	75	2.132558e+02
60	68	76	1.180790e+02
60	69	65	4.331362e+02
60	69	66	2.740847e+03
60	69	67	4.813265e+02
60	69	74	2.184163e+01
60	69	75	1.067074e+03
60	69	76	5.908354e+02
60	70	65	7.061615e+04
60	70	66	4.468526e+05
60	70	67	7.847284e+04
60	70	70	1.117535e+02
60	70	71	4.620687e+02
60	70	72	2.438357e+03
60	70	74	1.017938e+02
60	70	75	4.973142e+03
60	70	76	2.753611e+03
60	71	63	4.700343e+01
60	71	64	1.908656e+04
60	71	65	6.693644e+04
60	71	66	3.247705e+05
60	71	67	5.703371e+04
60	71	70	1.067941e+04
60	71	71	4.415631e+04
60	71	72	2.330148e+05
60	72	63	-5.048855e+01
60	72	64	-2.050175e+04
60	72	65	-1.677057e+04
60	72	69	4.333380e+03
60	72	70	3.863827e+04
60	72	71	3.537196e+04
60	72	72	1.532527e+05
60	73	63	5.394518e+02
60	73	64	2.190538e+05
60	73	65	1.791874e+05
60	73	69	-3.678481e+03
60	73	70	-2.683661e+04
60	73	71	-5.373840e+03
60	73	79	2.054945e+02
60	73	80	7.130370e+03
60	73	81	3.521954e+03
60	74	62	1.692922e+03
60	74	63	1.022013e+04
60	74	64	4.242735e+04
60	74	69	5.207778e+04
60	74	70	3.799371e+05
60	74	71	7.607968e+04
60	74	79	1.160721e+04
60	74	80	4.027538e+05
60	74	81	1.989350e+05
60	75	62	4.166251e+04
60	75	63	5.981125e+04
60	75	64	6.669330e+05
60	75	79	6.706079e+03
60	75	80	2.326915e+05
60	75	81	1.149350e+05
60	76	62	-3.619754e+04
60	76	63	9.659344e+04
60	76	64	-2.871459e+05
60	77	62	2.472408e+05
60	77	63	-4.272424e+05
60	77	64	2.418830e+06
60	77	65	1.407834e+03
60	77	66	8.382042e+02
60	77	67	4.862331e+00
60	78	64	1.182244e+02
60	78	65	7.278610e+03
60	78	66	5.328716e+03
60	78	67	1.619824e+03
60	78	68	1.540709e+04
60	79	64	1.190057e+03
60	79	65	5.724751e+04
60	79	66	3.823168e+04
60	79	67	2.616134e+04
60	79	68	2.082638e+05
60	79	69	5.006721e+04
60	80	64	6.354039e+03
60	80	65	2.773467e+05
60	80	66	1.997524e+05
60	80	67	8.921589e+05
60	80	68	1.156125e+06
60	80	69	3.485399e+05
60	81	64	1.610348e+03
60	81	65	8.780871e+04
60	81	66	6.702318e+04
60	81	67	5.042887e+05
60	81	68	1.459153e+05
60	81	69	6.692689e+04
60	82	63	4.158662e+01
60	82	64	1.063758e+03
60	82	65	2.711441e+04
60	82	66	1.152985e+04
60	83	63	4.521094e+04
60	83	64	1.768706e+04
60	83	65	7.686643e+05
60	83	66	4.813205e+04
60	84	63	4.000972e+04
60	84	64	3.478418e+04
60	84	65	1.162553e+06
60	84	66	2.523735e+05
61	40	85	4.214256e+01
61	40	86	2.180786e+02
61	40	87	9.950454e+02
61	41	85	6.393726e+03
61	41	86	3.308615e+04
61	41	87	1.509649e+05
61	42	85	8.785487e+03
61	42	86	4.546299e+04
61	42	87	2.074378e+05
61	56	51	2.193554e+02
61	56	52	8.398071e+03
61	56	53	4.295811e+03
61	57	51	2.600036e+03
61	57	52	9.954295e+04
61	57	53	5.091856e+04
61	57	86	1.054848e-03
61	57	87	2.428196e-01
61	57	88	3.146366e-01
61	58	51	7.539683e+02
61	58	52	2.886584e+04
61	58	53	1.476556e+04
61	58	86	7.456683e-02
61	58	87	1.716483e+01
61	58	88	2.224155e+01
61	59	86	1.181712e-01
61	59	87	2.720228e+01
61	59	88	3.524770e+01
61	68	74	5.344700e+02
61	68	75	2.611156e+04
61	68	76	1.445788e+04
61	69	74	2.674343e+03
61	69	75	1.306552e+05
61	69	76	7.234333e+04
61	70	70	3.536392e+02
61	70	71	1.462197e+03
61	70	72	7.716077e+03
61	70	74	1.246388e+04
61	70	75	6.089236e+05
61	70	76	3.371589e+05
61	71	55	6.630328e+00
61	71	56	5.160049e+01
61	71	57	1.092553e+01
61	71	70	3.379454e+04
61	71	71	1.397308e+05
61	71	72	7.373654e+05
61	72	55	1.005650e+04
61	72	56	7.826464e+04
61	72	57	1.657121e+04
61	72	70	2.222651e+04
61	72	71	9.190025e+04
61	72	72	4.849617e+05
61	73	55	9.069006e+03
61	73	56	7.057949e+04
61	73	57	1.494401e+04
61	74	59	5.496977e-01
61	74	60	4.824802e+00
61	74	61	1.126895e+00
61	75	59	2.765658e+01
61	75	60	2.427471e+02
61	75	61	5.669670e+01
61	76	59	1.544993e+01
61	76	60	1.356069e+02
61	76	61	3.167274e+01
61	76	71	1.870975e+01
61	76	72	2.636044e+02
61	76	73	8.519555e+01
61	77	64	4.800562e+02
61	77	65	2.955756e+04
61	77	66	2.375521e+04
61	77	67	5.775632e+03
61	77	71	1.998288e+03
61	77	72	2.815417e+04
61	77	73	9.099279e+03
61	78	64	2.481912e+03
61	78	65	1.528667e+05
61	78	66	2.495713e+05
61	78	67	1.466331e+05
61	78	71	1.345036e+03
61	78	72	1.895040e+04
61	78	73	6.124669e+03
61	79	64	1.133094e+04
61	79	65	6.979084e+05
61	79	66	7.496115e+05
61	79	67	3.139246e+05
61	79	68	2.651398e+04
61	79	69	1.216115e+04
61	80	65	1.142142e+04
61	80	66	1.446633e+04
61	80	67	1.952328e+05
61	80	68	1.845755e+05
61	80	69	8.465915e+04
61	81	65	6.893115e+03
61	81	66	8.730795e+03
61	81	67	1.151740e+05
61	81	68	3.544232e+04
61	81	69	1.625631e+04
62	56	51	-3.387501e+02
62	56	52	-1.296912e+04
62	56	53	-6.634010e+03
62	57	51	-4.015229e+03
62	57	52	-1.537239e+05
62	57	53	-7.863341e+04
62	57	86	1.073777e+01
62	57	87	2.471770e+03
62	57	88	3.202827e+03
62	58	51	-1.164351e+03
62	58	52	-4.457745e+04
62	58	53	-2.280241e+04
62	58	86	7.590493e+02
62	58	87	1.747285e+05
62	58	88	2.264067e+05
62	59	86	1.202917e+03
62	59	87	2.769043e+05
62	59	88	3.588022e+05
62	63	56	4.709928e+01
62	63	57	9.098230e+02
62	63	58	2.129525e+03
62	64	56	1.195654e+03
62	64	57	2.309661e+04
62	64	58	5.405976e+04
62	65	56	5.216004e+02
62	65	57	1.007582e+04
62	65	58	2.358340e+04
62	67	70	3.408786e+01
62	67	71	-5.800041e+01
62	67	72	3.359897e+02
62	68	70	1.509605e+03
62	68	71	-2.568589e+03
62	68	72	1.487954e+04
62	68	74	3.694684e+02
62	68	75	1.805040e+04
62	68	76	9.994445e+03
62	69	70	8.106049e+02
62	69	71	-1.379242e+03
62	69	72	7.989790e+03
62	69	74	1.848720e+03
62	69	75	9.031932e+04
62	69	76	5.000950e+04
62	70	74	8.616030e+03
62	70	75	4.209367e+05
62	70	76	2.330712e+05
62	71	55	-9.272902e+00
62	71	56	-7.216631e+01
62	71	57	-1.527999e+01
62	72	55	-1.406460e+04
62	72	56	-1.094577e+05
62	72	57	-2.317580e+04
62	73	55	-1.268354e+04
62	73	56	-9.870956e+04
62	73	57	-2.090007e+04
62	74	59	1.040313e+03
62	74	60	9.131026e+03
62	74	61	2.132669e+03
62	75	59	5.234059e+04
62	75	60	4.594033e+05
62	75	61	1.072995e+05
62	76	59	2.923927e+04
62	76	60	2.566386e+05
62	76	61	5.994125e+04
62	76	71	1.053838e+02
62	76	72	1.484768e+03
62	76	73	4.798692e+02
62	77	64	1.920862e+02
62	77	65	1.182883e+04
62	77	66	1.403153e+04
62	77	67	6.480834e+03
62	77	71	1.125548e+04
62	77	72	1.585801e+05
62	77	73	5.125225e+04
62	78	64	9.930940e+02
62	78	65	6.121480e+04
62	78	66	2.147763e+05
62	78	67	1.645369e+05
62	78	71	7.575996e+03
62	78	72	1.067393e+05
62	78	73	3.449758e+04
62	79	64	4.533879e+03
62	79	65	2.792883e+05
62	79	66	5.429211e+05
62	79	67	3.480238e+05
62	93	64	2.920868e+02
62	93	65	1.979523e+03
62	93	66	3.708872e+02
62	94	64	1.650203e+04
62	94	65	1.118371e+05
62	94	66	2.095401e+04
62	95	64	9.534671e+03
62	95	65	6.461810e+04
62	95	66	1.210697e+04
63	51	81	7.923941e+01
63	51	82	-1.067742e+02
63	51	83	8.553508e+02
63	52	81	2.142887e+03
63	52	82	-2.887516e+03
63	52	83	2.313142e+04
63	53	52	1.964709e+01
63	53	53	1.293899e+00
63	53	54	2.764285e+02
63	53	81	4.434861e+03
63	53	82	-5.975925e+03
63	53	83	4.787217e+04
63	54	52	1.782428e+02
63	54	53	1.173855e+01
63	54	54	2.507822e+03
63	55	52	4.271635e+01
63	55	53	2.813173e+00
63	55	54	6.010059e+02
63	56	51	2.255369e+03
63	56	52	8.634731e+04
63	56	53	4.416868e+04
63	57	51	2.673306e+04
63	57	52	1.023481e+06
63	57	53	5.235346e+05
63	57	86	1.031939e+01
63	57	87	2.375460e+03
63	57	88	3.078032e+03
63	58	51	7.752153e+03
63	58	52	2.967929e+05
63	58	53	1.518165e+05
63	58	86	7.294737e+02
63	58	87	1.679204e+05
63	58	88	2.175850e+05
63	59	86	1.156047e+03
63	59	87	2.661149e+05
63	59	88	3.448218e+05
63	63	56	6.033837e+02
63	63	57	1.165564e+04
63	63	58	2.728111e+04
63	63	68	2.289257e+02
63	63	69	1.770196e+03
63	63	70	3.727713e+02
63	64	56	1.531740e+04
63	64	57	2.958882e+05
63	64	58	6.925537e+05
63	64	68	2.453167e+03
63	64	69	1.896942e+04
63	64	70	3.994616e+03
63	65	56	6.682166e+03
63	65	57	1.290803e+05
63	65	58	3.021244e+05
63	65	68	7.446963e+03
63	65	69	5.758457e+04
63	65	70	1.212627e+04
63	67	70	2.021567e+03
63	67	71	-3.439690e+03
63	67	72	1.992573e+04
63	68	70	8.952652e+04
63	68	71	-1.523291e+05
63	68	72	8.824251e+05
63	69	70	4.807259e+04
63	69	71	-8.179538e+04
63	69	72	4.738312e+05
63	71	55	7.070160e+01
63	71	56	5.502348e+02
63	71	57	1.165029e+02
63	72	55	1.072361e+05
63	72	56	8.345643e+05
63	72	57	1.767048e+05
63	73	55	9.670611e+04
63	73	56	7.526148e+05
63	73	57	1.593534e+05
63	74	59	1.139891e+03
63	74	60	1.000504e+04
63	74	61	2.336806e+03
63	75	59	5.735058e+04
63	75	60	5.033770e+05
63	75	61	1.175702e+05
63	76	59	3.203803e+04
63	76	60	2.812038e+05
63	76	61	6.567878e+04
63	76	71	4.562383e+02
63	76	72	6.428007e+03
63	76	73	2.077498e+03
63	77	63	8.533285e+00
63	77	64	-7.263973e+00
63	77	65	1.025035e+02
63	77	71	4.872836e+04
63	77	72	6.865408e+05
63	77	73	2.218864e+05
63	78	63	2.601519e+01
63	78	64	-2.214547e+01
63	78	65	3.124994e+02
63	78	71	3.279876e+04
63	78	72	4.621065e+05
63	78	73	1.493504e+05
63	79	63	1.696954e+02
63	79	64	-1.444535e+02
63	79	65	2.038414e+03
63	93	64	-5.395994e+02
63	93	65	-3.656958e+03
63	93	66	-6.851747e+02
63	94	64	-3.048574e+04
63	94	65	-2.066071e+05
63	94	66	-3.871031e+04
63	95	64	-1.761429e+04
63	95	65	-1.193751e+05
63	95	66	-2.236635e+04
64	50	84	1.755054e+00
64	50	85	4.299993e+02
64	50	86	5.528406e+02
64	51	81	1.616643e+03
64	51	82	-2.178408e+03
64	51	83	1.745087e+04
64	51	84	1.140462e+02
64	51	85	2.794204e+04
64	51	86	3.592446e+04
64	52	81	4.371920e+04
64	52	82	-5.891113e+04
64	52	83	4.719275e+05
64	52	84	1.842139e+02
64	52	85	4.513357e+04
64	52	86	5.802723e+04
64	53	52	6.145211e+03
64	53	53	4.047055e+02
64	53	54	8.646123e+04
64	53	81	9.048006e+04
64	53	82	-1.219209e+05
64	53	83	9.766882e+05
64	54	52	5.575074e+04
64	54	53	3.671580e+03
64	54	54	7.843957e+05
64	55	52	1.336081e+04
64	55	53	8.799034e+02
64	55	54	1.879824e+05
64	63	56	1.839569e+02
64	63	57	3.553520e+03
64	63	58	8.317343e+03
64	63	68	3.459562e+02
64	63	69	2.675149e+03
64	63	70	5.633380e+02
64	64	56	4.669899e+03
64	64	57	9.020906e+04
64	64	58	2.111427e+05
64	64	68	3.707265e+03
64	64	69	2.866689e+04
64	64	70	6.036728e+03
64	65	56	2.037229e+03
64	65	57	3.935342e+04
64	65	58	9.211032e+04
64	65	68	1.125397e+04
64	65	69	8.702272e+04
64	65	70	1.832541e+04
64	67	70	1.183915e+03
64	67	71	-2.014429e+03
64	67	72	1.166935e+04
64	68	70	5.243053e+04
64	68	71	-8.921041e+04
64	68	72	5.167856e+05
64	69	70	2.815335e+04
64	69	71	-4.790285e+04
64	69	72	2.774957e+05
64	77	63	3.155065e+03
64	77	64	-2.685754e+03
64	77	65	3.795739e+04
64	77	66	-1.087718e+02
64	77	67	5.453732e+02
64	78	63	9.618758e+03
64	78	64	-8.187983e+03
64	78	65	1.257663e+05
64	78	66	-1.912648e+04
64	78	67	9.589860e+04
64	79	63	6.274254e+04
64	79	64	-5.340969e+04
64	79	65	7.611961e+05
64	79	66	-1.406940e+04
64	79	67	7.054285e+04
64	93	64	2.759340e+03
64	93	65	1.870052e+04
64	93	66	3.503766e+03
64	94	64	1.558944e+05
64	94	65	1.056523e+06
64	94	66	1.979523e+05
64	95	64	9.007390e+04
64	95	65	6.104463e+05
64	95	66	1.143744e+05
65	50	84	1.582841e+01
65	50	85	3.878061e+03
65	50	86	4.985937e+03
65	51	81	6.380165e+02
65	51	82	-8.597201e+02
65	51	83	6.887078e+03
65	51	84	1.028555e+03
65	51	85	2.520026e+05
65	51	86	3.239941e+05
65	52	81	1.725401e+04
65	52	82	-2.324958e+04
65	52	83	1.862486e+05
65	52	84	1.661381e+03
65	52	85	4.070489e+05
65	52	86	5.233337e+05
65	53	52	4.886211e+03
65	53	53	3.217915e+02
65	53	54	6.874748e+04
65	53	81	3.570843e+04
65	53	82	-4.811670e+04
65	53	83	3.854551e+05
65	54	52	4.432880e+04
65	54	53	2.919364e+03
65	54	54	6.236926e+05
65	55	52	1.062351e+04
65	55	53	6.996332e+02
65	55	54	1.494695e+05
65	56	79	1.947563e-03
65	56	80	2.066792e+00
65	56	81	1.826289e+00
65	57	79	1.143203e-01
65	57	80	1.213190e+02
65	57	81	1.072016e+02
65	58	79	1.891447e-01
65	58	80	2.007242e+02
65	58	81	1.773668e+02
65	63	68	3.893354e+03
65	63	69	3.010585e+04
65	63	70	6.339746e+03
65	64	68	4.172117e+04
65	64	69	3.226142e+05
65	64	70	6.793670e+04
65	65	68	1.266510e+05
65	65	69	9.793445e+05
65	65	70	2.062322e+05
65	77	63	3.873785e+03
65	77	64	-3.297566e+03
65	77	65	4.711184e+04
65	77	66	-1.083520e+03
65	77	67	5.432684e+03
65	78	63	1.180990e+04
65	78	64	-1.005320e+04
65	78	65	2.437071e+05
65	78	66	-1.905266e+05
65	78	67	9.552848e+05
65	79	63	7.703522e+04
65	79	64	-6.557636e+04
65	79	65	1.000278e+06
65	79	66	-1.401510e+05
65	79	67	7.027059e+05
66	50	84	3.776046e+00
66	50	85	9.251550e+02
66	50	86	1.189451e+03
66	51	84	2.453735e+02
66	51	85	6.011805e+04
66	51	86	7.729244e+04
66	52	84	3.963412e+02
66	52	85	9.710610e+04
66	52	86	1.248472e+05
66	56	79	3.102232e+00
66	56	80	3.292150e+03
66	56	81	2.909057e+03
66	57	79	2.011621e+02
66	57	80	1.941197e+05
66	57	81	1.722986e+05
66	58	79	6.238411e+02
66	58	80	3.345039e+05
66	58	81	3.085698e+05
66	59	79	1.156638e+02
66	59	80	5.297931e+03
66	59	81	9.339698e+03
66	70	78	2.223845e+02
66	70	79	-4.352989e+02
66	70	80	2.029673e+03
66	71	78	1.074461e+04
66	71	79	-2.103166e+04
66	71	80	9.806457e+04
66	72	78	5.929110e+03
66	72	79	-1.160573e+04
66	72	80	5.411419e+04
66	77	65	1.488824e+02
66	77	66	-2.785239e+02
66	77	67	1.396496e+03
66	78	54	3.013309e+00
66	78	55	2.839389e+01
66	78	56	7.004177e+00
66	78	65	2.617954e+04
66	78	66	-4.897573e+04
66	78	67	2.455603e+05
66	79	54	3.837713e+03
66	79	55	3.616210e+04
66	79	56	8.920432e+03
66	79	65	1.925762e+04
66	79	66	-3.602646e+04
66	79	67	1.806338e+05
66	80	54	3.428152e+03
66	80	55	3.230287e+04
66	80	56	7.968442e+03
67	56	79	3.427074e+00
67	56	80	3.636878e+03
67	56	81	3.213671e+03
67	57	79	6.575496e+02
67	57	80	2.343862e+05
67	57	81	2.254921e+05
67	58	79	8.054796e+03
67	58	80	7.069102e+05
67	58	81	9.356459e+05
67	59	79	2.768977e+03
67	59	80	1.268318e+05
67	59	81	2.235913e+05
67	70	78	-6.217214e+00
67	70	79	1.216967e+01
67	70	80	-5.674367e+01
67	71	78	-3.003875e+02
67	71	79	5.879831e+02
67	71	80	-2.741596e+03
67	72	78	-1.657604e+02
67	72	79	3.244620e+02
67	72	80	-1.512873e+03
67	78	54	7.244302e+00
67	78	55	6.826178e+01
67	78	56	1.683875e+01
67	79	54	9.226252e+03
67	79	55	8.693735e+04
67	79	56	2.144562e+04
67	80	54	8.241624e+03
67	80	55	7.765938e+04
67	80	56	1.915694e+04
68	57	79	1.940387e+02
68	57	80	8.887861e+03
68	57	81	1.566837e+04
68	58	79	3.283116e+03
68	58	80	1.503818e+05
68	58	81	2.651074e+05
68	59	79	1.177275e+03
68	59	80	5.392460e+04
68	59	81	9.506342e+04
68	70	78	3.084003e+03
68	70	79	-6.036676e+03
68	70	80	2.814728e+04
68	71	78	1.490050e+05
68	71	79	-2.916647e+05
68	71	80	1.359948e+06
68	72	78	8.222423e+04
68	72	79	-1.609470e+05
68	72	80	7.504495e+05
68	78	54	5.635730e+01
68	78	55	5.310449e+02
68	78	56	1.309977e+02
68	79	54	7.177594e+04
68	79	55	6.763321e+05
68	79	56	1.668370e+05
68	80	50	3.150335e+02
68	80	51	-4.737871e+02
68	80	52	3.272769e+03
68	80	54	6.411600e+04
68	80	55	6.041538e+05
68	80	56	1.490321e+05
68	81	50	-5.610991e+02
68	81	51	8.438516e+02
68	81	52	-5.829056e+03
68	82	50	3.035384e+03
68	82	51	-4.564993e+03
68	82	52	3.153350e+04
69	80	50	1.491249e+04
69	80	51	-2.242728e+04
69	80	52	1.549205e+05
69	81	50	-2.656030e+04
69	81	51	3.994473e+04
69	81	52	-2.759254e+05
69	82	50	1.436835e+05
69	82	51	-2.160894e+05
69	82	52	1.492676e+06
70	80	50	8.177324e+03
70	80	51	-1.229809e+04
70	80	52	8.495126e+04
70	80	56	1.405499e+02
70	80	57	-9.010220e+01
70	80	58	1.757219e+03
70	81	50	-1.456445e+04
70	81	51	2.190386e+04
70	81	52	-1.513048e+05
70	81	56	1.342422e+03
70	81	57	-8.605853e+02
70	81	58	1.678357e+04
70	82	50	7.878946e+04
70	82	51	-1.184935e+05
70	82	52	8.185151e+05
70	82	56	3.345279e+02
70	82	57	-2.144555e+02
70	82	58	4.182421e+03
71	80	56	7.737713e+03
71	80	57	-4.960409e+03
71	80	58	9.674041e+04
71	81	56	7.390454e+04
71	81	57	-4.737792e+04
71	81	58	9.239882e+05
71	82	56	1.841681e+04
71	82	57	-1.180645e+04
71	82	58	2.302554e+05
72	80	56	4.438017e+03
72	80	57	-2.845076e+03
72	80	58	5.548610e+04
72	81	56	4.238844e+04
72	81	57	-2.717392e+04
72	81	58	5.299596e+05
72	82	56	1.056309e+04
72	82	57	-6.771668e+03
72	82	58	1.320645e+05
72	82	78	3.571806e+00
72	82	79	-6.748642e+00
72	82	80	3.331045e+01
72	83	78	6.446955e+02
72	83	79	-1.218101e+03
72	83	80	6.012393e+03
72	84	78	8.632337e+02
72	84	79	-1.631011e+03
72	84	80	8.050467e+03
73	45	93	1.236745e+01
73	45	94	5.187208e+02
73	45	95	2.736518e+02
73	46	93	9.753622e+01
73	46	94	4.090904e+03
73	46	95	2.158161e+03
73	47	93	3.473327e+02
73	47	94	1.456797e+04
73	47	95	7.685351e+03
73	82	78	3.437553e+02
73	82	79	-6.494983e+02
73	82	80	3.205842e+03
73	83	78	6.204635e+04
73	83	79	-1.172316e+05
73	83	80	5.786407e+05
73	84	78	8.307876e+04
73	84	79	-1.569707e+05
73	84	80	7.747876e+05
74	9	100	5.399092e-01
74	9	101	2.020457e+02
74	9	102	1.638802e+02
74	10	100	1.250299e+01
74	10	101	4.678888e+03
74	10	102	3.795068e+03
74	11	100	5.237003e+00
74	11	101	1.959800e+03
74	11	102	1.589602e+03
74	30	113	3.360874e+00
74	30	114	1.954105e+02
74	30	115	1.138167e+02
74	31	113	2.775300e+02
74	31	114	1.613636e+04
74	31	115	9.398615e+03
74	32	113	1.766934e+02
74	32	114	1.027344e+04
74	32	115	5.983763e+03
74	45	93	5.461312e+02
74	45	94	2.290606e+04
74	45	95	1.208412e+04
74	46	93	4.307077e+03
74	46	94	1.806492e+05
74	46	95	9.530168e+04
74	47	93	1.533778e+04
74	47	94	6.433032e+05
74	47	95	3.393754e+05
74	82	78	2.264287e+02
74	82	79	-4.278191e+02
74	82	80	2.111661e+03
74	83	78	4.086941e+04
74	83	79	-7.721949e+04
74	83	80	3.811457e+05
74	84	78	5.472328e+04
74	84	79	-1.033953e+05
74	84	80	5.103461e+05
75	9	100	3.367673e+01
75	9	101	1.260256e+04
75	9	102	1.022209e+04
75	9	103	3.067350e-01
75	9	104	1.998074e+00
75	10	100	7.798714e+02
75	10	101	2.918447e+05
75	10	102	2.367246e+05
75	10	103	2.443184e+01
75	10	104	1.591491e+02
75	11	100	3.266570e+02
75	11	101	1.222421e+05
75	11	102	9.915618e+04
75	11	103	1.542453e+01
75	11	104	1.004755e+02
75	28	113	3.256818e+01
75	28	114	2.539631e+03
75	28	115	1.595307e+03
75	29	113	-6.173034e+00
75	29	114	-4.813665e+02
75	29	115	-3.023774e+02
75	30	113	4.813829e+02
75	30	114	3.672078e+04
75	30	115	2.295723e+04
75	31	113	3.400841e+03
75	31	114	1.977343e+05
75	31	115	1.151702e+05
75	32	113	2.165194e+03
75	32	114	1.258903e+05
75	32	115	7.332477e+04
75	45	93	2.929832e+02
75	45	94	1.228842e+04
75	45	95	6.482770e+03
75	46	93	2.310619e+03
75	46	94	9.691290e+04
75	46	95	5.112652e+04
75	47	93	8.228261e+03
75	47	94	3.451131e+05
75	47	95	1.820648e+05
75	72	58	5.131771e+01
75	72	59	1.301830e+03
75	72	60	2.754360e+03
75	73	58	1.711799e+03
75	73	59	4.342498e+04
75	73	60	9.187687e+04
75	74	58	8.333081e+02
75	74	59	2.113939e+04
75	74	60	4.472590e+04
76	9	100	5.491777e+01
76	9	101	2.055142e+04
76	9	102	1.700718e+04
76	9	103	1.031896e+03
76	9	104	6.721777e+03
76	10	100	1.271762e+03
76	10	101	4.759210e+05
76	10	102	4.129304e+05
76	10	103	8.219184e+04
76	10	104	5.353982e+05
76	11	100	5.326905e+02
76	11	101	1.993443e+05
76	11	102	1.786774e+05
76	11	103	5.189011e+04
76	11	104	3.380125e+05
76	28	113	7.633061e+02
76	28	114	5.952178e+04
76	28	115	3.738948e+04
76	29	113	-1.446785e+02
76	29	114	-1.128187e+04
76	29	115	-7.086873e+03
76	30	113	1.043423e+04
76	30	114	8.113251e+05
76	30	115	5.093342e+05
76	31	113	9.679270e+03
76	31	114	5.627794e+05
76	31	115	3.277906e+05
76	32	113	6.162446e+03
76	32	114	3.583016e+05
76	32	115	2.086926e+05
76	72	58	3.781196e+02
76	72	59	9.592152e+03
76	72	60	2.029470e+04
76	73	58	1.261289e+04
76	73	59	3.199643e+05
76	73	60	6.769680e+05
76	74	58	6.139988e+03
76	74	59	1.557595e+05
76	74	60	3.295497e+05
77	9	102	3.152264e+02
77	9	103	9.628476e+02
77	9	104	6.271995e+03
77	10	102	2.510819e+04
77	10	103	7.669205e+04
77	10	104	4.995724e+05
77	11	102	1.585154e+04
77	11	103	4.841793e+04
77	11	104	3.153947e+05
77	17	109	4.481547e-02
77	17	110	8.802229e-01
77	17	111	3.409564e-01
77	18	109	5.318183e+01
77	18	110	1.044547e+03
77	18	111	4.046077e+02
77	19	109	5.967860e+01
77	19	110	1.172151e+03
77	19	111	4.540352e+02
77	28	113	3.214589e+02
77	28	114	2.506702e+04
77	28	115	1.574621e+04
77	29	113	-6.092993e+01
77	29	114	-4.751249e+03
77	29	115	-2.984567e+03
77	30	113	4.344911e+03
77	30	114	3.388115e+05
77	30	115	2.128294e+05
77	72	58	7.637756e+01
77	72	59	1.937549e+03
77	72	60	4.099390e+03
77	73	58	2.547718e+03
77	73	59	6.463060e+04
77	73	60	1.367429e+05
77	74	58	1.240235e+03
77	74	59	3.146234e+04
77	74	60	6.656678e+04
78	17	109	1.590753e+01
78	17	110	3.124407e+02
78	17	111	1.210246e+02
78	18	109	1.887722e+04
78	18	110	3.707686e+05
78	18	111	1.436180e+05
78	19	109	2.118329e+04
78	19	110	4.160622e+05
78	19	111	1.611626e+05
79	17	109	1.282965e+01
79	17	110	2.519879e+02
79	17	111	9.760809e+01
79	18	109	1.522475e+04
79	18	110	2.990302e+05
79	18	111	1.158300e+05
79	19	109	1.708463e+04
79	19	110	3.355602e+05
79	19	111	1.299800e+05
80	91	42	2.869141e+01
80	91	43	7.456211e+02
80	91	44	3.285611e+02
80	92	42	3.463424e+03
80	92	43	9.000609e+04
80	92	44	3.966157e+04
80	93	42	2.387768e+03
80	93	43	6.205237e+04
80	93	44	2.734364e+04
81	91	42	1.947835e+02
81	91	43	5.061957e+03
81	91	44	2.230573e+03
81	92	42	2.351288e+04
81	92	43	6.110435e+05
81	92	44	2.692589e+05
81	93	42	1.621035e+04
81	93	43	4.212681e+05
81	93	44	1.856336e+05
82	91	42	3.655336e+01
82	91	43	9.499344e+02
82	91	44	4.185927e+02
82	92	42	4.412463e+03
82	92	43	1.146693e+05
82	92	44	5.052954e+04
82	93	42	3.042058e+03
82	93	43	7.905580e+04
82	93	44	3.483628e+04
96	5	99	1.611371e+01
96	5	100	1.181140e+01
96	5	101	2.491405e+02
96	6	99	1.869694e+03
96	6	100	1.370491e+03
96	6	101	2.890807e+04
96	7	99	1.279278e+03
96	7	100	9.377143e+02
96	7	101	1.977942e+04
97	5	99	1.312177e+02
97	5	100	9.618297e+01
97	5	101	2.028809e+03
97	6	99	1.522535e+04
97	6	100	1.116023e+04
97	6	101	2.354052e+05
97	7	99	1.041746e+04
97	7	100	7.636027e+03
97	7	101	1.610685e+05
98	5	99	4.591736e+02
98	5	100	3.365755e+02
98	5	101	7.099464e+03
98	6	99	5.327847e+04
98	6	100	3.905326e+04
98	6	101	8.237594e+05
98	7	99	3.645408e+04
98	7	100	2.672094e+04
98	7	101	5.636310e+05
125	5	101	1.661841e+02
125	5	102	3.310809e+03
125	5	103	1.291507e+03
125	6	101	3.570081e+03
125	6	102	7.112507e+04
125	6	103	2.774504e+04
125	7	101	1.444255e+03
125	7	102	2.877323e+04
125	7	103	1.122409e+04
126	5	101	1.685053e+03
126	5	102	3.357054e+04
126	5	103	1.309546e+04
126	6	101	3.619947e+04
126	6	102	7.211855e+05
126	6	103	2.813258e+05
126	7	101	1.464428e+04
126	7	102	2.917513e+05
126	7	103	1.138087e+05
127	5	101	4.387594e+02
127	5	102	8.741201e+03
127	5	103	3.409838e+03
127	6	101	9.425732e+03
127	6	102	1.877845e+05
127	6	103	7.325249e+04
127	7	101	3.813124e+03
127	7	102	7.596712e+04
127	7	103	2.963386e+04
