0.4887	-3.771940e+00	2
54	54	62	2.510793e-19
54	54	63	4.578938e+03
54	54	64	4.578938e+03
54	55	62	-3.474019e-19
54	55	63	-6.335576e+03
54	55	64	-6.335576e+03
54	56	62	2.687005e-18
54	56	63	4.900297e+04
54	56	64	4.900297e+04
55	54	62	3.872477e-18
55	54	63	7.062246e+04
55	54	64	7.062246e+04
55	55	62	-5.358093e-18
55	55	63	-9.771566e+04
55	55	64	-9.771566e+04
55	56	62	4.144256e-17
55	56	63	7.557889e+05
55	56	64	7.557889e+05
56	54	62	1.319262e-18
56	54	63	2.405941e+04
56	54	64	2.405941e+04
56	55	62	-1.825377e-18
56	55	63	-3.328943e+04
56	55	64	-3.328943e+04
56	56	62	1.411851e-17
56	56	63	2.574795e+05
56	56	64	2.574795e+05
70	70	62	2.975133e-19
70	70	63	4.578938e+03
70	70	64	4.578938e+03
70	71	62	2.291394e-18
70	71	63	3.526616e+04
70	71	64	3.526616e+04
70	72	62	4.808902e-19
70	72	63	7.401238e+03
70	72	64	7.401238e+03
71	70	62	6.707036e-19
71	70	63	1.032260e+04
71	70	64	1.032260e+04
71	71	62	5.165639e-18
71	71	63	7.950281e+04
71	71	64	7.950281e+04
71	72	62	1.084102e-18
71	72	63	1.668510e+04
71	72	64	1.668510e+04
72	70	62	5.481184e-18
72	70	63	8.435927e+04
72	70	64	8.435927e+04
72	71	62	4.221509e-17
72	71	63	6.497200e+05
72	71	64	6.497200e+05
72	72	62	8.859597e-18
72	72	63	1.363554e+05
72	72	64	1.363554e+05
