0.0107	-4.828259e+06	773
21	19	102	3.219223e+01
21	19	103	1.053037e+03
21	19	104	5.088772e+02
21	20	102	3.045771e+02
21	20	103	9.962987e+03
21	20	104	4.814588e+03
21	21	102	7.536295e+01
21	21	103	2.465189e+03
21	21	104	1.191296e+03
22	19	102	1.095089e+03
22	19	103	3.582133e+04
22	19	104	1.731057e+04
22	20	102	1.036085e+04
22	20	103	3.389127e+05
22	20	104	1.637787e+05
22	21	102	2.563635e+03
22	21	103	8.385877e+04
22	21	104	4.052454e+04
23	19	102	2.103887e+03
23	19	103	6.882002e+04
23	19	104	3.325710e+04
23	20	102	1.990529e+04
23	20	103	6.511198e+05
23	20	104	3.146520e+05
23	21	102	4.925260e+03
23	21	103	1.611096e+05
23	21	104	7.785583e+04
39	63	38	2.595451e+01
39	63	39	6.256684e+02
39	63	40	1.347866e+03
39	64	38	2.887168e+02
39	64	39	6.959907e+03
39	64	40	1.499360e+04
39	65	38	8.605657e+02
39	65	39	2.074510e+04
39	65	40	4.469077e+04
40	63	38	4.162845e+02
40	63	39	1.003510e+04
40	63	40	2.161843e+04
40	64	38	4.630731e+03
40	64	39	1.116300e+05
40	64	40	2.404824e+05
40	65	38	1.380262e+04
40	65	39	3.327308e+05
40	65	40	7.167956e+05
41	63	38	1.449695e+02
41	63	39	3.494685e+03
41	63	40	7.528535e+03
41	64	38	1.612634e+03
41	64	39	3.887472e+04
41	64	40	8.374708e+04
41	65	38	4.806710e+03
41	65	39	1.158722e+05
41	65	40	2.496213e+05
41	71	50	3.537069e+01
41	71	51	2.539062e+01
41	71	52	5.457884e+02
41	72	50	2.110496e+03
41	72	51	1.515006e+03
41	72	52	3.256607e+04
41	73	50	1.238070e+03
41	73	51	8.887404e+02
41	73	52	1.910407e+04
42	63	71	7.820187e+00
42	63	72	3.451446e+02
42	63	73	6.146438e+02
42	64	71	1.792427e+02
42	64	72	7.910890e+03
42	64	73	1.408795e+04
42	65	71	3.932412e+02
42	65	72	1.735573e+04
42	65	73	3.090760e+04
42	70	62	5.018461e+02
42	70	63	3.341384e+03
42	70	64	6.158339e+02
42	71	50	2.563438e+02
42	71	51	1.840147e+02
42	71	52	3.955520e+03
42	71	62	1.592649e+03
42	71	63	1.060415e+04
42	71	64	1.954398e+03
42	72	50	1.529551e+04
42	72	51	1.097978e+04
42	72	52	2.360177e+05
42	72	62	1.009326e+04
42	72	63	6.720278e+04
42	72	64	1.238581e+04
42	73	50	8.972727e+03
42	73	51	6.441013e+03
42	73	52	1.384539e+05
42	78	68	1.368360e+02
42	78	69	-1.514236e+02
42	78	70	1.559577e+03
42	79	68	2.989169e+03
42	79	69	-3.307833e+03
42	79	70	3.406881e+04
42	80	68	1.218803e+03
42	80	69	-1.348736e+03
42	80	70	1.389121e+04
43	63	71	1.549774e+02
43	63	72	6.839941e+03
43	63	73	1.218077e+04
43	64	71	3.552162e+03
43	64	72	1.567750e+05
43	64	73	2.791896e+05
43	65	71	7.793101e+03
43	65	72	3.439491e+05
43	65	73	6.125149e+05
43	70	62	6.559168e+02
43	70	63	4.367215e+03
43	70	64	8.048997e+02
43	71	50	9.568459e+02
43	71	51	6.868655e+02
43	71	52	1.476464e+04
43	71	62	2.081604e+03
43	71	63	1.385971e+04
43	71	64	2.554414e+03
43	71	66	8.592310e+01
43	71	67	1.234140e+02
43	71	68	1.448781e+03
43	72	50	5.709303e+04
43	72	51	4.098386e+04
43	72	52	8.809755e+05
43	72	62	1.319197e+04
43	72	63	8.783456e+04
43	72	64	1.618835e+04
43	72	66	2.760214e+03
43	72	67	3.964581e+03
43	72	68	4.654099e+04
43	73	50	3.349220e+04
43	73	51	2.404216e+04
43	73	52	5.168023e+05
43	73	66	1.324758e+03
43	73	67	1.902792e+03
43	73	68	2.233724e+04
43	78	68	3.833636e+03
43	78	69	-4.242325e+03
43	78	70	4.369355e+04
43	79	68	8.374540e+04
43	79	69	-9.267318e+04
43	79	70	9.544814e+05
43	79	74	1.221868e+01
43	79	75	2.827491e+03
43	79	76	2.164732e+03
43	80	68	3.414634e+04
43	80	69	-3.778655e+04
43	80	70	3.891801e+05
43	80	74	2.843698e+02
43	80	75	6.580523e+04
43	80	76	5.038060e+04
43	81	74	1.193807e+02
43	81	75	2.762556e+04
43	81	76	2.115018e+04
43	83	62	1.258406e+02
43	83	63	8.468587e+03
43	83	64	5.129140e+03
43	84	62	1.018106e+03
43	84	63	6.851464e+04
43	84	64	4.149703e+04
43	85	62	2.226771e+02
43	85	63	1.498531e+04
43	85	64	9.076103e+03
44	63	71	6.029754e+01
44	63	72	2.661237e+03
44	63	73	4.739210e+03
44	64	71	1.382051e+03
44	64	72	6.099691e+04
44	64	73	1.086251e+05
44	65	71	3.032085e+03
44	65	72	1.338213e+05
44	65	73	2.383130e+05
44	70	62	8.334831e+03
44	70	63	5.549485e+04
44	70	64	1.022798e+04
44	71	62	2.645126e+04
44	71	63	1.761174e+05
44	71	64	3.245931e+04
44	71	66	3.084926e+02
44	71	67	4.430975e+02
44	71	68	5.201608e+03
44	72	62	1.676323e+05
44	72	63	1.116127e+06
44	72	64	2.057077e+05
44	72	66	9.910089e+03
44	72	67	1.423417e+04
44	72	68	1.670977e+05
44	73	50	2.062560e+02
44	73	51	7.468403e+03
44	73	52	3.746110e+03
44	73	66	4.756325e+03
44	73	67	6.831657e+03
44	73	68	8.019816e+04
44	74	50	1.238146e+03
44	74	51	4.483251e+04
44	74	52	2.248774e+04
44	75	50	2.064594e+02
44	75	51	7.475767e+03
44	75	52	3.749803e+03
44	78	68	1.743205e+03
44	78	69	-1.929042e+03
44	78	70	1.986804e+04
44	79	68	3.808015e+04
44	79	69	-4.213973e+04
44	79	70	4.340154e+05
44	79	74	1.089330e+02
44	79	75	2.520789e+04
44	79	76	1.929920e+04
44	80	68	1.552679e+04
44	80	69	-1.718205e+04
44	80	70	1.769654e+05
44	80	74	2.535238e+03
44	80	75	5.866724e+05
44	80	76	4.491574e+05
44	81	74	1.064313e+03
44	81	75	2.462898e+05
44	81	76	1.885599e+05
44	83	62	1.272872e+03
44	83	63	8.565940e+04
44	83	64	5.188104e+04
44	84	62	1.029810e+04
44	84	63	6.930227e+05
44	84	64	4.197407e+05
44	85	62	2.252370e+03
44	85	63	1.515758e+05
44	85	64	9.180439e+04
45	63	77	2.499066e-04
45	63	78	2.388991e+00
45	63	79	2.488492e+00
45	64	77	2.112273e-02
45	64	78	2.019236e+02
45	64	79	2.103337e+02
45	65	77	1.352023e-02
45	65	78	1.292471e+02
45	65	79	1.346303e+02
45	69	54	7.053141e-06
45	69	55	6.994090e-01
45	69	56	7.083427e-01
45	70	54	1.686859e-02
45	70	55	1.672736e+03
45	70	56	1.694102e+03
45	71	54	1.829855e-02
45	71	55	1.814535e+03
45	71	56	1.837712e+03
45	71	66	1.792269e+03
45	71	67	2.574292e+03
45	71	68	3.022012e+04
45	72	66	5.757528e+04
45	72	67	8.269716e+04
45	72	68	9.707981e+05
45	73	50	5.176370e+02
45	73	51	1.874332e+04
45	73	52	9.401544e+03
45	73	66	2.763312e+04
45	73	67	3.969031e+04
45	73	68	4.659324e+05
45	74	50	3.107353e+03
45	74	51	1.125153e+05
45	74	52	5.643707e+04
45	75	50	5.181474e+02
45	75	51	1.876180e+04
45	75	52	9.410814e+03
45	79	74	2.575545e+01
45	79	75	5.959998e+03
45	79	76	4.562985e+03
45	80	74	5.994161e+02
45	80	75	1.387092e+05
45	80	76	1.061960e+05
45	81	74	2.516397e+02
45	81	75	5.823124e+04
45	81	76	4.458194e+04
45	83	62	3.308508e+02
45	83	63	2.226498e+04
45	83	64	1.348516e+04
45	84	62	2.676730e+03
45	84	63	1.801336e+05
45	84	64	1.091009e+05
45	85	62	5.854462e+02
45	85	63	3.939827e+04
45	85	64	2.386222e+04
46	63	77	3.559393e-01
46	63	78	3.402615e+03
46	63	79	3.544333e+03
46	64	77	3.008489e+01
46	64	78	2.875976e+05
46	64	79	2.995760e+05
46	65	77	1.925672e+01
46	65	78	1.840853e+05
46	65	79	1.917525e+05
46	69	54	1.185223e-03
46	69	55	1.175300e+02
46	69	56	1.190312e+02
46	70	54	2.834629e+00
46	70	55	2.810897e+05
46	70	56	2.846801e+05
46	71	54	3.074921e+00
46	71	55	3.049177e+05
46	71	56	3.088125e+05
46	73	50	3.897984e+03
46	73	51	1.411436e+05
46	73	52	7.079685e+04
46	74	50	2.339943e+04
46	74	51	8.472791e+05
46	74	52	4.249905e+05
46	75	50	3.901828e+03
46	75	51	1.412828e+05
46	75	52	7.086666e+04
47	63	77	3.954540e-01
47	63	78	3.780357e+03
47	63	79	3.937808e+03
47	64	77	3.342477e+01
47	64	78	3.195254e+05
47	64	79	3.328335e+05
47	65	77	2.139451e+01
47	65	78	2.045216e+05
47	65	79	2.130399e+05
47	69	54	8.656226e-04
47	69	55	8.583754e+01
47	69	56	8.693396e+01
47	70	54	2.070259e+00
47	70	55	2.052927e+05
47	70	56	2.079149e+05
47	71	54	2.245756e+00
47	71	55	2.226954e+05
47	71	56	2.255399e+05
48	81	68	4.143024e+01
48	81	69	9.717518e+02
48	81	70	4.093851e+02
48	82	68	-1.728634e+01
48	82	69	-4.054534e+02
48	82	70	-1.708117e+02
48	83	68	5.390550e+02
48	83	69	1.264361e+04
48	83	70	5.326570e+03
49	68	59	2.246972e+01
49	68	60	9.152847e+02
49	68	61	1.666958e+03
49	69	59	7.370784e+02
49	69	60	3.002425e+04
49	69	61	5.468153e+04
49	70	59	1.432164e+03
49	70	60	5.833795e+04
49	70	61	1.062477e+05
49	81	68	2.714383e+03
49	81	69	6.366622e+04
49	81	70	2.682167e+04
49	82	68	-1.132548e+03
49	82	69	-2.656407e+04
49	82	70	-1.119106e+04
49	83	68	3.531724e+04
49	83	69	8.283706e+05
49	83	70	3.489807e+05
50	57	54	2.637538e+00
50	57	55	3.418992e+02
50	57	56	2.388619e+02
50	58	54	1.176890e+02
50	58	55	1.525581e+04
50	58	56	1.065820e+04
50	59	54	2.089560e+02
50	59	55	2.708658e+04
50	59	56	1.892357e+04
50	68	59	-4.458810e+01
50	68	60	-1.816258e+03
50	68	61	-3.307851e+03
50	69	59	-1.462632e+03
50	69	60	-5.957903e+04
50	69	61	-1.085080e+05
50	70	59	-2.841933e+03
50	70	60	-1.157637e+05
50	70	61	-2.108341e+05
50	70	66	3.267054e+01
50	70	67	4.291423e+02
50	70	68	1.328994e+02
50	71	66	7.039649e+01
50	71	67	9.246897e+02
50	71	68	2.863636e+02
50	72	66	5.957917e+02
50	72	67	7.825993e+03
50	72	68	2.423602e+03
50	73	66	3.305856e+00
50	73	67	2.863450e+01
50	73	68	6.618418e+00
50	74	66	2.484137e+03
50	74	67	2.151697e+04
50	74	68	4.973313e+03
50	75	66	2.870485e+03
50	75	67	2.486343e+04
50	75	68	5.746794e+03
50	75	71	1.425359e-01
50	75	72	1.790093e+02
50	75	73	2.002362e+02
50	76	71	2.525311e-01
50	76	72	3.171511e+02
50	76	73	3.547589e+02
50	77	71	2.495717e+00
50	77	72	3.134344e+03
50	77	73	3.506015e+03
50	81	68	1.632640e+03
50	81	69	3.829379e+04
50	81	70	1.613263e+04
50	82	68	-6.812021e+02
50	82	69	-1.597769e+04
50	82	70	-6.731171e+03
50	83	68	2.124252e+04
50	83	69	4.982462e+05
50	83	70	2.099040e+05
50	86	45	1.518141e-03
50	86	46	1.023233e-02
50	86	47	1.907431e-03
50	87	45	3.133199e+00
50	87	46	2.111788e+01
50	87	47	3.936629e+00
50	88	45	2.867752e+00
50	88	46	1.932876e+01
50	88	47	3.603115e+00
51	57	54	1.203272e+01
51	57	55	1.559779e+03
51	57	56	1.089712e+03
51	58	54	5.369092e+02
51	58	55	6.959855e+04
51	58	56	4.862381e+04
51	59	54	9.532789e+02
51	59	55	1.235718e+05
51	59	56	8.633126e+04
51	64	49	2.611089e+02
51	64	50	1.206992e+03
51	64	51	5.918336e+03
51	65	49	2.461232e+03
51	65	50	1.137720e+04
51	65	51	5.578667e+04
51	66	49	6.072921e+02
51	66	50	2.807245e+03
51	66	51	1.376498e+04
51	68	58	5.998546e+02
51	68	59	5.051861e+03
51	68	60	9.340039e+03
51	68	61	1.508062e+04
51	68	63	3.480414e+02
51	68	64	8.982483e+02
51	68	65	6.623371e+03
51	69	56	2.675833e-02
51	69	57	8.420196e-01
51	69	58	-5.199836e+02
51	69	59	2.461961e+03
51	69	60	2.707038e+05
51	69	61	4.946922e+05
51	69	63	-6.448484e+02
51	69	64	-1.664267e+03
51	69	65	-1.227173e+04
51	69	66	1.577673e+00
51	69	67	1.401221e+02
51	69	68	9.069645e+01
51	70	56	3.085704e-02
51	70	57	9.709960e-01
51	70	58	7.182936e+03
51	70	59	7.101190e+04
51	70	60	5.404590e+05
51	70	61	9.612005e+05
51	70	63	3.282560e+03
51	70	64	8.491420e+03
51	70	65	6.267262e+04
51	70	66	2.160184e+03
51	70	67	3.729673e+04
51	70	68	1.536716e+04
51	71	56	4.362922e-01
51	71	57	1.372905e+01
51	71	58	6.537373e+00
51	71	64	6.336047e+03
51	71	65	6.609137e+04
51	71	66	2.190550e+04
51	71	67	6.316198e+04
51	71	68	2.197744e+04
51	72	64	7.888218e+03
51	72	65	8.228209e+04
51	72	66	5.794656e+04
51	72	67	4.739664e+05
51	72	68	1.467809e+05
51	73	66	7.433320e+01
51	73	67	6.583001e+02
51	73	68	7.464790e+02
51	73	69	1.083662e+03
51	74	66	5.585660e+04
51	74	67	4.839432e+05
51	74	68	1.170935e+05
51	74	69	9.549892e+03
51	75	66	6.454376e+04
51	75	67	5.590919e+05
51	75	68	1.304525e+05
51	75	69	2.237566e+03
51	75	71	2.197663e+01
51	75	72	2.760022e+04
51	75	73	3.087305e+04
51	76	56	3.652996e+01
51	76	57	2.604564e+00
51	76	58	5.143911e+02
51	76	71	3.893604e+01
51	76	72	4.889935e+04
51	76	73	5.469784e+04
51	77	56	3.739968e+02
51	77	57	2.666574e+01
51	77	58	5.266380e+03
51	77	71	3.847974e+02
51	77	72	4.832630e+05
51	77	73	5.405683e+05
51	78	48	1.178123e-01
51	78	49	2.040308e+02
51	78	50	2.244837e+02
51	78	56	1.337769e+03
51	78	57	4.992363e+02
51	78	58	1.963856e+04
51	79	48	2.514848e+00
51	79	49	4.355287e+03
51	79	50	4.791878e+03
51	79	56	2.357649e+03
51	79	57	5.565238e+03
51	79	58	4.390322e+04
51	80	48	5.664768e+00
51	80	49	9.810410e+03
51	80	50	1.079384e+04
51	80	56	6.447172e+03
51	80	57	1.521857e+04
51	80	58	1.200567e+05
51	86	45	2.837213e+01
51	86	46	1.912293e+02
51	86	47	3.564745e+01
51	87	45	5.855549e+04
51	87	46	3.946663e+05
51	87	47	7.357057e+04
51	88	45	5.359462e+04
51	88	46	3.612299e+05
51	88	47	6.733762e+04
52	57	54	5.950764e+01
52	57	55	7.713866e+03
52	57	56	5.389157e+03
52	58	54	2.655277e+03
52	58	55	3.441986e+05
52	58	56	2.404683e+05
52	59	54	4.714427e+03
52	59	55	6.111225e+05
52	59	56	4.269500e+05
52	64	49	5.949471e+02
52	64	50	2.750180e+03
52	64	51	1.348516e+04
52	65	49	5.608014e+03
52	65	50	2.592339e+04
52	65	51	1.271121e+05
52	65	62	5.408327e+02
52	65	63	3.498687e+03
52	65	64	6.275445e+02
52	66	49	1.383739e+03
52	66	50	6.396420e+03
52	66	51	3.136405e+04
52	66	62	1.701259e+04
52	66	63	1.100557e+05
52	66	64	1.974022e+04
52	67	62	8.099777e+03
52	67	63	5.239807e+04
52	67	64	9.398416e+03
52	67	65	4.187403e+00
52	67	66	1.312215e+02
52	67	67	6.238402e+01
52	68	58	2.272495e+03
52	68	59	1.836841e+04
52	68	60	4.014398e+03
52	68	63	2.078584e+03
52	68	64	6.442053e+03
52	68	65	3.641087e+04
52	68	66	1.137428e+04
52	68	67	8.335908e+03
52	68	68	2.613616e+03
52	69	56	1.180484e+03
52	69	57	3.714696e+04
52	69	58	1.571686e+04
52	69	59	-1.593493e+04
52	69	60	-3.482562e+03
52	69	63	1.617980e+03
52	69	64	3.080674e+04
52	69	65	-5.579929e+04
52	69	66	1.733522e+04
52	69	67	6.292433e+04
52	69	68	4.819669e+04
52	70	56	1.361305e+03
52	70	57	4.283695e+04
52	70	58	4.760785e+04
52	70	59	2.199377e+05
52	70	60	4.806716e+04
52	70	61	2.645693e+01
52	70	62	1.856967e+01
52	70	63	2.026353e+04
52	70	64	6.447010e+04
52	70	65	3.572251e+05
52	70	66	1.007786e+04
52	70	67	2.841627e+05
52	70	68	1.742234e+05
52	71	56	1.924768e+04
52	71	57	6.056779e+05
52	71	58	2.884061e+05
52	71	61	1.840908e+02
52	71	62	1.292102e+02
52	71	63	2.834628e+03
52	71	64	-6.999865e+03
52	71	65	-7.388781e+04
52	71	66	-9.957073e+03
52	71	67	2.427996e+05
52	71	68	1.196237e+05
52	72	61	3.533397e+01
52	72	62	2.480031e+01
52	72	63	5.440722e+02
52	72	64	-1.133836e+04
52	72	65	-1.176878e+05
52	72	66	2.950962e+04
52	72	67	7.897406e+05
52	72	68	2.410362e+05
52	73	66	3.071841e+01
52	73	67	7.656809e+02
52	73	68	2.073360e+04
52	73	69	3.748201e+04
52	73	70	5.020110e+02
52	73	71	-7.707369e+02
52	73	72	5.173572e+03
52	74	66	2.308290e+04
52	74	67	2.043412e+05
52	74	68	2.283878e+05
52	74	69	3.303144e+05
52	74	70	5.634873e+03
52	74	71	-8.651213e+03
52	74	72	5.807128e+04
52	75	66	2.667290e+04
52	75	67	2.320656e+05
52	75	68	9.608405e+04
52	75	69	7.739359e+04
52	75	70	1.575509e+03
52	75	71	-2.403050e+03
52	75	72	3.611284e+04
52	75	73	2.223304e+04
52	76	56	1.018659e+03
52	76	57	7.262972e+01
52	76	58	1.434409e+04
52	76	71	2.803955e+01
52	76	72	3.521458e+04
52	76	73	3.939032e+04
52	77	56	1.042911e+04
52	77	57	7.435891e+02
52	77	58	1.468560e+05
52	77	71	2.771096e+02
52	77	72	3.480190e+05
52	77	73	3.892870e+05
52	78	48	5.133814e+00
52	78	49	8.890889e+03
52	78	50	9.782145e+03
52	78	56	3.214367e+04
52	78	57	1.941120e+03
52	78	58	4.543541e+05
52	78	59	9.091549e+02
52	79	48	1.095875e+02
52	79	49	1.897869e+05
52	79	50	2.088118e+05
52	79	56	-3.224321e+03
52	79	57	-7.211704e+03
52	79	58	-5.445011e+04
52	79	59	1.800725e+03
52	80	48	2.468491e+02
52	80	49	4.275004e+05
52	80	50	4.703546e+05
52	80	56	-8.817152e+03
52	80	57	-1.720261e+04
52	80	58	-1.136316e+05
52	80	59	1.628079e+04
52	85	63	9.223298e-03
52	85	64	3.656545e-01
52	85	65	6.711407e-01
52	86	45	2.921298e+01
52	86	46	1.968966e+02
52	86	47	3.670392e+01
52	86	55	4.701466e+00
52	86	56	3.518598e+02
52	86	57	2.188512e+02
52	86	63	2.179751e+01
52	86	64	8.641549e+02
52	86	65	1.586114e+03
52	87	45	6.029088e+04
52	87	46	4.063629e+05
52	87	47	7.575096e+04
52	87	55	2.893050e+02
52	87	56	2.165172e+04
52	87	57	1.346702e+04
52	87	63	2.365673e+01
52	87	64	9.378631e+02
52	87	65	1.721401e+03
52	88	45	5.518299e+04
52	88	46	3.719355e+05
52	88	47	6.933328e+04
52	88	55	1.711408e+02
52	88	56	1.280825e+04
52	88	57	7.966526e+03
53	56	78	1.821084e+01
53	56	79	2.700598e+03
53	56	80	1.932082e+03
53	57	78	1.391207e+02
53	57	79	2.063106e+04
53	57	80	1.476003e+04
53	58	78	2.899492e+01
53	58	79	4.299836e+03
53	58	80	3.076221e+03
53	61	68	1.685025e+03
53	61	69	1.093853e+04
53	61	70	1.968494e+03
53	62	62	4.537120e-03
53	62	63	1.740342e+00
53	62	64	1.415274e+00
53	62	65	5.141416e-01
53	62	66	1.657923e+01
53	62	67	7.968651e+00
53	62	68	1.146736e+04
53	62	69	7.444169e+04
53	62	70	1.339650e+04
53	63	62	5.348628e+01
53	63	63	2.051619e+04
53	63	64	1.668409e+04
53	63	65	8.967234e+00
53	63	66	2.891612e+02
53	63	67	1.389827e+02
53	63	68	2.156816e+03
53	63	69	1.400121e+04
53	63	70	2.519654e+03
53	64	49	4.822308e+03
53	64	50	2.229142e+04
53	64	51	1.093032e+05
53	64	62	5.548877e+01
53	64	63	2.128596e+04
53	64	64	1.733065e+04
53	64	65	6.348788e+01
53	64	66	1.053843e+02
53	64	67	5.065201e+01
53	65	49	4.545543e+04
53	65	50	2.101205e+05
53	65	51	1.030300e+06
53	65	62	4.118451e+03
53	65	63	2.376109e+04
53	65	64	8.831212e+03
53	65	65	1.437089e+03
53	66	49	1.121582e+04
53	66	50	5.184580e+04
53	66	51	2.542194e+05
53	66	62	1.254659e+05
53	66	63	7.519865e+05
53	66	64	2.189053e+05
53	66	65	3.107117e+03
53	67	62	5.912008e+04
53	67	63	3.588432e+05
53	67	64	9.714869e+04
53	67	65	3.975931e+03
53	67	66	6.869268e+03
53	67	67	7.424594e+02
53	68	58	1.272306e+04
53	68	59	1.028396e+05
53	68	60	2.247548e+04
53	68	63	1.210400e+04
53	68	64	5.179723e+04
53	68	65	1.687766e+05
53	68	66	1.451999e+05
53	68	67	1.141174e+05
53	68	68	3.313057e+04
53	69	56	1.158189e+03
53	69	57	3.644540e+04
53	69	58	6.316751e+03
53	69	59	-8.921518e+04
53	69	60	-1.949788e+04
53	69	63	7.761179e+04
53	69	64	6.965540e+05
53	69	65	-4.121945e+04
53	69	66	4.243622e+05
53	69	67	9.903789e+05
53	69	68	5.924832e+05
53	70	56	1.335595e+03
53	70	57	4.202793e+04
53	70	58	1.723545e+05
53	70	59	1.231369e+06
53	70	60	2.691145e+05
53	70	61	7.217618e+03
53	70	62	5.536452e+03
53	70	63	2.434382e+05
53	70	64	5.735837e+05
53	70	65	2.142305e+06
53	70	66	1.803153e+05
53	70	67	8.533644e+05
53	70	68	5.512251e+05
53	70	69	6.878813e-01
53	70	70	5.832984e+01
53	70	71	3.736330e+01
53	71	56	1.888417e+04
53	71	57	5.942390e+05
53	71	58	2.829592e+05
53	71	61	5.022112e+04
53	71	62	3.448156e+04
53	71	63	7.809584e+05
53	71	64	8.956538e+04
53	71	65	1.475829e+06
53	71	66	4.783836e+05
53	71	67	6.636262e+05
53	71	68	2.191330e+05
53	71	69	1.821145e+02
53	71	70	1.544265e+04
53	71	71	9.891822e+03
53	72	48	3.466663e+00
53	72	49	1.051334e+01
53	72	50	6.883862e+01
53	72	61	9.639329e+03
53	72	62	1.320676e+04
53	72	63	2.211829e+05
53	72	64	2.883346e+05
53	72	65	1.075959e+06
53	72	66	2.790635e+05
53	72	67	3.224805e+05
53	72	68	6.273700e+04
53	72	69	1.643915e+03
53	72	70	1.203316e+04
53	72	71	7.707866e+03
53	73	48	1.621078e+03
53	73	49	4.399625e+03
53	73	50	3.119594e+04
53	73	54	1.839527e+01
53	73	55	-4.757477e+00
53	73	56	2.289361e+02
53	73	62	8.183313e+02
53	73	63	7.372355e+03
53	73	64	2.757420e+04
53	73	65	5.152346e+04
53	73	66	1.483791e+04
53	73	67	6.766465e+04
53	73	68	1.181202e+05
53	73	69	8.489250e+04
53	73	70	9.520803e+03
53	73	71	-1.461728e+04
53	73	72	9.811849e+04
53	74	48	5.895324e+03
53	74	49	7.293197e+03
53	74	50	9.669147e+04
53	74	54	2.169981e+02
53	74	55	9.434419e+02
53	74	56	3.104994e+03
53	74	62	1.254761e+03
53	74	63	7.653613e+03
53	74	64	1.296672e+03
53	74	67	8.495424e+03
53	74	68	3.533996e+05
53	74	69	6.344479e+05
53	74	70	1.069719e+05
53	74	71	-1.640731e+05
53	74	72	1.101341e+06
53	75	48	1.650027e+03
53	75	49	8.176256e+02
53	75	50	2.470759e+04
53	75	54	6.123706e+02
53	75	55	3.040533e+02
53	75	56	7.808259e+03
53	75	62	9.439527e+03
53	75	63	5.757787e+04
53	75	64	9.754822e+03
53	75	67	1.971790e+03
53	75	68	8.183267e+04
53	75	69	1.474636e+05
53	75	70	3.217346e+04
53	75	71	-4.587478e+04
53	75	72	3.079345e+05
53	76	56	2.086426e+03
53	76	57	1.487609e+02
53	76	58	2.937969e+04
53	76	62	1.941514e+03
53	76	63	1.184257e+04
53	76	64	2.006364e+03
53	76	68	5.494175e+02
53	76	69	-1.040531e+03
53	76	70	5.116730e+03
53	77	56	2.136101e+04
53	77	57	1.523026e+03
53	77	58	3.007918e+05
53	78	48	2.742376e+00
53	78	49	4.749327e+03
53	78	50	5.225418e+03
53	78	56	6.822640e+04
53	78	57	1.273613e+04
53	78	58	1.018800e+06
53	78	59	1.593228e+04
53	79	48	5.853937e+01
53	79	49	1.013802e+05
53	79	50	1.115429e+05
53	79	56	2.532827e+04
53	79	57	6.678514e+04
53	79	58	5.696475e+05
53	79	59	3.155640e+04
53	80	48	1.318616e+02
53	80	49	2.283618e+05
53	80	50	2.512536e+05
53	80	56	6.926208e+04
53	80	57	2.267613e+05
53	80	58	2.175763e+06
53	80	59	2.853092e+05
53	85	63	2.073650e+00
53	85	64	8.220912e+01
53	85	65	1.508908e+02
53	86	55	1.150619e+02
53	86	56	8.611284e+03
53	86	57	5.356080e+03
53	86	63	4.900677e+03
53	86	64	1.942856e+05
53	86	65	3.566017e+05
53	87	55	7.080341e+03
53	87	56	5.298959e+05
53	87	57	3.295867e+05
53	87	63	5.318681e+03
53	87	64	2.108573e+05
53	87	65	3.870181e+05
53	88	55	4.188434e+03
53	88	56	3.134643e+05
53	88	57	1.949698e+05
53	91	60	7.323639e-01
53	91	61	4.150058e+03
53	91	62	3.934605e+03
53	92	60	-2.540428e-01
53	92	61	-1.439574e+03
53	92	62	-1.364838e+03
53	93	60	9.644119e+00
53	93	61	5.464995e+04
53	93	62	5.181276e+04
54	7	113	9.312267e+00
54	7	114	7.818538e+01
54	7	115	1.762623e+01
54	8	113	2.029937e+00
54	8	114	1.704326e+01
54	8	115	3.842258e+00
54	9	113	1.340360e+02
54	9	114	1.125360e+03
54	9	115	2.537028e+02
54	56	78	5.244985e+02
54	56	79	7.778111e+04
54	56	80	5.564675e+04
54	57	76	1.159155e-02
54	57	77	2.993536e+01
54	57	78	4.034535e+03
54	57	79	5.942043e+05
54	57	80	4.251101e+05
54	58	76	2.276008e+01
54	58	77	5.877827e+04
54	58	78	5.514347e+04
54	58	79	1.238415e+05
54	58	80	8.859960e+04
54	59	58	1.322570e+01
54	59	59	-1.933995e+01
54	59	60	1.388416e+02
54	59	76	2.078509e+01
54	59	77	5.367784e+04
54	59	78	4.959582e+04
54	60	58	1.354572e+03
54	60	59	-1.980791e+03
54	60	60	1.422011e+04
54	61	58	9.039773e+02
54	61	59	-1.321886e+03
54	61	60	9.489828e+03
54	61	68	2.804756e+02
54	61	69	1.820739e+03
54	61	70	3.276596e+02
54	62	62	8.547729e-02
54	62	63	3.278726e+01
54	62	64	2.666312e+01
54	62	65	8.880177e+02
54	62	66	2.863539e+04
54	62	67	1.376334e+04
54	62	68	1.908765e+03
54	62	69	1.239096e+04
54	62	70	2.229873e+03
54	63	62	1.007657e+03
54	63	63	3.865158e+05
54	63	64	3.143208e+05
54	63	65	1.548808e+04
54	63	66	4.994350e+05
54	63	67	2.400488e+05
54	63	68	3.590061e+02
54	63	69	2.330529e+03
54	63	70	4.194012e+02
54	64	62	1.045383e+03
54	64	63	4.012064e+05
54	64	64	3.289941e+05
54	64	65	1.362815e+04
54	64	66	1.820183e+05
54	64	67	8.748540e+04
54	65	62	5.590408e+03
54	65	63	3.066182e+03
54	65	64	1.221487e+05
54	65	65	1.905197e+05
54	65	66	7.693078e+02
54	65	67	1.821323e+04
54	65	68	7.705202e+03
54	66	62	1.222298e+05
54	66	63	1.778710e+04
54	66	64	1.239353e+06
54	66	65	4.119211e+05
54	66	66	-1.244656e+03
54	66	67	-2.946702e+04
54	66	68	-1.246617e+04
54	67	60	7.010186e+02
54	67	61	-1.222834e+03
54	67	62	5.694951e+04
54	67	63	1.435140e+04
54	67	64	4.326338e+05
54	67	65	4.494997e+03
54	67	66	1.814687e+04
54	67	67	1.858162e+05
54	67	68	7.770415e+04
54	68	60	3.262510e+03
54	68	61	-5.681359e+03
54	68	62	3.177804e+04
54	68	63	1.600426e+03
54	68	64	9.755313e+03
54	68	65	1.359409e+04
54	68	66	3.588885e+05
54	68	67	2.443528e+05
54	68	68	1.011672e+04
54	68	69	1.517166e+03
54	68	70	5.655599e+02
54	69	56	7.649942e+02
54	69	57	2.191210e+03
54	69	58	1.495634e+04
54	69	60	1.598862e+04
54	69	61	-2.721386e+04
54	69	62	1.569455e+05
54	69	63	3.763424e+04
54	69	64	2.731756e+05
54	69	65	2.284322e+05
54	69	66	4.347368e+05
54	69	67	1.347322e+06
54	69	68	1.840743e+05
54	69	69	1.074299e+05
54	69	70	4.006687e+04
54	69	71	3.101487e+02
54	69	72	1.066389e+02
54	70	56	7.874447e+03
54	70	57	2.255517e+04
54	70	58	1.539527e+05
54	70	60	9.506580e+02
54	70	61	5.537693e+03
54	70	62	2.077782e+04
54	70	63	1.783190e+05
54	70	64	3.051478e+05
54	70	65	1.744684e+05
54	70	66	1.225774e+05
54	70	67	4.677000e+05
54	70	68	8.213725e+04
54	70	69	6.859805e+04
54	70	70	2.647780e+04
54	70	71	3.587083e+03
54	70	72	8.479381e+02
54	71	56	2.072665e+03
54	71	57	5.936837e+03
54	71	58	4.052251e+04
54	71	60	3.303695e+02
54	71	61	3.941648e+04
54	71	62	3.767738e+04
54	71	63	6.483420e+05
54	71	64	7.933469e+04
54	71	65	1.052646e+06
54	71	66	1.011467e+06
54	71	67	1.227451e+06
54	71	68	2.944984e+05
54	71	69	4.190784e+04
54	71	70	4.633305e+05
54	71	71	2.972968e+05
54	71	72	1.828085e+02
54	72	48	1.473421e+01
54	72	49	4.468437e+01
54	72	50	2.925818e+02
54	72	60	3.164736e+01
54	72	61	1.719989e+04
54	72	62	1.552955e+05
54	72	63	1.317309e+06
54	72	64	1.372219e+06
54	72	65	1.773295e+06
54	72	66	3.817013e+05
54	72	67	1.341327e+06
54	72	68	1.279228e+06
54	72	69	1.527863e+05
54	72	70	4.085326e+05
54	72	71	2.405821e+05
54	72	72	1.139711e+03
54	73	48	6.410446e+03
54	73	49	1.846191e+04
54	73	50	1.254099e+05
54	73	54	2.208449e+03
54	73	55	1.753257e+03
54	73	56	2.842533e+04
54	73	60	6.160782e+01
54	73	61	1.880596e+04
54	73	62	6.047453e+04
54	73	63	3.250005e+05
54	73	64	2.273549e+04
54	73	65	3.948688e+05
54	73	66	3.505440e+05
54	73	67	9.647947e+05
54	73	68	1.681969e+06
54	73	69	3.851731e+05
54	73	70	5.337416e+04
54	73	71	3.050500e+04
54	73	72	1.008747e+05
54	73	73	8.073732e+02
54	74	48	1.523052e+04
54	74	49	2.612889e+04
54	74	50	2.638267e+05
54	74	54	3.000566e+04
54	74	55	3.938353e+05
54	74	56	5.358961e+05
54	74	62	2.114753e+04
54	74	63	2.011683e+05
54	74	64	6.666673e+04
54	74	65	9.806175e+04
54	74	66	1.609544e+05
54	74	67	2.538642e+04
54	74	68	1.491713e+05
54	74	69	8.598188e+04
54	74	70	5.480020e+04
54	74	71	-4.692505e+04
54	74	72	4.551474e+05
54	74	73	-8.135861e+01
54	75	48	3.126966e+03
54	75	49	1.549482e+03
54	75	50	4.682334e+04
54	75	52	2.275844e+01
54	75	53	2.175925e+01
54	75	54	7.570966e+04
54	75	55	2.309969e+05
54	75	56	1.039061e+06
54	75	62	1.347955e+05
54	75	63	8.222140e+05
54	75	64	1.436205e+05
54	75	65	2.823348e+04
54	75	66	5.077224e+04
54	75	68	3.061506e+04
54	75	69	-5.793114e+04
54	75	70	2.966145e+05
54	75	71	-1.745241e+04
54	75	72	1.270807e+05
54	75	73	1.106915e+04
54	76	52	1.092939e+03
54	76	53	1.044954e+03
54	76	54	1.739092e+04
54	76	62	2.772463e+04
54	76	63	1.691107e+05
54	76	64	4.005831e+04
54	76	65	-2.181040e+04
54	76	66	1.056408e+05
54	76	68	6.823869e+04
54	76	69	-1.292359e+05
54	76	70	6.355076e+05
54	77	52	6.019875e+02
54	77	53	5.755576e+02
54	77	54	9.578867e+03
54	78	57	1.290847e+03
54	78	58	1.807678e+04
54	78	59	5.821125e+03
54	79	57	2.556726e+03
54	79	58	3.580391e+04
54	79	59	1.152966e+04
54	80	57	2.311599e+04
54	80	58	3.237119e+05
54	80	59	1.042425e+05
54	85	63	1.581349e+00
54	85	64	6.269202e+01
54	85	65	1.150681e+02
54	86	55	4.940069e+01
54	86	56	3.697170e+03
54	86	57	2.299580e+03
54	86	63	3.737217e+03
54	86	64	1.481607e+05
54	86	65	2.719416e+05
54	87	55	3.039874e+03
54	87	56	2.275056e+05
54	87	57	1.415048e+05
54	87	63	4.055983e+03
54	87	64	1.607981e+05
54	87	65	2.951369e+05
54	88	55	1.798263e+03
54	88	56	1.345828e+05
54	88	57	8.370833e+04
54	91	60	8.129952e-01
54	91	61	4.606968e+03
54	91	62	4.367794e+03
54	92	60	-2.820122e-01
54	92	61	-1.598067e+03
54	92	62	-1.515103e+03
54	93	60	1.070591e+01
54	93	61	6.066676e+04
54	93	62	5.751720e+04
54	97	59	1.464551e+00
54	97	60	2.818110e+02
54	97	61	2.101691e+02
54	98	59	6.316377e+01
54	98	60	1.215406e+04
54	98	61	9.064263e+03
54	99	59	1.132033e+02
54	99	60	2.178275e+04
54	99	61	1.624515e+04
55	7	113	6.258188e+03
55	7	114	5.254346e+04
55	7	115	1.184548e+04
55	8	113	1.364193e+03
55	8	114	1.145370e+04
55	8	115	2.582139e+03
55	9	113	9.007711e+04
55	9	114	7.562834e+05
55	9	115	1.704977e+05
55	56	78	2.411905e+02
55	56	79	3.576762e+04
55	56	80	2.558914e+04
55	57	76	-1.876546e-02
55	57	77	-4.846211e+01
55	57	78	1.797784e+03
55	57	79	2.732447e+05
55	57	80	1.954868e+05
55	58	76	-3.684610e+01
55	58	77	-9.515566e+04
55	58	78	-8.753537e+04
55	58	79	5.694846e+04
55	58	80	4.074250e+04
55	59	58	3.904036e+02
55	59	59	-5.708872e+02
55	59	60	4.098403e+03
55	59	76	-3.364882e+01
55	59	77	-8.689863e+04
55	59	78	-8.029027e+04
55	60	58	3.998501e+04
55	60	59	-5.847008e+04
55	60	60	4.197571e+05
55	61	58	2.668410e+04
55	61	59	-3.902016e+04
55	61	60	2.801260e+05
55	61	68	2.406934e+04
55	61	69	1.562488e+05
55	61	70	2.811849e+04
55	62	62	3.242420e-02
55	62	63	1.243723e+01
55	62	64	1.011415e+01
55	62	65	8.060728e+02
55	62	66	2.599296e+04
55	62	67	1.249328e+04
55	62	68	1.638028e+05
55	62	69	1.063345e+06
55	62	70	1.913592e+05
55	63	62	3.822358e+02
55	63	63	1.466175e+05
55	63	64	1.192317e+05
55	63	65	1.405886e+04
55	63	66	4.533479e+05
55	63	67	2.178975e+05
55	63	68	3.080852e+04
55	63	69	1.999970e+05
55	63	70	3.599140e+04
55	64	62	3.965465e+02
55	64	63	1.524153e+05
55	64	64	1.277750e+05
55	64	65	1.633351e+04
55	64	66	1.652219e+05
55	64	67	7.941238e+04
55	65	62	1.886552e+03
55	65	63	8.957071e+03
55	65	64	1.251978e+05
55	65	65	2.675109e+05
55	65	66	4.677929e+03
55	65	67	1.107492e+05
55	65	68	4.685301e+04
55	66	62	3.021629e+04
55	66	63	-3.349775e+04
55	66	64	5.194498e+05
55	66	65	5.783830e+05
55	66	66	-7.568376e+03
55	66	67	-1.791800e+05
55	66	68	-7.580131e+04
55	66	69	8.527424e+00
55	66	70	3.998984e+01
55	67	57	1.044381e+01
55	67	58	5.514174e+02
55	67	59	3.124698e+02
55	67	60	-7.432132e+02
55	67	61	1.473179e+03
55	67	62	1.200118e+04
55	67	63	3.678546e+04
55	67	64	2.497151e+05
55	67	65	7.119851e+04
55	67	66	1.370859e+05
55	67	67	1.116971e+06
55	67	68	4.768706e+05
55	67	69	8.695938e+02
55	67	70	4.078010e+03
55	68	57	1.040149e+03
55	68	58	5.491830e+04
55	68	59	3.112036e+04
55	68	60	-3.441557e+03
55	68	61	1.201796e+04
55	68	62	-2.937834e+04
55	68	63	3.272828e+04
55	68	64	6.545151e+04
55	68	65	1.043258e+05
55	68	66	1.053338e+05
55	68	67	7.436404e+03
55	68	68	5.375386e+04
55	68	69	9.915759e+03
55	68	70	6.199229e+03
55	69	56	-1.497977e+03
55	69	57	-3.600611e+03
55	69	58	7.150367e+03
55	69	59	2.064774e+04
55	69	60	-1.340985e+04
55	69	61	4.104185e+05
55	69	62	2.147265e+05
55	69	63	4.609311e+05
55	69	64	6.337751e+05
55	69	65	1.732376e+06
55	69	66	2.643889e+06
55	69	67	1.838488e+05
55	69	68	5.285301e+04
55	69	69	6.610755e+05
55	69	70	2.501568e+05
55	69	71	5.839891e+04
55	69	72	2.007938e+04
55	70	56	-1.541939e+04
55	70	57	-4.416651e+04
55	70	58	-3.014632e+05
55	70	60	4.336928e+04
55	70	61	2.191918e+05
55	70	62	7.973690e+05
55	70	63	3.388251e+05
55	70	64	1.534220e+06
55	70	65	2.913460e+06
55	70	66	9.680977e+05
55	70	67	2.135496e+05
55	70	68	2.872136e+04
55	70	69	4.030150e+05
55	70	70	1.816343e+05
55	70	71	4.656529e+05
55	70	72	1.635312e+05
55	70	73	1.799242e+04
55	71	56	-4.058600e+03
55	71	57	-1.162518e+04
55	71	58	-7.930369e+04
55	71	59	3.914483e+01
55	71	60	1.716312e+04
55	71	61	8.743982e+03
55	71	62	4.157002e+05
55	71	63	1.082926e+06
55	71	64	2.232091e+06
55	71	65	4.140975e+06
55	71	66	1.230986e+06
55	71	67	5.550877e+05
55	71	68	1.844328e+05
55	71	69	-3.288944e+04
55	71	70	2.229410e+05
55	71	71	2.441421e+05
55	71	72	6.114958e+04
55	71	73	1.242576e+05
55	72	48	7.633861e+01
55	72	49	2.315118e+02
55	72	50	1.515880e+03
55	72	57	4.250233e+00
55	72	58	2.924748e+03
55	72	59	2.507553e+03
55	72	60	4.541076e+02
55	72	61	8.620665e+04
55	72	62	1.723234e+05
55	72	63	7.808467e+05
55	72	64	3.075098e+06
55	72	65	3.028203e+06
55	72	66	1.980690e+06
55	72	67	1.379210e+06
55	72	68	1.294982e+06
55	72	69	7.953140e+03
55	72	70	7.226246e+05
55	72	71	2.121360e+05
55	72	72	4.799717e+03
55	72	73	2.368740e+04
55	73	48	3.482678e+04
55	73	49	9.645175e+04
55	73	50	6.739222e+05
55	73	54	1.522766e+03
55	73	55	1.625551e+03
55	73	56	1.976833e+04
55	73	57	2.541360e+00
55	73	58	1.748807e+03
55	73	59	1.499352e+03
55	73	60	3.130064e+03
55	73	61	1.674416e+05
55	73	62	2.354400e+05
55	73	63	1.712868e+05
55	73	64	1.073852e+06
55	73	65	6.775085e+05
55	73	66	1.124432e+06
55	73	67	1.432594e+06
55	73	68	9.970383e+05
55	73	69	2.569146e+05
55	73	70	5.646663e+05
55	73	71	9.807633e+04
55	73	72	5.562133e+03
55	73	73	2.448279e+04
55	74	48	1.119805e+05
55	74	49	1.517622e+05
55	74	50	1.862098e+06
55	74	54	2.139817e+04
55	74	55	3.218484e+05
55	74	56	3.987500e+05
55	74	60	8.658742e+02
55	74	61	-1.021694e+02
55	74	62	2.785848e+04
55	74	63	8.478728e+04
55	74	64	7.124210e+05
55	74	65	9.939127e+05
55	74	66	8.697124e+05
55	74	67	3.893965e+05
55	74	68	1.039763e+05
55	74	69	3.243386e+04
55	74	70	4.849111e+05
55	74	71	-4.026282e+03
55	74	72	-1.154354e+04
55	74	73	-2.467119e+03
55	75	48	2.927981e+04
55	75	49	1.450881e+04
55	75	50	4.384373e+05
55	75	52	9.768718e+02
55	75	53	9.339828e+02
55	75	54	6.782541e+04
55	75	55	1.941393e+05
55	75	56	7.346698e+05
55	75	61	-1.208196e-01
55	75	62	4.437403e+04
55	75	63	3.241411e+05
55	75	64	3.945455e+05
55	75	65	1.516696e+04
55	75	66	-6.794191e+03
55	75	67	1.144155e+04
55	75	68	8.532178e+04
55	75	69	-8.642817e+04
55	75	70	9.609546e+05
55	75	71	2.467631e+02
55	75	72	2.995036e+05
55	75	73	3.356610e+05
55	76	52	4.691276e+04
55	76	53	4.485308e+04
55	76	54	7.464790e+05
55	76	61	3.584592e+00
55	76	62	9.445030e+03
55	76	63	5.537660e+04
55	76	64	1.354495e+04
55	76	65	-8.050726e+03
55	76	66	3.899450e+04
55	76	68	9.745918e+04
55	76	69	-1.580699e+05
55	76	70	9.476586e+05
55	77	52	2.583940e+04
55	77	53	2.470494e+04
55	77	54	4.111584e+05
55	77	62	3.437384e+00
55	77	63	-1.518787e+00
55	77	64	4.453424e+01
55	78	62	5.219659e+01
55	78	63	-2.306274e+01
55	78	64	6.762513e+02
55	79	60	2.126509e+02
55	79	61	1.998246e+03
55	79	62	5.095251e+02
55	79	63	-7.787482e+00
55	79	64	2.283465e+02
55	80	60	6.792132e+03
55	80	61	6.382458e+04
55	80	62	1.571143e+04
55	81	60	3.252744e+03
55	81	61	3.056551e+04
55	81	62	7.524187e+03
55	83	54	5.032622e+00
55	83	55	1.957146e+01
55	83	56	1.076358e+02
55	84	41	3.560364e+02
55	84	42	-5.153088e+02
55	84	43	3.751509e+03
55	84	54	6.581407e+01
55	84	55	2.559456e+02
55	84	56	1.407606e+03
55	85	41	8.147823e+03
55	85	42	-1.179274e+04
55	85	43	8.585254e+04
55	85	54	1.817591e+02
55	85	55	7.068466e+02
55	85	56	3.887395e+03
55	86	41	3.394436e+03
55	86	42	-4.912933e+03
55	86	43	3.576673e+04
55	91	60	1.187854e+01
55	91	61	6.731164e+04
55	91	62	6.381711e+04
55	92	60	-4.120434e+00
55	92	61	-2.334910e+04
55	92	62	-2.213691e+04
55	93	60	1.564223e+02
55	93	61	8.863919e+05
55	93	62	8.403743e+05
55	97	59	3.421588e+01
55	97	60	6.583868e+03
55	97	61	4.910120e+03
55	98	59	1.475677e+03
55	98	60	2.839518e+05
55	98	61	2.117657e+05
55	99	59	2.644736e+03
55	99	60	5.089039e+05
55	99	61	3.795306e+05
56	7	113	5.355588e+03
56	7	114	4.496527e+04
56	7	115	1.013704e+04
56	8	113	1.167439e+03
56	8	114	9.801766e+03
56	8	115	2.209725e+03
56	9	113	7.708556e+04
56	9	114	6.472069e+05
56	9	115	1.459073e+05
56	57	76	1.168652e-01
56	57	77	3.018062e+02
56	57	78	2.788548e+02
56	58	76	2.294655e+02
56	58	77	5.925984e+05
56	58	78	5.475332e+05
56	59	58	7.846620e+02
56	59	59	-1.147411e+03
56	59	60	8.237273e+03
56	59	76	2.095539e+02
56	59	77	5.411763e+05
56	59	78	5.000216e+05
56	60	58	8.036483e+04
56	60	59	-1.175175e+05
56	60	60	8.436588e+05
56	61	58	5.363168e+04
56	61	59	-7.842561e+04
56	61	60	5.630179e+05
56	63	63	2.157126e+00
56	63	64	1.879672e+01
56	63	65	6.342800e+01
56	64	63	7.940426e+01
56	64	64	6.919110e+02
56	64	65	2.334798e+03
56	65	62	-8.282644e+01
56	65	63	-2.401136e+02
56	65	64	1.511154e+03
56	65	65	1.904455e+03
56	65	66	7.918585e+02
56	65	67	1.870561e+04
56	65	68	8.110684e+03
56	65	69	2.265342e+02
56	66	62	2.397353e+02
56	66	63	4.526182e+03
56	66	64	9.956257e+03
56	66	65	6.381624e+04
56	66	66	6.041045e+04
56	66	67	-3.022847e+04
56	66	68	-9.824234e+03
56	66	69	2.792666e+03
56	66	70	3.815126e+03
56	67	57	1.078867e+02
56	67	58	5.696255e+03
56	67	59	3.227877e+03
56	67	60	8.069349e+03
56	67	61	-1.192321e+04
56	67	62	1.219257e+05
56	67	63	2.811682e+05
56	67	64	1.334133e+05
56	67	65	1.424360e+05
56	67	66	1.170189e+05
56	67	67	2.249584e+05
56	67	68	1.819575e+05
56	67	69	8.876927e+04
56	67	70	3.890518e+05
56	68	57	1.074495e+04
56	68	58	5.673173e+05
56	68	59	3.214797e+05
56	68	60	3.756882e+04
56	68	61	-5.929241e+04
56	68	62	4.006245e+05
56	68	63	8.361003e+05
56	68	64	6.334985e+05
56	68	65	3.289337e+05
56	68	66	1.494993e+05
56	68	67	3.336153e+05
56	68	68	7.265930e+05
56	68	69	5.691026e+04
56	68	70	2.599966e+05
56	69	56	6.980325e+03
56	69	57	2.712315e+04
56	69	58	5.128755e+05
56	69	59	2.132954e+05
56	69	60	1.886205e+05
56	69	61	4.812334e+04
56	69	62	2.663787e+06
56	69	63	2.261406e+06
56	69	64	1.315962e+06
56	69	65	4.904577e+06
56	69	66	2.410494e+06
56	69	67	4.801756e+05
56	69	68	3.075939e+05
56	69	69	1.129986e+05
56	69	70	4.707227e+04
56	69	71	7.772847e+04
56	69	72	2.672548e+04
56	70	56	7.185180e+04
56	70	57	2.058086e+05
56	70	58	1.404768e+06
56	70	60	6.451414e+04
56	70	61	2.686867e+05
56	70	62	1.513101e+06
56	70	63	3.901350e+06
56	70	64	7.125643e+06
56	70	65	9.848063e+06
56	70	66	2.213085e+06
56	70	67	1.602077e+06
56	70	68	8.483844e+04
56	70	69	1.005252e+05
56	70	70	6.526321e+04
56	70	71	6.169216e+05
56	70	72	2.078704e+05
56	70	73	-2.680091e+04
56	70	74	2.740363e+02
56	70	75	3.073368e+02
56	71	56	1.891240e+04
56	71	57	5.417790e+04
56	71	58	3.740076e+05
56	71	59	3.646130e+03
56	71	60	1.969686e+04
56	71	61	1.430026e+04
56	71	62	9.358194e+05
56	71	63	3.454042e+06
56	71	64	1.223545e+07
56	71	65	1.166243e+07
56	71	66	9.570059e+06
56	71	67	2.004678e+06
56	71	68	2.424426e+05
56	71	69	4.274949e+05
56	71	70	8.502926e+03
56	71	71	1.255302e+05
56	71	72	1.793080e+04
56	71	73	-1.830749e+05
56	71	74	8.356479e+03
56	71	75	9.371946e+03
56	72	57	3.958864e+02
56	72	58	2.724245e+05
56	72	59	2.335651e+05
56	72	60	5.079545e+03
56	72	61	3.126365e+05
56	72	62	9.270726e+05
56	72	63	2.633855e+06
56	72	64	7.358209e+06
56	72	65	7.184643e+06
56	72	66	5.715996e+06
56	72	67	2.192250e+06
56	72	68	3.019313e+05
56	72	69	1.179765e+06
56	72	70	1.592248e+05
56	72	71	3.471127e+04
56	72	72	1.082251e+04
56	72	73	-3.445697e+04
56	72	74	3.930897e+03
56	72	75	4.408573e+03
56	73	56	2.076105e+01
56	73	57	1.064573e+03
56	73	58	1.644089e+05
56	73	59	1.396566e+05
56	73	60	2.465627e+04
56	73	61	5.669814e+05
56	73	62	9.837030e+05
56	73	63	7.467716e+05
56	73	64	3.435585e+06
56	73	65	1.521614e+06
56	73	66	2.994513e+06
56	73	67	1.996093e+06
56	73	68	4.851489e+04
56	73	69	2.447250e+04
56	73	70	1.809505e+05
56	73	71	3.917383e+05
56	73	72	8.828302e+05
56	73	73	4.877727e+04
56	74	56	1.319251e+02
56	74	57	5.260589e+03
56	74	58	9.639418e+03
56	74	60	7.472021e+03
56	74	61	2.750041e+02
56	74	62	2.436293e+05
56	74	63	1.302241e+06
56	74	64	1.517885e+06
56	74	65	3.269904e+06
56	74	66	2.066221e+06
56	74	67	3.182650e+05
56	74	68	7.483374e+04
56	74	69	2.426818e+04
56	74	70	4.715377e+05
56	74	71	2.074329e+05
56	74	72	4.771456e+05
56	74	73	-4.915263e+03
56	75	52	5.192735e+02
56	75	53	4.964751e+02
56	75	54	8.262716e+03
56	75	56	2.326136e+01
56	75	57	9.275600e+02
56	75	58	1.699646e+03
56	75	60	1.045317e+02
56	75	61	8.888745e+02
56	75	62	-1.108413e+04
56	75	63	5.049253e+04
56	75	64	4.152264e+05
56	75	65	4.153311e+05
56	75	66	1.184235e+06
56	75	67	1.412708e+06
56	75	68	2.925126e+05
56	75	69	4.258365e+04
56	75	70	5.805360e+05
56	75	71	4.916284e+02
56	75	72	5.967037e+05
56	75	73	6.687404e+05
56	76	52	2.493731e+04
56	76	53	2.384245e+04
56	76	54	3.968041e+05
56	76	60	1.149316e+03
56	76	61	1.509054e+04
56	76	62	6.125331e+05
56	76	63	4.169287e+05
56	76	64	1.678198e+05
56	76	65	-3.208570e+05
56	76	66	1.554103e+06
56	76	68	1.019319e+04
56	76	69	4.398733e+05
56	76	70	7.882213e+05
56	77	52	1.373539e+04
56	77	53	1.313235e+04
56	77	54	2.185585e+05
56	77	60	3.445241e+03
56	77	61	2.934192e+04
56	77	62	1.001929e+04
56	77	63	-1.470468e+03
56	77	64	4.311744e+04
56	78	62	5.053602e+04
56	78	63	-2.232902e+04
56	78	64	6.547372e+05
56	79	60	2.437295e+03
56	79	61	2.290287e+04
56	79	62	2.270216e+04
56	79	63	-7.539732e+03
56	79	64	2.210819e+05
56	80	60	7.784791e+04
56	80	61	7.315244e+05
56	80	62	1.800764e+05
56	81	60	3.728127e+04
56	81	61	3.503261e+05
56	81	62	8.623835e+04
56	83	54	6.414464e+02
56	83	55	2.494533e+03
56	83	56	1.371901e+04
56	83	69	1.022002e+01
56	83	70	2.482143e+03
56	83	71	1.912673e+03
56	84	41	2.455796e+02
56	84	42	-3.554393e+02
56	84	43	2.587641e+03
56	84	54	8.388510e+03
56	84	55	3.262224e+04
56	84	56	1.794103e+05
56	84	69	1.685044e+01
56	84	70	4.092479e+03
56	84	71	3.153554e+03
56	85	41	5.620041e+03
56	85	42	-8.134159e+03
56	85	43	5.921764e+04
56	85	54	2.316660e+04
56	85	55	9.009305e+04
56	85	56	4.954785e+05
56	85	69	1.765321e+02
56	85	70	4.287448e+04
56	85	71	3.303792e+04
56	86	41	2.341346e+03
56	86	42	-3.388744e+03
56	86	43	2.467046e+04
56	97	59	1.438900e+01
56	97	60	2.768753e+03
56	97	61	2.064882e+03
56	98	59	6.205750e+02
56	98	60	1.194119e+05
56	98	61	8.905508e+04
56	99	59	1.112206e+03
56	99	60	2.140123e+05
56	99	61	1.596062e+05
57	63	63	3.967573e+02
57	63	64	3.457254e+03
57	63	65	1.179916e+04
57	63	66	9.337919e+02
57	63	67	1.807776e+02
57	64	62	1.547349e+03
57	64	63	1.153814e+04
57	64	64	1.412725e+05
57	64	65	4.337832e+05
57	64	66	3.054634e+04
57	64	67	5.990395e+03
57	64	68	1.691627e+01
57	64	71	1.441346e+01
57	64	72	2.444187e+02
57	64	73	8.775007e+01
57	65	61	4.600256e+02
57	65	62	4.823130e+03
57	65	63	7.657395e+04
57	65	64	2.751689e+05
57	65	65	2.382019e+05
57	65	66	7.053677e+04
57	65	67	9.986487e+04
57	65	68	3.580653e+04
57	65	69	1.929685e+04
57	65	71	7.838483e+02
57	65	72	1.329223e+04
57	65	73	4.772117e+03
57	66	57	5.910912e+01
57	66	58	2.095263e+02
57	66	59	1.228158e+03
57	66	61	5.580483e+03
57	66	62	2.202610e+04
57	66	63	2.069900e+04
57	66	64	1.313651e+04
57	66	65	-8.533877e+04
57	66	66	-1.373898e+04
57	66	67	8.644187e+04
57	66	68	3.051757e+05
57	66	69	1.986125e+05
57	66	70	5.681819e+03
57	66	71	1.321480e+03
57	66	72	2.240921e+04
57	66	73	8.045251e+03
57	67	57	7.798003e+02
57	67	58	4.166425e+03
57	67	59	1.646280e+04
57	67	61	2.279118e+03
57	67	62	1.080572e+05
57	67	63	1.535388e+06
57	67	64	3.091527e+06
57	67	65	4.350681e+05
57	67	66	-9.052128e+04
57	67	67	5.080700e+04
57	67	68	7.648578e+05
57	67	69	6.494011e+05
57	67	70	5.794100e+05
57	68	57	3.063361e+03
57	68	58	1.505144e+05
57	68	59	8.956952e+04
57	68	61	1.771634e+03
57	68	62	1.286971e+05
57	68	63	2.307956e+06
57	68	64	1.940006e+06
57	68	65	3.294486e+06
57	68	66	2.866534e+06
57	68	67	5.730447e+05
57	68	68	1.805435e+06
57	68	69	8.237961e+04
57	68	70	3.863239e+05
57	68	71	1.663220e+01
57	68	72	1.509985e+01
57	69	57	1.881251e+03
57	69	58	9.932721e+04
57	69	59	5.628540e+04
57	69	60	8.420695e+01
57	69	61	3.711928e+04
57	69	62	4.700461e+05
57	69	63	2.263060e+06
57	69	64	2.901381e+06
57	69	65	8.817133e+06
57	69	66	8.361813e+06
57	69	67	3.112527e+06
57	69	68	3.292641e+05
57	69	69	2.863523e+04
57	69	70	8.600056e-01
57	69	71	1.490340e+03
57	69	72	1.353032e+03
57	70	51	1.017664e+02
57	70	52	-1.643759e+02
57	70	53	1.027008e+03
57	70	60	5.151318e+04
57	70	61	2.944915e+05
57	70	62	2.214498e+06
57	70	63	7.377628e+06
57	70	64	2.146506e+07
57	70	65	1.906896e+07
57	70	66	1.170579e+07
57	70	67	7.441662e+06
57	70	68	4.697444e+05
57	70	69	-3.359612e+04
57	70	70	-1.132092e+02
57	70	71	1.579282e+04
57	70	72	7.261584e+04
57	70	73	2.008341e+05
57	70	74	1.337666e+04
57	70	75	1.500217e+04
57	71	51	7.032963e+03
57	71	52	-1.135984e+04
57	71	53	7.097543e+04
57	71	57	9.246849e+00
57	71	58	6.363109e+03
57	71	59	5.455457e+03
57	71	60	4.483010e+04
57	71	61	2.598944e+05
57	71	62	3.131532e+06
57	71	63	9.553495e+06
57	71	64	3.152436e+07
57	71	65	2.497505e+07
57	71	66	2.140845e+07
57	71	67	7.478257e+06
57	71	68	6.873064e+05
57	71	69	3.475791e+05
57	71	70	-3.759732e+03
57	71	71	2.203836e+05
57	71	72	5.879168e+05
57	71	73	1.436034e+06
57	71	74	4.079087e+05
57	71	75	4.574771e+05
57	72	51	1.120200e+04
57	72	52	-1.809379e+04
57	72	53	1.130487e+05
57	72	57	5.923379e+02
57	72	58	4.076103e+05
57	72	59	3.494676e+05
57	72	60	2.161759e+04
57	72	61	2.105895e+05
57	72	62	1.815290e+06
57	72	63	5.624868e+06
57	72	64	2.089110e+07
57	72	65	2.123482e+07
57	72	66	1.446039e+07
57	72	67	3.473636e+06
57	72	68	3.027264e+05
57	72	69	2.965929e+04
57	72	70	-7.320111e+02
57	72	71	8.897714e+04
57	72	72	1.341253e+05
57	72	73	2.845512e+05
57	72	74	1.918809e+05
57	72	75	2.188506e+05
57	72	76	3.539700e+03
57	73	56	1.315878e+03
57	73	57	5.282558e+04
57	73	58	3.398719e+05
57	73	59	2.089619e+05
57	73	60	8.171683e+04
57	73	61	1.003240e+05
57	73	62	1.800716e+06
57	73	63	1.660136e+06
57	73	64	8.676730e+06
57	73	65	7.443644e+06
57	73	66	6.100368e+06
57	73	67	1.694913e+06
57	73	68	4.266184e+05
57	73	69	8.358068e+04
57	73	70	3.862634e+02
57	73	74	2.274337e+00
57	73	75	3.685756e+04
57	73	76	3.571526e+04
57	74	56	8.361687e+03
57	74	57	3.334270e+05
57	74	58	6.109663e+05
57	74	59	6.829173e+01
57	74	60	2.536305e+04
57	74	61	1.320305e+04
57	74	62	1.208191e+06
57	74	63	1.632255e+06
57	74	64	1.632655e+06
57	74	65	5.177314e+05
57	74	66	1.347282e+06
57	74	67	1.633687e+05
57	74	68	1.108070e+05
57	74	69	5.606396e+05
57	74	70	1.608257e+04
57	74	74	5.900974e-01
57	74	75	9.563029e+03
57	74	76	9.266649e+03
57	75	56	1.474353e+03
57	75	57	5.879067e+04
57	75	58	1.077271e+05
57	75	59	2.727802e+01
57	75	60	2.698461e+03
57	75	61	2.666172e+04
57	75	62	1.579410e+05
57	75	63	2.445291e+05
57	75	64	5.220060e+05
57	75	65	4.115502e+05
57	75	66	3.799292e+05
57	75	67	1.282611e+06
57	75	68	3.413530e+05
57	75	69	1.640863e+05
57	75	70	3.092416e+04
57	76	60	2.958717e+04
57	76	61	2.567590e+05
57	76	62	6.071144e+05
57	76	63	3.760850e+05
57	76	64	-9.474822e+02
57	76	65	5.962216e+03
57	76	68	3.701555e+03
57	76	69	1.597356e+05
57	76	70	2.862347e+05
57	77	60	8.869182e+04
57	77	61	7.553576e+05
57	77	62	1.760357e+05
57	77	63	1.946057e+02
57	77	64	4.598317e+04
57	77	65	1.886202e+04
57	78	62	5.740799e+04
57	78	63	-1.351922e+04
57	78	64	7.247304e+05
57	78	65	1.198061e+05
57	79	60	6.911538e+02
57	79	61	6.494662e+03
57	79	62	2.098344e+04
57	79	63	-8.564997e+03
57	79	64	2.511450e+05
57	80	60	2.207566e+04
57	80	61	2.074414e+05
57	80	62	5.106501e+04
57	81	60	1.057200e+04
57	81	61	9.934345e+04
57	81	62	2.445497e+04
57	83	54	9.066013e+02
57	83	55	3.525700e+03
57	83	56	1.939004e+04
57	83	69	2.900727e+01
57	83	70	7.045017e+03
57	83	71	5.428701e+03
57	84	41	5.473440e+03
57	84	42	-7.921976e+03
57	84	43	5.767292e+04
57	84	54	1.185607e+04
57	84	55	4.610731e+04
57	84	56	2.535732e+05
57	84	69	4.782628e+01
57	84	70	1.161560e+04
57	84	71	8.950670e+03
57	85	41	1.252586e+05
57	85	42	-1.812928e+05
57	85	43	1.319833e+06
57	85	54	3.274299e+04
57	85	55	1.273348e+05
57	85	56	7.002946e+05
57	85	69	5.010476e+02
57	85	70	1.216898e+05
57	85	71	9.377087e+04
57	86	41	5.218355e+04
57	86	42	-7.552779e+04
57	86	43	5.498512e+05
58	63	63	5.298276e+02
58	63	64	4.616800e+03
58	63	65	1.720704e+04
58	63	66	1.143608e+04
58	63	67	2.213970e+03
58	64	60	4.011773e+00
58	64	61	3.628453e+00
58	64	62	1.509978e+04
58	64	63	-1.029636e+04
58	64	64	3.060901e+05
58	64	65	6.267056e+05
58	64	66	3.739604e+05
58	64	67	7.226637e+04
58	64	68	-2.876582e+01
58	64	71	1.315736e+02
58	64	72	2.231180e+03
58	64	73	8.010281e+02
58	65	60	4.318795e+02
58	65	61	4.714103e+03
58	65	62	4.018382e+03
58	65	63	1.139671e+05
58	65	64	3.647543e+04
58	65	65	4.161758e+05
58	65	66	7.084128e+05
58	65	67	-9.381314e+03
58	65	68	-6.666188e+03
58	65	69	2.938074e+04
58	65	70	2.270730e+02
58	65	71	7.155373e+03
58	65	72	1.213384e+05
58	65	73	4.356236e+04
58	66	57	2.921965e+03
58	66	58	1.035760e+04
58	66	59	6.071204e+04
58	66	60	2.911597e+02
58	66	61	5.271077e+04
58	66	62	2.954411e+05
58	66	63	6.047357e+05
58	66	64	1.999515e+06
58	66	65	7.577146e+05
58	66	66	6.194039e+05
58	66	67	-1.265007e+05
58	66	68	3.964382e+05
58	66	69	2.898643e+05
58	66	70	3.236090e+04
58	66	71	1.206315e+04
58	66	72	2.045629e+05
58	66	73	7.344122e+04
58	67	57	3.714083e+04
58	67	58	1.316545e+05
58	67	59	7.717052e+05
58	67	61	1.544801e+04
58	67	62	1.241909e+05
58	67	63	5.605576e+05
58	67	64	2.499959e+06
58	67	65	1.991817e+06
58	67	66	6.070627e+05
58	67	67	2.382406e+05
58	67	68	9.470652e+05
58	67	69	7.887940e+05
58	67	70	4.490703e+04
58	68	57	1.126743e+04
58	68	58	3.994008e+04
58	68	59	2.341125e+05
58	68	61	5.708933e+02
58	68	62	4.022418e+05
58	68	63	1.362705e+06
58	68	64	3.797738e+06
58	68	65	2.577190e+06
58	68	66	1.896386e+06
58	68	67	1.419792e+06
58	68	68	5.181990e+05
58	68	70	1.123370e+00
58	68	71	1.946735e+03
58	68	72	1.767379e+03
58	69	61	4.016623e+04
58	69	62	6.502075e+05
58	69	63	3.344704e+06
58	69	64	5.851557e+06
58	69	65	6.819069e+06
58	69	66	7.038737e+06
58	69	67	4.547276e+06
58	69	68	1.347603e+06
58	69	69	3.208949e+04
58	69	70	1.006603e+02
58	69	71	1.744385e+05
58	69	72	1.583672e+05
58	70	51	8.903996e+02
58	70	52	-1.438199e+03
58	70	53	8.985756e+03
58	70	60	2.862447e+03
58	70	61	1.501231e+05
58	70	62	9.918871e+05
58	70	63	6.298771e+06
58	70	64	1.522797e+07
58	70	65	2.033795e+07
58	70	66	1.558008e+07
58	70	67	3.584329e+06
58	70	68	2.892317e+05
58	70	69	-3.554385e+04
58	70	70	-5.553849e+02
58	70	71	2.937543e+05
58	70	72	3.044632e+05
58	70	73	3.189320e+04
58	70	74	7.404690e+03
58	70	75	8.304497e+03
58	71	51	6.153455e+04
58	71	52	-9.939235e+04
58	71	53	6.209959e+05
58	71	60	3.294197e+04
58	71	61	1.369920e+05
58	71	62	2.129446e+06
58	71	63	7.846327e+06
58	71	64	3.047161e+07
58	71	65	3.067718e+07
58	71	66	2.495825e+07
58	71	67	8.322401e+06
58	71	68	3.120649e+06
58	71	69	5.478760e+05
58	71	70	-9.190143e+03
58	71	71	9.834481e+05
58	71	72	6.696750e+05
58	71	73	3.252445e+05
58	71	74	2.257990e+05
58	71	75	2.532378e+05
58	72	51	9.801136e+04
58	72	52	-1.583107e+05
58	72	53	9.891135e+05
58	72	60	2.057433e+05
58	72	61	8.990897e+05
58	72	62	3.267903e+06
58	72	63	5.757942e+06
58	72	64	2.148436e+07
58	72	65	2.919855e+07
58	72	66	1.436925e+07
58	72	67	5.035194e+06
58	72	68	1.654695e+06
58	72	69	8.198483e+05
58	72	70	2.108236e+05
58	72	71	4.748346e+05
58	72	72	1.750444e+05
58	72	73	8.505411e+04
58	72	74	1.062165e+05
58	72	75	1.262158e+05
58	72	76	6.872643e+03
58	73	56	7.846015e+02
58	73	57	3.128643e+04
58	73	58	5.732875e+04
58	73	59	1.969521e+03
58	73	60	4.386984e+04
58	73	61	4.850084e+05
58	73	62	1.589682e+06
58	73	63	3.467587e+06
58	73	64	1.035540e+07
58	73	65	1.030553e+07
58	73	66	5.660827e+06
58	73	67	2.992875e+06
58	73	68	1.130977e+06
58	73	69	4.183329e+05
58	73	70	7.555036e+04
58	73	74	4.415829e+00
58	73	75	7.156226e+04
58	73	76	6.934438e+04
58	74	56	4.985713e+03
58	74	57	1.988082e+05
58	74	58	3.642928e+05
58	74	59	4.119606e+04
58	74	60	1.128143e+04
58	74	61	6.035810e+05
58	74	62	3.341262e+05
58	74	63	1.145545e+06
58	74	64	2.105911e+06
58	74	65	3.413723e+06
58	74	66	3.463809e+06
58	74	67	1.245593e+06
58	74	68	5.385650e+05
58	74	69	7.790578e+05
58	74	70	4.980478e+01
58	74	71	7.471300e+01
58	74	74	1.145727e+00
58	74	75	1.856748e+04
58	74	76	1.799203e+04
58	75	56	8.790931e+02
58	75	57	3.505434e+04
58	75	58	6.423300e+04
58	75	59	1.645510e+04
58	75	60	5.687200e+03
58	75	61	2.502081e+05
58	75	62	6.283547e+04
58	75	63	-3.624515e+03
58	75	64	5.220412e+05
58	75	65	1.851327e+06
58	75	66	1.288276e+06
58	75	67	1.415784e+04
58	75	68	4.139172e+04
58	75	69	2.248111e+05
58	75	70	3.700640e+02
58	75	71	5.551393e+02
58	76	60	1.298518e+04
58	76	61	1.105903e+05
58	76	62	2.521950e+04
58	76	63	6.508392e+03
58	76	64	-3.260454e+03
58	76	65	5.993476e+04
58	76	66	9.266187e+04
58	76	67	4.716731e+03
58	76	68	5.212911e+04
58	76	69	2.432791e+04
58	76	70	7.530016e+01
58	76	71	1.129590e+02
58	77	60	3.892495e+04
58	77	61	3.315104e+05
58	77	62	7.559910e+04
58	77	63	2.056241e+04
58	77	64	-2.965062e+04
58	77	65	2.063496e+05
58	77	66	3.729567e+04
58	77	67	1.408969e+04
58	78	63	1.305832e+05
58	78	64	-2.098713e+05
58	78	65	1.324713e+06
58	78	66	1.088192e+05
58	78	67	2.602219e+04
58	79	65	1.629063e+04
58	79	66	-2.584489e+04
58	79	67	1.656621e+05
58	83	69	1.993240e+02
58	83	70	4.840997e+04
58	83	71	3.730342e+04
58	84	69	3.286391e+02
58	84	70	7.981682e+04
58	84	71	6.150470e+04
58	85	69	3.442958e+03
58	85	70	8.361935e+05
58	85	71	6.443483e+05
59	60	66	6.900202e+01
59	60	67	2.208984e+03
59	60	68	1.058801e+03
59	61	66	1.331042e+01
59	61	67	4.261108e+02
59	61	68	2.042417e+02
59	62	66	9.895146e+02
59	62	67	3.167765e+04
59	62	68	1.518360e+04
59	63	65	4.822812e+02
59	63	66	3.387800e+03
59	63	67	6.558616e+02
59	64	60	3.825853e+02
59	64	61	3.460298e+02
59	64	62	9.843461e+03
59	64	63	-7.521870e+03
59	64	64	3.436520e+04
59	64	65	1.577133e+04
59	64	66	1.108841e+05
59	64	67	2.222354e+04
59	64	68	1.667839e+02
59	64	71	4.332533e+02
59	64	72	7.346962e+03
59	64	73	2.637673e+03
59	65	58	2.972342e+01
59	65	59	1.209603e+02
59	65	60	4.183161e+04
59	65	61	3.831558e+04
59	65	62	6.503260e+05
59	65	63	2.634351e+04
59	65	64	5.619861e+04
59	65	65	7.820639e+04
59	65	66	3.253952e+05
59	65	67	9.127352e+05
59	65	68	1.873035e+05
59	65	69	-3.965252e+01
59	65	70	8.294341e+02
59	65	71	2.356164e+04
59	65	72	3.995503e+05
59	65	73	1.434447e+05
59	66	57	1.623671e+03
59	66	58	7.501828e+03
59	66	59	4.084310e+04
59	66	60	6.567090e+04
59	66	61	3.802592e+04
59	66	62	5.128315e+05
59	66	63	2.367614e+05
59	66	64	1.151215e+06
59	66	65	3.877619e+05
59	66	66	1.067214e+05
59	66	67	8.371964e+05
59	66	68	1.879465e+05
59	66	69	-5.651007e+03
59	66	70	1.182053e+05
59	66	71	3.972226e+04
59	66	72	6.735967e+05
59	66	73	2.418316e+05
59	67	57	2.063833e+04
59	67	58	7.417757e+04
59	67	59	4.329707e+05
59	67	60	2.214126e+04
59	67	61	3.803269e+03
59	67	62	3.375182e+04
59	67	63	-3.039474e+04
59	67	64	6.421277e+05
59	67	65	4.779604e+05
59	67	66	8.144097e+04
59	67	67	1.995280e+05
59	67	68	4.320504e+04
59	67	69	-7.841870e+03
59	67	70	1.640328e+05
59	68	57	6.261059e+03
59	68	58	2.219381e+04
59	68	59	1.300911e+05
59	68	61	2.716765e+02
59	68	62	1.281623e+05
59	68	63	1.522447e+06
59	68	64	3.279030e+06
59	68	65	1.643355e+06
59	68	66	5.337810e+05
59	68	67	1.038957e+06
59	68	68	1.159859e+06
59	68	70	1.611183e+00
59	68	71	2.792087e+03
59	68	72	2.534847e+03
59	69	59	8.473666e-02
59	69	60	1.918953e+00
59	69	61	2.616768e+04
59	69	62	4.464898e+05
59	69	63	2.404038e+06
59	69	64	6.577106e+06
59	69	65	5.638255e+06
59	69	66	1.546964e+06
59	69	67	8.733058e+05
59	69	68	9.094208e+05
59	69	70	1.443712e+02
59	69	71	2.501868e+05
59	69	72	2.271367e+05
59	70	51	2.074468e+02
59	70	52	-3.350739e+02
59	70	53	2.093516e+03
59	70	59	2.155104e+03
59	70	60	5.179519e+04
59	70	61	1.628281e+05
59	70	62	1.113195e+06
59	70	63	5.630171e+06
59	70	64	1.091761e+07
59	70	65	1.087549e+07
59	70	66	4.594366e+06
59	70	67	3.378164e+06
59	70	68	-1.537218e+04
59	70	69	2.328878e+03
59	70	70	9.639252e+01
59	70	71	3.821403e+05
59	70	72	3.424539e+05
59	71	51	1.433642e+04
59	71	52	-2.315660e+04
59	71	53	1.446807e+05
59	71	59	2.210000e+03
59	71	60	7.553674e+04
59	71	61	2.559937e+05
59	71	62	3.757377e+06
59	71	63	1.264352e+07
59	71	64	1.593749e+07
59	71	65	1.433150e+07
59	71	66	1.073823e+07
59	71	67	5.757987e+06
59	71	68	1.843602e+06
59	71	69	3.964313e+05
59	71	70	6.769243e+03
59	71	71	1.651908e+05
59	72	51	2.283485e+04
59	72	52	-3.688350e+04
59	72	53	2.304453e+05
59	72	59	1.339931e+01
59	72	60	9.992454e+04
59	72	61	4.663404e+04
59	72	62	2.512480e+06
59	72	63	9.227974e+06
59	72	64	1.603775e+07
59	72	65	1.319082e+07
59	72	66	9.861614e+06
59	72	67	7.162869e+06
59	72	68	1.464505e+06
59	72	69	1.601614e+06
59	72	70	1.642591e+05
59	72	71	8.052680e+04
59	72	74	4.019787e+00
59	72	75	6.514406e+04
59	72	76	6.312510e+04
59	73	59	2.321597e+03
59	73	60	6.646796e+03
59	73	61	1.272652e+05
59	73	62	1.269373e+06
59	73	63	3.429732e+06
59	73	64	6.226243e+06
59	73	65	5.451048e+06
59	73	66	3.774739e+06
59	73	67	3.832624e+06
59	73	68	2.747655e+06
59	73	69	1.281596e+06
59	73	70	5.648085e+04
59	73	74	4.055931e+01
59	73	75	6.572980e+05
59	73	76	6.369269e+05
59	74	59	4.839998e+04
59	74	60	1.325420e+04
59	74	61	7.042778e+05
59	74	62	2.228991e+05
59	74	63	5.044578e+05
59	74	64	3.894731e+06
59	74	65	2.074938e+06
59	74	66	7.832587e+05
59	74	67	3.310689e+05
59	74	68	4.235192e+05
59	74	69	9.889776e+04
59	74	70	4.378464e+04
59	74	71	6.568209e+04
59	74	74	1.052348e+01
59	74	75	1.705419e+05
59	74	76	1.652564e+05
59	75	59	1.933259e+04
59	75	60	5.294174e+03
59	75	61	2.805421e+05
59	75	62	6.016726e+04
59	75	63	8.346757e+05
59	75	64	3.287833e+06
59	75	65	1.708584e+06
59	75	66	4.106641e+05
59	75	67	5.887590e+02
59	75	68	1.759416e+04
59	75	69	1.178220e+04
59	75	70	3.253540e+05
59	75	71	4.880370e+05
59	76	57	1.212672e+00
59	76	58	2.987091e+01
59	76	59	6.385795e+01
59	76	63	2.774750e+04
59	76	64	2.040358e+05
59	76	65	5.391567e+05
59	76	66	9.779893e+05
59	76	67	-1.086166e+03
59	76	68	3.267910e+04
59	76	69	1.620326e+04
59	76	70	6.635317e+04
59	76	71	9.930516e+04
59	77	57	5.951959e+02
59	77	58	1.466105e+04
59	77	59	3.134236e+04
59	77	63	1.531940e+04
59	77	64	7.612689e+04
59	77	65	2.573022e+05
59	77	66	4.437217e+05
59	77	67	1.393159e+05
59	77	68	4.693540e-01
59	77	69	4.639477e+01
59	77	70	3.073340e+01
59	78	57	4.958931e+02
59	78	58	1.221499e+04
59	78	59	2.611318e+04
59	78	63	3.606213e+04
59	78	64	-5.795850e+04
59	78	65	3.464654e+05
59	78	66	-5.556693e+04
59	78	67	-1.744143e+05
59	79	65	1.582416e+05
59	79	66	-2.510483e+05
59	79	67	1.609184e+06
60	48	58	3.506775e-01
60	48	59	-2.704657e-01
60	48	60	4.278375e+00
60	49	58	1.169714e+01
60	49	59	-9.021611e+00
60	49	60	1.427088e+02
60	50	58	5.694132e+00
60	50	59	-4.391692e+00
60	50	60	6.947018e+01
60	60	66	6.120241e+02
60	60	67	1.959292e+04
60	60	68	9.391202e+03
60	61	62	2.638809e+00
60	61	63	2.901621e+01
60	61	64	7.999511e+00
60	61	66	1.180589e+02
60	61	67	3.779456e+03
60	61	68	1.811554e+03
60	62	62	4.531678e+01
60	62	63	4.983010e+02
60	62	64	1.373771e+02
60	62	66	8.776654e+03
60	62	67	2.809698e+05
60	62	68	1.346733e+05
60	63	56	5.433729e+00
60	63	57	5.959594e+02
60	63	58	4.032798e+02
60	63	62	1.638004e+01
60	63	63	1.801141e+02
60	63	64	4.972453e+01
60	63	65	8.283268e+01
60	63	66	9.286608e+01
60	64	56	1.608050e+02
60	64	57	1.763674e+04
60	64	58	1.193460e+04
60	64	60	2.515135e+02
60	64	61	2.274817e+02
60	64	62	3.976008e+03
60	64	64	2.627011e+01
60	64	65	3.168250e+04
60	64	66	3.552015e+04
60	65	56	7.475422e+01
60	65	57	8.198878e+03
60	65	58	6.129727e+03
60	65	59	4.395319e+03
60	65	60	3.072496e+04
60	65	61	2.448910e+04
60	65	62	4.280293e+05
60	65	64	2.135690e+01
60	65	65	2.575703e+04
60	65	66	2.887694e+04
60	65	67	4.333094e+02
60	65	68	-4.874263e+02
60	65	69	3.675283e+03
60	65	70	4.761691e+03
60	66	58	6.801659e+03
60	66	59	2.465325e+04
60	66	60	1.792748e+05
60	66	61	1.650979e+04
60	66	62	2.889241e+05
60	66	63	2.797352e+04
60	66	64	1.770603e+04
60	66	65	3.088517e+03
60	66	66	7.035665e+03
60	66	67	1.227811e+03
60	66	68	5.143811e+04
60	66	69	-2.138262e+04
60	66	70	6.786038e+05
60	67	58	9.103142e+03
60	67	59	5.818125e+04
60	67	60	1.040584e+05
60	67	62	-7.719310e+01
60	67	63	-2.563074e+04
60	67	64	-9.557524e+03
60	67	65	7.309224e+04
60	67	66	1.589567e+05
60	67	67	6.193156e+03
60	67	68	6.986129e+04
60	67	69	3.106692e+04
60	67	70	9.416945e+05
60	68	62	3.926929e+04
60	68	63	1.097361e+06
60	68	64	1.004752e+06
60	68	65	7.847775e+05
60	68	66	1.519916e+06
60	68	67	-9.179731e+04
60	68	68	1.192318e+06
60	69	59	-1.927596e-02
60	69	60	-4.365249e-01
60	69	61	1.044748e+03
60	69	62	2.116576e+05
60	69	63	8.422138e+05
60	69	64	3.099884e+06
60	69	65	2.015822e+06
60	69	66	1.039402e+06
60	69	67	1.097585e+04
60	69	68	8.238340e+05
60	70	59	-4.902447e+02
60	70	60	-1.110212e+04
60	70	61	2.777438e+04
60	70	62	1.047433e+06
60	70	63	2.674567e+06
60	70	64	3.402069e+06
60	70	65	2.118415e+06
60	70	66	1.858614e+06
60	70	67	3.320806e+05
60	70	68	7.717569e+03
60	70	69	3.314414e+02
60	71	59	4.258573e+02
60	71	60	-1.213837e+04
60	71	61	5.031719e+04
60	71	62	1.482072e+06
60	71	63	2.754230e+06
60	71	64	6.257024e+06
60	71	65	4.268816e+06
60	71	66	2.463684e+06
60	71	67	1.943604e+06
60	71	68	3.987553e+05
60	71	69	4.384544e+04
60	72	59	5.069279e+04
60	72	60	-4.120313e+04
60	72	61	6.400362e+05
60	72	62	1.067391e+06
60	72	63	3.864472e+06
60	72	64	3.993255e+06
60	72	65	3.876554e+06
60	72	66	2.182783e+06
60	72	67	1.410926e+06
60	72	68	4.925765e+05
60	72	69	1.595430e+05
60	73	59	2.900558e+04
60	73	60	-2.357575e+04
60	73	61	4.358813e+05
60	73	62	9.200001e+05
60	73	63	2.134226e+06
60	73	64	2.306167e+06
60	73	65	4.391906e+06
60	73	66	1.701408e+06
60	73	67	1.459586e+06
60	73	68	1.508144e+06
60	73	69	2.595501e+05
60	74	61	3.655698e+04
60	74	62	3.142708e+05
60	74	63	1.493370e+05
60	74	64	1.201210e+06
60	74	65	2.229558e+06
60	74	66	8.744751e+05
60	74	67	3.868155e+05
60	74	68	5.447548e+05
60	74	69	7.989904e+04
60	74	70	3.821635e+04
60	74	71	5.732900e+04
60	75	63	3.704300e+04
60	75	64	3.662736e+05
60	75	65	8.843862e+05
60	75	66	8.846508e+04
60	75	67	1.104022e+04
60	75	68	4.932256e+05
60	75	69	2.642475e+05
60	75	70	3.240401e+05
60	75	71	4.259711e+05
60	76	57	3.704710e+00
60	76	58	9.125560e+01
60	76	59	1.950860e+02
60	76	63	7.080445e+04
60	76	64	1.112022e+05
60	76	65	1.125861e+06
60	76	66	3.772037e+05
60	76	67	6.214698e+04
60	76	68	8.128853e+05
60	76	69	8.083540e+05
60	76	70	3.471762e+05
60	76	71	8.667607e+04
60	77	57	1.818323e+03
60	77	58	4.478950e+04
60	77	59	9.575087e+04
60	77	63	8.915729e+03
60	77	64	5.385725e+04
60	77	65	1.976689e+05
60	77	66	1.197994e+05
60	77	67	3.222578e+04
60	77	68	8.769062e+02
60	77	69	8.668054e+04
60	77	70	5.741999e+04
60	78	57	1.514953e+03
60	78	58	3.731679e+04
60	78	59	7.977573e+04
60	78	65	6.423792e+04
60	78	66	1.314445e+06
60	78	67	4.660553e+05
60	79	65	3.993110e+04
60	79	66	-6.335020e+04
60	79	67	4.060658e+05
61	48	58	1.580234e+03
61	48	59	-1.218781e+03
61	48	60	1.927934e+04
61	49	58	5.271002e+04
61	49	59	-4.065346e+04
61	49	60	6.430787e+05
61	50	58	2.565907e+04
61	50	59	-1.978998e+04
61	50	60	3.130487e+05
61	60	66	2.045951e+03
61	60	67	6.549769e+04
61	60	68	3.139409e+04
61	61	62	2.961954e+03
61	61	63	3.256950e+04
61	61	64	8.979120e+03
61	61	66	3.946620e+02
61	61	67	1.263444e+04
61	61	68	6.055891e+03
61	62	62	5.086621e+04
61	62	63	5.593223e+05
61	62	64	1.542002e+05
61	62	66	2.933970e+04
61	62	67	9.392613e+05
61	62	68	4.502030e+05
61	63	56	1.661303e+02
61	63	57	1.822080e+04
61	63	58	1.232983e+04
61	63	62	1.838592e+04
61	63	63	2.021706e+05
61	63	64	5.573668e+04
61	63	65	4.949082e+01
61	63	66	5.548556e+01
61	64	56	4.916435e+03
61	64	57	5.392237e+05
61	64	58	3.648873e+05
61	64	64	1.569585e+01
61	64	65	1.892964e+04
61	64	66	2.122256e+04
61	65	56	2.285528e+03
61	65	57	2.506716e+05
61	65	58	1.823985e+05
61	65	59	1.060636e+05
61	65	60	3.786024e+04
61	65	64	1.276031e+01
61	65	65	1.538930e+04
61	65	66	1.725338e+04
61	65	67	1.532423e+03
61	65	68	-3.061144e+03
61	65	69	1.380291e+04
61	66	58	2.047955e+04
61	66	59	2.641481e+03
61	66	60	8.016044e+05
61	66	64	-1.663896e+02
61	66	65	-3.447774e+03
61	66	66	-7.854056e+03
61	66	67	4.342223e+03
61	66	68	-8.673957e+03
61	66	69	3.911147e+04
61	66	74	5.832130e+00
61	66	75	4.303055e+03
61	66	76	3.708925e+03
61	67	58	1.487636e+05
61	67	59	1.169016e+06
61	67	60	7.349189e+05
61	67	61	4.299346e+00
61	67	62	3.842559e+02
61	67	63	2.581448e+02
61	67	64	2.703623e+03
61	67	65	-3.448551e+04
61	67	66	-2.378783e+04
61	67	67	2.946535e+04
61	67	68	-5.750383e+04
61	67	69	2.690833e+05
61	67	74	8.327627e+01
61	67	75	6.144280e+04
61	67	76	5.295928e+04
61	68	61	1.570611e+02
61	68	62	1.304298e+04
61	68	63	1.998625e+04
61	68	64	1.392437e+05
61	68	65	2.668159e+04
61	68	66	1.541891e+06
61	68	67	-1.107939e+04
61	68	68	1.850070e+05
61	68	74	2.712949e+01
61	68	75	2.001665e+04
61	68	76	1.725292e+04
61	69	59	1.138257e+00
61	69	60	2.577705e+01
61	69	61	6.004712e+02
61	69	62	5.967500e+04
61	69	63	4.843889e+05
61	69	64	7.589479e+05
61	69	65	1.160182e+05
61	69	66	7.195942e+05
61	69	67	3.190939e+04
61	69	68	1.186255e+05
61	70	59	2.894924e+04
61	70	60	6.555869e+05
61	70	61	2.725841e+05
61	70	62	9.921880e+04
61	70	63	9.688806e+05
61	70	64	1.350611e+06
61	70	65	5.206869e+04
61	70	66	5.527113e+04
61	70	67	7.026948e+04
61	70	68	7.366748e+03
61	70	69	1.562201e+03
61	71	59	3.067402e+04
61	71	60	6.714065e+05
61	71	61	2.906957e+05
61	71	62	1.484306e+05
61	71	63	5.602067e+04
61	71	64	1.936732e+06
61	71	65	2.705122e+05
61	71	66	8.510048e+05
61	71	67	7.296768e+05
61	71	68	5.444330e+05
61	71	69	4.347845e+05
61	72	59	5.408456e+04
61	72	60	-4.395996e+04
61	72	61	6.558861e+05
61	72	62	3.864300e+04
61	72	63	5.070471e+05
61	72	64	3.133816e+05
61	72	65	4.032204e+05
61	72	66	1.140970e+06
61	72	67	4.876099e+05
61	72	68	4.083256e+05
61	72	69	3.714997e+05
61	73	55	6.310386e-01
61	73	56	3.571742e+00
61	73	57	1.541711e+01
61	73	59	3.102754e+04
61	73	60	-2.496532e+04
61	73	61	4.083239e+05
61	73	62	2.819841e+05
61	73	63	4.173036e+05
61	73	64	8.544415e+05
61	73	65	4.336303e+06
61	73	66	1.379307e+06
61	73	67	3.355169e+03
61	73	68	4.222543e+04
61	73	69	2.497774e+02
61	74	55	5.220220e+02
61	74	56	2.954697e+03
61	74	57	1.275369e+04
61	74	59	-1.541737e+02
61	74	60	-3.564735e+02
61	74	61	1.105422e+04
61	74	62	1.183884e+05
61	74	63	6.093995e+04
61	74	64	-1.608241e+05
61	74	65	9.007399e+05
61	74	66	2.328948e+05
61	74	67	8.241975e+04
61	74	68	5.607096e+05
61	74	69	9.026561e+04
61	75	55	5.991701e+02
61	75	56	3.391363e+03
61	75	57	1.463852e+04
61	75	59	7.557099e+02
61	75	60	1.747319e+03
61	75	61	1.400436e+04
61	75	63	2.903945e+04
61	75	64	-3.048986e+04
61	75	65	5.805149e+05
61	75	66	7.177600e+04
61	75	67	5.197989e+04
61	75	68	6.308817e+05
61	75	69	1.392794e+05
61	75	70	4.394390e+04
61	76	57	2.412945e+01
61	76	58	5.943642e+02
61	76	59	1.270630e+03
61	76	63	4.906799e+04
61	76	64	-2.862121e+04
61	76	65	6.199742e+05
61	76	66	4.091701e+03
61	76	67	-3.470016e+03
61	76	68	5.402664e+04
61	76	69	4.789674e+05
61	76	70	3.172835e+05
61	77	57	1.184307e+04
61	77	58	2.917221e+05
61	77	59	6.236428e+05
61	77	64	1.532819e+00
61	77	65	1.434301e+01
61	77	66	4.662597e+01
61	77	68	9.614065e+02
61	77	69	9.503324e+04
61	77	70	6.295309e+04
61	78	57	9.867162e+03
61	78	58	2.430510e+05
61	78	59	5.195938e+05
61	78	64	2.087096e+00
61	78	65	1.952952e+01
61	78	66	6.348619e+01
61	79	64	2.562167e+01
61	79	65	2.397489e+02
61	79	66	7.793712e+02
62	48	58	1.676882e+03
62	48	59	-1.293322e+03
62	48	60	2.045848e+04
62	49	58	5.593379e+04
62	49	59	-4.313985e+04
62	49	60	6.824097e+05
62	50	58	2.722840e+04
62	50	59	-2.100034e+04
62	50	60	3.321949e+05
62	61	62	2.626320e+03
62	61	63	2.887889e+04
62	61	64	7.961651e+03
62	62	62	4.510230e+04
62	62	63	4.959426e+05
62	62	64	1.367270e+05
62	63	56	7.822777e+01
62	63	57	8.579849e+03
62	63	58	5.805899e+03
62	63	62	1.630252e+04
62	63	63	1.792617e+05
62	63	64	4.942189e+04
62	63	65	1.257755e+03
62	63	66	1.410105e+03
62	64	56	2.315061e+03
62	64	57	2.539108e+05
62	64	58	1.718189e+05
62	64	64	3.988929e+02
62	64	65	4.819658e+05
62	64	66	5.453719e+05
62	64	67	1.127710e+03
62	64	68	2.292496e+01
62	64	69	1.004160e+03
62	64	70	1.791972e+03
62	65	56	1.076214e+03
62	65	57	1.180368e+05
62	65	58	8.527158e+04
62	65	59	4.606084e+04
62	65	60	1.052115e+04
62	65	64	3.242893e+02
62	65	65	3.964450e+05
62	65	66	4.746537e+05
62	65	67	1.576994e+04
62	65	68	-1.749184e+04
62	65	69	1.020727e+05
62	65	70	3.753862e+04
62	66	58	-8.052595e+03
62	66	59	-6.872177e+04
62	66	60	-1.569732e+04
62	66	64	1.695251e+03
62	66	65	3.601880e+04
62	66	66	8.605630e+04
62	66	67	2.662330e+04
62	66	68	-5.073311e+04
62	66	69	2.380329e+05
62	66	70	1.500499e+04
62	66	74	-3.814629e+00
62	66	75	-2.814505e+03
62	66	76	-2.425901e+03
62	67	58	5.623990e+04
62	67	59	4.799578e+05
62	67	60	1.096312e+05
62	67	61	2.788853e+01
62	67	62	2.492550e+03
62	67	63	3.423870e+03
62	67	64	6.056555e+04
62	67	65	5.346163e+05
62	67	66	1.035143e+06
62	67	67	1.753917e+05
62	67	68	-3.503598e+05
62	67	69	1.579796e+06
62	67	74	-5.446862e+01
62	67	75	-4.018797e+04
62	67	76	-3.463915e+04
62	68	61	2.092234e+03
62	68	62	8.163023e+04
62	68	63	7.024113e+04
62	68	64	-3.099094e+04
62	68	65	-3.871650e+04
62	68	66	5.769083e+05
62	68	74	-1.774462e+01
62	68	75	-1.309232e+04
62	68	76	-1.128464e+04
62	69	61	2.285153e+04
62	69	62	1.745089e+05
62	69	63	6.233628e+05
62	69	64	4.751989e+05
62	69	65	8.482942e+05
62	69	66	1.804280e+05
62	69	67	4.065000e+04
62	70	57	8.574572e+01
62	70	58	1.779656e+03
62	70	59	6.958439e+02
62	70	60	1.430455e+02
62	70	61	5.108835e+04
62	70	62	4.284487e+04
62	70	63	1.075827e+06
62	70	64	1.350287e+05
62	70	65	-6.978218e+03
62	70	66	1.565799e+03
62	70	67	1.563781e+04
62	70	68	3.812524e+04
62	70	69	6.479484e+03
62	71	57	5.934656e+01
62	71	58	1.613657e+03
62	71	59	2.844843e+02
62	71	60	4.982939e+03
62	71	64	1.058567e+03
62	71	65	8.713321e+04
62	71	66	9.384407e+05
62	71	67	7.508464e+05
62	71	68	9.633764e+05
62	71	69	2.565155e+05
62	72	57	1.318605e+03
62	72	58	2.738842e+04
62	72	59	1.069005e+04
62	72	60	2.464773e+03
62	72	64	9.310954e+02
62	72	65	9.893699e+04
62	72	66	2.744298e+05
62	72	67	1.587025e+05
62	72	68	4.815502e+05
62	72	69	1.591347e+05
62	73	55	2.410681e+01
62	73	56	1.364469e+02
62	73	57	5.889611e+02
62	73	59	6.763053e+03
62	73	60	1.563723e+04
62	73	61	1.253288e+05
62	73	63	7.072346e+03
62	73	64	1.285465e+05
62	73	65	7.795471e+04
62	73	66	9.818883e+04
62	73	67	7.069677e+04
62	73	68	8.532093e+05
62	73	69	1.553324e+02
62	74	55	1.994218e+04
62	74	56	1.128747e+05
62	74	57	4.872137e+05
62	74	59	-1.283425e+04
62	74	60	-2.967477e+04
62	74	61	-2.378366e+05
62	74	63	6.080675e+04
62	74	64	1.102756e+06
62	74	65	4.102090e+05
62	74	66	3.354071e+04
62	74	67	6.828242e+04
62	74	68	8.224831e+05
62	74	69	5.613469e+04
62	75	55	2.288937e+04
62	75	56	1.295561e+05
62	75	57	5.592175e+05
62	75	59	6.290937e+04
62	75	60	1.454563e+05
62	75	61	1.165799e+06
62	75	63	1.397206e+04
62	75	64	2.542668e+05
62	75	65	9.273688e+04
62	75	66	1.159569e+05
62	75	67	-3.036658e+04
62	75	68	1.589990e+06
62	75	69	4.536155e+04
62	76	64	1.112690e+02
62	76	65	-1.927373e+02
62	76	66	2.495857e+04
62	76	67	-2.024432e+04
62	76	68	2.869264e+05
62	77	64	1.386533e+04
62	77	65	-8.453891e+03
62	77	66	1.644646e+05
62	78	64	1.910920e+03
62	78	65	1.788099e+04
62	78	66	5.812719e+04
62	79	64	2.345889e+04
62	79	65	2.195112e+05
62	79	66	7.135828e+05
63	54	85	3.171950e+02
63	54	86	8.466240e+01
63	54	87	4.598296e+03
63	55	85	6.628877e+03
63	55	86	1.769311e+03
63	55	87	9.609715e+04
63	56	85	2.646681e+03
63	56	86	7.064248e+02
63	56	87	3.836827e+04
63	64	65	5.274492e+03
63	64	66	3.571581e+04
63	64	67	6.686539e+03
63	64	68	7.012502e+01
63	64	69	3.071621e+03
63	64	70	5.481454e+03
63	65	65	3.167866e+04
63	65	66	2.145096e+05
63	65	67	4.015943e+04
63	65	68	1.468994e+03
63	65	69	6.434496e+04
63	65	70	1.148267e+05
63	66	65	5.285066e+03
63	66	66	3.578741e+04
63	66	67	6.699944e+03
63	66	68	5.871883e+02
63	66	69	2.572006e+04
63	66	70	4.589867e+04
63	66	74	7.274123e+01
63	66	75	5.366985e+04
63	66	76	4.625956e+04
63	67	61	1.109527e+02
63	67	62	9.916448e+03
63	67	63	7.782967e+03
63	67	64	2.841314e+04
63	67	65	6.444093e+04
63	67	74	1.038663e+03
63	67	75	7.663452e+05
63	67	76	6.605346e+05
63	68	61	4.307560e+03
63	68	62	3.216960e+05
63	68	63	2.188069e+05
63	68	64	-4.699033e+04
63	68	65	-1.073476e+05
63	68	74	3.383726e+02
63	68	75	2.496576e+05
63	68	76	2.151870e+05
63	69	61	1.972782e+04
63	69	62	7.457439e+05
63	69	63	1.298686e+06
63	69	64	4.001182e+05
63	69	65	6.328960e+05
63	69	66	-1.335555e+04
63	70	57	2.672307e+03
63	70	58	5.680220e+04
63	70	59	2.099552e+04
63	70	60	2.157286e+04
63	70	61	3.081797e+04
63	70	62	1.593247e+05
63	70	63	1.321448e+06
63	70	64	1.453227e+05
63	70	65	9.178151e+03
63	70	66	1.429263e+04
63	71	57	1.849564e+03
63	71	58	9.691143e+04
63	71	59	-1.519720e+04
63	71	60	7.514831e+05
63	71	64	-1.285946e+03
63	71	65	-9.847770e+04
63	71	66	-1.517814e+05
63	71	67	2.874347e+03
63	72	57	4.109495e+04
63	72	58	8.766341e+05
63	72	59	3.212578e+05
63	72	60	3.717155e+05
63	72	65	5.712223e+03
63	72	66	2.610372e+05
63	72	67	4.604555e+05
63	72	68	1.306478e+04
63	73	55	1.232188e+01
63	73	56	6.974306e+01
63	73	57	3.010397e+02
63	73	59	4.313810e+03
63	73	60	9.974200e+03
63	73	61	7.994095e+04
63	73	63	1.118333e+03
63	73	64	7.478177e+03
63	73	65	5.522070e+03
63	73	66	2.144573e+05
63	73	67	3.755583e+05
63	73	68	4.470378e+05
63	74	55	1.019318e+04
63	74	56	5.769443e+04
63	74	57	2.490329e+05
63	74	59	-8.186318e+03
63	74	60	-1.892804e+04
63	74	61	-1.517039e+05
63	74	63	1.828407e+03
63	74	64	1.222636e+04
63	74	65	2.262441e+03
63	74	66	2.173884e+03
63	74	67	-8.972716e+03
63	74	68	1.382425e+04
63	75	55	1.169960e+04
63	75	56	6.622092e+04
63	75	57	2.858367e+05
63	75	59	4.012671e+04
63	75	60	9.277920e+04
63	75	61	7.436042e+05
63	75	63	1.928734e+04
63	75	64	1.397038e+05
63	75	65	5.277267e+03
63	75	66	1.680758e+05
63	75	67	1.905528e+05
63	75	68	1.253130e+06
63	76	64	1.360596e+03
63	76	65	-2.356789e+03
63	76	66	1.329539e+04
63	77	64	1.536123e+05
63	77	65	-2.524616e+05
63	77	66	1.526420e+06
63	78	64	1.672505e+03
63	78	65	1.565008e+04
63	78	66	5.087498e+04
63	79	64	2.053205e+04
63	79	65	1.921240e+05
63	79	66	6.245530e+05
64	54	85	-1.370280e+02
64	54	86	-3.657408e+01
64	54	87	-1.986460e+03
64	55	85	-2.863669e+03
64	55	86	-7.643408e+02
64	55	87	-4.151388e+04
64	56	85	-1.143364e+03
64	56	86	-3.051749e+02
64	56	87	-1.657506e+04
64	64	65	2.213418e+04
64	64	66	1.498799e+05
64	64	67	2.805977e+04
64	64	68	4.563173e+02
64	64	69	1.998764e+04
64	64	70	3.566889e+04
64	65	65	1.329382e+05
64	65	66	9.001803e+05
64	65	67	1.685273e+05
64	65	68	9.559031e+03
64	65	69	4.187053e+05
64	65	70	7.471996e+05
64	66	65	2.217855e+04
64	66	66	1.501803e+05
64	66	67	2.811603e+04
64	66	68	3.820949e+03
64	66	69	1.673654e+05
64	66	70	2.986716e+05
64	69	64	9.372527e+02
64	69	65	7.180080e+04
64	69	66	1.118114e+05
64	70	57	1.267749e+03
64	70	58	2.735716e+04
64	70	59	9.748683e+03
64	70	60	1.547794e+04
64	70	64	-1.003014e+03
64	70	65	-7.683864e+04
64	70	66	-1.196566e+05
64	71	57	8.774378e+02
64	71	58	6.025904e+04
64	71	59	-1.458223e+04
64	71	60	5.391687e+05
64	71	64	1.076583e+04
64	71	65	8.247675e+05
64	71	66	1.285337e+06
64	71	67	1.775822e+03
64	72	57	1.949555e+04
64	72	58	4.229429e+05
64	72	59	1.487587e+05
64	72	60	2.666958e+05
64	72	65	3.529111e+03
64	72	66	1.607850e+05
64	72	67	2.838588e+05
64	73	63	8.617328e+03
64	73	64	5.762316e+04
64	73	65	1.321963e+04
64	73	66	1.182001e+05
64	73	67	2.108233e+05
64	73	68	3.406304e+04
64	74	57	5.053656e+01
64	74	58	7.816650e+02
64	74	59	2.667254e+02
64	74	63	1.408881e+04
64	74	64	9.421036e+04
64	74	65	1.743326e+04
64	74	66	-2.041920e+03
64	74	67	-6.155402e+03
64	74	68	-4.047967e+04
64	75	57	1.447775e+03
64	75	58	2.239320e+04
64	75	59	7.641171e+03
64	75	63	1.486188e+05
64	75	64	9.969738e+05
64	75	65	1.783973e+05
64	75	66	5.027019e+04
64	75	67	5.798902e+04
64	75	68	3.813523e+05
64	76	57	2.938738e+03
64	76	58	4.545439e+04
64	76	59	1.551028e+04
64	76	64	4.026566e+02
64	76	65	-6.974710e+02
64	76	66	3.934655e+03
64	77	64	4.509671e+04
64	77	65	-7.811531e+04
64	77	66	4.406732e+05
65	34	81	2.481067e-01
65	34	82	1.029466e+01
65	34	83	5.411623e+00
65	35	81	1.263179e+02
65	35	82	5.241292e+03
65	35	83	2.755206e+03
65	36	81	1.505135e+02
65	36	82	6.245237e+03
65	36	83	3.282952e+03
65	54	85	4.116555e+03
65	54	86	1.098748e+03
65	54	87	5.967666e+04
65	55	85	8.602952e+04
65	55	86	2.296211e+04
65	55	87	1.247148e+06
65	56	85	3.434862e+04
65	56	86	9.167977e+03
65	56	87	4.979432e+05
65	73	63	1.809239e+03
65	73	64	1.209819e+04
65	73	65	2.238723e+03
65	74	57	7.646814e+02
65	74	58	1.182757e+04
65	74	59	4.035889e+03
65	74	63	2.957996e+03
65	74	64	1.977980e+04
65	74	65	3.660176e+03
65	75	57	2.190666e+04
65	75	58	3.388372e+05
65	75	59	1.156205e+05
65	75	63	3.120305e+04
65	75	64	2.086515e+05
65	75	65	3.861015e+04
65	76	57	4.446678e+04
65	76	58	6.877818e+05
65	76	59	2.346899e+05
66	34	81	1.000341e+01
66	34	82	4.150702e+02
66	34	83	2.181912e+02
66	35	81	5.093010e+03
66	35	82	2.113236e+05
66	35	83	1.110871e+05
66	36	81	6.068552e+03
66	36	82	2.518016e+05
66	36	83	1.323653e+05
66	72	53	1.049743e+03
66	72	54	-1.778351e+03
66	72	55	1.036830e+04
66	73	53	5.116383e+02
66	73	54	-8.667573e+02
66	73	55	5.053446e+03
66	74	53	1.570124e+04
66	74	54	-2.659918e+04
66	74	55	1.550810e+05
66	74	57	2.576823e+02
66	74	58	3.985654e+03
66	74	59	1.360014e+03
66	75	57	7.382104e+03
66	75	58	1.141813e+05
66	75	59	3.896179e+04
66	76	57	1.498442e+04
66	76	58	2.317687e+05
66	76	59	7.908580e+04
67	34	81	1.827203e+01
67	34	82	7.581589e+02
67	34	83	3.985436e+02
67	35	81	9.302790e+03
67	35	82	3.859995e+05
67	35	83	2.029095e+05
67	36	81	1.108470e+04
67	36	82	4.599358e+05
67	36	83	2.417758e+05
67	65	65	5.575268e+01
67	65	66	3.011882e+01
67	65	67	8.399929e+02
67	66	65	6.888419e+02
67	66	66	3.721275e+02
67	66	67	1.037838e+04
67	67	65	2.052240e+02
67	67	66	1.108665e+02
67	67	67	3.091990e+03
67	68	56	1.143775e+00
67	68	57	7.040601e-01
67	68	58	1.740987e+01
67	69	56	4.643423e+00
67	69	57	2.858297e+00
67	69	58	7.067943e+01
67	70	56	2.480597e+01
67	70	57	1.526951e+01
67	70	58	3.775817e+02
67	72	53	1.001936e+04
67	72	54	-1.697362e+04
67	72	55	9.896114e+04
67	73	53	4.883376e+03
67	73	54	-8.272840e+03
67	73	55	4.823305e+04
67	74	53	1.498618e+05
67	74	54	-2.538782e+05
67	74	55	1.480184e+06
68	53	76	1.726761e-01
68	53	77	2.490409e+03
68	53	78	2.574575e+03
68	54	76	3.871204e-01
68	54	77	5.583219e+03
68	54	78	5.771910e+03
68	55	76	3.177232e+00
68	55	77	4.582342e+04
68	55	78	4.737208e+04
68	65	65	4.407143e+03
68	65	66	2.380835e+03
68	65	67	6.639984e+04
68	66	65	5.445164e+04
68	66	66	2.941597e+04
68	66	67	8.203909e+05
68	67	65	1.622257e+04
68	67	66	8.763786e+03
68	67	67	2.444159e+05
68	68	56	2.169935e+03
68	68	57	1.335721e+03
68	68	58	3.302946e+04
68	69	56	8.809357e+03
68	69	57	5.422671e+03
68	69	58	1.340908e+05
68	70	56	4.706110e+04
68	70	57	2.896884e+04
68	70	58	7.163362e+05
68	72	53	2.495503e+03
68	72	54	-4.227587e+03
68	72	55	2.464806e+04
68	73	53	1.216293e+03
68	73	54	-2.060500e+03
68	73	55	1.201331e+04
68	74	53	3.732579e+04
68	74	54	-6.323295e+04
68	74	55	3.686664e+05
69	53	76	2.123650e-01
69	53	77	3.062820e+03
69	53	78	3.166331e+03
69	54	76	4.760985e-01
69	54	77	6.866499e+03
69	54	78	7.098561e+03
69	55	76	3.907506e+00
69	55	77	5.635575e+04
69	55	78	5.826036e+04
69	65	65	2.777372e+03
69	65	66	1.500397e+03
69	65	67	4.184503e+04
69	66	65	3.431530e+04
69	66	66	1.853788e+04
69	66	67	5.170085e+05
69	67	65	1.022343e+04
69	67	66	5.522918e+03
69	67	67	1.540304e+05
69	68	56	2.377374e+03
69	68	57	1.463412e+03
69	68	58	3.618698e+04
69	69	56	9.651505e+03
69	69	57	5.941062e+03
69	69	58	1.469095e+05
69	70	56	5.156001e+04
69	70	57	3.173818e+04
69	70	58	7.848158e+05
70	53	76	2.841640e+00
70	53	77	4.098337e+04
70	53	78	4.236845e+04
70	54	76	6.370640e+00
70	54	77	9.188014e+04
70	54	78	9.498534e+04
70	55	76	5.228606e+01
70	55	77	7.540922e+05
70	55	78	7.795777e+05
70	65	66	2.417587e+01
70	65	67	4.138346e+02
70	65	68	1.016807e+03
70	66	66	1.194650e+03
70	66	67	2.044962e+04
70	66	68	5.024549e+04
70	67	66	6.637653e+02
70	67	67	1.136212e+04
70	67	68	2.791714e+04
71	19	93	6.752579e+02
71	19	94	9.025136e+03
71	19	95	2.825120e+03
71	20	93	6.934017e+03
71	20	94	9.267635e+04
71	20	95	2.901029e+04
71	21	93	1.821985e+03
71	21	94	2.435168e+04
71	21	95	7.622756e+03
71	65	66	3.155957e+02
71	65	67	5.402263e+03
71	65	68	1.327356e+04
71	66	66	1.559515e+04
71	66	67	2.669526e+05
71	66	68	6.559127e+05
71	67	66	8.664898e+03
71	67	67	1.483229e+05
71	67	68	3.644349e+05
71	69	55	1.431562e+01
71	69	56	5.760244e+02
71	69	57	2.997031e+02
71	70	55	1.670823e+02
71	70	56	6.722970e+03
71	70	57	3.497933e+03
71	71	55	4.795818e+01
71	71	56	1.929716e+03
71	71	57	1.004023e+03
72	17	95	9.723948e+00
72	17	96	-6.713435e+00
72	17	97	1.204655e+02
72	18	95	4.438818e+02
72	18	96	-3.064570e+02
72	18	97	5.499048e+03
72	19	93	-6.649590e+02
72	19	94	-8.887486e+03
72	19	95	-1.998790e+03
72	19	96	-5.407514e+02
72	19	97	9.703215e+03
72	20	93	-6.828260e+03
72	20	94	-9.126286e+04
72	20	95	-2.856783e+04
72	21	93	-1.794196e+03
72	21	94	-2.398027e+04
72	21	95	-7.506495e+03
72	65	66	9.735871e+01
72	65	67	1.666554e+03
72	65	68	4.094787e+03
72	66	66	4.810978e+03
72	66	67	8.235273e+04
72	66	68	2.023438e+05
72	67	66	2.673051e+03
72	67	67	4.575641e+04
72	67	68	1.124252e+05
72	68	57	4.281018e+02
72	68	58	2.434060e+03
72	68	59	1.047750e+04
72	69	55	1.242222e+03
72	69	56	4.998388e+04
72	69	57	3.043462e+04
72	69	58	2.517752e+04
72	69	59	1.083775e+05
72	70	55	1.449838e+04
72	70	56	5.833782e+05
72	70	57	3.046989e+05
72	70	58	6.650218e+03
72	70	59	2.862610e+04
72	71	55	4.161518e+03
72	71	56	1.674490e+05
72	71	57	8.712301e+04
72	71	76	1.812234e+01
72	71	77	1.949846e+02
72	71	78	5.295186e+01
72	72	76	5.328362e+03
72	72	77	5.732970e+04
72	72	78	1.556899e+04
72	73	76	4.205914e+03
72	73	77	4.525289e+04
72	73	78	1.228930e+04
73	17	95	4.576177e+02
73	17	96	-3.159403e+02
73	17	97	5.669216e+03
73	18	95	2.088948e+04
73	18	96	-1.442214e+04
73	18	97	2.587901e+05
73	19	93	7.896220e+03
73	19	94	1.055366e+05
73	19	95	6.989595e+04
73	19	96	-2.544825e+04
73	19	97	4.566420e+05
73	20	93	8.108386e+04
73	20	94	1.083723e+06
73	20	95	3.392357e+05
73	21	93	2.130563e+04
73	21	94	2.847596e+05
73	21	95	8.913772e+04
73	68	57	-5.207667e+02
73	68	58	-2.960926e+03
73	68	59	-1.274541e+04
73	69	55	7.998745e+02
73	69	56	3.218493e+04
73	69	57	1.135896e+04
73	69	58	-3.062733e+04
73	69	59	-1.318364e+05
73	70	55	9.335597e+03
73	70	56	3.756409e+05
73	70	57	1.940216e+05
73	70	58	-8.089694e+03
73	70	59	-3.482237e+04
73	71	55	2.679628e+03
73	71	56	1.078214e+05
73	71	57	5.609905e+04
73	71	76	1.940524e+02
73	71	77	2.087877e+03
73	71	78	5.670037e+02
73	72	76	5.705562e+04
73	72	77	6.138812e+05
73	72	78	1.667114e+05
73	73	76	4.503654e+04
73	73	77	4.845638e+05
73	73	78	1.315927e+05
74	17	95	8.008876e+02
74	17	96	-5.529346e+02
74	17	97	9.921829e+03
74	18	95	3.655916e+04
74	18	96	-2.524053e+04
74	18	97	4.529147e+05
74	19	95	6.450961e+04
74	19	96	-4.453758e+04
74	19	97	7.991800e+05
74	68	57	4.762856e+03
74	68	58	2.708019e+04
74	68	59	1.165676e+05
74	69	57	4.926620e+04
74	69	58	2.801131e+05
74	69	59	1.205756e+06
74	70	57	1.301284e+04
74	70	58	7.398715e+04
74	70	59	3.184802e+05
74	71	76	5.252275e+01
74	71	77	5.651106e+02
74	71	78	1.534667e+02
74	72	76	1.544283e+04
74	72	77	1.661548e+05
74	72	78	4.512255e+04
74	73	76	1.218971e+04
74	73	77	1.311534e+05
74	73	78	3.561724e+04
75	40	88	4.900652e+00
75	40	89	6.651247e+01
75	40	90	1.806171e+02
75	41	88	7.841127e+02
75	41	89	1.064211e+04
75	41	90	2.889905e+04
75	42	88	5.681466e+02
75	42	89	7.710980e+03
75	42	90	2.093946e+04
75	83	38	9.871141e-05
75	83	39	3.265941e-01
75	83	40	3.045631e-01
75	84	38	1.052562e-03
75	84	39	3.482479e+00
75	84	40	3.247563e+00
75	85	38	2.840530e-04
75	85	39	9.398105e-01
75	85	40	8.764141e-01
76	39	81	1.025986e-02
76	39	82	5.066289e+00
76	39	83	6.052834e+00
76	40	81	8.020531e+00
76	40	82	3.960517e+03
76	40	83	4.731737e+03
76	40	88	9.965697e+01
76	40	89	1.352561e+03
76	40	90	3.672931e+03
76	41	81	9.241995e+00
76	41	82	4.563673e+03
76	41	83	5.452344e+03
76	41	86	1.145576e-01
76	41	87	4.446705e+00
76	41	88	1.595350e+04
76	41	89	2.164121e+05
76	41	90	5.876752e+05
76	42	86	2.617903e+02
76	42	87	1.016174e+04
76	42	88	3.031931e+04
76	42	89	1.568063e+05
76	42	90	4.258134e+05
76	43	86	2.406726e+02
76	43	87	9.342022e+03
76	43	88	1.725202e+04
76	83	38	1.094823e+01
76	83	39	3.622304e+04
76	83	40	3.377956e+04
76	84	38	1.167412e+02
76	84	39	3.862469e+05
76	84	40	3.601920e+05
76	85	38	3.150474e+01
76	85	39	1.042358e+05
76	85	40	9.720440e+04
77	30	100	1.364263e+01
77	30	101	2.843399e+03
77	30	102	3.732369e+03
77	31	100	2.402580e+02
77	31	101	5.012254e+04
77	31	102	6.578444e+04
77	32	100	1.868356e+02
77	32	101	4.153252e+04
77	32	102	5.405319e+04
77	33	100	5.698344e+01
77	33	101	1.335576e+04
77	33	102	1.726645e+04
77	39	81	6.920194e-01
77	39	82	3.417174e+02
77	39	83	4.082590e+02
77	39	93	1.208786e+03
77	39	94	-1.551096e+03
77	39	95	1.324577e+04
77	40	81	5.409787e+02
77	40	82	2.679685e+05
77	40	83	3.253871e+05
77	40	84	1.274559e+03
77	40	88	3.926764e+01
77	40	89	5.329470e+02
77	40	90	1.447238e+03
77	40	93	-2.274564e+03
77	40	94	2.918685e+03
77	40	95	-2.492446e+04
77	41	81	6.233655e+02
77	41	82	3.074664e+05
77	41	83	3.651434e+05
77	41	84	-5.341541e+02
77	41	86	8.851608e-01
77	41	87	3.435868e+01
77	41	88	6.346340e+03
77	41	89	8.527243e+04
77	41	90	2.315605e+05
77	41	93	1.130011e+04
77	41	94	-1.450013e+04
77	41	95	1.238256e+05
77	42	82	1.085674e+04
77	42	83	8.109833e+04
77	42	84	1.657819e+04
77	42	86	2.022794e+03
77	42	87	7.851741e+04
77	42	88	1.495514e+05
77	42	89	6.178607e+04
77	42	90	1.677824e+05
77	43	86	1.859622e+03
77	43	87	7.218367e+04
77	43	88	1.333024e+05
77	83	38	1.108042e+01
77	83	39	3.666040e+04
77	83	40	3.418741e+04
77	84	38	1.181507e+02
77	84	39	3.909105e+05
77	84	40	3.645410e+05
77	85	38	3.188513e+01
77	85	39	1.054943e+05
77	85	40	9.837806e+04
78	30	100	-1.019549e+01
78	30	101	-2.124947e+03
78	30	102	-2.789297e+03
78	31	100	-1.469481e+02
78	31	101	-2.981642e+04
78	31	102	-3.928348e+04
78	32	100	1.623844e+03
78	32	101	3.822834e+05
78	32	102	4.939509e+05
78	33	100	9.637485e+02
78	33	101	2.258830e+05
78	33	102	2.920236e+05
78	39	81	4.193780e-01
78	39	82	2.070877e+02
78	39	83	2.474133e+02
78	39	93	1.512415e+03
78	39	94	-1.940708e+03
78	39	95	1.657290e+04
78	40	81	3.278442e+02
78	40	82	1.727764e+05
78	40	83	2.747435e+05
78	40	84	1.662572e+04
78	40	93	-2.845899e+03
78	40	94	3.651814e+03
78	40	95	-3.118510e+04
78	41	81	3.777723e+02
78	41	82	1.819800e+05
78	41	83	1.887831e+05
78	41	84	-6.967661e+03
78	41	86	3.187850e+00
78	41	87	1.237406e+02
78	41	88	2.285131e+02
78	41	93	1.413852e+04
78	41	94	-1.814234e+04
78	41	95	1.549286e+05
78	42	82	1.416185e+05
78	42	83	1.057870e+06
78	42	84	2.162506e+05
78	42	86	7.284963e+03
78	42	87	2.827754e+05
78	42	88	5.222046e+05
78	43	86	6.697310e+03
78	43	87	2.599649e+05
78	43	88	4.800801e+05
79	10	83	1.298367e+02
79	10	84	3.331106e+03
79	10	85	7.020100e+03
79	11	83	9.268204e+02
79	11	84	2.377861e+04
79	11	85	5.011195e+04
79	12	83	1.820364e+02
79	12	84	4.670347e+03
79	12	85	9.842467e+03
79	13	84	1.135802e+03
79	13	85	8.239371e+03
79	13	86	1.641621e+03
79	14	84	1.485549e+04
79	14	85	1.077652e+05
79	14	86	2.147125e+04
79	15	84	4.588299e+03
79	15	85	3.328459e+04
79	15	86	6.631656e+03
79	30	100	1.672073e+02
79	30	101	3.484938e+04
79	30	102	4.574480e+04
79	31	100	2.933226e+03
79	31	101	6.116341e+05
79	31	102	8.028054e+05
79	32	100	1.671497e+03
79	32	101	3.640910e+05
79	32	102	4.751070e+05
79	33	100	3.455069e+02
79	33	101	8.097977e+04
79	33	102	1.046914e+05
79	39	93	1.994322e+04
79	39	94	-2.559083e+04
79	39	95	2.185359e+05
79	40	82	3.357235e+03
79	40	83	2.507808e+04
79	40	84	5.126480e+03
79	40	93	-3.752699e+04
79	40	94	4.815406e+04
79	40	95	-4.112173e+05
79	41	82	-1.406981e+03
79	41	83	-1.050995e+04
79	41	84	-2.148453e+03
79	41	93	1.864354e+05
79	41	94	-2.392310e+05
79	41	95	2.042942e+06
79	42	82	4.366754e+04
79	42	83	3.261904e+05
79	42	84	6.668011e+04
80	6	82	1.276759e-04
80	6	83	3.255239e-01
80	6	84	3.522201e-01
80	7	82	1.003218e+01
80	7	83	2.557816e+04
80	7	84	2.767583e+04
80	8	82	9.889911e+00
80	8	83	2.521544e+04
80	8	84	2.728336e+04
80	10	83	1.901253e+03
80	10	84	4.877877e+04
80	10	85	1.027983e+05
80	11	83	1.357182e+04
80	11	84	3.482001e+05
80	11	85	7.338102e+05
80	12	83	2.665635e+03
80	12	84	6.838984e+04
80	12	85	1.441274e+05
80	13	84	8.701563e+03
80	13	85	6.312318e+04
80	13	86	1.257673e+04
80	14	84	1.138104e+05
80	14	85	8.256073e+05
80	14	86	1.644948e+05
80	15	84	3.515172e+04
80	15	85	2.549988e+05
80	15	86	5.080622e+04
80	23	97	1.133517e-01
80	23	98	3.741859e+03
80	23	99	3.660270e+03
80	24	97	8.561529e-01
80	24	98	2.826252e+04
80	24	99	2.764627e+04
80	25	97	1.767010e-01
80	25	98	5.833087e+03
80	25	99	5.705900e+03
80	69	67	7.085908e+01
80	69	68	2.982616e+03
80	69	69	1.575334e+03
80	70	67	9.625703e+02
80	70	68	4.051672e+04
80	70	69	2.139979e+04
80	71	67	2.612845e+03
80	71	68	1.099804e+05
80	71	69	5.808857e+04
81	6	82	1.863324e-04
81	6	83	4.750755e-01
81	6	84	5.140364e-01
81	7	82	1.464114e+01
81	7	83	3.732923e+04
81	7	84	4.039060e+04
81	8	82	1.443351e+01
81	8	83	3.679987e+04
81	8	84	3.981782e+04
81	10	83	6.286422e+02
81	10	84	1.612851e+04
81	10	85	3.398985e+04
81	11	83	4.487470e+03
81	11	84	1.151310e+05
81	11	85	2.426316e+05
81	12	83	8.813821e+02
81	12	84	2.261284e+04
81	12	85	4.765516e+04
81	13	84	1.817952e+03
81	13	85	1.318785e+04
81	13	86	2.627560e+03
81	14	84	2.377755e+04
81	14	85	1.724879e+05
81	14	86	3.436666e+04
81	15	84	7.343982e+03
81	15	85	5.327497e+04
81	15	86	1.061456e+04
81	23	97	2.162884e+00
81	23	98	7.139911e+04
81	23	99	6.984228e+04
81	24	97	1.633641e+01
81	24	98	5.392824e+05
81	24	99	5.275236e+05
81	25	97	3.371664e+00
81	25	98	1.113022e+05
81	25	99	1.088753e+05
81	69	67	4.568382e+02
81	69	68	1.922933e+04
81	69	69	1.015639e+04
81	70	67	6.205822e+03
81	70	68	2.612168e+05
81	70	69	1.379674e+05
81	71	67	1.684537e+04
81	71	68	7.090589e+05
81	71	69	3.745049e+05
82	6	82	2.158533e-03
82	6	83	5.503422e+00
82	6	84	5.954757e+00
82	7	82	1.696075e+02
82	7	83	4.324334e+05
82	7	84	4.678972e+05
82	8	82	1.672023e+02
82	8	83	4.263011e+05
82	8	84	4.612620e+05
82	23	97	8.257596e-01
82	23	98	2.725921e+04
82	23	99	2.666483e+04
82	24	97	6.237019e+00
82	24	98	2.058907e+05
82	24	99	2.014013e+05
82	25	97	1.287255e+00
82	25	98	4.249367e+04
82	25	99	4.156711e+04
82	69	67	8.167634e+01
82	69	68	3.437939e+03
82	69	69	1.815822e+03
82	70	67	1.109515e+03
82	70	68	4.670195e+04
82	70	69	2.466666e+04
82	71	67	3.011718e+03
82	71	68	1.267699e+05
82	71	69	6.695629e+04
86	11	85	7.892206e+00
86	11	86	-9.185164e+00
86	11	87	8.883776e+01
86	12	85	2.430643e+00
86	12	86	-2.828848e+00
86	12	87	2.736027e+01
86	13	85	1.150930e+02
86	13	86	-1.339484e+02
86	13	87	1.295532e+03
87	11	85	6.222750e+03
87	11	86	-7.242205e+03
87	11	87	7.004571e+04
87	12	85	1.916483e+03
87	12	86	-2.230455e+03
87	12	87	2.157269e+04
87	13	85	9.074712e+04
87	13	86	-1.056140e+05
87	13	87	1.021485e+06
88	11	85	5.389868e+03
88	11	86	-6.272875e+03
88	11	87	6.067047e+04
88	12	85	1.659972e+03
88	12	86	-1.931921e+03
88	12	87	1.868530e+04
88	13	85	7.860111e+04
88	13	86	-9.147810e+04
88	13	87	8.847648e+05
88	90	37	1.316893e+01
88	90	38	7.702317e+03
88	90	39	6.517306e+03
88	91	37	-2.497979e+01
88	91	38	-1.461032e+04
88	91	39	-1.236251e+04
88	92	37	1.225279e+02
88	92	38	7.166482e+04
88	92	39	6.063910e+04
89	15	89	6.457132e+01
89	15	90	-1.134914e+02
89	15	91	6.263988e+02
89	16	89	-4.096174e+01
89	16	90	7.199492e+01
89	16	91	-3.973650e+02
89	17	89	8.082964e+02
89	17	90	-1.420673e+03
89	17	91	7.841188e+03
89	90	37	1.634298e+02
89	90	38	9.558774e+04
89	90	39	8.088145e+04
89	91	37	-3.100056e+02
89	91	38	-1.813179e+05
89	91	39	-1.534219e+05
89	92	37	1.520603e+03
89	92	38	8.893789e+05
89	92	39	7.525468e+05
90	15	89	7.244588e+03
90	15	90	-1.273319e+04
90	15	91	7.027889e+04
90	16	89	-4.595708e+03
90	16	90	8.077478e+03
90	16	91	-4.458242e+04
90	17	89	9.068691e+04
90	17	90	-1.593926e+05
90	17	91	8.797430e+05
90	90	37	4.882902e+01
90	90	38	2.855940e+04
90	90	39	2.416550e+04
90	91	37	-9.262248e+01
90	91	38	-5.417357e+04
90	91	39	-4.583890e+04
90	92	37	4.543208e+02
90	92	38	2.657258e+05
90	92	39	2.248436e+05
91	15	89	1.046874e+04
91	15	90	-1.839999e+04
91	15	91	1.015560e+05
91	16	89	-6.640993e+03
91	16	90	1.167230e+04
91	16	91	-6.442349e+04
91	17	89	1.310464e+05
91	17	90	-2.303290e+05
91	17	91	1.271266e+06
102	11	100	1.950144e+00
102	11	101	4.790492e+01
102	11	102	1.025107e+02
102	12	100	2.640799e+02
102	12	101	6.487075e+03
102	12	102	1.388155e+04
102	13	100	3.695048e+02
102	13	101	9.076818e+03
102	13	102	1.942328e+04
103	11	100	5.403755e+01
103	11	101	1.327422e+03
103	11	102	2.840522e+03
103	12	100	7.317529e+03
103	12	101	1.797537e+05
103	12	102	3.846510e+05
103	13	100	1.023880e+04
103	13	101	2.515143e+05
103	13	102	5.382098e+05
104	11	100	2.446076e+01
104	11	101	6.008740e+02
104	11	102	1.285797e+03
104	12	100	3.312369e+03
104	12	101	8.136773e+04
104	12	102	1.741170e+05
104	13	100	4.634719e+03
104	13	101	1.138510e+05
104	13	102	2.436272e+05
106	15	97	9.381459e+01
106	15	98	5.314059e+02
106	15	99	2.292696e+03
106	16	97	9.140431e+02
106	16	98	5.177531e+03
106	16	99	2.233792e+04
106	17	97	2.910322e+03
106	17	98	1.648531e+04
106	17	99	7.112416e+04
107	15	97	1.144739e+03
107	15	98	6.484293e+03
107	15	99	2.797581e+04
107	16	97	1.115329e+04
107	16	98	6.317699e+04
107	16	99	2.725706e+05
107	17	97	3.551217e+04
107	17	98	2.011561e+05
107	17	99	8.678674e+05
108	15	97	3.383118e+02
108	15	98	1.916343e+03
108	15	99	8.267862e+03
108	16	97	3.296199e+03
108	16	98	1.867108e+04
108	16	99	8.055445e+04
108	17	97	1.049513e+04
108	17	98	5.944890e+04
108	17	99	2.564861e+05
109	22	91	1.356997e+02
109	22	92	3.472852e+02
109	22	93	2.576994e+03
109	23	91	1.360869e+03
109	23	92	3.482761e+03
109	23	93	2.584346e+04
109	24	91	3.515312e+02
109	24	92	8.996454e+02
109	24	93	6.675724e+03
110	22	91	4.409043e+03
110	22	92	1.128371e+04
110	22	93	8.372957e+04
110	23	91	4.421623e+04
110	23	92	1.131590e+05
110	23	93	8.396847e+05
110	24	91	1.142166e+04
110	24	92	2.923054e+04
110	24	93	2.169022e+05
111	22	91	2.125246e+03
111	22	92	5.438970e+03
111	22	93	4.035931e+04
111	23	91	2.131310e+04
111	23	92	5.454488e+04
111	23	93	4.047446e+05
111	24	91	5.505468e+03
111	24	92	1.408970e+04
111	24	93	1.045511e+05
