0.2497	-3.760515e+00	2
51	57	62	2.102227e-23
51	57	63	5.577995e+00
51	57	64	5.577995e+00
51	58	62	5.883331e-21
51	58	63	1.561068e+03
51	58	64	1.561068e+03
51	59	62	7.444739e-21
51	59	63	1.975368e+03
51	59	64	1.975368e+03
52	57	62	3.502848e-21
52	57	63	9.294369e+02
52	57	64	9.294369e+02
52	58	62	9.803137e-19
52	58	63	2.601140e+05
52	58	64	2.601140e+05
52	59	62	1.240484e-18
52	59	63	3.291470e+05
52	59	64	3.291470e+05
53	57	62	2.554825e-21
53	57	63	6.778907e+02
53	57	64	6.778907e+02
53	58	62	7.149981e-19
53	58	63	1.897158e+05
53	58	64	1.897158e+05
53	59	62	9.047551e-19
53	59	63	2.400654e+05
53	59	64	2.400654e+05
73	67	62	2.086866e-23
73	67	63	5.577995e+00
73	67	64	5.577995e+00
73	68	62	7.327736e-21
73	68	63	1.958634e+03
73	68	64	1.958634e+03
73	69	62	5.902949e-21
73	69	63	1.577802e+03
73	69	64	1.577802e+03
74	67	62	2.473551e-21
74	67	63	6.611567e+02
74	67	64	6.611567e+02
74	68	62	8.685526e-19
74	68	63	2.321559e+05
74	68	64	2.321559e+05
74	69	62	6.996734e-19
74	69	63	1.870161e+05
74	69	64	1.870161e+05
75	67	62	3.539860e-21
75	67	63	9.461709e+02
75	67	64	9.461709e+02
75	68	62	1.242972e-18
75	68	63	3.322346e+05
75	68	64	3.322346e+05
75	69	62	1.001291e-18
75	69	63	2.676357e+05
75	69	64	2.676357e+05
