0.1703	6.909786e-01	2
51	67	67	1.132146e+02
51	67	68	1.378876e+02
51	67	69	1.860452e+03
51	68	67	1.378876e+02
51	68	68	1.679376e+02
51	68	69	2.265903e+03
51	69	67	1.860452e+03
51	69	68	2.265903e+03
51	69	69	3.057276e+04
52	67	67	3.872574e+03
52	67	68	4.716529e+03
52	67	69	6.363789e+04
52	68	67	4.716529e+03
52	68	68	5.744408e+03
52	68	69	7.750659e+04
52	69	67	6.363789e+04
52	69	68	7.750659e+04
52	69	69	1.045760e+06
53	67	67	1.902803e+03
53	67	68	2.317483e+03
53	67	69	3.126871e+04
53	68	67	2.317483e+03
53	68	68	2.822536e+03
53	68	69	3.808314e+04
53	69	67	3.126871e+04
53	69	68	3.808314e+04
53	69	69	5.138378e+05
73	57	57	1.132146e+02
73	57	58	1.520808e+03
73	57	59	4.775313e+02
73	58	57	1.520808e+03
73	58	58	2.042898e+04
73	58	59	6.414665e+03
73	59	57	4.775313e+02
73	59	58	6.414665e+03
73	59	59	2.014194e+03
74	57	57	1.563159e+03
74	57	58	2.099787e+04
74	57	59	6.593298e+03
74	58	57	2.099787e+04
74	58	58	2.820639e+05
74	58	59	8.856759e+04
74	59	57	6.593298e+03
74	59	58	8.856759e+04
74	59	59	2.781008e+04
75	57	57	4.212217e+03
75	57	58	5.658260e+04
75	57	59	1.776684e+04
75	58	57	5.658260e+04
75	58	58	7.600725e+05
75	58	59	2.386615e+05
75	59	57	1.776684e+04
75	59	58	2.386615e+05
75	59	59	7.493933e+04
