0.4773	-3.763022e+00	2
52	55	62	1.499950e-20
52	55	63	2.956341e+02
52	55	64	2.956341e+02
52	56	62	-1.414201e-20
52	56	63	-2.787335e+02
52	56	64	-2.787335e+02
52	57	62	1.769085e-19
52	57	63	3.486797e+03
52	57	64	3.486797e+03
53	55	62	1.799631e-18
53	55	63	3.547001e+04
53	55	64	3.547001e+04
53	56	62	-1.696750e-18
53	56	63	-3.344228e+04
53	56	64	-3.344228e+04
53	57	62	2.122539e-17
53	57	63	4.183439e+05
53	57	64	4.183439e+05
54	55	62	2.569982e-18
54	55	63	5.065332e+04
54	55	64	5.065332e+04
54	56	62	-2.423062e-18
54	56	63	-4.775759e+04
54	56	64	-4.775759e+04
54	57	62	3.031113e-17
54	57	63	5.974204e+05
54	57	64	5.974204e+05
72	69	62	1.724551e-20
72	69	63	2.956341e+02
72	69	64	2.956341e+02
72	70	62	1.516622e-19
72	70	63	2.599895e+03
72	70	64	2.599895e+03
72	71	62	3.547691e-20
72	71	63	6.081689e+02
72	71	64	6.081689e+02
73	69	62	2.903073e-18
73	69	63	4.976642e+04
73	69	64	4.976642e+04
73	70	62	2.553049e-17
73	70	63	4.376608e+05
73	70	64	4.376608e+05
73	71	62	5.972107e-18
73	71	63	1.023779e+05
73	71	64	1.023779e+05
74	69	62	2.120843e-18
74	69	63	3.635692e+04
74	69	64	3.635692e+04
74	70	62	1.865133e-17
74	70	63	3.197336e+05
74	70	64	3.197336e+05
74	71	62	4.362930e-18
74	71	63	7.479226e+04
74	71	64	7.479226e+04
