0.5057	-3.785786e+00	2
57	54	62	5.411562e-20
57	54	63	8.372537e+02
57	54	64	8.372537e+02
57	55	62	7.488859e-19
57	55	63	1.158644e+04
57	55	64	1.158644e+04
57	56	62	2.394437e-19
57	56	63	3.704571e+03
57	56	64	3.704571e+03
58	54	62	2.219883e-18
58	54	63	3.434509e+04
58	54	64	3.434509e+04
58	55	62	3.072014e-17
58	55	63	4.752889e+05
58	55	64	4.752889e+05
58	56	62	9.822251e-18
58	56	63	1.519657e+05
58	56	64	1.519657e+05
59	54	62	1.162499e-18
59	54	63	1.798568e+04
59	54	64	1.798568e+04
59	55	62	1.608739e-17
59	55	63	2.488972e+05
59	55	64	2.488972e+05
59	56	62	5.143672e-18
59	56	63	7.958070e+04
59	56	64	7.958070e+04
67	70	62	6.330280e-20
67	70	63	8.372537e+02
67	70	64	8.372537e+02
67	71	62	9.018557e-20
67	71	63	1.192810e+03
67	71	64	1.192810e+03
67	72	62	1.065932e-18
67	72	63	1.409820e+04
67	72	64	1.409820e+04
68	70	62	1.169947e-18
68	70	63	1.547392e+04
68	70	64	1.547392e+04
68	71	62	1.666788e-18
68	71	63	2.204522e+04
68	71	64	2.204522e+04
68	72	62	1.970030e-17
68	72	63	2.605596e+05
68	72	64	2.605596e+05
69	70	62	2.786660e-18
69	70	63	3.685685e+04
69	70	64	3.685685e+04
69	71	62	3.970070e-18
69	71	63	5.250883e+04
69	71	64	5.250883e+04
69	72	62	4.692354e-17
69	72	63	6.206188e+05
69	72	64	6.206188e+05
