0.0219	-4.501386e+06	762
33	79	52	2.563361e+00
33	79	53	5.276755e+01
33	79	54	1.205066e+02
33	80	52	2.397731e+02
33	80	53	4.935801e+03
33	80	54	1.127202e+04
33	81	52	1.569724e+02
33	81	53	3.231324e+03
33	81	54	7.379457e+03
34	79	52	5.937155e+01
34	79	53	1.222181e+03
34	79	54	2.791127e+03
34	80	52	5.553530e+03
34	80	53	1.143211e+05
34	80	54	2.610780e+05
34	81	52	3.635733e+03
34	81	53	7.484264e+04
34	81	54	1.709201e+05
35	79	52	1.297598e+02
35	79	53	2.671145e+03
35	79	54	6.100162e+03
35	80	52	1.213755e+04
35	80	53	2.498550e+05
35	80	54	5.706004e+05
35	81	52	7.946095e+03
35	81	53	1.635727e+05
35	81	54	3.735553e+05
36	77	62	7.965681e-02
36	77	63	1.062102e-02
36	77	64	1.132228e+00
36	78	62	7.199710e-01
36	78	63	9.599715e-02
36	78	64	1.023354e+01
36	79	62	1.360573e+03
36	79	63	1.043154e+04
36	79	64	2.183478e+03
36	80	62	9.863344e+03
36	80	63	7.563187e+04
36	80	64	1.581319e+04
36	81	62	1.964246e+03
36	81	63	1.506179e+04
36	81	64	3.149134e+03
37	77	62	5.428946e+03
37	77	63	7.238672e+02
37	77	64	7.716610e+04
37	78	62	4.906905e+04
37	78	63	6.542689e+03
37	78	64	6.975087e+05
37	78	65	4.234927e+01
37	79	62	2.677240e+04
37	79	63	1.170305e+05
37	79	64	2.463194e+05
37	79	65	4.722896e+04
37	80	62	1.090935e+05
37	80	63	8.366056e+05
37	80	64	2.241194e+05
37	80	65	4.186079e+04
37	80	69	4.697641e-01
37	80	70	1.081618e+00
37	80	71	8.696888e+00
37	81	62	2.172554e+04
37	81	63	1.665909e+05
37	81	64	3.483101e+04
37	81	69	7.238561e+02
37	81	70	1.666658e+03
37	81	71	1.340097e+04
37	82	69	6.533119e+02
37	82	70	1.504232e+03
37	82	71	1.209496e+04
37	83	61	2.143503e+00
37	83	62	2.089475e+02
37	83	63	3.098974e+02
37	84	61	1.315493e+02
37	84	62	1.282336e+04
37	84	63	1.901877e+04
37	85	61	7.776312e+01
37	85	62	7.580308e+03
37	85	63	1.124262e+04
38	77	62	5.512688e+03
38	77	63	7.350329e+02
38	77	64	7.835639e+04
38	78	62	4.982594e+04
38	78	63	6.643424e+03
38	78	64	7.081516e+05
38	78	65	-5.579578e+01
38	79	62	1.607151e+04
38	79	63	3.340680e+04
38	79	64	1.027546e+05
38	79	65	-6.222484e+04
38	80	62	3.019730e+04
38	80	63	2.314479e+05
38	80	64	-1.643173e+04
38	80	65	-5.515220e+04
38	80	69	9.584507e+00
38	80	70	2.206805e+01
38	80	71	1.774409e+02
38	81	62	6.013671e+03
38	81	63	4.611268e+04
38	81	64	9.641288e+03
38	81	69	1.476870e+04
38	81	70	3.400451e+04
38	81	71	2.734175e+05
38	82	69	1.332940e+04
38	82	70	3.069055e+04
38	82	71	2.467713e+05
38	83	61	1.929069e+01
38	83	62	1.880446e+03
38	83	63	2.788956e+03
38	84	61	1.183893e+03
38	84	62	1.154052e+05
38	84	63	1.711616e+05
38	85	61	6.998379e+02
38	85	62	6.821982e+04
38	85	63	1.011792e+05
39	78	63	8.696972e-01
39	78	64	5.412835e+02
39	78	65	4.603751e+02
39	79	63	9.699080e+02
39	79	64	6.036528e+05
39	79	65	5.134218e+05
39	80	63	8.596656e+02
39	80	64	5.350400e+05
39	80	65	4.550649e+05
39	80	69	2.196306e+01
39	80	70	5.056932e+01
39	80	71	4.066090e+02
39	81	69	3.384273e+04
39	81	70	7.792191e+04
39	81	71	6.265409e+05
39	82	69	3.054454e+04
39	82	70	7.032794e+04
39	82	71	5.654806e+05
39	83	61	6.399597e+01
39	83	62	6.238293e+03
39	83	63	9.252233e+03
39	84	61	3.927509e+03
39	84	62	3.828515e+05
39	84	63	5.678206e+05
39	85	61	2.321680e+03
39	85	62	2.263161e+05
39	85	63	3.356574e+05
40	69	81	4.741348e+02
40	69	82	8.630078e+02
40	69	83	8.345783e+03
40	70	81	6.586819e+03
40	70	82	1.198915e+04
40	70	83	1.159421e+05
40	71	81	2.110942e+03
40	71	82	3.842281e+03
40	71	83	3.715708e+04
40	77	73	1.323864e+03
40	77	74	-1.842688e+03
40	77	75	1.413957e+04
40	78	73	7.121892e+02
40	78	74	-9.912969e+02
40	78	75	7.606559e+03
40	79	73	1.993971e+04
40	79	74	-2.775410e+04
40	79	75	2.129667e+05
41	69	81	3.861614e+03
41	69	82	7.028809e+03
41	69	83	6.797265e+04
41	70	73	2.724874e+01
41	70	74	1.456134e+03
41	70	75	8.280442e+02
41	70	81	5.364667e+04
41	70	82	9.764626e+04
41	70	83	9.442958e+05
41	71	73	9.386599e+02
41	71	74	5.016067e+04
41	71	75	2.852433e+04
41	71	81	1.719267e+04
41	71	82	3.129365e+04
41	71	83	3.026277e+05
41	72	73	1.796392e+03
41	72	74	9.599666e+04
41	72	75	5.458938e+04
41	77	73	-2.286130e+03
41	77	74	3.182067e+03
41	77	75	-2.441708e+04
41	78	73	-1.229852e+03
41	78	74	1.711833e+03
41	78	75	-1.313548e+04
41	79	73	-3.443312e+04
41	79	74	4.792750e+04
41	79	75	-3.677641e+05
41	89	68	3.391293e+02
41	89	69	4.195576e+02
41	89	70	5.585767e+03
41	90	68	6.583027e+03
41	90	69	8.144267e+03
41	90	70	1.084284e+05
41	91	68	2.535066e+03
41	91	69	3.136285e+03
41	91	70	4.175483e+04
42	69	81	8.492552e+02
42	69	82	1.545792e+03
42	69	83	1.494870e+04
42	70	73	1.785425e+02
42	70	74	9.541062e+03
42	70	75	5.425612e+03
42	70	81	1.179810e+04
42	70	82	2.147459e+04
42	70	83	2.076717e+05
42	71	73	6.150402e+03
42	71	74	3.286689e+05
42	71	75	1.869006e+05
42	71	81	3.781052e+03
42	71	82	6.882172e+03
42	71	83	6.655458e+04
42	72	73	1.177054e+04
42	72	74	6.290010e+05
42	72	75	3.576872e+05
42	77	73	1.295596e+04
42	77	74	-1.803342e+04
42	77	75	1.383765e+05
42	78	66	3.492968e+01
42	78	67	7.567082e+02
42	78	68	3.073362e+02
42	78	73	6.969821e+03
42	78	74	-9.701303e+03
42	78	75	7.444140e+04
42	79	66	-2.553657e+01
42	79	67	-5.532183e+02
42	79	68	-2.246890e+02
42	79	69	9.868910e+00
42	79	70	1.005927e+01
42	79	71	1.582831e+02
42	79	73	1.951395e+05
42	79	74	-2.716148e+05
42	79	75	2.084193e+06
42	80	66	4.294283e+02
42	80	67	9.303032e+03
42	80	68	3.778416e+03
42	80	69	7.931194e+01
42	80	70	8.084180e+01
42	80	71	1.272049e+03
42	81	69	2.795375e+02
42	81	70	2.849295e+02
42	81	71	4.483378e+03
42	83	79	5.641779e+01
42	83	80	1.420179e+03
42	83	81	3.012917e+03
42	84	79	1.026985e+02
42	84	80	2.585183e+03
42	84	81	5.484478e+03
42	85	79	9.930893e+02
42	85	80	2.499859e+04
42	85	81	5.303462e+04
42	89	68	-3.469919e+02
42	89	69	-4.292849e+02
42	89	70	-5.715271e+03
42	90	68	-6.735652e+03
42	90	69	-8.333088e+03
42	90	70	-1.109423e+05
42	91	68	-2.593840e+03
42	91	69	-3.208998e+03
42	91	70	-4.272290e+04
43	70	73	3.241481e+01
43	70	74	1.732202e+03
43	70	75	9.850328e+02
43	71	73	1.116620e+03
43	71	74	5.967061e+04
43	71	75	3.393224e+04
43	72	73	2.136969e+03
43	72	74	1.141966e+05
43	72	75	6.493896e+04
43	75	67	3.038948e+01
43	75	68	7.285924e+02
43	75	69	3.590708e+02
43	76	55	2.692932e+01
43	76	56	8.415610e+03
43	76	57	6.690785e+03
43	76	67	9.142910e+01
43	76	68	2.205578e+04
43	76	69	1.762836e+04
43	77	55	-5.023054e+01
43	77	56	-1.569741e+04
43	77	57	-1.248014e+04
43	77	67	5.701236e+02
43	77	68	3.999659e+04
43	77	69	2.866948e+04
43	78	55	2.530190e+02
43	78	56	7.907029e+04
43	78	57	6.286440e+04
43	78	66	3.122998e+03
43	78	67	6.765589e+04
43	78	68	2.747837e+04
43	79	63	1.425042e+02
43	79	64	-1.822292e+02
43	79	65	1.563139e+03
43	79	66	-2.283178e+03
43	79	67	-4.946223e+04
43	79	68	-2.008903e+04
43	79	69	1.253526e+03
43	79	70	1.277705e+03
43	79	71	2.010474e+04
43	80	63	4.683897e+03
43	80	64	-5.989599e+03
43	80	65	5.137801e+04
43	80	66	3.839440e+04
43	80	67	8.317671e+05
43	80	68	3.378213e+05
43	80	69	1.007402e+04
43	80	70	1.026834e+04
43	80	71	1.615727e+05
43	81	63	9.095275e+03
43	81	64	-1.163071e+04
43	81	65	9.976673e+04
43	81	69	3.550620e+04
43	81	70	3.620995e+04
43	81	71	5.697214e+05
43	81	72	7.946725e+01
43	82	70	1.979362e+02
43	82	71	2.656924e+03
43	82	72	8.338946e+02
43	83	70	6.071315e+02
43	83	71	8.149606e+03
43	83	72	2.557812e+03
43	83	79	1.402521e+02
43	83	80	3.530502e+03
43	83	81	7.489977e+03
43	84	79	2.553039e+02
43	84	80	6.426649e+03
43	84	81	1.363417e+04
43	85	79	2.468775e+03
43	85	80	6.214536e+04
43	85	81	1.318417e+05
43	89	68	3.934166e+03
43	89	69	4.867199e+03
43	89	70	6.479929e+04
43	90	68	7.636829e+04
43	90	69	9.447990e+04
43	90	70	1.257855e+06
43	91	68	2.940875e+04
43	91	69	3.638337e+04
43	91	70	4.843889e+05
43	92	42	4.410666e+01
43	92	43	5.021479e+03
43	92	44	7.237336e+03
43	93	42	5.153650e+02
43	93	43	5.867356e+04
43	93	44	8.456477e+04
43	94	42	1.480380e+02
43	94	43	1.685391e+04
43	94	44	2.429113e+04
44	74	69	3.187716e+00
44	74	70	1.416197e+01
44	74	71	7.126194e+01
44	75	67	1.678637e+03
44	75	68	3.221010e+04
44	75	69	1.530630e+04
44	75	70	9.624286e+03
44	75	71	4.842866e+04
44	76	55	3.114944e+02
44	76	56	9.734430e+04
44	76	57	7.739305e+04
44	76	67	2.781937e+03
44	76	68	3.578862e+05
44	76	69	2.779752e+05
44	76	70	1.120342e+04
44	76	71	5.637475e+04
44	77	54	2.276545e+00
44	77	55	-3.518729e+02
44	77	56	-1.812359e+05
44	77	57	-1.443592e+05
44	77	60	6.790653e+01
44	77	61	2.255725e+03
44	77	62	4.365757e+03
44	77	64	9.205991e+02
44	77	65	-1.489779e+03
44	77	66	9.282960e+03
44	77	67	2.848563e+04
44	77	68	9.501868e+05
44	77	69	5.592070e+05
44	78	54	9.656447e+01
44	78	55	1.264655e+04
44	78	56	9.289432e+05
44	78	57	7.271595e+05
44	78	60	-1.296575e+02
44	78	61	-4.306976e+03
44	78	62	-8.335772e+03
44	78	64	1.418571e+04
44	78	65	-2.295632e+04
44	78	66	1.450675e+05
44	78	67	4.385616e+04
44	78	68	1.781213e+04
44	78	70	1.551591e+01
44	78	71	5.013501e+03
44	78	72	4.001318e+03
44	79	54	5.113171e+01
44	79	55	5.146747e+03
44	79	56	7.586996e+03
44	79	60	6.293583e+02
44	79	61	2.090608e+04
44	79	62	4.046187e+04
44	79	63	-5.199451e+01
44	79	64	4.896715e+03
44	79	65	-8.386947e+03
44	79	66	4.722610e+04
44	79	67	-3.206260e+04
44	79	68	-1.302219e+04
44	79	69	1.772730e+03
44	79	70	2.060564e+03
44	79	71	1.103880e+05
44	79	72	6.540973e+04
44	80	63	-1.708981e+03
44	80	64	2.256721e+03
44	80	65	-1.491987e+04
44	80	66	3.136101e+04
44	80	67	5.391712e+05
44	80	68	2.189838e+05
44	80	69	1.424663e+04
44	80	70	1.461070e+04
44	80	71	2.573377e+05
44	80	72	2.301932e+04
44	81	63	-3.318529e+03
44	81	64	4.721517e+03
44	81	65	-1.077008e+04
44	81	66	4.336216e+04
44	81	69	5.021270e+04
44	81	70	5.270981e+04
44	81	71	8.258571e+05
44	81	72	6.439692e+03
44	82	64	8.858420e+01
44	82	65	4.750988e+03
44	82	66	8.037622e+03
44	82	70	1.603992e+04
44	82	71	2.153059e+05
44	82	72	6.757531e+04
44	83	70	4.919939e+04
44	83	71	6.604098e+05
44	83	72	2.072743e+05
44	83	79	1.063746e+03
44	83	80	2.677720e+04
44	83	81	5.680796e+04
44	84	79	1.936360e+03
44	84	80	4.874312e+04
44	84	81	1.034087e+05
44	85	59	8.429196e-05
44	85	60	7.444928e-02
44	85	61	8.507668e-02
44	85	72	2.067739e+02
44	85	73	-1.889507e+02
44	85	74	2.453096e+03
44	85	79	1.872450e+04
44	85	80	4.713434e+05
44	85	81	9.999572e+05
44	86	59	2.484748e-01
44	86	60	2.194607e+02
44	86	61	2.507880e+02
44	86	72	-3.338328e+02
44	86	73	3.050575e+02
44	86	74	-3.960480e+03
44	87	59	2.307495e-01
44	87	60	2.038052e+02
44	87	61	2.328977e+02
44	87	72	2.087143e+03
44	87	73	-1.907238e+03
44	87	74	2.476116e+04
44	92	42	-6.027026e+01
44	92	43	-6.861682e+03
44	92	44	-9.889575e+03
44	93	42	-7.042289e+02
44	93	43	-8.017543e+04
44	93	44	-1.155549e+05
44	94	42	-2.022889e+02
44	94	43	-2.303030e+04
44	94	44	-3.319301e+04
45	71	63	6.271286e-01
45	71	64	3.756838e+02
45	71	65	4.416246e+02
45	72	63	1.249689e+01
45	72	64	7.486312e+03
45	72	65	8.800325e+03
45	73	63	4.875445e+00
45	73	64	2.920654e+03
45	73	65	3.433293e+03
45	74	69	7.932500e-01
45	74	70	3.524148e+00
45	74	71	1.773324e+01
45	75	67	2.798261e+03
45	75	68	4.966414e+04
45	75	69	1.908624e+04
45	75	70	2.394964e+03
45	75	71	1.205127e+04
45	76	55	8.887638e+01
45	76	56	2.777452e+04
45	76	57	2.208198e+04
45	76	67	3.499919e+03
45	76	68	1.651409e+05
45	76	69	1.096923e+05
45	76	70	3.274596e+03
45	76	71	1.402863e+04
45	77	54	3.383013e+01
45	77	55	3.239449e+03
45	77	56	-4.678731e+04
45	77	57	-4.118893e+04
45	77	60	1.689303e+03
45	77	61	5.611541e+04
45	77	62	1.086064e+05
45	77	64	-1.134114e+03
45	77	65	1.835303e+03
45	77	66	-1.143596e+04
45	77	67	4.597739e+04
45	77	68	9.527420e+05
45	77	69	4.189702e+05
45	77	70	3.925989e+03
45	78	54	1.434976e+03
45	78	55	1.452750e+05
45	78	56	4.738840e+05
45	78	57	2.074750e+05
45	78	60	-3.225475e+03
45	78	61	-1.071441e+05
45	78	62	-2.073680e+05
45	78	64	-1.747580e+04
45	78	65	2.828058e+04
45	78	66	-1.762191e+05
45	78	68	4.594209e+01
45	78	69	1.090422e+02
45	78	70	8.330135e+02
45	78	71	-7.629556e+03
45	78	72	-6.089213e+03
45	79	54	7.598323e+02
45	79	55	7.648217e+04
45	79	56	1.127450e+05
45	79	60	1.565647e+04
45	79	61	5.200781e+05
45	79	62	1.006565e+06
45	79	63	1.870849e+03
45	79	64	-8.342876e+03
45	79	65	3.015101e+04
45	79	66	-6.000252e+04
45	79	67	9.202866e+00
45	79	68	1.396367e+02
45	79	69	4.712946e+01
45	79	70	-3.859888e+02
45	79	71	-1.247207e+05
45	79	72	-9.954064e+04
45	80	63	6.149198e+04
45	80	64	-7.846258e+04
45	80	65	6.836889e+05
45	80	66	1.552874e+04
45	80	67	1.450248e+03
45	80	68	2.200486e+04
45	80	69	7.426968e+03
45	80	70	-1.358391e+02
45	80	71	-4.389233e+04
45	80	72	-3.503085e+04
45	81	63	1.194062e+05
45	81	64	-1.515458e+05
45	81	65	1.371266e+06
45	81	66	1.040284e+05
45	81	67	1.981153e+03
45	81	68	3.006038e+04
45	81	69	1.014582e+04
45	81	70	9.689240e+02
45	81	71	1.300599e+04
45	81	72	4.082024e+03
45	82	64	2.125188e+02
45	82	65	1.139791e+04
45	82	66	1.928274e+04
45	82	70	1.016747e+04
45	82	71	1.364792e+05
45	82	72	4.283498e+04
45	83	70	3.118676e+04
45	83	71	4.186239e+05
45	83	72	1.313881e+05
45	85	59	1.006158e-01
45	85	60	8.886703e+01
45	85	61	1.015525e+02
45	85	72	1.136255e+04
45	85	73	-1.038314e+04
45	85	74	1.348015e+05
45	86	59	2.965942e+02
45	86	60	2.619612e+05
45	86	61	2.993553e+05
45	86	72	-1.834464e+04
45	86	73	1.676339e+04
45	86	74	-2.176346e+05
45	87	59	2.754362e+02
45	87	60	2.432738e+05
45	87	61	2.780004e+05
45	87	72	1.146918e+05
45	87	73	-1.048058e+05
45	87	74	1.360665e+06
45	92	42	4.739668e+02
45	92	43	5.396044e+04
45	92	44	7.777187e+04
45	93	42	5.538073e+03
45	93	43	6.305016e+05
45	93	44	9.087267e+05
45	94	42	1.590805e+03
45	94	43	1.811109e+05
45	94	44	2.610307e+05
46	68	80	3.108441e-04
46	68	81	1.533649e+01
46	68	82	1.561486e+01
46	69	80	2.211277e-03
46	69	81	1.091005e+02
46	69	82	1.110807e+02
46	70	80	4.329789e-04
46	70	81	2.136241e+01
46	70	82	2.175015e+01
46	71	57	4.043519e+02
46	71	58	5.907996e+03
46	71	59	1.950928e+03
46	71	63	3.439021e+01
46	71	64	2.060159e+04
46	71	65	2.421762e+04
46	72	57	2.246846e+03
46	72	58	3.282872e+04
46	72	59	1.084064e+04
46	72	63	6.852993e+02
46	72	64	4.105312e+05
46	72	65	4.825885e+05
46	73	57	9.808512e+03
46	73	58	1.433124e+05
46	73	59	4.732438e+04
46	73	63	2.673576e+02
46	73	64	1.601616e+05
46	73	65	1.882735e+05
46	74	69	4.609012e+01
46	74	70	2.047632e+02
46	74	71	1.030353e+03
46	75	67	3.744017e+02
46	75	68	6.883166e+02
46	75	69	3.795049e+04
46	75	70	1.392959e+05
46	75	71	7.008238e+05
46	76	67	-6.390407e+02
46	76	68	2.399220e+03
46	76	69	3.441780e+04
46	76	70	2.328545e+05
46	76	71	8.333088e+05
46	76	78	6.880910e+02
46	76	79	-7.688314e+01
46	76	80	9.417369e+03
46	77	54	8.824998e+01
46	77	55	8.882947e+03
46	77	56	1.309466e+04
46	77	60	7.305014e+02
46	77	61	2.426586e+04
46	77	62	4.696443e+04
46	77	64	1.020652e+04
46	77	65	-1.651691e+04
46	77	66	1.029185e+05
46	77	67	3.684812e+03
46	77	68	3.560644e+04
46	77	69	1.349114e+05
46	77	70	5.460611e+05
46	77	71	3.649534e+04
46	77	72	2.130869e+03
46	77	73	2.368372e+03
46	77	78	1.066119e+04
46	77	79	-1.191217e+03
46	77	80	1.459115e+05
46	78	51	3.295151e+00
46	78	52	1.690524e+02
46	78	53	2.892474e+02
46	78	54	3.743309e+03
46	78	55	3.767889e+05
46	78	56	5.554375e+05
46	78	60	-1.394785e+03
46	78	61	-4.633210e+04
46	78	62	-8.967169e+04
46	78	64	1.572744e+05
46	78	65	-2.545126e+05
46	78	66	1.585914e+06
46	78	67	2.270074e+03
46	78	68	9.684759e+03
46	78	69	1.531966e+04
46	78	70	1.181372e+05
46	78	71	5.283712e+04
46	78	72	7.729179e+04
46	78	73	3.329307e+04
46	78	78	3.641425e+03
46	78	79	-4.068709e+02
46	78	80	4.983737e+04
46	79	51	2.315265e+01
46	79	52	1.187809e+03
46	79	53	2.032333e+03
46	79	54	1.982114e+03
46	79	55	1.995130e+05
46	79	56	2.941089e+05
46	79	60	6.770294e+03
46	79	61	2.248962e+05
46	79	62	4.352668e+05
46	79	64	5.355186e+04
46	79	65	-8.666142e+04
46	79	66	5.408121e+05
46	79	67	8.235177e+04
46	79	68	5.790408e+04
46	79	69	3.000065e+03
46	79	70	1.355237e+04
46	79	71	8.584888e+05
46	79	72	7.685254e+05
46	79	73	2.124245e+04
46	80	51	4.483248e+00
46	80	52	2.300058e+02
46	80	53	3.935382e+02
46	80	64	1.333559e+03
46	80	65	7.152206e+04
46	80	66	1.214244e+05
46	80	67	7.377439e+04
46	80	68	4.846955e+05
46	80	69	1.558214e+05
46	80	70	6.780930e+03
46	80	71	3.104485e+05
46	80	72	3.075883e+05
46	81	64	8.933634e+03
46	81	65	4.791327e+05
46	81	66	8.105867e+05
46	81	67	3.927456e+04
46	81	68	5.978944e+05
46	81	69	2.049153e+05
46	81	70	3.610222e+03
46	81	71	1.133867e+04
46	81	75	8.838688e+00
46	81	76	8.561495e+02
46	81	77	1.271327e+03
46	82	64	1.655941e+03
46	82	65	8.881217e+04
46	82	66	1.502506e+05
46	82	68	1.097722e+02
46	82	69	1.927233e+04
46	82	70	1.518500e+04
46	82	71	7.351563e+03
46	82	75	1.423173e+01
46	82	76	1.378540e+03
46	82	77	2.047044e+03
46	83	68	2.546901e+01
46	83	69	1.258175e+04
46	83	70	3.403710e+04
46	83	71	1.733528e+05
46	83	75	1.520138e+02
46	83	76	1.472464e+04
46	83	77	2.186515e+04
46	85	59	8.954231e-02
46	85	60	7.908655e+01
46	85	61	9.037592e+01
46	85	72	6.513628e+03
46	85	73	-5.952176e+03
46	85	74	7.727550e+04
46	86	59	2.639518e+02
46	86	60	2.331304e+05
46	86	61	2.664090e+05
46	86	72	-1.051613e+04
46	86	73	9.609681e+03
46	86	74	-1.247599e+05
46	87	59	2.451224e+02
46	87	60	2.164997e+05
46	87	61	2.474044e+05
46	87	72	6.574751e+04
46	87	73	-6.008030e+04
46	87	74	7.800064e+05
46	111	94	4.982913e-01
46	111	95	2.896179e+01
46	111	96	1.686712e+01
46	112	94	6.001546e+00
46	112	95	3.488231e+02
46	112	96	2.031519e+02
46	113	94	1.722046e+01
46	113	95	1.000891e+03
46	113	96	5.829113e+02
47	68	80	1.118014e+00
47	68	81	5.516081e+04
47	68	82	5.616200e+04
47	69	65	2.804687e-01
47	69	66	1.824722e+01
47	69	67	1.095522e+01
47	69	68	2.299384e+01
47	69	69	1.842285e+02
47	69	70	6.504007e+02
47	69	72	9.404131e-01
47	69	73	6.087722e+00
47	69	74	1.092632e+00
47	69	80	7.953307e+00
47	69	81	3.924020e+05
47	69	82	3.995243e+05
47	70	65	2.172018e+02
47	70	66	1.413110e+04
47	70	67	8.483993e+03
47	70	68	2.985813e+01
47	70	69	2.392257e+02
47	70	70	8.445629e+02
47	70	72	2.235455e+02
47	70	73	1.447112e+03
47	70	74	2.597294e+02
47	70	80	1.557296e+00
47	70	81	7.683422e+04
47	70	82	7.822881e+04
47	71	57	-8.041777e+02
47	71	58	-1.174986e+04
47	71	59	-3.880019e+03
47	71	60	8.807137e+02
47	71	61	-8.187267e+02
47	71	62	1.041524e+04
47	71	63	1.970260e+01
47	71	64	1.180292e+04
47	71	65	1.406248e+04
47	71	66	1.222373e+04
47	71	67	7.522059e+03
47	71	68	1.666645e+03
47	71	69	3.305141e+03
47	71	70	1.079124e+04
47	71	72	1.717670e+02
47	71	73	1.111926e+03
47	71	74	1.995699e+02
47	72	57	-4.468541e+03
47	72	58	-6.528996e+04
47	72	59	-2.155994e+04
47	72	60	4.091560e+02
47	72	61	-3.803585e+02
47	72	62	4.838643e+03
47	72	63	3.926170e+02
47	72	64	2.351987e+05
47	72	65	2.764813e+05
47	72	67	2.861737e+02
47	72	68	2.007400e+03
47	72	69	3.881276e+02
47	73	57	-1.950723e+04
47	73	58	-2.850207e+05
47	73	59	-9.411904e+04
47	73	60	1.313137e+04
47	73	61	-1.220715e+04
47	73	62	1.552904e+05
47	73	63	1.531727e+02
47	73	64	9.175869e+04
47	73	65	1.078644e+05
47	73	67	3.133884e+03
47	73	68	2.198300e+04
47	73	69	4.250380e+03
47	74	65	8.975848e+02
47	74	66	1.412524e+03
47	74	67	1.537399e+04
47	75	64	6.402745e-01
47	75	65	-1.724079e+03
47	75	66	-2.728678e+03
47	75	67	-2.754147e+04
47	75	68	1.343337e+04
47	75	69	3.794756e+04
47	75	70	2.858177e+03
47	75	71	1.231030e+04
47	76	64	6.076432e+02
47	76	65	2.077950e+04
47	76	66	2.095203e+04
47	76	67	1.448457e+05
47	76	68	6.714332e+04
47	76	69	1.944590e+03
47	76	70	1.785423e+05
47	76	71	3.681707e+05
47	76	78	-1.130180e+03
47	76	79	1.262795e+02
47	76	80	-1.546790e+04
47	77	61	2.065803e+01
47	77	62	6.725048e+02
47	77	63	8.701381e+02
47	77	64	2.057270e+03
47	77	65	1.821427e+04
47	77	66	8.630114e+04
47	77	67	1.622416e+05
47	77	68	8.741185e+04
47	77	69	4.557090e+05
47	77	70	9.237773e+05
47	77	71	7.390584e+05
47	77	72	3.651543e+04
47	77	73	4.797769e+04
47	77	78	-1.751086e+04
47	77	79	1.956558e+03
47	77	80	-2.396575e+05
47	78	51	6.709771e+02
47	78	52	3.442340e+04
47	78	53	5.889818e+04
47	78	61	1.439969e+03
47	78	62	3.685366e+04
47	78	63	7.832993e+04
47	78	64	-1.842379e+03
47	78	65	4.364703e+03
47	78	66	1.066763e+05
47	78	67	1.947126e+05
47	78	68	6.475632e+04
47	78	69	2.636347e+04
47	78	70	2.500435e+05
47	78	71	2.138554e+04
47	78	72	5.005211e+05
47	78	73	6.204308e+05
47	78	78	-5.980990e+03
47	78	79	6.682797e+02
47	78	80	-8.185718e+04
47	79	51	4.714472e+03
47	79	52	2.418684e+05
47	79	53	4.138351e+05
47	79	61	8.799941e+02
47	79	62	2.416061e+04
47	79	63	4.497918e+04
47	79	64	1.474268e+04
47	79	65	3.543937e+02
47	79	66	3.676630e+04
47	79	67	-8.114069e+04
47	79	68	1.303990e+05
47	79	69	1.948962e+05
47	79	70	9.218432e+05
47	79	71	4.917900e+03
47	79	72	2.617050e+05
47	79	73	2.387143e+05
47	80	51	9.129040e+02
47	80	52	4.683507e+04
47	80	53	8.013446e+04
47	80	65	2.079514e+02
47	80	66	2.663775e+04
47	80	67	4.684694e+04
47	80	68	1.044398e+06
47	80	69	6.342658e+05
47	80	70	2.766457e+05
47	80	71	8.023220e+02
47	80	72	-2.726296e+04
47	80	73	7.993773e+01
47	81	64	1.206771e+02
47	81	65	-7.983219e+01
47	81	66	6.676727e+03
47	81	67	4.396872e+04
47	81	68	5.664941e+05
47	81	69	2.646071e+05
47	81	70	4.382754e+04
47	81	71	-1.111236e+04
47	81	72	6.887185e+03
47	81	73	7.943701e+03
47	81	74	8.383799e+02
47	81	75	1.092739e+02
47	81	76	1.058469e+04
47	81	77	1.571759e+04
47	82	64	1.178818e+02
47	82	65	-1.165081e+02
47	82	66	1.377445e+03
47	82	68	3.371831e+03
47	82	69	5.902561e+05
47	82	70	4.085766e+05
47	82	71	8.387398e+04
47	82	72	1.077930e+04
47	82	73	3.508142e+03
47	82	74	-4.771331e+02
47	82	75	1.759488e+02
47	82	76	1.705695e+04
47	82	77	2.541005e+04
47	82	78	3.779130e+02
47	83	64	1.925239e+03
47	83	65	-1.878479e+03
47	83	66	2.276749e+04
47	83	67	8.073826e+02
47	83	68	7.996177e+02
47	83	69	1.201928e+05
47	83	70	4.345271e+04
47	83	71	-3.154164e+05
47	83	72	8.682928e+03
47	83	73	5.771418e+04
47	83	74	1.062010e+04
47	83	75	1.879367e+03
47	83	76	1.822490e+05
47	83	77	2.718406e+05
47	83	78	5.618204e+03
47	84	65	4.536850e+02
47	84	66	5.370652e+03
47	84	67	1.775780e+04
47	84	68	1.325969e+03
47	84	69	9.055570e+03
47	84	70	2.521971e+04
47	84	76	5.378904e+02
47	84	77	3.961228e+03
47	84	78	1.465315e+04
47	85	65	1.712162e+02
47	85	66	5.139165e+03
47	85	67	3.348490e+04
47	85	68	7.676911e+03
47	85	69	1.648767e+04
47	85	70	4.591807e+04
47	86	63	3.665248e+00
47	86	64	6.274410e+02
47	86	65	4.596023e+02
47	86	66	8.506962e+02
47	86	67	7.320691e+03
47	86	68	1.683335e+03
47	87	31	1.443529e+00
47	87	32	1.599971e+03
47	87	33	1.417582e+03
47	87	63	-4.797945e+00
47	87	64	-8.213433e+02
47	87	65	-6.016364e+02
47	88	31	3.110995e+01
47	88	32	3.448147e+04
47	88	33	3.055075e+04
47	88	63	3.992351e+01
47	88	64	6.834366e+03
47	88	65	5.006193e+03
47	89	31	1.260432e+01
47	89	32	1.397030e+04
47	89	33	1.237776e+04
47	90	61	1.860406e+02
47	90	62	2.688376e+03
47	90	63	7.099307e+03
47	91	61	1.119246e+03
47	91	62	1.617363e+04
47	91	63	4.271040e+04
47	92	61	1.870421e+02
47	92	62	2.702848e+03
47	92	63	7.137525e+03
47	111	94	2.089418e+02
47	111	95	1.214416e+04
47	111	96	7.072663e+03
47	112	94	2.516547e+03
47	112	95	1.462673e+05
47	112	96	8.518494e+04
47	113	94	7.220823e+03
47	113	95	4.196901e+05
47	113	96	2.444243e+05
48	68	80	1.045590e+00
48	68	81	5.158755e+04
48	68	82	5.252390e+04
48	69	65	3.430138e+00
48	69	66	2.231639e+02
48	69	67	1.339826e+02
48	69	68	1.773311e+03
48	69	69	1.420791e+04
48	69	70	5.015963e+04
48	69	72	2.470604e+02
48	69	73	1.599334e+03
48	69	74	2.870505e+02
48	69	80	7.438101e+00
48	69	81	3.669827e+05
48	69	82	3.736436e+05
48	70	65	2.656383e+03
48	70	66	1.728236e+05
48	70	67	1.037594e+05
48	70	68	2.302692e+03
48	70	69	1.844936e+04
48	70	70	6.513364e+04
48	70	72	5.872870e+04
48	70	73	3.801776e+05
48	70	74	6.823475e+04
48	70	80	1.456416e+00
48	70	81	7.185699e+04
48	70	82	7.316124e+04
48	71	57	3.652720e+03
48	71	58	5.336999e+04
48	71	59	1.762375e+04
48	71	60	-8.074183e+02
48	71	61	7.505901e+02
48	71	62	-9.548458e+03
48	71	65	2.297833e+03
48	71	66	1.494964e+05
48	71	67	9.292697e+04
48	71	68	5.167731e+04
48	71	69	2.400361e+05
48	71	70	8.322327e+05
48	71	72	4.512572e+04
48	71	73	2.921194e+05
48	71	74	5.242994e+04
48	72	57	2.029692e+04
48	72	58	2.965588e+05
48	72	59	9.792915e+04
48	72	60	-3.751049e+02
48	72	61	3.487041e+02
48	72	62	-4.435958e+03
48	72	67	4.955750e+03
48	72	68	3.476270e+04
48	72	69	6.721314e+03
48	73	57	8.860538e+04
48	73	58	1.294615e+06
48	73	59	4.275057e+05
48	73	60	-1.203854e+04
48	73	61	1.119124e+04
48	73	62	-1.423667e+05
48	73	63	4.077783e+01
48	73	64	1.380623e+03
48	73	65	2.656319e+03
48	73	67	5.427035e+04
48	73	68	3.806858e+05
48	73	69	7.360502e+04
48	73	73	1.452748e+02
48	73	74	1.126469e+03
48	73	75	2.377720e+02
48	74	62	6.569789e-01
48	74	63	8.653351e+02
48	74	64	2.819504e+04
48	74	65	5.395833e+04
48	74	66	-3.986415e+02
48	74	67	-4.338835e+03
48	74	73	5.964775e+03
48	74	74	4.625120e+04
48	74	75	9.762579e+03
48	75	62	1.172877e+03
48	75	63	5.946337e+04
48	75	64	4.436457e+04
48	75	65	2.277419e+04
48	75	66	9.532465e+02
48	75	67	1.713211e+04
48	75	68	1.661064e+04
48	75	69	1.541519e+05
48	75	70	1.122172e+03
48	75	71	4.833247e+03
48	75	73	3.124559e+03
48	75	74	2.422800e+04
48	75	75	5.113981e+03
48	76	62	1.288604e+03
48	76	63	6.504929e+04
48	76	64	5.827760e+04
48	76	65	4.354632e+05
48	76	66	1.698136e+05
48	76	67	-5.226109e+04
48	76	68	-1.322105e+04
48	76	69	-2.483060e+05
48	76	70	3.844988e+04
48	76	71	1.642304e+05
48	76	78	6.893303e+03
48	76	79	-7.702161e+02
48	76	80	9.434330e+04
48	77	54	6.378350e+02
48	77	55	-8.469621e+02
48	77	56	6.917042e+03
48	77	61	1.665282e+02
48	77	62	1.250529e+04
48	77	63	-5.167489e+03
48	77	64	1.076047e+05
48	77	65	5.073281e+05
48	77	66	3.041865e+05
48	77	67	2.239981e+05
48	77	68	2.776108e+05
48	77	69	1.678986e+06
48	77	70	2.352541e+05
48	77	71	3.719435e+05
48	77	72	2.720786e+04
48	77	73	2.442428e+04
48	77	78	1.068039e+05
48	77	79	-1.193363e+04
48	77	80	1.461743e+06
48	78	51	8.835074e+02
48	78	52	4.532693e+04
48	78	53	7.755404e+04
48	78	54	-3.731444e+01
48	78	55	4.954873e+01
48	78	56	-4.046588e+02
48	78	61	1.160786e+04
48	78	62	2.875305e+05
48	78	63	6.489860e+05
48	78	64	-1.072925e+05
48	78	65	1.656686e+04
48	78	66	1.713417e+05
48	78	67	2.585376e+05
48	78	68	7.400713e+05
48	78	69	3.096671e+05
48	78	70	1.009700e+06
48	78	71	4.549057e+05
48	78	72	5.454186e+05
48	78	73	3.858343e+05
48	78	78	3.647984e+04
48	78	79	-4.076037e+03
48	78	80	4.992713e+05
48	79	51	6.207770e+03
48	79	52	3.184796e+05
48	79	53	5.449163e+05
48	79	54	8.803282e+03
48	79	55	-1.168962e+04
48	79	56	9.546775e+04
48	79	61	7.093796e+03
48	79	62	2.712121e+05
48	79	63	2.277628e+05
48	79	64	8.651497e+05
48	79	65	3.293118e+04
48	79	66	6.341883e+05
48	79	67	1.396646e+06
48	79	68	1.919372e+06
48	79	69	1.154248e+06
48	79	70	1.327455e+06
48	79	71	1.587519e+05
48	79	72	1.499365e+06
48	79	73	3.698194e+05
48	80	51	1.202064e+03
48	80	52	6.166996e+04
48	80	53	1.055169e+05
48	80	63	9.979507e+02
48	80	64	4.705076e+03
48	80	65	6.380790e+04
48	80	66	9.370887e+05
48	80	67	1.567745e+06
48	80	68	2.225233e+06
48	80	69	6.864762e+05
48	80	70	3.242804e+05
48	80	71	1.749040e+05
48	80	72	9.152811e+05
48	80	73	3.797894e+03
48	81	63	7.205285e+03
48	81	64	1.337878e+04
48	81	65	1.240541e+05
48	81	66	3.027525e+05
48	81	67	4.047503e+05
48	81	68	9.373778e+05
48	81	69	3.546964e+05
48	81	70	4.161777e+04
48	81	71	1.344632e+05
48	81	72	3.070092e+05
48	81	73	2.431074e+05
48	81	74	1.511861e+04
48	81	75	3.097206e+02
48	81	76	3.000074e+04
48	81	77	4.454917e+04
48	82	58	4.395010e-04
48	82	59	2.797735e+00
48	82	60	2.660515e+00
48	82	63	1.527892e+03
48	82	64	7.329487e+03
48	82	65	2.597175e+04
48	82	66	7.220961e+04
48	82	67	7.327823e+04
48	82	68	1.593770e+03
48	82	69	2.918009e+05
48	82	70	1.908275e+05
48	82	71	2.255318e+05
48	82	72	5.236310e+05
48	82	73	2.431078e+05
48	82	74	-8.604205e+03
48	82	75	4.987007e+02
48	82	76	4.897568e+04
48	82	77	7.666262e+04
48	82	78	1.824119e+04
48	83	58	1.230623e+00
48	83	59	7.833789e+03
48	83	60	7.449568e+03
48	83	64	9.855314e+04
48	83	65	-9.687564e+04
48	83	66	1.189855e+06
48	83	67	4.762744e+04
48	83	68	6.239009e+02
48	83	69	1.449386e+05
48	83	70	3.493664e+05
48	83	71	1.651449e+06
48	83	72	1.565804e+05
48	83	73	1.040767e+06
48	83	74	1.915136e+05
48	83	75	5.326786e+03
48	83	76	5.259276e+05
48	83	77	8.394960e+05
48	83	78	2.711808e+05
48	84	58	1.140624e+00
48	84	59	7.260882e+03
48	84	60	6.904760e+03
48	84	65	9.526587e+03
48	84	66	1.146840e+05
48	84	67	3.893169e+05
48	84	68	2.721014e+04
48	84	69	1.334416e+05
48	84	70	3.709581e+05
48	84	74	1.281700e+01
48	84	75	9.870284e+01
48	84	76	2.598373e+04
48	84	77	1.912015e+05
48	84	78	7.072815e+05
48	85	65	3.595239e+03
48	85	66	1.275818e+05
48	85	67	8.723811e+05
48	85	68	1.948207e+05
48	85	69	2.716530e+05
48	85	70	6.830718e+05
48	85	74	5.089389e+02
48	85	75	3.919304e+03
48	85	76	8.224556e+02
48	86	63	2.488204e+02
48	86	64	4.259469e+04
48	86	65	3.120074e+04
48	86	66	2.304211e+04
48	86	67	1.982895e+05
48	86	68	4.963379e+04
48	86	69	4.240905e+04
48	86	70	1.132199e+04
48	86	74	9.337016e+02
48	86	75	7.190373e+03
48	86	76	1.508881e+03
48	87	31	2.227475e+01
48	87	32	2.468877e+04
48	87	33	2.187437e+04
48	87	63	-3.257151e+02
48	87	64	-5.575802e+04
48	87	65	-4.084291e+04
48	88	31	4.800501e+02
48	88	32	5.320752e+05
48	88	33	4.714213e+05
48	88	63	2.710263e+03
48	88	64	4.639604e+05
48	88	65	3.398523e+05
48	89	31	1.944942e+02
48	89	32	2.155724e+05
48	89	33	1.909982e+05
48	90	61	6.782666e+02
48	90	62	9.801276e+03
48	90	63	2.588264e+04
48	91	61	4.080544e+03
48	91	62	5.896580e+04
48	91	63	1.557135e+05
48	92	61	6.819179e+02
48	92	62	9.854039e+03
48	92	63	2.602198e+04
48	111	94	2.533900e+02
48	111	95	1.472759e+04
48	111	96	8.577234e+03
48	112	94	3.051893e+03
48	112	95	1.773828e+05
48	112	96	1.033064e+05
48	113	94	8.756911e+03
48	113	95	5.089710e+05
48	113	96	2.964208e+05
49	69	65	9.771609e+00
49	69	66	6.357383e+02
49	69	67	3.816830e+02
49	69	68	1.110993e+03
49	69	69	8.901363e+03
49	69	70	3.142539e+04
49	69	72	3.149611e+02
49	69	73	2.038886e+03
49	69	74	3.659419e+02
49	70	65	7.567373e+03
49	70	66	4.923314e+05
49	70	67	2.955847e+05
49	70	68	1.442654e+03
49	70	69	1.155866e+04
49	70	70	4.080672e+04
49	70	72	7.486936e+04
49	70	73	4.846635e+05
49	70	74	8.698800e+04
49	71	60	1.044225e+04
49	71	61	-9.707292e+03
49	71	62	1.234891e+05
49	71	64	9.073424e+00
49	71	65	6.816579e+03
49	71	66	4.264201e+05
49	71	67	2.634460e+05
49	71	68	7.285519e+04
49	71	69	1.582110e+05
49	71	70	5.214001e+05
49	71	72	5.752782e+04
49	71	73	3.724038e+05
49	71	74	6.683950e+04
49	71	76	1.382648e+01
49	71	77	7.849643e+01
49	71	78	3.381975e+02
49	72	60	4.851188e+03
49	72	61	-4.509748e+03
49	72	62	5.736972e+04
49	72	64	4.312242e+02
49	72	65	1.286178e+04
49	72	66	2.576299e+04
49	72	67	1.211864e+04
49	72	68	8.500766e+04
49	72	69	1.643610e+04
49	72	76	3.862721e+03
49	72	77	2.192964e+04
49	72	78	9.448264e+04
49	73	60	1.556930e+05
49	73	61	-1.446856e+05
49	73	62	1.841601e+06
49	73	63	5.874454e+02
49	73	64	1.730660e+04
49	73	65	3.990392e+04
49	73	66	1.414570e+04
49	73	67	1.327222e+05
49	73	68	9.309209e+05
49	73	69	1.799915e+05
49	73	73	3.108269e+02
49	73	74	2.410169e+03
49	73	75	5.087320e+02
49	73	76	3.030151e+03
49	73	77	1.720293e+04
49	73	78	7.411787e+04
49	74	61	1.692753e+03
49	74	62	1.333894e+04
49	74	63	1.343395e+04
49	74	64	3.486770e+05
49	74	65	6.822144e+05
49	74	66	1.885697e+04
49	74	67	2.052773e+05
49	74	68	1.764216e+02
49	74	73	1.276211e+04
49	74	74	9.895812e+04
49	74	75	2.088781e+04
49	75	61	3.244483e+03
49	75	62	2.399003e+04
49	75	63	-6.015872e+04
49	75	64	1.093680e+05
49	75	65	2.606096e+05
49	75	66	-3.915846e+04
49	75	67	-3.744187e+05
49	75	68	1.423690e+05
49	75	69	6.616966e+04
49	75	70	5.013052e+03
49	75	71	6.697489e+03
49	75	73	6.685241e+03
49	75	74	5.183773e+04
49	75	75	1.094177e+04
49	76	60	1.686623e+02
49	76	61	1.369021e+03
49	76	62	8.038320e+02
49	76	63	-6.989554e+04
49	76	64	-3.626142e+03
49	76	65	4.521702e+05
49	76	66	3.814528e+05
49	76	67	2.131779e+06
49	76	68	1.059981e+06
49	76	69	4.593741e+05
49	76	70	7.273370e+03
49	76	71	3.494739e+04
49	77	54	1.224616e+03
49	77	55	-1.626131e+03
49	77	56	1.328043e+04
49	77	60	3.265707e+03
49	77	61	1.722277e+04
49	77	62	7.724121e+04
49	77	63	4.335670e+04
49	77	64	3.033313e+05
49	77	65	8.291577e+05
49	77	66	1.794959e+06
49	77	67	2.793983e+06
49	77	68	9.273643e+05
49	77	69	3.535018e+05
49	77	70	2.299357e+05
49	77	71	2.478648e+05
49	77	72	5.358683e+01
49	78	54	-7.164213e+01
49	78	55	9.513145e+01
49	78	56	-7.769276e+02
49	78	60	1.256001e+03
49	78	61	8.180385e+03
49	78	62	7.224836e+04
49	78	63	2.406448e+05
49	78	64	-2.123281e+05
49	78	65	9.288508e+05
49	78	66	3.251223e+06
49	78	67	5.568264e+06
49	78	68	3.135029e+06
49	78	69	5.879866e+05
49	78	70	8.689415e+05
49	78	71	9.573425e+05
49	78	72	1.644621e+04
49	79	54	1.690193e+04
49	79	55	-2.244356e+04
49	79	56	1.832940e+05
49	79	61	1.546890e+03
49	79	62	1.868728e+05
49	79	63	-1.750587e+05
49	79	64	1.530172e+06
49	79	65	3.949226e+05
49	79	66	2.954878e+06
49	79	67	3.903941e+06
49	79	68	1.860434e+06
49	79	69	2.442345e+06
49	79	70	8.857152e+05
49	79	71	1.072690e+05
49	79	72	2.059473e+04
49	80	59	3.067608e+01
49	80	60	-2.240540e+01
49	80	61	3.771842e+02
49	80	62	1.022723e+02
49	80	63	2.443183e+04
49	80	64	8.527720e+04
49	80	65	1.073807e+06
49	80	66	2.711633e+06
49	80	67	5.567482e+06
49	80	68	1.972144e+06
49	80	69	1.596012e+06
49	80	70	1.073683e+06
49	80	71	5.330896e+05
49	80	72	4.467430e+03
49	80	73	7.642248e+03
49	80	74	1.895023e+04
49	81	59	1.275277e+03
49	81	60	-9.314454e+02
49	81	61	1.568044e+04
49	81	62	3.701960e+01
49	81	63	8.637699e+04
49	81	64	1.271596e+05
49	81	65	1.752707e+06
49	81	66	2.539036e+06
49	81	67	2.662572e+06
49	81	68	1.254333e+06
49	81	69	8.611034e+05
49	81	70	8.412017e+05
49	81	71	5.050886e+05
49	81	72	1.710378e+05
49	81	73	1.589655e+05
49	81	74	1.424719e+05
49	82	58	1.958519e-02
49	82	59	7.954783e+02
49	82	60	-3.713880e+02
49	82	61	8.248020e+03
49	82	63	1.513720e+04
49	82	64	1.689000e+04
49	82	65	4.846066e+05
49	82	66	2.879272e+05
49	82	67	2.361270e+06
49	82	68	1.085082e+05
49	82	69	4.330730e+05
49	82	70	2.201947e+05
49	82	71	1.702685e+06
49	82	72	2.896471e+05
49	82	73	1.497536e+05
49	82	74	2.397149e+04
49	82	76	3.693900e+02
49	82	77	2.720327e+03
49	82	78	1.006288e+04
49	83	58	5.483944e+01
49	83	59	3.490919e+05
49	83	60	3.319701e+05
49	83	64	6.764386e+04
49	83	65	-2.581607e+04
49	83	66	1.124809e+06
49	83	67	5.559553e+05
49	83	68	4.174480e+03
49	83	69	1.135455e+05
49	83	70	2.419543e+05
49	83	71	4.920064e+04
49	83	72	5.807467e+04
49	83	73	3.860141e+05
49	83	74	7.103120e+04
49	83	76	5.491498e+03
49	83	77	4.044146e+04
49	83	78	1.495987e+05
49	84	58	5.082888e+01
49	84	59	3.235618e+05
49	84	60	3.076922e+05
49	84	64	7.536870e+03
49	84	65	1.267344e+04
49	84	66	3.290159e+05
49	84	67	7.561408e+05
49	84	68	1.703562e+04
49	84	69	6.210137e+04
49	84	70	9.330658e+04
49	84	71	1.713713e+05
49	84	74	6.368724e+02
49	84	75	4.904511e+03
49	84	76	1.535188e+04
49	84	77	1.054776e+05
49	84	78	3.901766e+05
49	85	65	2.152710e+04
49	85	66	2.216206e+05
49	85	67	6.267230e+05
49	85	68	9.059250e+04
49	85	69	1.488486e+05
49	85	70	2.217738e+05
49	85	71	1.012739e+05
49	85	74	2.528900e+04
49	85	75	1.947489e+05
49	85	76	4.086755e+04
49	86	63	3.979140e+02
49	86	64	6.811750e+04
49	86	65	6.177299e+04
49	86	66	9.160713e+04
49	86	67	1.042802e+05
49	86	68	2.849742e+04
49	86	69	8.455095e+04
49	86	70	2.257266e+04
49	86	74	4.639532e+04
49	86	75	3.572872e+05
49	86	76	7.497579e+04
49	87	31	7.590562e+00
49	87	32	8.413183e+03
49	87	33	7.454123e+03
49	87	63	-5.208841e+02
49	87	64	-8.916832e+04
49	87	65	-6.531605e+04
49	88	31	1.635865e+02
49	88	32	1.813151e+05
49	88	33	1.606461e+05
49	88	63	4.334256e+03
49	88	64	7.419661e+05
49	88	65	5.434923e+05
49	89	31	6.627773e+01
49	89	32	7.346054e+04
49	89	33	6.508640e+04
49	90	61	3.898961e+03
49	90	62	5.634184e+04
49	90	63	1.487843e+05
49	91	61	2.345668e+04
49	91	62	3.389602e+05
49	91	63	8.951064e+05
49	92	61	3.919950e+03
49	92	62	5.664515e+04
49	92	63	1.495852e+05
50	66	61	2.829765e+01
50	66	62	2.766088e+02
50	66	63	7.012542e+01
50	67	61	3.897080e+03
50	67	62	3.809386e+04
50	67	63	9.657494e+03
50	68	61	5.437880e+03
50	68	62	5.315514e+04
50	68	63	1.347581e+04
50	71	64	2.075622e+02
50	71	65	6.190791e+03
50	71	66	1.240057e+04
50	71	76	-2.215235e+01
50	71	77	-1.257645e+02
50	71	78	-5.418492e+02
50	72	64	9.864618e+03
50	72	65	2.942240e+05
50	72	66	5.893502e+05
50	72	76	-6.188729e+03
50	72	77	-3.513498e+04
50	72	78	-1.513771e+05
50	73	61	1.296532e+03
50	73	62	1.021738e+04
50	73	63	2.336586e+03
50	73	64	1.050383e+04
50	73	65	1.713277e+05
50	73	66	3.243527e+05
50	73	67	9.029295e+03
50	73	68	2.578068e+03
50	73	73	2.645139e+03
50	73	74	2.051056e+04
50	73	75	4.329313e+03
50	73	76	-4.854812e+03
50	73	77	-2.756199e+04
50	73	78	-1.187493e+05
50	74	61	4.444247e+04
50	74	62	3.502381e+05
50	74	63	8.586781e+04
50	74	64	1.114553e+05
50	74	65	1.997789e+05
50	74	66	4.330584e+04
50	74	67	5.014495e+05
50	74	68	1.431752e+05
50	74	73	1.086056e+05
50	74	74	8.421343e+05
50	74	75	1.777554e+05
50	75	61	8.518245e+04
50	75	62	6.839518e+05
50	75	63	9.960791e+05
50	75	64	6.202807e+05
50	75	65	1.247261e+05
50	75	66	1.460835e+03
50	75	67	4.458092e+05
50	75	68	1.585242e+05
50	75	69	6.520568e+04
50	75	70	5.227378e+04
50	75	71	6.897674e+04
50	75	73	5.689145e+04
50	75	74	4.411395e+05
50	75	75	9.311453e+04
50	76	60	9.783225e+01
50	76	61	1.653148e+04
50	76	62	-7.474943e+03
50	76	63	9.779556e+05
50	76	64	5.613488e+05
50	76	65	2.315895e+05
50	76	66	1.534352e+05
50	76	67	2.829772e+05
50	76	68	3.594301e+05
50	76	69	3.660295e+05
50	76	70	4.890238e+04
50	76	71	-4.962531e+04
50	76	72	2.252534e-01
50	77	54	1.134858e+04
50	77	55	-1.506945e+04
50	77	56	1.230704e+05
50	77	60	1.940026e+03
50	77	61	1.121993e+05
50	77	62	-1.106146e+05
50	77	63	1.142297e+06
50	77	64	6.197712e+05
50	77	65	2.092122e+06
50	77	66	1.429015e+06
50	77	67	5.216700e+06
50	77	68	3.965506e+06
50	77	69	3.204099e+06
50	77	70	1.577425e+06
50	77	71	1.354136e+06
50	77	72	-3.874241e+01
50	78	36	1.453726e+02
50	78	37	1.950015e+02
50	78	38	2.424203e+03
50	78	54	-6.639115e+02
50	78	55	8.815883e+02
50	78	56	-7.199830e+03
50	78	60	1.920852e+03
50	78	61	2.860259e+04
50	78	62	2.748750e+04
50	78	63	4.317675e+05
50	78	64	7.447397e+05
50	78	65	3.119121e+06
50	78	66	5.851224e+06
50	78	67	1.097258e+07
50	78	68	1.208436e+07
50	78	69	5.438609e+06
50	78	70	1.525842e+06
50	78	71	2.100289e+05
50	78	72	-3.239871e+04
50	79	36	5.981853e+02
50	79	37	8.024007e+02
50	79	38	9.975215e+03
50	79	54	1.566311e+05
50	79	55	-2.079857e+05
50	79	56	1.698596e+06
50	79	60	5.259893e+02
50	79	61	4.794450e+03
50	79	62	8.037451e+04
50	79	63	6.590318e+05
50	79	64	1.056873e+06
50	79	65	2.406321e+06
50	79	66	1.334640e+07
50	79	67	1.340530e+07
50	79	68	1.158124e+07
50	79	69	7.964252e+06
50	79	70	3.240279e+06
50	79	71	-1.371770e+05
50	79	72	-4.063752e+04
50	80	36	3.166841e+03
50	80	37	4.247973e+03
50	80	38	5.280958e+04
50	80	59	1.601457e+03
50	80	60	-1.124941e+03
50	80	61	2.359323e+04
50	80	62	9.002473e+04
50	80	63	7.414651e+05
50	80	64	4.463419e+05
50	80	65	3.044076e+06
50	80	66	8.056870e+06
50	80	67	9.705352e+06
50	80	68	9.243010e+06
50	80	69	4.112361e+06
50	80	70	2.013823e+06
50	80	71	1.266010e+06
50	80	72	4.116275e+03
50	80	73	3.514262e+04
50	80	74	1.198204e+05
50	81	59	6.643493e+04
50	81	60	-4.826451e+04
50	81	61	8.203075e+05
50	81	62	2.615376e+04
50	81	63	3.402357e+05
50	81	64	3.199417e+05
50	81	65	3.482599e+06
50	81	66	3.593199e+06
50	81	67	3.252556e+06
50	81	68	4.178016e+06
50	81	69	2.037798e+06
50	81	70	8.482648e+05
50	81	71	6.838313e+05
50	81	72	3.585532e+04
50	81	73	2.614238e+05
50	81	74	8.653803e+05
50	82	58	1.053754e-02
50	82	59	3.509765e+04
50	82	60	-2.441988e+04
50	82	61	4.298056e+05
50	82	62	8.852209e-01
50	82	63	2.392493e+04
50	82	64	5.455281e+04
50	82	65	1.513144e+06
50	82	66	1.077003e+06
50	82	67	1.437954e+06
50	82	68	3.577858e+05
50	82	69	6.375449e+05
50	82	70	7.214336e+05
50	82	71	5.028365e+05
50	82	72	1.266742e+04
50	82	73	5.878171e+04
50	82	74	1.717472e+05
50	82	84	5.320668e+02
50	82	85	3.773395e+03
50	82	86	7.368172e+02
50	83	58	2.950561e+01
50	83	59	1.878241e+05
50	83	60	1.786119e+05
50	83	64	1.019053e+05
50	83	65	3.178870e+05
50	83	66	2.108234e+06
50	83	67	1.121951e+06
50	83	68	6.856475e+04
50	83	69	1.228911e+05
50	83	70	4.939239e+05
50	83	71	4.487765e+05
50	83	84	1.008402e+03
50	83	85	7.151545e+03
50	83	86	1.396456e+03
50	84	58	2.734778e+01
50	84	59	1.740880e+05
50	84	60	1.655496e+05
50	84	64	7.298935e+04
50	84	65	-6.747264e+04
50	84	66	8.158063e+05
50	84	67	5.184923e+05
50	84	68	4.454474e+05
50	84	69	-2.996958e+04
50	84	70	6.072797e+04
50	84	71	-3.421246e+05
50	84	74	1.098734e+03
50	84	75	8.461274e+03
50	84	76	1.775576e+03
50	84	84	9.441708e+03
50	84	85	6.696019e+04
50	84	86	1.307507e+04
50	85	64	1.012247e+04
50	85	65	9.405428e+04
50	85	66	7.468844e+05
50	85	67	2.173285e+05
50	85	68	1.347189e+05
50	85	69	5.027413e+05
50	85	70	1.748337e+05
50	85	71	-2.018499e+05
50	85	72	3.434844e+02
50	85	74	4.362865e+04
50	85	75	3.359812e+05
50	85	76	7.050478e+04
50	86	65	7.896869e+04
50	86	66	5.403980e+05
50	86	67	1.021577e+05
50	86	68	7.242298e+04
50	86	69	7.604934e+05
50	86	70	2.030301e+05
50	86	71	5.506319e+03
50	86	72	5.683952e+03
50	86	74	8.004132e+04
50	86	75	6.163928e+05
50	86	76	1.293484e+05
50	87	70	8.679253e-01
50	87	71	1.372032e+04
50	87	72	1.416294e+04
50	98	50	1.894316e+01
50	98	51	4.267650e+02
50	98	52	9.422155e+02
50	99	50	-1.106075e+01
50	99	51	-2.491845e+02
50	99	52	-5.501518e+02
50	100	50	2.393211e+02
50	100	51	5.391597e+03
50	100	52	1.190361e+04
51	62	82	4.912822e+01
51	62	83	7.614050e+01
51	62	84	8.392067e+02
51	63	82	1.817993e+03
51	63	83	2.817585e+03
51	63	84	3.105490e+04
51	64	82	3.404826e+03
51	64	83	5.276909e+03
51	64	84	5.816113e+04
51	66	61	1.436662e+01
51	66	62	1.404334e+02
51	66	63	3.560244e+01
51	67	61	1.978535e+03
51	67	62	1.934013e+04
51	67	63	4.903078e+03
51	68	61	2.760794e+03
51	68	62	2.698669e+04
51	68	63	6.841622e+03
51	71	64	8.645632e+01
51	71	65	2.578663e+03
51	71	66	5.165234e+03
51	71	76	1.400212e+02
51	71	77	7.949356e+02
51	71	78	3.424936e+03
51	72	64	4.108930e+03
51	72	65	1.225537e+05
51	72	66	2.454833e+05
51	72	76	3.911789e+04
51	72	77	2.220821e+05
51	72	78	9.568284e+05
51	73	61	5.738103e+02
51	73	62	4.521939e+03
51	73	63	1.375180e+03
51	73	64	7.144247e+03
51	73	65	6.871461e+04
51	73	66	1.354553e+05
51	73	67	8.141336e+03
51	73	68	4.092209e+03
51	73	69	3.139218e+02
51	73	76	3.068643e+04
51	73	77	1.742146e+05
51	73	78	7.505938e+05
51	74	61	1.966904e+04
51	74	62	1.550030e+05
51	74	63	7.393528e+04
51	74	64	2.958754e+05
51	74	65	9.826778e+04
51	74	66	3.758752e+04
51	74	67	4.348920e+05
51	74	68	1.221762e+05
51	74	69	-3.543566e+02
51	74	73	2.291458e+02
51	74	74	3.979461e+03
51	74	75	1.447009e+03
51	75	61	3.769947e+04
51	75	62	2.970959e+05
51	75	63	6.057494e+05
51	75	64	9.797489e+05
51	75	65	7.312797e+05
51	75	66	3.263324e+04
51	75	67	3.682086e+05
51	75	68	1.071504e+05
51	75	69	4.335359e+04
51	75	70	2.760428e+04
51	75	71	2.065472e+04
51	75	73	3.366165e+01
51	75	74	5.845850e+02
51	75	75	2.125665e+02
51	76	60	2.554973e+03
51	76	61	1.643468e+04
51	76	62	4.469919e+04
51	76	63	3.018210e+05
51	76	64	2.956968e+05
51	76	65	3.527798e+05
51	76	66	2.411829e+05
51	76	67	7.573158e+05
51	76	68	8.334799e+05
51	76	69	4.815505e+05
51	76	70	2.102774e+05
51	76	71	-1.008159e+04
51	76	72	1.243079e+03
51	76	73	3.263655e+03
51	76	74	5.667827e+04
51	76	75	2.060932e+04
51	77	60	4.982581e+04
51	77	61	2.345530e+05
51	77	62	9.988569e+05
51	77	63	4.720478e+05
51	77	64	4.358570e+05
51	77	65	1.297162e+06
51	77	66	2.822036e+06
51	77	67	7.494727e+06
51	77	68	6.265043e+06
51	77	69	2.125856e+06
51	77	70	4.448991e+05
51	77	71	1.108837e+06
51	77	72	1.544888e+05
51	78	36	6.324087e+02
51	78	37	8.483078e+02
51	78	38	1.054592e+04
51	78	60	2.828679e+04
51	78	61	1.350301e+05
51	78	62	6.248941e+05
51	78	63	1.725186e+05
51	78	64	1.540790e+06
51	78	65	4.203102e+06
51	78	66	1.103500e+07
51	78	67	2.077627e+07
51	78	68	1.998342e+07
51	78	69	5.795480e+06
51	78	70	2.489165e+06
51	78	71	1.428072e+06
51	78	72	2.844414e+05
51	79	36	2.602263e+03
51	79	37	3.490654e+03
51	79	38	4.339480e+04
51	79	60	4.085196e+03
51	79	61	4.572173e+04
51	79	62	3.366016e+05
51	79	63	7.346898e+05
51	79	64	1.682396e+06
51	79	65	9.242750e+06
51	79	66	2.960114e+07
51	79	67	3.411418e+07
51	79	68	3.104381e+07
51	79	69	1.101166e+07
51	79	70	4.064540e+06
51	79	71	1.056802e+06
51	79	72	1.932070e+05
51	80	25	1.515541e+02
51	80	26	7.128971e+03
51	80	27	1.247812e+04
51	80	36	1.377659e+04
51	80	37	1.847980e+04
51	80	38	2.297355e+05
51	80	59	3.341041e+03
51	80	60	2.517736e+04
51	80	61	4.735901e+04
51	80	62	2.818138e+05
51	80	63	8.144896e+05
51	80	64	1.207694e+06
51	80	65	5.343899e+06
51	80	66	1.352593e+07
51	80	67	2.380147e+07
51	80	68	2.315937e+07
51	80	69	1.031029e+07
51	80	70	2.717460e+06
51	80	71	8.978910e+05
51	80	72	6.280470e+03
51	80	73	6.367469e+03
51	80	74	2.102584e+04
51	81	25	-2.663351e+02
51	81	26	-1.252817e+04
51	81	27	-2.192856e+04
51	81	59	5.158496e+04
51	81	60	1.219887e+05
51	81	61	5.090472e+05
51	81	62	6.770975e+04
51	81	63	1.059588e+06
51	81	64	1.776603e+06
51	81	65	4.937653e+06
51	81	66	6.668323e+06
51	81	67	5.348664e+06
51	81	68	5.576581e+06
51	81	69	3.032698e+06
51	81	70	1.463327e+06
51	81	71	2.497727e+05
51	81	72	2.830238e+05
51	81	73	3.897513e+05
51	81	74	1.518552e+05
51	82	25	1.470315e+03
51	82	26	6.916235e+04
51	82	27	1.210576e+05
51	82	59	7.981024e+04
51	82	60	6.220565e+05
51	82	61	4.133622e+05
51	82	62	1.605816e+04
51	82	63	3.157760e+05
51	82	64	1.627703e+05
51	82	65	2.729972e+06
51	82	66	2.810692e+06
51	82	67	1.658649e+06
51	82	68	3.914628e+05
51	82	69	7.157712e+05
51	82	70	3.948965e+05
51	82	71	1.285561e+05
51	82	72	3.068516e+05
51	82	73	3.888575e+05
51	82	74	3.013786e+04
51	82	84	7.510047e+03
51	82	85	5.326093e+04
51	82	86	1.040007e+04
51	83	62	7.796838e+03
51	83	63	2.988882e+04
51	83	64	2.046409e+05
51	83	65	1.079513e+06
51	83	66	1.078474e+06
51	83	67	4.813170e+05
51	83	68	1.316618e+05
51	83	69	8.373760e+04
51	83	70	8.068436e+05
51	83	71	1.405161e+05
51	83	73	2.766936e+01
51	83	74	6.204186e+02
51	83	75	2.560594e+02
51	83	84	1.423345e+04
51	83	85	1.009430e+05
51	83	86	1.971078e+04
51	84	64	1.090654e+04
51	84	65	5.041766e+05
51	84	66	2.382208e+05
51	84	67	1.270015e+06
51	84	68	3.128073e+05
51	84	69	1.612538e+05
51	84	70	-2.682984e+05
51	84	71	1.544195e+06
51	84	73	4.096482e+02
51	84	74	9.185371e+03
51	84	75	3.790991e+03
51	84	84	1.332684e+05
51	84	85	9.451336e+05
51	84	86	1.845528e+05
51	85	64	-8.638745e+03
51	85	65	9.950322e+04
51	85	66	6.586416e+04
51	85	67	3.789177e+05
51	85	68	5.266395e+04
51	85	69	9.277780e+04
51	85	70	-1.585539e+05
51	85	71	9.170904e+05
51	85	72	4.675954e+03
51	85	73	1.070349e+03
51	85	74	2.400000e+04
51	85	75	9.905292e+03
51	86	65	1.453562e+04
51	86	66	9.947009e+04
51	86	67	1.880398e+04
51	86	70	4.741794e+00
51	86	71	7.495914e+04
51	86	72	7.737731e+04
51	87	70	1.181532e+01
51	87	71	1.867788e+05
51	87	72	1.928042e+05
51	94	89	1.276946e+02
51	94	90	1.631808e+03
51	94	91	4.967164e+02
51	95	89	2.966649e+03
51	95	90	3.791076e+04
51	95	91	1.153990e+04
51	96	89	1.244429e+03
51	96	90	1.590254e+04
51	96	91	4.840676e+03
51	98	50	1.318199e+03
51	98	51	2.969734e+04
51	98	52	6.556605e+04
51	99	50	-7.696857e+02
51	99	51	-1.734003e+04
51	99	52	-3.828347e+04
51	100	50	1.665366e+04
51	100	51	3.751856e+05
51	100	52	8.283381e+05
52	62	82	7.881480e+01
52	62	83	1.221497e+02
52	62	84	1.346312e+03
52	63	82	2.916547e+03
52	63	83	4.520159e+03
52	63	84	4.982036e+04
52	64	82	5.462252e+03
52	64	83	8.465573e+03
52	64	84	9.330600e+04
52	66	61	4.244431e+02
52	66	62	4.148920e+03
52	66	63	1.051828e+03
52	67	61	5.845322e+04
52	67	62	5.713787e+05
52	67	63	1.448550e+05
52	68	61	8.156405e+04
52	68	62	7.972864e+05
52	68	63	2.021268e+05
52	73	59	2.739105e+02
52	73	60	5.606292e+01
52	73	61	3.934812e+03
52	73	63	4.056695e+02
52	73	64	4.865431e+03
52	73	65	1.421857e+03
52	73	67	1.432990e+04
52	73	68	8.732947e+04
52	73	69	1.478226e+04
52	74	59	-1.830729e+02
52	74	60	-3.747064e+01
52	74	61	-2.629901e+03
52	74	63	2.405589e+04
52	74	64	2.781442e+05
52	74	65	9.775035e+04
52	74	66	1.236188e+03
52	74	67	-1.326518e+04
52	74	68	-9.857797e+04
52	74	69	-1.668630e+04
52	74	73	3.810213e+03
52	74	74	6.617006e+04
52	74	75	2.406072e+04
52	75	59	3.407311e+03
52	75	60	6.973950e+02
52	75	61	4.894712e+04
52	75	63	7.270702e+04
52	75	64	5.131406e+05
52	75	65	7.259651e+05
52	75	66	7.077209e+04
52	75	67	3.804380e+05
52	75	68	1.138531e+06
52	75	69	1.628413e+05
52	75	70	-2.556150e+04
52	75	71	-4.852719e+03
52	75	73	5.597224e+02
52	75	74	9.720419e+03
52	75	75	3.534533e+03
52	76	63	2.167638e+04
52	76	64	2.483776e+05
52	76	65	5.072986e+05
52	76	66	2.629547e+05
52	76	67	7.306547e+05
52	76	68	4.628486e+05
52	76	69	2.738739e+05
52	76	70	1.312672e+05
52	76	71	1.875454e+04
52	76	72	3.002319e+04
52	76	73	5.426772e+04
52	76	74	9.424405e+05
52	76	75	3.426896e+05
52	77	60	1.276294e+03
52	77	61	7.571664e+03
52	77	62	3.243169e+04
52	77	63	1.624929e+05
52	77	64	1.169563e+06
52	77	65	1.400117e+06
52	77	66	4.020947e+06
52	77	67	7.432145e+06
52	77	68	5.723317e+06
52	77	69	1.321347e+06
52	77	70	-2.588704e+05
52	77	71	5.666868e+05
52	77	72	8.605533e+05
52	78	36	3.226516e+03
52	78	37	4.328021e+03
52	78	38	5.380472e+04
52	78	59	3.324987e-02
52	78	60	3.339093e+04
52	78	61	2.031182e+05
52	78	62	8.499571e+05
52	78	63	8.752448e+05
52	78	64	4.052849e+06
52	78	65	4.776948e+06
52	78	66	1.407670e+07
52	78	67	2.057454e+07
52	78	68	2.129248e+07
52	78	69	8.678049e+06
52	78	70	2.481456e+06
52	78	71	7.004203e+05
52	78	72	5.775487e+05
52	79	36	1.327661e+04
52	79	37	1.780913e+04
52	79	38	2.213980e+05
52	79	59	-3.086130e-02
52	79	60	1.454560e+04
52	79	61	1.517111e+05
52	79	62	9.397162e+05
52	79	63	1.572984e+06
52	79	64	3.235646e+06
52	79	65	8.240165e+06
52	79	66	1.908057e+07
52	79	67	2.900107e+07
52	79	68	3.361991e+07
52	79	69	1.135268e+07
52	79	70	1.833935e+06
52	79	71	3.620393e+05
52	79	72	3.949506e+05
52	80	25	-1.544860e+02
52	80	26	-7.266888e+03
52	80	27	-1.271952e+04
52	80	36	7.028742e+04
52	80	37	9.428296e+04
52	80	38	1.172099e+06
52	80	59	2.073794e+03
52	80	60	2.582074e+04
52	80	61	1.243401e+05
52	80	62	6.899921e+05
52	80	63	1.155332e+06
52	80	64	9.160928e+05
52	80	65	2.315622e+06
52	80	66	9.573292e+06
52	80	67	1.781986e+07
52	80	68	2.759364e+07
52	80	69	6.650066e+06
52	80	70	1.640425e+06
52	80	71	1.155606e+06
52	80	72	1.048211e+06
52	80	73	8.921497e+03
52	80	74	3.372424e+03
52	81	25	2.714876e+02
52	81	26	1.277054e+04
52	81	27	2.235279e+04
52	81	59	1.198695e+04
52	81	60	1.290941e+05
52	81	61	1.115248e+05
52	81	62	1.268879e+05
52	81	63	1.830721e+06
52	81	64	1.521150e+06
52	81	65	3.520311e+06
52	81	66	3.757851e+06
52	81	67	4.980647e+06
52	81	68	8.381244e+06
52	81	69	3.680681e+06
52	81	70	1.667293e+06
52	81	71	3.225298e+05
52	81	72	1.815724e+05
52	81	73	1.878403e+05
52	81	74	5.032957e+02
52	82	25	-1.498760e+03
52	82	26	-7.050036e+04
52	82	27	-1.233996e+05
52	82	59	5.107741e+04
52	82	60	5.409570e+05
52	82	61	1.452936e+05
52	82	62	1.928806e+04
52	82	63	2.842494e+05
52	82	64	2.191735e+05
52	82	65	1.574838e+06
52	82	66	1.899983e+06
52	82	67	2.065788e+06
52	82	68	7.819338e+05
52	82	69	1.298694e+06
52	82	70	4.326890e+05
52	82	71	5.015926e+02
52	82	72	1.717859e+05
52	82	73	3.308878e+05
52	82	74	4.804921e+04
52	82	84	2.429850e+03
52	82	85	1.723240e+04
52	82	86	3.364908e+03
52	83	62	-1.007703e+04
52	83	63	-3.862984e+04
52	83	64	-1.295058e+05
52	83	65	4.848884e+05
52	83	66	8.327070e+05
52	83	67	7.890746e+05
52	83	68	7.425605e+05
52	83	69	6.125027e+05
52	83	70	1.456421e+06
52	83	71	3.577211e+01
52	83	72	8.395258e+01
52	83	73	7.721995e+02
52	83	74	1.731471e+04
52	83	75	7.146135e+03
52	83	84	4.605186e+03
52	83	85	3.265978e+04
52	83	86	6.377358e+03
52	84	64	2.520858e+05
52	84	65	6.634057e+05
52	84	66	3.069717e+06
52	84	67	1.033400e+06
52	84	68	4.840612e+05
52	84	69	5.889918e+04
52	84	70	1.267375e+03
52	84	71	2.431545e+04
52	84	72	5.706528e+04
52	84	73	1.143251e+04
52	84	74	2.563464e+05
52	84	75	1.067373e+05
52	84	76	9.268157e+02
52	84	84	4.311853e+04
52	84	85	3.057948e+05
52	84	86	5.971145e+04
52	85	61	1.760997e+03
52	85	62	-1.376745e+03
52	85	63	2.144129e+04
52	85	64	1.213725e+05
52	85	65	1.914579e+05
52	85	66	1.816637e+06
52	85	67	1.510549e+05
52	85	70	1.086331e+03
52	85	71	3.311123e+04
52	85	72	6.155894e+04
52	85	73	2.987143e+04
52	85	74	6.697947e+05
52	85	75	2.827238e+05
52	85	76	6.211127e+03
52	86	61	-3.176749e+03
52	86	62	2.483578e+03
52	86	63	-3.867899e+04
52	86	70	1.285898e+01
52	86	71	2.032771e+05
52	86	72	2.098348e+05
52	86	74	2.188549e-01
52	86	75	2.453758e+04
52	86	76	2.424598e+04
52	87	61	1.685382e+04
52	87	62	-1.317630e+04
52	87	63	2.052063e+05
52	87	70	3.204125e+01
52	87	71	5.065139e+05
52	87	72	5.228539e+05
52	94	89	2.384089e+03
52	94	90	3.046624e+04
52	94	91	9.273812e+03
52	95	89	5.538804e+04
52	95	90	7.078029e+05
52	95	91	2.154526e+05
52	96	89	2.323379e+04
52	96	90	2.969042e+05
52	96	91	9.037657e+04
52	98	50	8.052334e+02
52	98	51	1.814088e+04
52	98	52	4.005158e+04
52	99	50	-4.701691e+02
52	99	51	-1.059231e+04
52	99	52	-2.338579e+04
52	100	50	1.017303e+04
52	100	51	2.291853e+05
52	100	52	5.059974e+05
53	62	82	8.443810e+02
53	62	83	1.308649e+03
53	62	84	1.442369e+04
53	63	82	3.124638e+04
53	63	83	4.842664e+04
53	63	84	5.337496e+05
53	64	82	5.851974e+04
53	64	83	9.069577e+04
53	64	84	9.996322e+05
53	65	26	1.260113e+02
53	65	27	3.815728e+03
53	65	28	1.789994e+03
53	66	26	2.290470e+03
53	66	27	6.935737e+04
53	66	28	3.253618e+04
53	67	26	8.530262e+02
53	67	27	2.583036e+04
53	67	28	1.211726e+04
53	67	55	2.868885e+02
53	67	56	-4.278013e+02
53	67	57	2.990006e+03
53	67	58	2.967017e-01
53	67	59	1.900498e+03
53	67	60	1.807568e+03
53	68	55	8.034139e+03
53	68	56	-1.198032e+04
53	68	57	8.373333e+04
53	68	58	1.952805e+00
53	68	59	1.250853e+04
53	68	60	1.189689e+04
53	69	55	1.643212e+04
53	69	56	-2.450319e+04
53	69	57	1.712587e+05
53	69	58	3.560349e-01
53	69	59	2.280552e+03
53	69	60	2.169038e+03
53	70	63	8.498795e+01
53	70	64	5.045105e+03
53	70	65	8.324619e+03
53	71	63	8.565080e+02
53	71	64	5.084453e+04
53	71	65	8.389546e+04
53	71	67	1.956628e+01
53	71	68	-6.071591e+00
53	71	69	2.592493e+02
53	72	63	2.544916e+02
53	72	64	1.406368e+04
53	72	65	2.214544e+04
53	72	66	2.610608e+01
53	72	67	1.726022e+03
53	72	68	1.916897e+03
53	72	69	7.246203e+03
53	72	72	5.447554e-03
53	72	73	3.898161e-02
53	72	74	7.673064e-03
53	73	59	6.978401e+03
53	73	60	1.428311e+03
53	73	61	1.002470e+05
53	73	63	4.097374e+02
53	73	64	1.114696e+04
53	73	65	5.007590e+03
53	73	66	5.995095e+02
53	73	67	3.604236e+04
53	73	68	9.537998e+04
53	73	69	2.292288e+04
53	73	72	1.857335e+02
53	73	73	1.329072e+03
53	73	74	2.616119e+02
53	74	59	-4.664137e+03
53	74	60	-9.546371e+02
53	74	61	-6.700182e+04
53	74	63	1.150043e+03
53	74	64	3.129212e+04
53	74	65	1.508177e+04
53	74	66	1.945661e+04
53	74	67	4.739437e+04
53	74	68	-3.397358e+04
53	74	69	-9.135159e+03
53	74	72	1.897953e+02
53	74	73	2.711597e+03
53	74	74	2.377219e+04
53	74	75	8.546822e+03
53	75	59	8.680785e+04
53	75	60	1.776749e+04
53	75	61	1.247023e+06
53	75	64	-1.167773e+00
53	75	65	2.696109e+04
53	75	66	3.241117e+05
53	75	67	9.277806e+05
53	75	68	5.513201e+05
53	75	69	1.479978e+05
53	75	70	1.202135e+05
53	75	71	2.282192e+04
53	75	73	1.988240e+02
53	75	74	3.452877e+03
53	75	75	1.255533e+03
53	76	63	1.570630e+01
53	76	64	1.212069e+04
53	76	65	1.977149e+05
53	76	66	2.651723e+05
53	76	67	1.831103e+06
53	76	68	2.218659e+05
53	76	69	6.652696e+05
53	76	70	2.754157e+03
53	76	71	1.497956e+04
53	76	72	2.560359e+04
53	76	73	1.927692e+04
53	76	74	3.347727e+05
53	76	75	1.217299e+05
53	77	61	7.781025e+02
53	77	62	-8.143063e+02
53	77	63	4.391700e+04
53	77	64	1.427954e+04
53	77	65	8.024776e+05
53	77	66	1.625775e+06
53	77	67	3.106020e+06
53	77	68	2.021060e+06
53	77	69	2.188300e+06
53	77	70	1.765441e+06
53	77	71	6.553870e+05
53	77	72	7.333644e+05
53	78	59	1.204403e+01
53	78	60	4.900709e+04
53	78	61	1.296852e+05
53	78	62	-1.072802e+05
53	78	63	1.078762e+06
53	78	64	4.054817e+05
53	78	65	1.364874e+06
53	78	66	4.991872e+06
53	78	67	9.947423e+06
53	78	68	9.082861e+06
53	78	69	6.294238e+06
53	78	70	2.430632e+06
53	78	71	9.174484e+05
53	78	72	8.421225e+05
53	79	59	-1.117882e+01
53	79	60	-4.548169e+04
53	79	61	1.370543e+04
53	79	62	-6.330819e+04
53	79	63	9.879399e+05
53	79	64	-1.633918e+05
53	79	65	3.525841e+06
53	79	66	8.162707e+06
53	79	67	1.553540e+07
53	79	68	1.270493e+07
53	79	69	5.894360e+06
53	79	70	1.968993e+06
53	79	71	9.966506e+05
53	79	72	3.021791e+05
53	80	25	1.759555e+03
53	80	26	8.276795e+04
53	80	27	1.448720e+05
53	80	59	1.424735e+02
53	80	60	6.062484e+05
53	80	61	6.727395e+05
53	80	62	6.172804e+05
53	80	63	8.340174e+04
53	80	64	5.866432e+05
53	80	65	2.742696e+06
53	80	66	3.984417e+06
53	80	67	8.200419e+06
53	80	68	1.420381e+07
53	80	69	4.703264e+06
53	80	70	3.230199e+06
53	80	71	3.260058e+06
53	80	72	1.867196e+06
53	80	73	-1.169073e+04
53	80	74	-4.473819e+03
53	81	25	-3.092173e+03
53	81	26	-1.454531e+05
53	81	27	-2.545924e+05
53	81	60	2.511881e+04
53	81	61	1.215805e+05
53	81	62	5.870780e+05
53	81	63	3.327440e+04
53	81	64	7.749436e+05
53	81	65	1.991005e+06
53	81	66	1.115487e+06
53	81	67	4.584694e+06
53	81	68	5.344938e+06
53	81	69	2.959979e+06
53	81	70	6.071711e+05
53	81	71	5.351553e+05
53	81	72	3.809586e+05
53	81	73	-1.744703e+03
53	81	74	-6.675848e+02
53	81	75	2.880727e-02
53	82	25	1.707048e+04
53	82	26	8.029806e+05
53	82	27	1.405489e+06
53	82	62	-1.301858e+04
53	82	63	-4.984502e+04
53	82	64	-2.522258e+05
53	82	65	5.901080e+05
53	82	66	2.324623e+05
53	82	67	2.177805e+06
53	82	68	7.553333e+05
53	82	69	6.202570e+05
53	82	70	1.202856e+06
53	82	72	-8.688864e+03
53	82	73	-1.665657e+05
53	82	74	-6.374060e+04
53	82	75	3.271988e-01
53	83	62	8.525818e+04
53	83	63	3.288436e+05
53	83	64	1.829381e+06
53	83	65	4.193601e+04
53	83	66	-2.165396e+04
53	83	67	6.042682e+05
53	83	68	6.901636e+05
53	83	69	4.543578e+05
53	83	70	5.836112e+05
53	83	71	-1.772527e+01
53	83	72	-4.159896e+01
53	83	73	3.505890e+02
53	83	74	7.861017e+03
53	83	75	3.244387e+03
53	84	62	2.418579e+01
53	84	63	1.263170e+04
53	84	64	8.069793e+04
53	84	65	3.845997e+04
53	84	66	6.383720e+03
53	84	67	2.344881e+05
53	84	68	7.012790e+05
53	84	69	1.589995e+05
53	84	70	-4.925308e+02
53	84	71	-1.204844e+04
53	84	72	-2.827616e+04
53	84	73	5.190277e+03
53	84	74	1.163795e+05
53	84	75	5.381455e+04
53	84	76	5.713666e+03
53	85	61	1.405282e+04
53	85	62	-1.088879e+04
53	85	63	2.172181e+05
53	85	64	5.531637e+04
53	85	65	1.370162e+02
53	85	66	2.182818e+03
53	85	67	1.372609e+04
53	85	68	2.279716e+03
53	85	69	1.003432e+03
53	85	70	2.139335e+03
53	85	71	-9.592806e+03
53	85	72	-2.421957e+04
53	85	73	1.356142e+04
53	85	74	3.040824e+05
53	85	75	1.642520e+05
53	85	76	3.829057e+04
53	86	61	-2.535057e+04
53	86	62	1.981905e+04
53	86	63	-3.086598e+05
53	86	65	9.081098e+01
53	86	66	6.277089e+02
53	86	67	2.407013e+03
53	86	68	3.613181e+02
53	86	69	1.030704e+03
53	86	70	1.914864e+04
53	86	71	4.373875e+03
53	86	74	1.349204e+00
53	86	75	1.512701e+05
53	86	76	1.494725e+05
53	87	61	1.344941e+05
53	87	62	-1.051474e+05
53	87	63	1.637554e+06
53	87	68	2.745151e+02
53	87	69	1.271004e+02
53	87	70	6.084013e+03
53	87	71	7.308364e+02
53	94	89	9.002109e+02
53	94	90	1.150378e+04
53	94	91	3.501709e+03
53	95	89	2.091403e+04
53	95	90	2.672601e+05
53	95	91	8.135301e+04
53	96	89	8.772872e+03
53	96	90	1.121084e+05
53	96	91	3.412539e+04
54	65	26	1.277181e+03
54	65	27	3.867412e+04
54	65	28	1.814239e+04
54	66	26	2.321494e+04
54	66	27	7.029680e+05
54	66	28	3.297688e+05
54	67	26	8.645803e+03
54	67	27	2.618023e+05
54	67	28	1.228139e+05
54	67	55	1.792679e+03
54	67	56	-2.673201e+03
54	67	57	1.868364e+04
54	67	58	1.206570e+01
54	67	59	7.728581e+04
54	67	60	7.350671e+04
54	68	55	5.020290e+04
54	68	56	-7.486139e+04
54	68	57	5.232242e+05
54	68	58	7.941294e+01
54	68	59	5.086730e+05
54	68	60	4.838000e+05
54	69	55	1.026794e+05
54	69	56	-1.531130e+05
54	69	57	1.070144e+06
54	69	58	1.447855e+01
54	69	59	9.274112e+04
54	69	60	8.820629e+04
54	70	63	7.033699e+02
54	70	64	4.175386e+04
54	70	65	6.889549e+04
54	70	66	1.368985e+01
54	70	67	4.413707e+02
54	70	68	2.121265e+02
54	70	73	9.773599e+02
54	70	74	6.060912e+02
54	70	75	1.488596e+04
54	71	63	7.088557e+03
54	71	64	4.207951e+05
54	71	65	6.943283e+05
54	71	66	8.439134e+01
54	71	67	3.276169e+03
54	71	68	1.135334e+03
54	71	69	7.358022e+03
54	71	73	1.063905e+02
54	71	74	6.597604e+01
54	71	75	1.620411e+03
54	72	63	2.547984e+03
54	72	64	1.284113e+05
54	72	65	1.886774e+05
54	72	66	6.949115e+02
54	72	67	4.243651e+04
54	72	68	2.843293e+04
54	72	69	2.056619e+05
54	72	72	1.726467e+00
54	72	73	1.385337e+04
54	72	74	8.585673e+03
54	72	75	2.108095e+05
54	73	59	3.049013e+03
54	73	60	6.240600e+02
54	73	61	4.380005e+04
54	73	63	8.968809e+03
54	73	64	2.439977e+05
54	73	65	1.096119e+05
54	73	66	8.012687e+03
54	73	67	3.936752e+05
54	73	68	6.305790e+05
54	73	69	4.209087e+05
54	73	72	5.886362e+04
54	73	73	4.212163e+05
54	73	74	8.291141e+04
54	74	59	-2.037862e+03
54	74	60	-4.171015e+02
54	74	61	-2.927454e+04
54	74	62	1.240749e+01
54	74	63	2.530911e+04
54	74	64	6.880218e+05
54	74	65	3.208053e+05
54	74	66	7.258206e+04
54	74	67	1.663380e+05
54	74	68	2.672330e+05
54	74	72	6.015091e+04
54	74	73	4.304280e+05
54	74	74	8.472461e+04
54	75	59	3.792822e+04
54	75	60	7.762998e+03
54	75	61	5.448510e+05
54	75	62	5.557516e+02
54	75	63	6.074960e+03
54	75	64	1.762038e+04
54	75	65	4.544955e+03
54	75	66	1.000269e+05
54	75	67	2.627993e+05
54	76	62	9.857033e+02
54	76	63	1.078104e+04
54	76	64	1.532557e+05
54	76	65	3.768801e+05
54	76	66	1.644971e+06
54	76	67	6.291244e+05
54	76	68	9.625386e+02
54	76	69	5.506405e+04
54	76	70	1.481809e+05
54	76	71	1.483690e+05
54	77	61	2.181185e+02
54	77	62	-2.830630e+02
54	77	63	5.311466e+03
54	77	64	-5.355996e+04
54	77	65	2.668950e+05
54	77	66	1.570705e+06
54	77	67	8.543804e+05
54	77	68	2.013978e+05
54	77	69	8.621489e+04
54	77	70	-3.471722e+03
54	77	71	-1.599456e+05
54	78	59	9.735032e+00
54	78	60	3.961180e+04
54	78	61	6.064901e+04
54	78	62	-3.043729e+04
54	78	63	2.799339e+05
54	78	64	1.161974e+06
54	78	65	2.116714e+06
54	78	66	2.509519e+06
54	78	67	2.934614e+06
54	78	68	3.026733e+06
54	78	69	2.111503e+06
54	78	70	2.256413e+06
54	78	71	1.690511e+06
54	79	59	-9.035697e+00
54	79	60	-3.676481e+04
54	79	61	-1.870809e+04
54	79	62	-2.048269e+04
54	79	63	3.017301e+05
54	79	64	4.630865e+05
54	79	65	9.136056e+05
54	79	66	1.720980e+06
54	79	67	2.334714e+06
54	79	68	2.051100e+06
54	79	69	7.593831e+05
54	79	70	1.581378e+05
54	79	71	1.232509e+05
54	79	72	2.492442e+04
54	80	59	1.151595e+02
54	80	60	4.762226e+05
54	80	61	4.769707e+05
54	80	62	1.760108e+05
54	80	63	3.223078e+04
54	80	64	4.948819e+05
54	80	65	3.001115e+05
54	80	66	2.253086e+06
54	80	67	2.331547e+06
54	80	68	1.243180e+06
54	80	69	1.492081e+06
54	80	70	1.222430e+06
54	80	71	1.097078e+06
54	80	72	4.089736e+05
54	80	73	9.559786e+04
54	80	74	3.658347e+04
54	81	60	7.234384e+03
54	81	61	3.501600e+04
54	81	62	1.666829e+05
54	81	63	9.999536e+03
54	81	64	2.458602e+05
54	81	65	2.501886e+05
54	81	66	5.260244e+05
54	81	67	2.059508e+06
54	81	68	8.238919e+05
54	81	69	7.393918e+05
54	81	70	1.127264e+05
54	81	71	2.846058e+05
54	81	72	1.448593e+05
54	81	73	1.710293e+04
54	81	74	5.213470e+04
54	81	75	1.648705e+04
54	82	63	1.202115e+04
54	82	64	5.422098e+05
54	82	65	5.684055e+05
54	82	66	3.584138e+05
54	82	67	3.940605e+06
54	82	68	7.705144e+05
54	82	69	5.305334e+05
54	82	70	1.384470e+05
54	82	71	1.162899e+05
54	82	72	7.105089e+04
54	82	73	1.394260e+06
54	82	74	1.051374e+06
54	82	75	1.872632e+05
54	83	62	9.170501e-01
54	83	63	4.972687e+03
54	83	64	2.477755e+05
54	83	65	1.974962e+05
54	83	66	1.001154e+05
54	83	67	5.325168e+05
54	83	68	3.596518e+04
54	83	69	3.659882e+05
54	83	70	1.053795e+05
54	83	71	9.564081e+04
54	83	72	1.077509e+03
54	83	73	9.079082e+03
54	83	74	1.494215e+05
54	83	75	5.278023e+04
54	84	62	5.797880e+00
54	84	63	1.660193e+04
54	84	64	7.686089e+05
54	84	65	4.394352e+05
54	84	66	4.528842e+04
54	84	67	3.697367e+05
54	84	68	9.775934e+04
54	84	69	2.649204e+05
54	84	70	1.156214e+05
54	84	71	3.120824e+05
54	84	72	7.324176e+05
54	84	74	2.114403e-01
54	84	75	2.370627e+04
54	84	76	2.342455e+04
54	85	61	3.038744e+03
54	85	62	-2.352269e+03
54	85	63	4.805369e+04
54	85	64	1.326058e+04
54	85	65	1.439189e+04
54	85	66	1.839087e+05
54	85	67	1.098322e+06
54	85	68	1.975978e+05
54	85	69	5.279461e+05
54	85	70	2.540850e+05
54	85	71	2.850517e+05
54	85	72	6.273426e+05
54	85	74	1.416984e+00
54	85	75	1.588694e+05
54	85	76	1.569814e+05
54	86	61	-5.481739e+03
54	86	62	4.285617e+03
54	86	63	-6.674374e+04
54	86	65	9.538589e+03
54	86	66	6.593318e+04
54	86	67	2.528275e+05
54	86	68	4.765888e+04
54	86	69	1.696452e+04
54	86	70	9.904262e+05
54	86	71	1.067217e+05
54	86	74	5.531389e+00
54	86	75	6.201683e+05
54	86	76	6.127984e+05
54	87	61	2.908264e+04
54	87	62	-2.273678e+04
54	87	63	3.541002e+05
54	87	68	3.620933e+04
54	87	69	-3.116992e+03
54	87	70	5.459577e+05
54	87	71	1.783227e+04
54	89	58	9.346043e-03
54	89	59	8.097440e-02
54	89	60	1.871987e-02
54	90	58	8.171634e-03
54	90	59	7.079929e-02
54	90	60	1.636756e-02
54	91	58	1.471785e-01
54	91	59	1.275159e+00
54	91	60	2.947946e-01
55	65	26	3.324561e+02
55	65	27	1.006705e+04
55	65	28	4.722548e+03
55	66	26	6.042957e+03
55	66	27	1.829859e+05
55	66	28	8.584037e+04
55	67	26	2.250543e+03
55	67	27	6.814835e+04
55	67	28	3.196902e+04
55	67	55	3.109954e+02
55	67	56	-4.637490e+02
55	67	57	3.241253e+03
55	67	58	6.300151e+00
55	67	59	4.035509e+04
55	67	60	3.838182e+04
55	68	55	8.709239e+03
55	68	56	-1.298701e+04
55	68	57	9.076935e+04
55	68	58	4.146578e+01
55	68	59	2.656056e+05
55	68	60	2.526181e+05
55	69	55	1.781289e+04
55	69	56	-2.656217e+04
55	69	57	1.856494e+05
55	69	58	7.560030e+00
55	69	59	4.842514e+04
55	69	60	4.605726e+04
55	70	63	1.567300e+02
55	70	64	9.303897e+03
55	70	65	1.535179e+04
55	70	66	8.363236e+02
55	70	67	2.613822e+04
55	70	68	1.303804e+04
55	70	73	5.970138e+03
55	70	74	3.702268e+03
55	70	75	9.092991e+04
55	71	47	4.664175e-01
55	71	48	3.939202e+00
55	71	49	1.351595e+01
55	71	63	1.579524e+03
55	71	64	9.376461e+04
55	71	65	1.547153e+05
55	71	66	7.049795e+03
55	71	67	1.664766e+05
55	71	68	1.148197e+05
55	71	69	1.498199e+04
55	71	73	6.498792e+02
55	71	74	4.030102e+02
55	71	75	9.898173e+03
55	72	47	5.945206e+00
55	72	48	5.021117e+01
55	72	49	1.722815e+02
55	72	63	6.993907e+02
55	72	64	3.219457e+04
55	72	65	4.365118e+04
55	72	66	2.377928e+04
55	72	67	7.027857e+05
55	72	68	3.749739e+05
55	72	69	4.187573e+05
55	72	72	1.374850e+00
55	72	73	8.455674e+04
55	72	74	5.243209e+04
55	72	75	1.287716e+06
55	73	47	1.661346e+01
55	73	48	1.403116e+02
55	73	49	4.814287e+02
55	73	63	3.660408e+03
55	73	64	9.958194e+04
55	73	65	4.473554e+04
55	73	66	2.508188e+03
55	73	67	1.779919e+05
55	73	68	1.814703e+05
55	73	69	8.588912e+05
55	73	72	4.687530e+04
55	73	73	3.354303e+05
55	73	74	6.602545e+04
55	74	62	2.529566e+02
55	74	63	1.303905e+04
55	74	64	2.901451e+05
55	74	65	1.363418e+05
55	74	66	5.384443e+04
55	74	67	4.761119e+04
55	74	68	9.993339e+04
55	74	69	2.836996e+04
55	74	72	4.790042e+04
55	74	73	3.427659e+05
55	74	74	6.746937e+04
55	74	79	8.587144e+01
55	74	80	8.339621e+02
55	74	81	2.104137e+02
55	75	62	1.133034e+04
55	75	63	1.238527e+05
55	75	64	3.717837e+05
55	75	65	-2.182469e+03
55	75	66	-6.725715e+03
55	75	67	2.886519e+03
55	75	68	4.200274e+04
55	75	69	7.318507e+04
55	75	79	3.032910e+03
55	75	80	2.945487e+04
55	75	81	7.431643e+03
55	76	62	2.009594e+04
55	76	63	2.196701e+05
55	76	64	6.916174e+05
55	76	65	1.749434e+05
55	76	66	1.008577e+06
55	76	67	2.888097e+05
55	76	68	1.928212e+01
55	76	69	2.762597e+04
55	76	70	4.142887e+04
55	76	71	9.597390e+03
55	76	72	7.320771e+02
55	76	73	7.892350e+02
55	76	74	-8.021978e+00
55	76	75	3.048796e+02
55	76	79	1.507747e+03
55	76	80	1.464287e+04
55	76	81	3.694485e+03
55	77	64	4.768085e+03
55	77	65	2.561522e+05
55	77	66	5.885835e+05
55	77	67	1.369155e+06
55	77	68	4.003317e+04
55	77	69	3.622157e+04
55	77	70	4.726124e+04
55	77	71	1.846447e+04
55	77	72	1.213010e+04
55	77	73	2.036366e+02
55	77	74	-7.158262e+01
55	77	75	2.720536e+03
55	78	63	8.286068e+03
55	78	64	1.174891e+05
55	78	65	1.044680e+06
55	78	66	8.182156e+05
55	78	67	6.774348e+05
55	78	68	5.485901e+05
55	78	69	1.530712e+06
55	78	70	1.005030e+06
55	78	71	1.706040e+05
55	78	72	1.258246e+05
55	78	73	1.135223e+04
55	78	74	-2.385365e+02
55	78	75	9.065708e+03
55	79	63	6.807365e+04
55	79	64	6.675866e+05
55	79	65	3.678854e+05
55	79	66	2.751603e+05
55	79	67	1.460858e+05
55	79	68	1.893072e+05
55	79	69	9.712781e+05
55	79	70	3.865266e+05
55	79	71	4.051726e+02
55	79	72	2.876923e+04
55	80	63	5.134102e+04
55	80	64	7.922777e+05
55	80	65	2.631796e+05
55	80	66	4.059488e+05
55	80	67	5.118024e+05
55	80	68	6.048668e+04
55	80	69	1.120219e+06
55	80	70	4.944509e+03
55	80	71	3.129304e+03
55	81	63	3.409336e+04
55	81	64	7.968626e+05
55	81	65	5.301383e+05
55	81	66	9.163119e+05
55	81	67	2.235202e+05
55	81	68	5.224947e+04
55	81	69	-1.255272e+03
55	81	70	2.824449e+04
55	81	71	1.188304e+04
55	81	73	2.821087e+03
55	81	74	4.642882e+04
55	81	75	1.640007e+04
55	82	63	8.758172e+04
55	82	64	8.939826e+05
55	82	65	1.676940e+06
55	82	66	4.828050e+04
55	82	67	2.036641e+05
55	82	68	3.617058e+04
55	82	69	-1.551822e+04
55	82	70	1.256279e+04
55	82	71	-1.922323e+05
55	82	73	3.204248e+04
55	82	74	5.273480e+05
55	82	75	1.862754e+05
55	83	52	5.441646e+01
55	83	53	-6.730868e+01
55	83	54	6.026257e+02
55	83	62	5.523746e+01
55	83	63	4.039304e+04
55	83	64	1.663456e+05
55	83	65	2.713082e+05
55	83	66	5.022525e+04
55	83	67	3.155505e+05
55	83	68	5.540765e+04
55	83	69	3.465049e+05
55	83	70	3.748640e+05
55	83	71	-1.573395e+05
55	83	73	9.031189e+03
55	83	74	1.486333e+05
55	83	75	5.250181e+04
55	84	52	2.707031e+03
55	84	53	-3.348375e+03
55	84	54	2.997855e+04
55	84	62	3.492287e+02
55	84	63	1.687901e+05
55	84	64	4.142888e+05
55	84	65	1.244980e+05
55	84	66	2.407587e+04
55	84	67	1.847542e+05
55	84	68	5.218455e+04
55	84	69	5.414236e+05
55	84	70	4.134297e+05
55	85	52	4.668785e+03
55	85	53	-5.774901e+03
55	85	54	5.170365e+04
55	85	62	1.410505e+03
55	85	63	6.658858e+05
55	85	64	7.987360e+05
55	85	65	2.104766e+04
55	85	66	1.731385e+05
55	85	67	7.472822e+05
55	85	68	6.289711e+04
55	85	69	4.557803e+05
55	85	70	2.791257e+05
55	85	71	3.805608e+04
55	86	65	1.394987e+04
55	86	66	9.642509e+04
55	86	67	3.697518e+05
55	86	68	3.340161e+04
55	86	69	5.089133e+04
55	86	70	1.197387e+06
55	86	71	2.289187e+05
55	87	68	2.537721e+04
55	87	69	4.332322e+03
55	87	70	4.667217e+05
55	87	71	3.825032e+04
55	89	58	4.967903e+03
55	89	59	4.304206e+04
55	89	60	9.950576e+03
55	90	58	4.343644e+03
55	90	59	3.763347e+04
55	90	60	8.700203e+03
55	91	58	7.823295e+04
55	91	59	6.778127e+05
55	91	60	1.566985e+05
55	92	92	4.045987e+02
55	92	93	8.811181e+03
55	92	94	3.587474e+03
55	93	92	-2.617042e+02
55	93	93	-5.699285e+03
55	93	94	-2.320465e+03
55	94	92	5.053115e+03
55	94	93	1.100446e+05
55	94	94	4.480469e+04
56	70	66	4.991459e+02
56	70	67	1.531377e+04
56	70	68	7.808967e+03
56	70	73	1.012898e+03
56	70	74	6.281292e+02
56	70	75	1.542723e+04
56	71	47	5.072780e+02
56	71	48	4.284296e+03
56	71	49	1.470002e+04
56	71	66	4.864757e+03
56	71	67	9.838131e+04
56	71	68	8.097945e+04
56	71	73	1.102589e+02
56	71	74	6.837499e+01
56	71	75	1.679331e+03
56	72	47	6.466036e+03
56	72	48	5.460992e+04
56	72	49	1.873743e+05
56	72	66	1.500591e+04
56	72	67	3.923569e+05
56	72	68	2.412773e+05
56	72	73	1.434429e+04
56	72	74	8.895336e+03
56	72	75	2.184748e+05
56	73	47	1.806888e+04
56	73	48	1.526036e+05
56	73	49	5.236043e+05
56	73	67	2.062525e+02
56	73	68	9.869359e+03
56	73	69	1.719625e+04
56	73	73	6.576509e+00
56	73	74	5.530433e+01
56	73	75	1.901958e+02
56	74	62	9.979589e+01
56	74	63	1.090876e+03
56	74	64	3.279374e+03
56	74	67	3.144994e+03
56	74	68	1.511192e+05
56	74	69	2.793244e+05
56	74	70	7.689372e+03
56	74	73	6.706501e+01
56	74	74	5.639749e+02
56	74	75	1.939553e+03
56	74	79	1.976867e+03
56	74	80	1.919884e+04
56	74	81	4.843986e+03
56	75	62	4.470021e+03
56	75	63	4.886212e+04
56	75	64	1.468885e+05
56	75	67	8.113037e+03
56	75	68	3.920374e+05
56	75	69	7.804669e+05
56	75	70	4.675495e+04
56	75	73	1.753447e+01
56	75	74	1.474539e+02
56	75	75	5.071052e+02
56	75	79	6.982136e+04
56	75	80	6.780877e+05
56	75	81	1.710857e+05
56	76	62	7.928208e+03
56	76	63	8.666380e+04
56	76	64	2.605273e+05
56	76	68	6.454228e+02
56	76	69	1.757221e+04
56	76	70	7.896529e+03
56	76	71	2.873799e+00
56	76	72	2.217432e+04
56	76	73	2.461043e+04
56	76	74	-4.872123e+02
56	76	75	1.851676e+04
56	76	79	3.471022e+04
56	76	80	3.370970e+05
56	76	81	8.505164e+04
56	77	64	4.311801e+02
56	77	65	1.748106e+04
56	77	66	3.693076e+04
56	77	67	-1.397898e+03
56	77	68	6.729455e+04
56	77	70	-7.267310e+02
56	77	71	2.480029e+01
56	77	72	-1.015376e+04
56	77	73	1.245747e+04
56	77	74	-4.347547e+03
56	77	75	1.652309e+05
56	78	64	8.987634e+03
56	78	65	3.643799e+05
56	78	66	7.609710e+05
56	78	67	-2.669594e+04
56	78	68	1.285138e+06
56	78	70	-6.926194e+03
56	78	71	2.764704e+02
56	78	72	2.127055e+05
56	78	73	3.648126e+05
56	78	74	-1.448744e+04
56	78	75	5.506029e+05
56	79	63	4.008479e+01
56	79	64	7.915235e+03
56	79	65	1.422703e+05
56	79	66	3.371643e+05
56	79	67	-1.019646e+04
56	79	68	4.908560e+05
56	79	69	1.991575e+02
56	79	70	2.200859e+04
56	79	71	1.754963e+04
56	79	72	-2.387418e+04
56	80	63	2.408275e+04
56	80	64	7.396055e+05
56	80	65	3.183157e+05
56	80	66	1.939914e+05
56	80	68	2.365334e+03
56	80	69	-1.480128e+03
56	80	70	1.859378e+05
56	80	71	1.283427e+05
56	81	63	2.686645e+04
56	81	64	9.155574e+05
56	81	65	8.684619e+05
56	81	66	9.653201e+05
56	81	67	5.212228e+03
56	81	68	5.033597e+04
56	81	69	-6.192913e+04
56	81	70	1.143017e+06
56	81	71	4.397674e+05
56	82	58	1.051300e+00
56	82	59	9.729291e+01
56	82	60	6.354732e+01
56	82	63	2.280936e+04
56	82	64	2.301567e+05
56	82	65	9.607756e+05
56	82	66	1.855226e+05
56	82	67	3.853222e+05
56	82	68	8.741086e+04
56	82	69	6.461371e+04
56	82	70	1.635184e+05
56	82	71	1.161654e+06
56	83	52	1.951519e+02
56	83	53	-2.413868e+02
56	83	54	2.161176e+03
56	83	58	4.392871e+02
56	83	59	4.065397e+04
56	83	60	2.655333e+04
56	83	63	3.396712e+03
56	83	64	1.803220e+02
56	83	65	4.769772e+04
56	83	66	1.016894e+05
56	83	67	6.697489e+05
56	83	68	1.236872e+05
56	83	69	2.304039e+05
56	83	70	1.218582e+05
56	83	71	9.507978e+05
56	84	52	9.708133e+03
56	84	53	-1.200816e+04
56	84	54	1.075110e+05
56	84	58	5.329145e+02
56	84	59	4.931875e+04
56	84	60	3.221277e+04
56	84	66	1.857452e+04
56	84	67	1.964402e+05
56	84	68	5.272315e+04
56	84	69	1.447603e+05
56	84	70	1.507767e+05
56	85	52	1.674350e+04
56	85	53	-2.071033e+04
56	85	54	1.854230e+05
56	85	66	1.220362e+05
56	85	67	1.290629e+06
56	85	68	3.462965e+05
56	86	71	3.180619e+01
56	86	72	3.651013e+02
56	86	73	1.071850e+03
56	87	71	1.164388e+03
56	87	72	1.336594e+04
56	87	73	3.923920e+04
56	88	71	2.187728e+03
56	88	72	2.511279e+04
56	88	73	7.372514e+04
56	89	58	4.995224e+03
56	89	59	4.327878e+04
56	89	60	1.000530e+04
56	90	58	4.367533e+03
56	90	59	3.784043e+04
56	90	60	8.748050e+03
56	91	58	7.866320e+04
56	91	59	6.815403e+05
56	91	60	1.575603e+05
56	92	92	-3.085544e+02
56	92	93	-6.719568e+03
56	92	94	-2.735874e+03
56	93	92	1.995804e+02
56	93	93	4.346379e+03
56	93	94	1.769629e+03
56	94	92	-3.853598e+03
56	94	93	-8.392204e+04
56	94	94	-3.416888e+04
57	69	88	1.378286e+00
57	69	89	3.310600e+01
57	69	90	7.141159e+01
57	70	66	4.369337e+02
57	70	67	9.725375e+02
57	70	68	8.026406e+03
57	70	88	1.476293e+02
57	70	89	3.546010e+03
57	70	90	7.648950e+03
57	71	47	5.721554e+02
57	71	48	4.832228e+03
57	71	49	1.658005e+04
57	71	66	3.278829e+04
57	71	67	7.298095e+04
57	71	68	6.023158e+05
57	71	88	2.151287e+02
57	71	89	5.167326e+03
57	71	90	1.114622e+04
57	72	47	7.292998e+03
57	72	48	6.159415e+04
57	72	49	2.113382e+05
57	72	66	5.128653e+04
57	72	67	1.141548e+05
57	72	68	9.421258e+05
57	73	47	2.037977e+04
57	73	48	1.721206e+05
57	73	49	5.905697e+05
57	73	67	5.013906e+01
57	73	68	2.399198e+03
57	73	69	4.180334e+03
57	73	73	2.139358e+03
57	73	74	1.799066e+04
57	73	75	6.187126e+04
57	74	67	7.645341e+02
57	74	68	4.125053e+04
57	74	69	1.908037e+05
57	74	70	5.709809e+04
57	74	73	2.181645e+04
57	74	74	1.834627e+05
57	74	75	6.309421e+05
57	74	79	8.258114e+02
57	74	80	8.020075e+03
57	74	81	2.023514e+03
57	75	67	1.972244e+03
57	75	68	1.227506e+05
57	75	69	9.370244e+05
57	75	70	3.471829e+05
57	75	73	5.704014e+03
57	75	74	4.796719e+04
57	75	75	1.649628e+05
57	75	79	2.916699e+04
57	75	80	2.832626e+05
57	75	81	7.146888e+04
57	76	68	4.792643e+03
57	76	69	1.304840e+05
57	76	70	5.863636e+04
57	76	71	5.727604e+00
57	76	72	4.419435e+04
57	76	73	4.855471e+04
57	76	74	-7.995368e+02
57	76	75	3.038682e+04
57	76	79	1.449976e+04
57	76	80	1.408180e+05
57	76	81	3.552925e+04
57	77	64	1.168091e+02
57	77	65	4.735715e+03
57	77	66	8.636513e+03
57	77	70	1.056376e+04
57	77	71	-3.606797e+02
57	77	72	1.461860e+05
57	77	73	2.041185e+04
57	77	74	-7.134517e+03
57	77	75	2.711511e+05
57	78	61	4.662359e+00
57	78	62	5.132174e+02
57	78	63	3.475404e+02
57	78	64	2.434799e+03
57	78	65	9.871251e+04
57	78	66	1.800218e+05
57	78	70	1.006792e+05
57	78	71	-3.357562e+03
57	78	72	2.010044e+06
57	78	73	7.123702e+05
57	78	74	-2.377452e+04
57	78	75	9.035635e+05
57	79	61	-7.406608e+00
57	79	62	-8.152957e+02
57	79	63	-5.521016e+02
57	79	64	9.709204e+02
57	79	65	3.936341e+04
57	79	66	7.178696e+04
57	79	69	4.971532e+02
57	79	70	4.111006e+04
57	79	71	2.085393e+04
57	79	72	3.470351e+05
57	80	61	4.738589e+01
57	80	62	5.216087e+03
57	80	63	3.532228e+03
57	80	64	1.186642e+01
57	80	65	8.987287e+01
57	80	66	1.859248e+01
57	80	68	4.081423e+03
57	80	69	3.544780e+03
57	80	70	2.125746e+05
57	80	71	3.325559e+05
57	81	64	1.499471e+04
57	81	65	1.135656e+05
57	81	66	2.349393e+04
57	81	68	8.527581e+04
57	81	69	-1.097154e+05
57	81	70	1.256513e+06
57	81	71	3.226105e+05
57	82	58	-4.147890e-01
57	82	59	-3.838679e+01
57	82	60	-2.507251e+01
57	82	64	1.676706e+04
57	82	65	1.269889e+05
57	82	66	2.627088e+04
57	82	68	3.404395e+04
57	82	69	-4.601825e+04
57	82	70	3.671186e+05
57	83	52	1.134679e+03
57	83	53	-1.403504e+03
57	83	54	1.256580e+04
57	83	58	-1.733201e+02
57	83	59	-1.603997e+04
57	83	60	-1.047658e+04
57	84	52	5.644635e+04
57	84	53	-6.981948e+04
57	84	54	6.251054e+05
57	84	58	-2.102607e+02
57	84	59	-1.945864e+04
57	84	60	-1.270950e+04
57	84	69	2.386872e+00
57	84	70	3.577735e+01
57	84	71	9.297988e+01
57	85	52	9.735234e+04
57	85	53	-1.204168e+05
57	85	54	1.078112e+06
57	85	69	3.519615e+00
57	85	70	5.275630e+01
57	85	71	1.371056e+02
57	86	69	4.042369e+01
57	86	70	6.059197e+02
57	86	71	1.882402e+03
57	86	72	3.532170e+03
57	86	73	1.036961e+04
57	87	71	1.126486e+04
57	87	72	1.293086e+05
57	87	73	3.796193e+05
57	88	71	2.116515e+04
57	88	72	2.429535e+05
57	88	73	7.132533e+05
57	90	66	8.512540e+01
57	90	67	5.202684e+02
57	90	68	2.143975e+03
57	91	66	8.209477e+02
57	91	67	5.017458e+03
57	91	68	2.067646e+04
57	92	66	2.627594e+03
57	92	67	1.605930e+04
57	92	68	6.617880e+04
57	92	92	4.944412e+03
57	92	93	1.076773e+05
57	92	94	4.384085e+04
57	93	92	-3.198165e+03
57	93	93	-6.964830e+04
57	93	94	-2.835732e+04
57	94	92	6.175176e+04
57	94	93	1.344804e+06
57	94	94	5.475372e+05
58	18	98	3.038377e+01
58	18	99	5.219899e+02
58	18	100	1.887159e+02
58	19	98	5.413085e+02
58	19	99	9.299621e+03
58	19	100	3.362109e+03
58	20	98	1.308490e+03
58	20	99	2.247971e+04
58	20	100	8.127129e+03
58	69	88	3.102135e+01
58	69	89	7.451233e+02
58	69	90	1.607275e+03
58	70	88	3.322721e+03
58	70	89	7.981073e+04
58	70	90	1.721564e+05
58	71	88	4.841944e+03
58	71	89	1.163020e+05
58	71	90	2.508702e+05
58	73	73	1.708751e+03
58	73	74	1.436953e+04
58	73	75	4.941790e+04
58	74	68	9.490938e+02
58	74	69	2.583993e+04
58	74	70	1.161184e+04
58	74	73	1.742526e+04
58	74	74	1.465356e+05
58	74	75	5.039470e+05
58	75	68	5.770931e+03
58	75	69	1.571187e+05
58	75	70	7.060538e+04
58	75	73	4.555918e+03
58	75	74	3.831242e+04
58	75	75	1.317593e+05
58	76	68	9.746631e+02
58	76	69	2.653607e+04
58	76	70	1.192467e+04
58	78	61	4.632762e+02
58	78	62	5.099595e+04
58	78	63	3.453342e+04
58	79	61	-7.359591e+02
58	79	62	-8.101201e+04
58	79	63	-5.485968e+04
58	79	69	1.099442e+03
58	79	70	1.195211e+04
58	79	71	3.602721e+04
58	80	61	4.708508e+03
58	80	62	5.182975e+05
58	80	63	3.509805e+05
58	80	69	2.264621e+04
58	80	70	2.461886e+05
58	80	71	7.420852e+05
58	81	69	8.978965e+03
58	81	70	9.761098e+04
58	81	71	2.942284e+05
58	82	58	1.373210e+01
58	82	59	1.270842e+03
58	82	60	8.300561e+02
58	83	58	5.737975e+03
58	83	59	5.310228e+05
58	83	60	3.468400e+05
58	84	58	6.960937e+03
58	84	59	6.442022e+05
58	84	60	4.207637e+05
58	84	69	8.598154e+02
58	84	70	1.288797e+04
58	84	71	3.349386e+04
58	85	69	1.267860e+03
58	85	70	1.900424e+04
58	85	71	4.938912e+04
58	86	69	1.456170e+04
58	86	70	2.182686e+05
58	86	71	5.673242e+05
58	86	72	8.886532e+02
58	86	73	2.608873e+03
58	87	71	2.834109e+03
58	87	72	3.253256e+04
58	87	73	9.550783e+04
58	88	71	5.324908e+03
58	88	72	6.112429e+04
58	88	73	1.794463e+05
58	90	66	1.103668e+03
58	90	67	6.745387e+03
58	90	68	2.779708e+04
58	91	66	1.064376e+04
58	91	67	6.505238e+04
58	91	68	2.680745e+05
58	92	66	3.406729e+04
58	92	67	2.082121e+05
58	92	68	8.580217e+05
59	18	95	1.670241e+02
59	18	96	2.451497e+01
59	18	97	2.378830e+03
59	18	98	3.306256e+02
59	18	99	5.680112e+03
59	18	100	2.053541e+03
59	19	95	5.497717e+02
59	19	96	8.069275e+01
59	19	97	7.830088e+03
59	19	98	5.890331e+03
59	19	99	1.011952e+05
59	19	100	3.658530e+04
59	20	95	3.394727e+03
59	20	96	4.982612e+02
59	20	97	4.834918e+04
59	20	98	1.423853e+04
59	20	99	2.446163e+05
59	20	100	8.843659e+04
59	66	70	3.136017e+01
59	66	71	2.812253e+02
59	66	72	6.679436e+01
59	67	70	-5.812651e+01
59	67	71	-5.212550e+02
59	67	72	-1.238043e+02
59	68	70	2.957092e+02
59	68	71	2.651800e+03
59	68	72	6.298341e+02
59	69	88	6.851329e+01
59	69	89	1.645668e+03
59	69	90	3.549802e+03
59	70	88	7.338512e+03
59	70	89	1.762688e+05
59	70	90	3.802221e+05
59	71	88	1.069385e+04
59	71	89	2.568629e+05
59	71	90	5.540682e+05
59	72	62	9.723258e+00
59	72	63	4.540419e+02
59	72	64	2.479255e+02
59	73	62	1.042061e+02
59	73	63	4.866057e+03
59	73	64	2.657066e+03
59	73	70	2.087470e+00
59	73	71	2.505846e+01
59	73	72	7.327248e+00
59	74	62	2.822179e+01
59	74	63	1.317858e+03
59	74	64	7.196044e+02
59	74	70	6.390096e+03
59	74	71	7.670814e+04
59	74	72	2.242993e+04
59	75	70	5.942501e+03
59	75	71	7.133511e+04
59	75	72	2.085883e+04
59	78	61	6.845996e+02
59	78	62	7.535852e+04
59	78	63	5.103126e+04
59	79	61	-1.087553e+03
59	79	62	-1.197143e+05
59	79	63	-8.106810e+04
59	80	61	6.957930e+03
59	80	62	7.659065e+05
59	80	63	5.186563e+05
59	84	69	1.058484e+03
59	84	70	1.586586e+04
59	84	71	4.123295e+04
59	85	69	1.560812e+03
59	85	70	2.339536e+04
59	85	71	6.080097e+04
59	86	69	1.792633e+04
59	86	70	2.687018e+05
59	86	71	6.983149e+05
59	90	66	3.390215e+02
59	90	67	2.072027e+03
59	90	68	8.538623e+03
59	91	66	3.269516e+03
59	91	67	1.998259e+04
59	91	68	8.234631e+04
59	92	66	1.046469e+04
59	92	67	6.395795e+04
59	92	68	2.635645e+05
60	18	95	1.025573e+03
60	18	96	1.505284e+02
60	18	97	1.460665e+04
60	18	98	9.961286e+02
60	18	99	1.711338e+04
60	18	100	6.187031e+03
60	19	95	3.375744e+03
60	19	96	4.954750e+02
60	19	97	4.807882e+04
60	19	98	1.774674e+04
60	19	99	3.048870e+05
60	19	100	1.102264e+05
60	20	95	2.084453e+04
60	20	96	3.059456e+03
60	20	97	2.968769e+05
60	20	98	4.289868e+04
60	20	99	7.369946e+05
60	20	100	2.664470e+05
60	66	70	1.092206e+04
60	66	71	9.794460e+04
60	66	72	2.326301e+04
60	67	70	-2.024419e+04
60	67	71	-1.815417e+05
60	67	72	-4.311830e+04
60	68	70	1.029890e+05
60	68	71	9.235638e+05
60	68	72	2.193574e+05
60	72	62	1.130604e+03
60	72	63	5.279525e+04
60	72	64	2.882837e+04
60	73	62	1.211691e+04
60	73	63	5.658171e+05
60	73	64	3.089593e+05
60	73	70	1.568230e+01
60	73	71	1.882539e+02
60	73	72	5.504659e+01
60	74	62	3.281583e+03
60	74	63	1.532384e+05
60	74	64	8.367442e+04
60	74	70	4.800615e+04
60	74	71	5.762766e+05
60	74	72	1.685068e+05
60	75	70	4.464356e+04
60	75	71	5.359113e+05
60	75	72	1.567038e+05
60	86	61	2.041313e+01
60	86	62	-1.811458e+01
60	86	63	2.434575e+02
60	87	61	7.534225e+03
60	87	62	-6.685860e+03
60	87	63	8.985707e+04
60	88	61	9.252158e+03
60	88	62	-8.210351e+03
60	88	63	1.103460e+05
61	18	95	4.214589e+03
61	18	96	6.185964e+02
61	18	97	6.002602e+04
61	19	95	1.387262e+04
61	19	96	2.036154e+03
61	19	97	1.975799e+05
61	20	95	8.566056e+04
61	20	96	1.257283e+04
61	20	97	1.220015e+06
61	61	75	1.667993e+02
61	61	76	2.331335e+02
61	61	77	2.799886e+03
61	62	75	6.750530e+03
61	62	76	9.435137e+03
61	62	77	1.133141e+05
61	63	75	3.519125e+03
61	63	76	4.918641e+03
61	63	77	5.907188e+04
61	66	70	8.790518e+03
61	66	71	7.882982e+04
61	66	72	1.872302e+04
61	67	70	-1.629335e+04
61	67	71	-1.461122e+05
61	67	72	-3.470337e+04
61	68	70	8.288976e+04
61	68	71	7.433218e+05
61	68	72	1.765478e+05
61	72	62	7.738984e+02
61	72	63	3.613833e+04
61	72	64	1.973301e+04
61	73	62	8.294022e+03
61	73	63	3.873016e+05
61	73	64	2.114825e+05
61	73	70	3.221674e+00
61	73	71	3.867370e+01
61	73	72	1.130843e+01
61	74	62	2.246243e+03
61	74	63	1.048916e+05
61	74	64	5.727512e+04
61	74	70	9.862085e+03
61	74	71	1.183867e+05
61	74	72	3.461700e+04
61	75	70	9.171295e+03
61	75	71	1.100943e+05
61	75	72	3.219225e+04
61	86	61	1.543524e+02
61	86	62	-1.369721e+02
61	86	63	1.840887e+03
61	87	61	5.696952e+04
61	87	62	-5.055466e+04
61	87	63	6.794480e+05
61	88	61	6.995955e+04
61	88	62	-6.208200e+04
61	88	63	8.343738e+05
62	61	75	1.274205e+03
62	61	76	1.780941e+03
62	61	77	2.138874e+04
62	62	75	5.156829e+04
62	62	76	7.207640e+04
62	62	77	8.656230e+05
62	63	75	2.688312e+04
62	63	76	3.757422e+04
62	63	77	4.512588e+05
62	86	61	3.188711e+01
62	86	62	-2.829657e+01
62	86	63	3.803022e+02
62	87	61	1.176913e+04
62	87	62	-1.044391e+04
62	87	63	1.403647e+05
62	88	61	1.445269e+04
62	88	62	-1.282530e+04
62	88	63	1.723703e+05
63	56	47	1.541716e+01
63	56	48	1.408930e+02
63	56	49	3.395553e+01
63	57	47	8.980217e+02
63	57	48	8.206762e+03
63	57	49	1.977848e+03
63	58	47	5.233155e+02
63	58	48	4.782430e+03
63	58	49	1.152576e+03
63	61	75	2.655554e+02
63	61	76	3.711636e+02
63	61	77	4.457600e+03
63	62	75	1.074728e+04
63	62	76	1.502135e+04
63	62	77	1.804034e+05
63	63	75	5.602676e+03
63	63	76	7.830795e+03
63	63	77	9.404627e+04
63	75	80	5.701498e-01
63	75	81	8.067371e+02
63	75	82	7.248505e+02
63	76	80	3.660291e+01
63	76	81	5.179153e+04
63	76	82	4.653451e+04
63	77	80	2.189878e+01
63	77	81	3.098583e+04
63	77	82	2.784066e+04
64	56	47	6.253475e+02
64	56	48	5.714871e+03
64	56	49	1.377297e+03
64	57	47	3.642536e+04
64	57	48	3.328809e+05
64	57	49	8.022504e+04
64	58	47	2.122661e+04
64	58	48	1.939838e+05
64	58	49	4.675054e+04
64	75	80	-3.581863e-01
64	75	81	-5.068180e+02
64	75	82	-4.553742e+02
64	76	80	-2.299512e+01
64	76	81	-3.253709e+04
64	76	82	-2.923446e+04
64	77	80	-1.375751e+01
64	77	81	-1.946628e+04
64	77	82	-1.749039e+04
64	99	49	3.709518e+02
64	99	50	9.770355e+03
64	99	51	4.329957e+03
64	100	49	4.288300e+03
64	100	50	1.129479e+05
64	100	51	5.005544e+04
64	101	49	1.223064e+03
64	101	50	3.221381e+04
64	101	51	1.427629e+04
65	56	47	1.140289e+03
65	56	48	1.042077e+04
65	56	49	2.511430e+03
65	57	47	6.641977e+04
65	57	48	6.069911e+05
65	57	49	1.462862e+05
65	58	47	3.870563e+04
65	58	48	3.537196e+05
65	58	49	8.524721e+04
65	75	80	7.145109e+00
65	75	81	1.011002e+04
65	75	82	9.083817e+03
65	76	80	4.587072e+02
65	76	81	6.490507e+05
65	76	82	5.831698e+05
65	77	80	2.744353e+02
65	77	81	3.883139e+05
65	77	82	3.488987e+05
65	99	49	2.481081e+03
65	99	50	6.534823e+04
65	99	51	2.896057e+04
65	100	49	2.868195e+04
65	100	50	7.554427e+05
65	100	51	3.347917e+05
65	101	49	8.180367e+03
65	101	50	2.154595e+05
65	101	51	9.548581e+04
66	61	70	9.068125e+01
66	61	71	1.115128e+02
66	61	72	1.492272e+03
66	62	70	1.369470e+03
66	62	71	1.684069e+03
66	62	72	2.253632e+04
66	63	70	3.547505e+03
66	63	71	4.362449e+03
66	63	72	5.837859e+04
66	99	49	4.592120e+02
66	99	50	1.209501e+04
66	99	51	5.360179e+03
66	100	49	5.308611e+03
66	100	50	1.398214e+05
66	100	51	6.196508e+04
66	101	49	1.514067e+03
66	101	50	3.987841e+04
66	101	51	1.767303e+04
67	61	70	1.411195e+03
67	61	71	1.735380e+03
67	61	72	2.322297e+04
67	62	70	2.131189e+04
67	62	71	2.620773e+04
67	62	72	3.507136e+05
67	63	70	5.520681e+04
67	63	71	6.788911e+04
67	63	72	9.084966e+05
68	32	124	7.940062e-01
68	32	125	1.527180e+01
68	32	126	5.854000e+00
68	33	124	1.467631e+02
68	33	125	2.822820e+03
68	33	126	1.082046e+03
68	34	124	1.958499e+02
68	34	125	3.766949e+03
68	34	126	1.443950e+03
68	61	70	4.832065e+02
68	61	71	5.942103e+02
68	61	72	7.951762e+03
68	62	70	7.297391e+03
68	62	71	8.973772e+03
68	62	72	1.200876e+05
68	63	70	1.890333e+04
68	63	71	2.324586e+04
68	63	72	3.110777e+05
68	68	64	7.399327e-01
68	68	65	4.068126e+02
68	68	66	4.815802e+02
68	69	64	1.410917e+01
68	69	65	7.757172e+03
68	69	66	9.182854e+03
68	70	64	5.384834e+00
68	70	65	2.960564e+03
68	70	66	3.504682e+03
69	31	124	1.831835e-01
69	31	125	2.113989e+02
69	31	126	1.877571e+02
69	32	124	7.565575e+01
69	32	125	1.049950e+04
69	32	126	8.668054e+03
69	33	124	1.251520e+04
69	33	125	2.455444e+05
69	33	126	9.660144e+04
69	34	124	1.669539e+04
69	34	125	3.211167e+05
69	34	126	1.230907e+05
69	68	64	3.929358e+01
69	68	65	2.160348e+04
69	68	66	2.557396e+04
69	69	64	7.492568e+02
69	69	65	4.119389e+05
69	69	66	4.876487e+05
69	70	64	2.859576e+02
69	70	65	1.572185e+05
69	70	66	1.861136e+05
70	12	119	4.272308e+01
70	12	120	1.052632e+04
70	12	121	8.126665e+03
70	13	119	-1.703459e+01
70	13	120	-4.197065e+03
70	13	121	-3.240272e+03
70	14	119	5.576504e+02
70	14	120	1.373966e+05
70	14	121	1.060747e+05
70	31	124	8.823711e+00
70	31	125	1.018281e+04
70	31	126	9.044018e+03
70	32	124	4.869852e+02
70	32	125	4.450210e+05
70	32	126	3.942513e+05
70	33	124	1.925798e+04
70	33	125	6.030056e+05
70	33	126	3.505619e+05
70	34	124	2.542554e+04
70	34	125	4.890311e+05
70	34	126	1.874558e+05
70	68	64	2.230390e+01
70	68	65	1.226261e+04
70	68	66	1.451634e+04
70	69	64	4.252947e+02
70	69	65	2.338256e+05
70	69	66	2.768001e+05
70	70	64	1.623158e+02
70	70	65	8.924071e+04
70	70	66	1.056422e+05
71	12	119	-8.518570e+01
71	12	120	-2.098847e+04
71	12	121	-1.620378e+04
71	13	119	3.396532e+01
71	13	120	8.368542e+03
71	13	121	6.460788e+03
71	14	119	-1.111901e+03
71	14	120	-2.739556e+05
71	14	121	-2.115027e+05
71	31	124	4.864581e+00
71	31	125	5.613862e+03
71	31	126	4.986037e+03
71	32	124	2.116504e+02
71	32	125	2.442505e+05
71	32	126	2.169348e+05
71	33	124	1.130024e+02
71	33	125	1.304079e+05
71	33	126	1.158237e+05
71	98	55	1.434555e+00
71	98	56	1.530787e+00
71	98	57	2.314494e+01
71	99	55	3.543988e+01
71	99	56	3.781724e+01
71	99	57	5.717829e+02
71	100	55	1.527864e+01
71	100	56	1.630355e+01
71	100	57	2.465038e+02
72	12	119	3.852884e+02
72	12	120	9.492924e+04
72	12	121	7.328847e+04
72	13	119	-1.536225e+02
72	13	120	-3.785028e+04
72	13	121	-2.922165e+04
72	14	119	5.029042e+03
72	14	120	1.239080e+06
72	14	121	9.566104e+05
72	98	55	1.450720e+03
72	98	56	1.548037e+03
72	98	57	2.340575e+04
72	99	55	3.583923e+04
72	99	56	3.824339e+04
72	99	57	5.782261e+05
72	100	55	1.545081e+04
72	100	56	1.648727e+04
72	100	57	2.492815e+05
73	98	55	1.643510e+03
73	98	56	1.753760e+03
73	98	57	2.651621e+04
73	99	55	4.060201e+04
73	99	56	4.332566e+04
73	99	57	6.550681e+05
73	100	55	1.750411e+04
73	100	56	1.867831e+04
73	100	57	2.824093e+05
74	111	65	1.366409e+03
74	111	66	9.888884e+02
74	111	67	2.110074e+04
74	112	65	8.681927e+03
74	112	66	6.283228e+03
74	112	67	1.340705e+05
74	113	65	1.530674e+03
74	113	66	1.107770e+03
74	113	67	2.363741e+04
75	111	65	-1.895491e+03
75	111	66	-1.371793e+03
75	111	67	-2.927110e+04
75	112	65	-1.204363e+04
75	112	66	-8.716137e+03
75	112	67	-1.859835e+05
75	113	65	-2.123362e+03
75	113	66	-1.536706e+03
75	113	67	-3.278998e+04
76	0	107	3.784477e-01
76	0	108	3.043928e+00
76	0	109	6.625381e-01
76	1	107	5.651898e+02
76	1	108	4.545931e+03
76	1	109	9.894626e+02
76	2	107	6.263983e+02
76	2	108	5.038242e+03
76	2	109	1.096619e+03
76	111	65	1.461050e+04
76	111	66	1.057381e+04
76	111	67	2.256223e+05
76	112	65	9.283259e+04
76	112	66	6.718420e+04
76	112	67	1.433566e+06
76	113	65	1.636693e+04
76	113	66	1.184497e+04
76	113	67	2.527460e+05
77	0	107	2.261627e+01
77	0	108	1.819070e+02
77	0	109	3.959370e+01
77	1	107	3.377610e+04
77	1	108	2.716677e+05
77	1	109	5.913091e+04
77	2	107	3.743396e+04
77	2	108	3.010885e+05
77	2	109	6.553461e+04
78	0	107	3.725790e+01
78	0	108	2.996725e+02
78	0	109	6.522640e+01
78	1	107	5.564253e+04
78	1	108	4.475436e+05
78	1	109	9.741187e+04
78	2	107	6.166845e+04
78	2	108	4.960113e+05
78	2	109	1.079613e+05
