0.4036	-3.763821e+00	2
51	65	62	3.804897e-22
51	65	63	1.359669e+01
51	65	64	1.359669e+01
51	66	62	5.139124e-21
51	66	63	1.836451e+02
51	66	64	1.836451e+02
51	67	62	1.398602e-20
51	67	63	4.997861e+02
51	67	64	4.997861e+02
52	65	62	2.994054e-19
52	65	63	1.069916e+04
52	65	64	1.069916e+04
52	66	62	4.043951e-18
52	66	63	1.445094e+05
52	66	64	1.445094e+05
52	67	62	1.100552e-17
52	67	63	3.932791e+05
52	67	64	3.932791e+05
53	65	62	2.592941e-19
53	65	63	9.265797e+03
53	65	64	9.265797e+03
53	66	62	3.502183e-18
53	66	63	1.251495e+05
53	66	64	1.251495e+05
53	67	62	9.531114e-18
53	67	63	3.405915e+05
53	67	64	3.405915e+05
73	59	62	3.795002e-22
73	59	63	1.359669e+01
73	59	64	1.359669e+01
73	60	62	1.281114e-20
73	60	63	4.589961e+02
73	60	64	4.589961e+02
73	61	62	6.264259e-21
73	61	63	2.244351e+02
73	61	64	2.244351e+02
74	59	62	2.574812e-19
74	59	63	9.225007e+03
74	59	64	9.225007e+03
74	60	62	8.692034e-18
74	60	63	3.114172e+05
74	60	64	3.114172e+05
74	61	62	4.250141e-18
74	61	63	1.522735e+05
74	61	64	1.522735e+05
75	59	62	2.997652e-19
75	59	63	1.073995e+04
75	59	64	1.073995e+04
75	60	62	1.011945e-17
75	60	63	3.625586e+05
75	60	64	3.625586e+05
75	61	62	4.948106e-18
75	61	63	1.772802e+05
75	61	64	1.772802e+05
