0.0460	-3.776190e+00	2
53	56	62	2.195376e-27
53	56	63	3.092188e+02
53	56	64	3.092188e+02
53	57	62	2.291104e-25
53	57	63	3.227021e+04
53	57	64	3.227021e+04
53	58	62	3.354674e-25
53	58	63	4.725061e+04
53	58	64	4.725061e+04
54	56	62	2.081288e-26
54	56	63	2.931496e+03
54	56	64	2.931496e+03
54	57	62	2.172041e-24
54	57	63	3.059321e+05
54	57	64	3.059321e+05
54	58	62	3.180341e-24
54	58	63	4.479512e+05
54	58	64	4.479512e+05
55	56	62	5.157650e-27
55	56	63	7.264553e+02
55	56	64	7.264553e+02
55	57	62	5.382545e-25
55	57	63	7.581319e+04
55	57	64	7.581319e+04
55	58	62	7.881218e-25
55	58	63	1.110070e+05
55	58	64	1.110070e+05
71	68	62	2.195376e-27
71	68	63	3.092188e+02
71	68	64	3.092188e+02
71	69	62	3.288813e-25
71	69	63	4.632295e+04
71	69	64	4.632295e+04
71	70	62	2.356965e-25
71	70	63	3.319787e+04
71	70	64	3.319787e+04
72	68	62	-1.428478e-27
72	68	63	-2.012012e+02
72	68	64	-2.012012e+02
72	69	62	-2.139951e-25
72	69	63	-3.014122e+04
72	69	64	-3.014122e+04
72	70	62	-1.533620e-25
72	70	63	-2.160105e+04
72	70	64	-2.160105e+04
73	68	62	2.739901e-26
73	68	63	3.859152e+03
73	68	64	3.859152e+03
73	69	62	4.104546e-24
73	69	63	5.781256e+05
73	69	64	5.781256e+05
73	70	62	2.941569e-24
73	70	63	4.143202e+05
73	70	64	4.143202e+05
