0.4603	-3.752173e+00	2
50	57	62	1.590909e-19
50	57	63	3.544045e+03
50	57	64	3.544045e+03
50	58	62	2.463181e-19
50	58	63	5.487192e+03
50	58	64	5.487192e+03
50	59	62	2.717109e-18
50	59	63	6.052863e+04
50	59	64	6.052863e+04
51	57	62	-1.028323e-20
51	57	63	-2.290779e+02
51	57	64	-2.290779e+02
51	58	62	-1.592137e-20
51	58	63	-3.546779e+02
51	58	64	-3.546779e+02
51	59	62	-1.756269e-19
51	59	63	-3.912415e+03
51	59	64	-3.912415e+03
52	57	62	2.193629e-18
52	57	63	4.886714e+04
52	57	64	4.886714e+04
52	58	62	3.396363e-18
52	58	63	7.566026e+04
52	58	64	7.566026e+04
52	59	62	3.746492e-17
52	59	63	8.346004e+05
52	59	64	8.346004e+05
74	67	62	1.738213e-19
74	67	63	3.544045e+03
74	67	64	3.544045e+03
74	68	62	2.447225e-18
74	68	63	4.989650e+04
74	68	64	4.989650e+04
74	69	62	7.905889e-19
74	69	63	1.611933e+04
74	69	64	1.611933e+04
75	67	62	1.875275e-18
75	67	63	3.823501e+04
75	67	64	3.823501e+04
75	68	62	2.640194e-17
75	68	63	5.383095e+05
75	68	64	5.383095e+05
75	69	62	8.529286e-18
75	69	63	1.739037e+05
75	69	64	1.739037e+05
76	67	62	5.102286e-19
76	67	63	1.040306e+04
76	67	64	1.040306e+04
76	68	62	7.183492e-18
76	68	63	1.464643e+05
76	68	64	1.464643e+05
76	69	62	2.320665e-18
76	69	63	4.731607e+04
76	69	64	4.731607e+04
