0.0630	-3.792894e+00	2
56	55	62	1.200078e-26
56	55	63	1.690311e+03
56	55	64	1.690311e+03
56	56	62	3.636356e-25
56	56	63	5.121810e+04
56	56	64	5.121810e+04
56	57	62	1.706294e-25
56	57	63	2.403316e+04
56	57	64	2.403316e+04
57	55	62	1.177919e-25
57	55	63	1.659100e+04
57	55	64	1.659100e+04
57	56	62	3.569211e-24
57	56	63	5.027237e+05
57	56	64	5.027237e+05
57	57	62	1.674787e-24
57	57	63	2.358939e+05
57	57	64	2.358939e+05
58	55	62	2.995320e-26
58	55	63	4.218910e+03
58	55	64	4.218910e+03
58	56	62	9.076117e-25
58	56	63	1.278372e+05
58	56	64	1.278372e+05
58	57	62	4.258802e-25
58	57	63	5.998526e+04
58	57	64	5.998526e+04
68	69	62	1.200078e-26
68	69	63	1.690311e+03
68	69	64	1.690311e+03
68	70	62	1.346270e-25
68	70	63	1.896223e+04
68	70	64	1.896223e+04
68	71	62	3.996380e-25
68	71	63	5.628903e+04
68	71	64	5.628903e+04
69	69	62	-6.049146e-27
69	69	63	-8.520226e+02
69	69	64	-8.520226e+02
69	70	62	-6.786046e-26
69	70	63	-9.558151e+03
69	70	64	-9.558151e+03
69	71	62	-2.014426e-25
69	71	63	-2.837320e+04
69	71	64	-2.837320e+04
70	69	62	1.537942e-25
70	69	63	2.166193e+04
70	69	64	2.166193e+04
70	70	62	1.725293e-24
70	70	63	2.430076e+05
70	70	64	2.430076e+05
70	71	62	5.121501e-24
70	71	63	7.213638e+05
70	71	64	7.213638e+05
