0.4546	-3.749636e+00	2
50	58	62	4.235474e-24
50	58	63	9.845325e-02
50	58	64	9.845325e-02
50	59	62	2.196265e-21
50	59	63	5.105199e+01
50	59	64	5.105199e+01
50	60	62	2.612820e-21
50	60	63	6.073477e+01
50	60	64	6.073477e+01
51	58	62	1.995028e-20
51	58	63	4.637425e+02
51	58	64	4.637425e+02
51	59	62	1.034502e-17
51	59	63	2.404692e+05
51	59	64	2.404692e+05
51	60	62	1.230711e-17
51	60	63	2.860778e+05
51	60	64	2.860778e+05
52	58	62	1.881681e-20
52	58	63	4.373951e+02
52	58	64	4.373951e+02
52	59	62	9.757274e-18
52	59	63	2.268070e+05
52	59	64	2.268070e+05
52	60	62	1.160789e-17
52	60	63	2.698244e+05
52	60	64	2.698244e+05
74	66	62	4.541342e-24
74	66	63	9.845325e-02
74	66	64	9.845325e-02
74	67	62	2.787882e-21
74	67	63	6.043941e+01
74	67	64	6.043941e+01
74	68	62	2.368494e-21
74	68	63	5.134735e+01
74	68	64	5.134735e+01
75	66	62	2.016205e-20
75	66	63	4.370997e+02
75	66	64	4.370997e+02
75	67	62	1.237727e-17
75	67	63	2.683309e+05
75	67	64	2.683309e+05
75	68	62	1.051533e-17
75	68	63	2.279652e+05
75	68	64	2.279652e+05
76	66	62	2.140462e-20
76	66	63	4.640378e+02
76	66	64	4.640378e+02
76	67	62	1.314007e-17
76	67	63	2.848679e+05
76	67	64	2.848679e+05
76	68	62	1.116338e-17
76	68	63	2.420145e+05
76	68	64	2.420145e+05
