0.4433	-3.746715e+00	2
50	60	62	4.490308e-19
50	60	63	1.139659e+04
50	60	64	1.139659e+04
50	61	62	3.710732e-18
50	61	63	9.417990e+04
50	61	64	9.417990e+04
50	62	62	8.258548e-19
50	62	63	2.096053e+04
50	62	64	2.096053e+04
51	60	62	2.725813e-18
51	60	63	6.918225e+04
51	60	64	6.918225e+04
51	61	62	2.252576e-17
51	61	63	5.717131e+05
51	61	64	5.717131e+05
51	62	62	5.013299e-18
51	62	63	1.272396e+05
51	62	64	1.272396e+05
52	60	62	4.596146e-19
52	60	63	1.166521e+04
52	60	64	1.166521e+04
52	61	62	3.798195e-18
52	61	63	9.639975e+04
52	61	64	9.639975e+04
52	62	62	8.453204e-19
52	62	63	2.145458e+04
52	62	64	2.145458e+04
74	64	62	4.622470e-19
74	64	63	1.139659e+04
74	64	64	1.139659e+04
74	65	62	-5.365791e-19
74	65	63	-1.322923e+04
74	65	64	-1.322923e+04
74	66	62	5.206690e-18
74	66	63	1.283697e+05
74	66	64	1.283697e+05
75	64	62	-9.135987e-19
75	64	63	-2.252455e+04
75	64	64	-2.252455e+04
75	65	62	1.060511e-18
75	65	63	2.614663e+04
75	65	64	2.614663e+04
75	66	62	-1.029066e-17
75	66	63	-2.537136e+05
75	66	64	-2.537136e+05
76	64	62	4.192782e-18
76	64	63	1.033720e+05
76	64	64	1.033720e+05
76	65	62	-4.867006e-18
76	65	63	-1.199948e+05
76	65	64	-1.199948e+05
76	66	62	4.722695e-17
76	66	63	1.164369e+06
76	66	64	1.164369e+06
