0.0908	-3.802208e+00	2
61	68	62	7.770110e-25
61	68	63	8.156749e+02
61	68	64	8.156749e+02
61	69	62	2.603029e-23
61	69	63	2.732556e+04
61	69	64	2.732556e+04
61	70	62	5.024683e-23
61	70	63	5.274710e+04
61	70	64	5.274710e+04
62	68	62	-5.449624e-25
62	68	63	-5.720797e+02
62	68	64	-5.720797e+02
62	69	62	-1.825654e-23
62	69	63	-1.916498e+04
62	69	64	-1.916498e+04
62	70	62	-3.524099e-23
62	70	63	-3.699457e+04
62	70	64	-3.699457e+04
63	56	62	5.791087e-27
63	56	63	8.156749e+02
63	56	64	8.156749e+02
63	57	62	3.571179e-25
63	57	63	5.030008e+04
63	57	64	5.030008e+04
63	58	62	2.113778e-25
63	58	63	2.977258e+04
63	58	64	2.977258e+04
63	68	62	9.606305e-24
63	68	63	1.008431e+04
63	68	64	1.008431e+04
63	69	62	3.218165e-22
63	69	63	3.378300e+05
63	69	64	3.378300e+05
63	70	62	6.212092e-22
63	70	63	6.521205e+05
63	70	64	6.521205e+05
64	56	62	5.422283e-26
64	56	63	7.637289e+03
64	56	64	7.637289e+03
64	57	62	3.343749e-24
64	57	63	4.709673e+05
64	57	64	4.709673e+05
64	58	62	1.979163e-24
64	58	63	2.787652e+05
64	58	64	2.787652e+05
65	56	62	1.331164e-26
65	56	63	1.874945e+03
65	56	64	1.874945e+03
65	57	62	8.208864e-25
65	57	63	1.156219e+05
65	57	64	1.156219e+05
65	58	62	4.858821e-25
65	58	63	6.843652e+04
65	58	64	6.843652e+04
