0.3127	-3.804205e+00	2
61	68	62	3.640029e-22
61	68	63	3.972296e+01
61	68	64	3.972296e+01
61	69	62	6.652789e-20
61	69	63	7.260064e+03
61	69	64	7.260064e+03
61	70	62	8.892085e-20
61	70	63	9.703765e+03
61	70	64	9.703765e+03
62	68	62	1.422988e-20
62	68	63	1.552881e+03
62	68	64	1.552881e+03
62	69	62	2.600760e-18
62	69	63	2.838161e+05
62	69	64	2.838161e+05
62	70	62	3.476163e-18
62	70	63	3.793471e+05
62	70	64	3.793471e+05
63	56	62	3.673749e-22
63	56	63	3.972296e+01
63	56	64	3.972296e+01
63	57	62	8.864245e-20
63	57	63	9.584596e+03
63	57	64	9.584596e+03
63	58	62	6.824631e-20
63	58	63	7.379233e+03
63	58	64	7.379233e+03
63	68	62	7.331455e-21
63	68	63	8.000679e+02
63	68	64	8.000679e+02
63	69	62	1.339951e-18
63	69	63	1.462264e+05
63	69	64	1.462264e+05
63	70	62	1.790972e-18
63	70	63	1.954455e+05
63	70	64	1.954455e+05
64	56	62	6.297246e-21
64	56	63	6.808990e+02
64	56	64	6.808990e+02
64	57	62	1.519438e-18
64	57	63	1.642915e+05
64	57	64	1.642915e+05
64	58	62	1.169823e-18
64	58	63	1.264889e+05
64	58	64	1.264889e+05
65	56	62	1.546383e-20
65	56	63	1.672049e+03
65	56	64	1.672049e+03
65	57	62	3.731207e-18
65	57	63	4.034423e+05
65	57	64	4.034423e+05
65	58	62	2.872677e-18
65	58	63	3.106124e+05
65	58	64	3.106124e+05
