0.1873	-3.762881e+00	2
51	66	62	4.572292e-21
51	66	63	3.363330e+03
51	66	64	3.363330e+03
51	67	62	3.507400e-20
51	67	63	2.580006e+04
51	67	64	2.580006e+04
51	68	62	7.335770e-21
51	68	63	5.396115e+03
51	68	64	5.396115e+03
52	66	62	9.380778e-20
52	66	63	6.900401e+04
52	66	64	6.900401e+04
52	67	62	7.195983e-19
52	67	63	5.293289e+05
52	67	64	5.293289e+05
52	68	62	1.505049e-19
52	68	63	1.107098e+05
52	68	64	1.107098e+05
53	66	62	3.712252e-20
53	66	63	2.730694e+04
53	66	64	2.730694e+04
53	67	62	2.847664e-19
53	67	63	2.094712e+05
53	67	64	2.094712e+05
53	68	62	5.955925e-20
53	68	63	4.381116e+04
53	68	64	4.381116e+04
73	58	62	4.516734e-21
73	58	63	3.363330e+03
73	58	64	3.363330e+03
73	59	62	-6.303570e-21
73	59	63	-4.693875e+03
73	59	64	-4.693875e+03
73	60	62	4.819801e-20
73	60	63	3.589005e+04
73	60	64	3.589005e+04
74	58	62	2.312124e-20
74	58	63	1.721695e+04
74	58	64	1.721695e+04
74	59	62	-3.226809e-20
74	59	63	-2.402803e+04
74	59	64	-2.402803e+04
74	60	62	2.467265e-19
74	60	63	1.837218e+05
74	60	64	1.837218e+05
75	58	62	1.062181e-19
75	58	63	7.909400e+04
75	58	64	7.909400e+04
75	59	62	-1.482384e-19
75	59	63	-1.103839e+05
75	59	64	-1.103839e+05
75	60	62	1.133452e-18
75	60	63	8.440111e+05
75	60	64	8.440111e+05
