0.1362	-3.803847e+00	2
60	69	62	1.342943e-21
60	69	63	4.756547e+03
60	69	64	4.756547e+03
60	70	62	2.455048e-20
60	70	63	8.695493e+04
60	70	64	8.695493e+04
60	71	62	9.170321e-21
60	71	63	3.248020e+04
60	71	64	3.248020e+04
61	69	62	-2.602377e-21
61	69	63	-9.217312e+03
61	69	64	-9.217312e+03
61	70	62	-4.757432e-20
61	70	63	-1.685026e+05
61	70	64	-1.685026e+05
61	71	62	-1.777039e-20
61	71	63	-6.294065e+04
61	71	64	-6.294065e+04
62	69	62	1.233450e-20
62	69	63	4.368735e+04
62	69	64	4.368735e+04
62	70	62	2.254883e-19
62	70	63	7.986529e+05
62	70	64	7.986529e+05
62	71	62	8.422644e-20
62	71	63	2.983201e+05
62	71	64	2.983201e+05
64	55	62	1.307267e-21
64	55	63	4.756547e+03
64	55	64	4.756547e+03
64	56	62	5.004903e-21
64	56	63	1.821056e+04
64	56	64	1.821056e+04
64	57	62	2.782008e-20
64	57	63	1.012246e+05
64	57	64	1.012246e+05
65	55	62	8.085023e-21
65	55	63	2.941771e+04
65	55	64	2.941771e+04
65	56	62	3.095371e-20
65	56	63	1.126264e+05
65	56	64	1.126264e+05
65	57	62	1.720582e-19
65	57	63	6.260413e+05
65	57	64	6.260413e+05
66	55	62	1.388558e-21
66	55	63	5.052329e+03
66	55	64	5.052329e+03
66	56	62	5.316129e-21
66	56	63	1.934297e+04
66	56	64	1.934297e+04
66	57	62	2.955005e-20
66	57	63	1.075191e+05
66	57	64	1.075191e+05
