0.0851	-1.925867e+00	2
59	53	53	1.399580e+00
59	53	54	1.300414e+02
59	53	55	1.946661e+02
59	54	53	1.300414e+02
59	54	54	1.208274e+04
59	54	55	1.808732e+04
59	55	53	1.946661e+02
59	55	54	1.808732e+04
59	55	55	2.707591e+04
60	53	53	2.634258e+01
60	53	54	2.447610e+03
60	53	55	3.663963e+03
60	54	53	2.447610e+03
60	54	54	2.274187e+05
60	54	55	3.404356e+05
60	55	53	3.663963e+03
60	55	54	3.404356e+05
60	55	55	5.096169e+05
61	53	53	9.987773e+00
61	53	54	9.280097e+02
61	53	55	1.389189e+03
61	54	53	9.280097e+02
61	54	54	8.622563e+04
61	54	55	1.290759e+05
61	55	53	1.389189e+03
61	55	54	1.290759e+05
61	55	55	1.932209e+05
65	71	71	1.399580e+00
65	71	72	1.904674e+02
65	71	73	1.342401e+02
65	72	71	1.904674e+02
65	72	72	2.592051e+04
65	72	73	1.826860e+04
65	73	71	1.342401e+02
65	73	72	1.826860e+04
65	73	73	1.287558e+04
66	71	71	5.789034e+00
66	71	72	7.878237e+02
66	71	73	5.552528e+02
66	72	71	7.878237e+02
66	72	72	1.072141e+05
66	72	73	7.556378e+04
66	73	71	5.552528e+02
66	73	72	7.556378e+04
66	73	73	5.325684e+04
67	71	71	3.054132e+01
67	71	72	4.156337e+03
67	71	73	2.929358e+03
67	72	71	4.156337e+03
67	72	72	5.656317e+05
67	72	73	3.986533e+05
67	73	71	2.929358e+03
67	73	72	3.986533e+05
67	73	73	2.809682e+05
