0.0155	-4.532866e+06	767
8	6	117	3.874521e-02
8	6	118	4.032104e-01
8	6	119	1.069617e-01
8	7	117	2.416441e+02
8	7	118	2.514722e+03
8	7	119	6.670933e+02
8	8	117	2.541576e+02
8	8	118	2.644946e+03
8	8	119	7.016385e+02
9	6	117	6.507137e+00
9	6	118	6.771793e+01
9	6	119	1.796388e+01
9	7	117	4.058338e+04
9	7	118	4.223397e+05
9	7	119	1.120362e+05
9	8	117	4.268498e+04
9	8	118	4.442105e+05
9	8	119	1.178380e+05
10	6	117	4.752031e+00
10	6	118	4.945304e+01
10	6	119	1.311866e+01
10	7	117	2.963722e+04
10	7	118	3.084262e+05
10	7	119	8.181780e+04
10	8	117	3.117198e+04
10	8	118	3.243980e+05
10	8	119	8.605472e+04
35	66	66	1.905022e+01
35	66	67	2.528573e+02
35	66	68	6.936035e+02
35	67	66	1.941794e+02
35	67	67	2.577381e+03
35	67	68	7.069918e+03
35	68	66	6.043093e+02
35	68	67	8.021115e+03
35	68	68	2.200243e+04
35	70	34	8.334011e-03
35	70	35	3.854351e+01
35	70	36	3.633406e+01
35	71	34	9.257522e-01
35	71	35	4.281461e+03
35	71	36	4.036032e+03
35	72	34	1.340149e+00
35	72	35	6.197981e+03
35	72	36	5.842690e+03
36	66	66	6.222104e+02
36	66	67	8.258721e+03
36	66	68	2.265419e+04
36	67	66	6.342206e+03
36	67	67	8.418135e+04
36	67	68	2.309148e+05
36	68	66	1.973770e+04
36	68	67	2.619824e+05
36	68	68	7.186342e+05
36	70	34	2.830213e-01
36	70	35	1.308930e+03
36	70	36	1.233897e+03
36	71	34	3.143835e+01
36	71	35	1.453975e+05
36	71	36	1.370628e+05
36	72	34	4.551117e+01
36	72	35	2.104821e+05
36	72	36	1.984165e+05
37	66	66	3.005107e+02
37	66	67	3.988737e+03
37	66	68	1.094136e+04
37	67	66	3.063113e+03
37	67	67	4.065730e+04
37	67	68	1.115255e+05
37	68	66	9.532772e+03
37	68	67	1.265304e+05
37	68	68	3.470808e+05
37	70	34	5.440244e-01
37	70	35	2.516029e+03
37	70	36	2.371801e+03
37	71	34	6.043090e+01
37	71	35	2.794836e+05
37	71	36	2.634626e+05
37	72	34	8.748171e+01
37	72	35	4.045894e+05
37	72	36	3.813969e+05
42	68	52	3.572801e-01
42	68	53	1.319579e+00
42	68	54	7.517904e+00
42	69	52	2.306195e-01
42	69	53	8.517703e-01
42	69	54	4.852706e+00
42	70	52	5.460223e+00
42	70	53	2.016679e+01
42	70	54	1.148942e+02
43	66	72	8.052568e+01
43	66	73	-1.258515e+02
43	66	74	8.239656e+02
43	67	72	6.094865e+03
43	67	73	-9.525507e+03
43	67	74	6.236469e+04
43	68	52	2.408169e+03
43	68	53	8.894330e+03
43	68	54	5.067279e+04
43	68	72	3.801283e+03
43	68	73	-5.940928e+03
43	68	74	3.889600e+04
43	69	52	1.554440e+03
43	69	53	5.741171e+03
43	69	54	3.270860e+04
43	70	52	3.680344e+04
43	70	53	1.359298e+05
43	70	54	7.744195e+05
43	75	56	3.311843e+01
43	75	57	-5.673675e+01
43	75	58	3.253699e+02
43	76	56	2.385429e+03
43	76	57	-4.086590e+03
43	76	58	2.343549e+04
43	77	56	1.469793e+03
43	77	57	-2.517972e+03
43	77	58	1.443989e+04
44	66	72	1.218633e+03
44	66	73	-1.904570e+03
44	66	74	1.246946e+04
44	67	72	9.223647e+04
44	67	73	-1.441540e+05
44	67	74	9.437943e+05
44	68	52	2.293314e+03
44	68	53	8.470126e+03
44	68	54	4.825601e+04
44	68	72	5.752662e+04
44	68	73	-8.990687e+04
44	68	74	5.886315e+05
44	69	52	1.480303e+03
44	69	53	5.467353e+03
44	69	54	3.114860e+04
44	70	52	3.504814e+04
44	70	53	1.294468e+05
44	70	54	7.374844e+05
44	75	56	1.247331e+03
44	75	57	-2.136861e+03
44	75	58	1.225432e+04
44	76	56	8.984178e+04
44	76	57	-1.539122e+05
44	76	58	8.826447e+05
44	77	56	5.535644e+04
44	77	57	-9.483374e+04
44	77	58	5.438458e+05
45	66	72	4.106896e+02
45	66	73	-6.418561e+02
45	66	74	4.202312e+03
45	67	72	3.108446e+04
45	67	73	-4.858110e+04
45	67	74	3.180666e+05
45	68	72	1.938695e+04
45	68	73	-3.029937e+04
45	68	74	1.983737e+05
45	75	56	6.344102e+02
45	75	57	-1.086838e+03
45	75	58	6.232721e+03
45	76	56	4.569480e+04
45	76	57	-7.828192e+04
45	76	58	4.489256e+05
45	77	56	2.815507e+04
45	77	57	-4.823378e+04
45	77	58	2.766077e+05
45	82	77	2.995685e+02
45	82	78	4.653262e+02
45	82	79	5.119244e+03
45	83	77	-2.593811e+02
45	83	78	-4.029023e+02
45	83	79	-4.432493e+03
45	84	77	3.588125e+03
45	84	78	5.573511e+03
45	84	79	6.131648e+04
45	88	42	1.353570e+01
45	88	43	9.182006e+00
45	88	44	2.077726e+02
45	89	42	2.088596e+02
45	89	43	1.416808e+02
45	89	44	3.205988e+03
45	90	42	7.117173e+01
45	90	43	4.827966e+01
45	90	44	1.092484e+03
46	76	55	3.072743e+00
46	76	56	1.267276e+03
46	76	57	1.038271e+03
46	77	55	4.158290e+01
46	77	56	1.714983e+04
46	77	57	1.405074e+04
46	78	55	1.130679e+02
46	78	56	4.663203e+04
46	78	57	3.820532e+04
46	82	77	1.434708e+03
46	82	78	2.228562e+03
46	82	79	2.451733e+04
46	83	77	-1.242240e+03
46	83	78	-1.929599e+03
46	83	79	-2.122831e+04
46	84	77	1.718442e+04
46	84	78	2.669292e+04
46	84	79	2.936598e+05
46	88	42	3.133631e+03
46	88	43	2.125712e+03
46	88	44	4.810113e+04
46	89	42	4.835277e+04
46	89	43	3.280032e+04
46	89	44	7.422135e+05
46	90	42	1.647686e+04
46	90	43	1.117715e+04
46	90	44	2.529193e+05
47	74	75	2.555807e+02
47	74	76	6.924597e+02
47	74	77	4.924290e+03
47	75	75	2.219626e+03
47	75	76	6.013762e+03
47	75	77	4.276568e+04
47	76	55	3.847884e+01
47	76	56	1.586964e+04
47	76	57	1.300189e+04
47	76	75	7.503277e+03
47	76	76	2.032906e+04
47	76	77	1.445661e+05
47	77	55	5.207274e+02
47	77	56	2.147610e+05
47	77	57	1.759523e+05
47	78	55	1.415908e+03
47	78	56	5.839559e+05
47	78	57	4.784312e+05
47	78	66	5.797770e+02
47	78	67	1.107333e+04
47	78	68	4.229670e+03
47	79	66	4.512210e+03
47	79	67	8.618002e+04
47	79	68	3.291810e+04
47	80	66	9.554014e+02
47	80	67	1.825877e+04
47	80	68	7.583620e+03
47	80	69	3.508117e+02
47	81	67	1.100211e+03
47	81	68	5.988461e+04
47	81	69	3.423533e+04
47	82	67	1.631411e+03
47	82	68	8.879794e+04
47	82	69	5.076474e+04
47	82	77	6.875976e+03
47	82	78	1.068060e+04
47	82	79	1.175017e+05
47	83	52	5.186989e-01
47	83	53	2.621884e+02
47	83	54	3.126046e+02
47	83	77	-5.953558e+03
47	83	78	-9.247791e+03
47	83	79	-1.017387e+05
47	84	52	2.764722e+01
47	84	53	1.397493e+04
47	84	54	1.666216e+04
47	84	77	8.235800e+04
47	84	78	1.279285e+05
47	84	79	1.407393e+06
47	85	52	1.571008e+01
47	85	53	7.941022e+03
47	85	54	9.468000e+03
47	88	42	2.399255e+03
47	88	43	1.627546e+03
47	88	44	3.682850e+04
47	89	42	3.702116e+04
47	89	43	2.511347e+04
47	89	44	5.682736e+05
47	90	42	1.261546e+04
47	90	43	8.557755e+03
47	90	44	1.936469e+05
47	92	50	1.334751e+01
47	92	51	1.788289e+02
47	92	52	4.884610e+02
47	93	50	1.897758e+02
47	93	51	2.542600e+03
47	93	52	6.944968e+03
47	94	50	6.166819e+01
47	94	51	8.262254e+02
47	94	52	2.256788e+03
48	59	57	1.074620e+00
48	59	58	5.615154e+02
48	59	59	4.704980e+02
48	60	57	3.118615e+01
48	60	58	1.629553e+04
48	60	59	1.365415e+04
48	61	57	1.438478e+01
48	61	58	7.516403e+03
48	61	59	6.298051e+03
48	72	74	2.288654e+01
48	72	75	2.876853e+03
48	72	76	4.075616e+03
48	73	65	2.200578e+01
48	73	66	9.761026e+02
48	73	67	1.735884e+03
48	73	74	4.461740e+00
48	73	75	5.608435e+02
48	73	76	7.945429e+02
48	74	65	5.461645e+01
48	74	66	2.422602e+03
48	74	67	4.308315e+03
48	74	74	3.283010e+02
48	74	75	4.297859e+04
48	74	76	6.309913e+04
48	74	77	3.296483e+04
48	75	65	4.147498e+02
48	75	66	1.839691e+04
48	75	67	3.271675e+04
48	75	75	1.485892e+04
48	75	76	4.025813e+04
48	75	77	2.862877e+05
48	76	55	1.156312e+01
48	76	56	4.768919e+03
48	76	57	3.907144e+03
48	76	60	1.099415e-01
48	76	61	1.070900e+01
48	76	62	7.072004e+00
48	76	66	3.001434e+01
48	76	67	3.237069e+03
48	76	68	2.183138e+03
48	76	69	2.099846e+01
48	76	70	7.448261e+01
48	76	71	4.363886e+02
48	76	75	5.022943e+04
48	76	76	1.360895e+05
48	76	77	9.677736e+05
48	77	55	1.564816e+02
48	77	56	6.453694e+04
48	77	57	5.287469e+04
48	77	60	8.445855e-01
48	77	61	8.226797e+01
48	77	62	5.432808e+01
48	77	66	2.146786e+02
48	77	67	2.315325e+04
48	77	68	1.561497e+04
48	77	69	-3.110095e+01
48	77	70	-1.103166e+02
48	77	71	-6.463377e+02
48	78	55	4.254887e+02
48	78	56	1.754822e+05
48	78	57	1.437714e+05
48	78	60	1.768652e-01
48	78	61	1.722779e+01
48	78	62	1.137688e+01
48	78	66	-4.161120e+02
48	78	67	-4.198609e+03
48	78	68	-2.714634e+02
48	78	69	2.194052e+02
48	78	70	7.782413e+02
48	78	71	4.559664e+03
48	78	73	1.090041e+02
48	78	74	-2.009991e+02
48	78	75	1.030831e+03
48	79	66	-3.567198e+03
48	79	67	-6.813096e+04
48	79	68	-2.602392e+04
48	79	73	1.532892e+03
48	79	74	-2.826593e+03
48	79	75	1.449627e+04
48	80	66	-7.553074e+02
48	80	67	-1.435291e+04
48	80	68	-1.540820e+03
48	80	69	2.269262e+03
48	80	73	4.096974e+03
48	80	74	-7.554658e+03
48	80	75	3.874432e+04
48	81	67	7.116826e+03
48	81	68	3.873698e+05
48	81	69	2.214547e+05
48	82	67	1.055295e+04
48	82	68	5.743986e+05
48	82	69	3.283769e+05
48	83	52	1.463820e+01
48	83	53	7.399218e+03
48	83	54	8.822013e+03
48	84	52	7.802320e+02
48	84	53	3.943863e+05
48	84	54	4.702229e+05
48	85	52	4.433540e+02
48	85	53	2.241036e+05
48	85	54	2.671964e+05
48	85	68	1.705644e+02
48	85	69	-2.071277e+02
48	85	70	1.898507e+03
48	86	68	6.641369e+02
48	86	69	-8.065058e+02
48	86	70	7.392333e+03
48	87	68	3.649421e+03
48	87	69	-4.431735e+03
48	87	70	4.062074e+04
48	89	73	3.238538e+00
48	89	74	1.323624e+01
48	89	75	7.039204e+01
48	90	73	4.115600e+01
48	90	74	1.682088e+02
48	90	75	8.945564e+02
48	91	73	1.151677e+02
48	91	74	4.707022e+02
48	91	75	2.503256e+03
48	92	50	7.532344e+02
48	92	51	1.009177e+04
48	92	52	2.756511e+04
48	93	50	1.070953e+04
48	93	51	1.434855e+05
48	93	52	3.919224e+05
48	94	50	3.480095e+03
48	94	51	4.662602e+04
48	94	52	1.273563e+05
49	59	57	3.266603e+01
49	59	58	1.706881e+04
49	59	59	1.430208e+04
49	60	57	9.479891e+02
49	60	58	4.953477e+05
49	60	59	4.150556e+05
49	61	57	4.372651e+02
49	61	58	2.284818e+05
49	61	59	1.914466e+05
49	63	60	7.271282e-04
49	63	61	1.339539e-01
49	63	62	9.924674e-02
49	64	60	7.187603e-01
49	64	61	1.324123e+02
49	64	62	9.810461e+01
49	65	60	8.154334e-01
49	65	61	1.502218e+02
49	65	62	1.112996e+02
49	66	64	1.587989e+02
49	66	65	1.713917e+03
49	66	66	4.664605e+02
49	67	64	1.056840e+03
49	67	65	1.140648e+04
49	67	66	3.104392e+03
49	68	64	1.946996e+02
49	68	65	2.101393e+03
49	68	66	5.719161e+02
49	72	74	2.977462e+01
49	72	75	3.742689e+03
49	72	76	5.302240e+03
49	73	65	5.054453e+02
49	73	66	2.241986e+04
49	73	67	3.987110e+04
49	73	74	5.804574e+00
49	73	75	7.296386e+02
49	73	76	1.033674e+03
49	74	57	1.791200e+02
49	74	58	-3.363253e+02
49	74	59	1.676560e+03
49	74	61	5.753202e+01
49	74	62	6.666710e+02
49	74	63	1.904437e+02
49	74	64	4.654183e+01
49	74	65	1.370760e+03
49	74	66	5.652277e+04
49	74	67	9.895662e+04
49	74	74	4.271086e+02
49	74	75	5.400476e+04
49	74	76	7.691783e+04
49	74	77	6.106333e+03
49	75	39	2.653435e-02
49	75	40	8.077285e+00
49	75	41	6.402110e+00
49	75	57	5.936428e+02
49	75	58	-1.114655e+03
49	75	59	5.556486e+03
49	75	61	1.216904e+03
49	75	62	1.410127e+04
49	75	63	4.028221e+03
49	75	64	8.001545e+02
49	75	65	1.152553e+04
49	75	66	4.376594e+05
49	75	67	7.514628e+05
49	75	70	4.276018e+02
49	75	71	3.583976e+02
49	75	72	6.702505e+03
49	75	75	2.752433e+03
49	75	76	7.457326e+03
49	75	77	5.303129e+04
49	76	39	1.737174e+00
49	76	40	5.288106e+02
49	76	41	4.191389e+02
49	76	57	3.647862e+03
49	76	58	-6.849419e+03
49	76	59	3.414392e+04
49	76	60	6.277668e+02
49	76	61	6.391783e+04
49	76	62	7.221713e+04
49	76	63	9.274870e+03
49	76	64	2.893917e+02
49	76	65	7.230658e+02
49	76	66	5.727007e+03
49	76	67	2.845289e+04
49	76	68	1.918914e+04
49	76	69	4.598462e+03
49	76	70	2.232117e+04
49	76	71	1.006024e+05
49	76	72	9.420762e+04
49	76	75	9.304388e+03
49	76	76	2.520892e+04
49	76	77	1.792682e+05
49	77	39	2.801158e+00
49	77	40	8.526965e+02
49	77	41	6.758530e+02
49	77	60	4.822589e+03
49	77	61	4.698929e+05
49	77	62	3.099313e+05
49	77	63	1.285813e+03
49	77	66	1.886962e+03
49	77	67	2.035103e+05
49	77	68	1.372510e+05
49	77	69	-6.810809e+03
49	77	70	-2.221859e+04
49	77	71	-1.399160e+05
49	77	72	3.040404e+04
49	78	60	1.009901e+03
49	78	61	9.888877e+04
49	78	62	6.393333e+04
49	78	63	4.683528e+03
49	78	66	7.418522e+03
49	78	67	1.746397e+05
49	78	68	7.841729e+04
49	78	69	4.804764e+04
49	78	70	1.704274e+05
49	78	71	9.985228e+05
49	78	73	3.033026e+03
49	78	74	-5.592779e+03
49	78	75	2.868276e+04
49	79	66	5.484636e+04
49	79	67	1.047527e+06
49	79	68	4.001229e+05
49	79	70	5.061680e+01
49	79	71	3.915858e+02
49	79	72	8.249401e+01
49	79	73	4.265257e+04
49	79	74	-7.864964e+04
49	79	75	4.033573e+05
49	80	66	1.161300e+04
49	80	67	2.218132e+05
49	80	68	8.543271e+04
49	80	69	4.069995e+02
49	80	70	1.124121e+03
49	80	71	8.696514e+03
49	80	72	1.849862e+03
49	80	73	1.143578e+05
49	80	74	-2.100661e+05
49	80	75	1.078056e+06
49	81	67	1.276426e+03
49	81	68	6.947603e+04
49	81	69	3.971863e+04
49	81	70	2.494986e+03
49	81	71	1.930191e+04
49	81	72	6.196374e+03
49	81	73	4.307760e+04
49	81	74	1.692801e+04
49	82	67	1.892706e+03
49	82	68	1.030203e+05
49	82	69	5.889547e+04
49	82	72	1.466163e+03
49	82	73	2.965052e+04
49	82	74	1.165163e+04
49	83	52	6.676017e+00
49	83	53	3.374547e+03
49	83	54	4.023438e+03
49	84	52	3.558389e+02
49	84	53	1.798670e+05
49	84	54	2.144536e+05
49	85	52	2.021996e+02
49	85	53	1.022065e+05
49	85	54	1.218598e+05
49	85	68	4.787985e+03
49	85	69	-5.814369e+03
49	85	70	5.329379e+04
49	86	68	1.864327e+04
49	86	69	-2.263977e+04
49	86	70	2.075133e+05
49	87	68	1.024444e+05
49	87	69	-1.244051e+05
49	87	70	1.140282e+06
49	89	73	8.687076e+02
49	89	74	3.550497e+03
49	89	75	1.888201e+04
49	90	73	1.103971e+04
49	90	74	4.512044e+04
49	90	75	2.399564e+05
49	91	73	3.089266e+04
49	91	74	1.262615e+05
49	91	75	6.714751e+05
49	92	50	1.258264e+03
49	92	51	1.685812e+04
49	92	52	4.604701e+04
49	93	50	1.789008e+04
49	93	51	2.396898e+05
49	93	52	6.546992e+05
49	94	50	5.813435e+03
49	94	51	7.788792e+04
49	94	52	2.127464e+05
50	59	57	1.534712e+01
50	59	58	8.019248e+03
50	59	59	6.719389e+03
50	60	57	4.453832e+02
50	60	58	2.327237e+05
50	60	59	1.950009e+05
50	61	57	2.054354e+02
50	61	58	1.073451e+05
50	61	59	8.994523e+04
50	63	60	1.440434e+00
50	63	61	2.653614e+02
50	63	62	1.966069e+02
50	64	60	1.423857e+03
50	64	61	2.623076e+05
50	64	62	1.943443e+05
50	65	60	1.615366e+03
50	65	61	2.975879e+05
50	65	62	2.204836e+05
50	66	61	2.086954e+00
50	66	62	1.199165e+01
50	66	63	5.128786e+01
50	66	64	9.741077e+03
50	66	65	1.052083e+05
50	66	66	2.984615e+04
50	66	67	3.043000e+03
50	66	78	2.026977e+02
50	66	79	-7.021667e+01
50	66	80	2.669433e+03
50	67	61	1.847714e+03
50	67	62	1.061698e+04
50	67	63	4.540843e+04
50	67	64	6.482891e+04
50	67	65	7.002638e+05
50	67	66	1.999954e+05
50	67	67	2.361726e+04
50	67	78	1.835211e+03
50	67	79	-6.357367e+02
50	67	80	2.416885e+04
50	68	61	2.111133e+03
50	68	62	1.213058e+04
50	68	63	5.188207e+04
50	68	64	1.194330e+04
50	68	65	1.309355e+05
50	68	66	6.944636e+04
50	68	67	8.484757e+04
50	68	78	6.069061e+03
50	68	79	-2.102388e+03
50	68	80	7.992665e+04
50	70	62	2.016192e+01
50	70	63	1.502892e+02
50	70	64	3.066595e+01
50	71	62	-3.771944e+01
50	71	63	-2.811648e+02
50	71	64	-5.737065e+01
50	72	62	1.891124e+02
50	72	63	1.409665e+03
50	72	64	2.876368e+02
50	72	65	8.044215e+02
50	72	66	7.126274e+03
50	72	67	1.828430e+04
50	72	68	3.783147e+01
50	72	74	3.798359e+02
50	72	75	4.774562e+04
50	72	76	6.764086e+04
50	73	63	1.127466e+02
50	73	64	7.282678e+02
50	73	65	5.926519e+03
50	73	66	-3.622864e+03
50	73	67	6.277309e+04
50	73	68	2.917553e+04
50	73	69	2.384663e+03
50	73	74	7.404915e+01
50	73	75	9.308026e+03
50	73	76	1.318661e+04
50	74	57	6.406468e+03
50	74	58	-1.202913e+04
50	74	59	5.996443e+04
50	74	61	1.266101e+03
50	74	62	1.467136e+04
50	74	63	6.878636e+03
50	74	64	2.064120e+04
50	74	65	9.493625e+04
50	74	66	1.742763e+05
50	74	67	4.284712e+05
50	74	68	4.066843e+04
50	74	69	1.596192e+04
50	74	74	5.448640e+03
50	74	75	6.848975e+05
50	74	76	9.702892e+05
50	75	39	9.761753e+00
50	75	40	2.971562e+03
50	75	41	2.355280e+03
50	75	57	2.123243e+04
50	75	58	-3.986715e+04
50	75	59	1.987352e+05
50	75	61	2.678029e+04
50	75	62	3.103253e+05
50	75	63	8.978912e+04
50	75	64	6.733283e+04
50	75	65	1.986074e+05
50	75	66	1.132689e+06
50	75	67	3.721262e+05
50	75	68	1.181042e+04
50	75	69	6.144785e+04
50	75	70	-7.580089e+01
50	75	71	-8.929077e+01
50	75	72	-2.033380e+03
50	76	39	6.390908e+02
50	76	40	1.945447e+05
50	76	41	1.541975e+05
50	76	57	1.304707e+05
50	76	58	-2.449787e+05
50	76	59	1.221203e+06
50	76	60	5.952970e+02
50	76	61	1.214831e+05
50	76	62	7.338340e+05
50	76	63	2.271884e+05
50	76	64	2.404696e+04
50	76	65	7.520678e+04
50	76	66	3.324855e+05
50	76	67	9.557177e+04
50	76	68	6.445531e+04
50	76	69	5.702001e+03
50	76	70	4.829823e+04
50	76	71	8.468421e+04
50	76	72	-2.858034e+04
50	77	39	1.030521e+03
50	77	40	3.136995e+05
50	77	41	2.486404e+05
50	77	60	4.573151e+03
50	77	61	4.679056e+05
50	77	62	2.495791e+05
50	77	63	2.030047e+05
50	77	66	6.338207e+03
50	77	67	6.835804e+05
50	77	68	4.610189e+05
50	77	69	-3.213231e+03
50	77	70	1.386693e+04
50	77	71	-9.628895e+04
50	77	72	-9.223861e+03
50	78	60	9.576665e+02
50	78	61	1.750622e+05
50	78	62	-1.008135e+05
50	78	63	7.394371e+05
50	78	64	2.192070e+03
50	78	65	-2.322497e+03
50	78	66	2.652512e+04
50	78	67	1.344643e+05
50	78	68	9.120942e+04
50	78	69	4.759874e+04
50	78	70	2.003209e+05
50	78	71	7.712441e+05
50	78	73	1.375285e+03
50	78	74	-2.535971e+03
50	78	75	1.300581e+04
50	79	64	1.350431e+04
50	79	65	-1.430781e+04
50	79	66	1.611601e+05
50	79	67	-4.852705e+03
50	79	68	6.833877e+04
50	79	69	1.501510e+04
50	79	70	9.662041e+04
50	79	71	2.268285e+04
50	79	72	1.199963e+03
50	79	73	1.934024e+04
50	79	74	-3.566262e+04
50	79	75	1.828970e+05
50	80	64	2.310402e+03
50	80	65	-2.447870e+03
50	80	66	3.455003e+04
50	80	67	-6.780372e+03
50	80	68	9.548537e+04
50	80	70	1.635153e+04
50	80	71	1.265001e+05
50	80	72	2.689758e+04
50	80	73	5.671132e+04
50	80	74	-9.334291e+04
50	80	75	4.888302e+05
50	81	58	1.606252e+02
50	81	59	1.176816e+03
50	81	60	2.365272e+02
50	81	70	3.629223e+04
50	81	71	2.807669e+05
50	81	72	8.886070e+04
50	81	73	6.008827e+05
50	81	74	2.361262e+05
50	82	58	3.538548e+02
50	82	59	2.592508e+03
50	82	60	5.210658e+02
50	82	72	2.045128e+04
50	82	73	4.135905e+05
50	82	74	1.625268e+05
50	83	58	2.943779e+03
50	83	59	2.156752e+04
50	83	60	4.334836e+03
50	85	68	2.178913e+03
50	85	69	-2.645999e+03
50	85	70	2.425291e+04
50	86	68	8.484166e+03
50	86	69	-1.030289e+04
50	86	70	9.443502e+04
50	87	68	4.662035e+04
50	87	69	-5.661420e+04
50	87	70	5.189188e+05
50	89	73	6.780304e+02
50	89	74	2.771180e+03
50	89	75	1.473750e+04
50	90	73	8.616548e+03
50	90	74	3.521672e+04
50	90	75	1.872871e+05
50	91	73	2.411187e+04
50	91	74	9.854769e+04
50	91	75	5.240895e+05
51	63	60	1.575075e+00
51	63	61	2.901654e+02
51	63	62	2.149842e+02
51	64	60	1.556949e+03
51	64	61	2.868261e+05
51	64	62	2.125101e+05
51	65	60	1.766358e+03
51	65	61	3.254042e+05
51	65	62	2.410927e+05
51	66	61	1.062256e+00
51	66	62	6.103733e+00
51	66	63	2.610545e+01
51	66	64	5.757536e+03
51	66	65	6.283311e+04
51	66	66	2.861844e+04
51	66	67	2.890350e+04
51	66	78	2.215685e+02
51	66	79	-7.675372e+01
51	66	80	2.917952e+03
51	67	61	9.404837e+02
51	67	62	5.404026e+03
51	67	63	2.311283e+04
51	67	64	3.831761e+04
51	67	65	4.189329e+05
51	67	66	2.034082e+05
51	67	67	2.243251e+05
51	67	78	2.006066e+03
51	67	79	-6.949227e+02
51	67	80	2.641893e+04
51	68	61	1.074564e+03
51	68	62	6.174450e+03
51	68	63	2.640790e+04
51	68	64	7.059178e+03
51	68	65	9.548539e+04
51	68	66	3.471352e+05
51	68	67	8.059124e+05
51	68	78	6.634080e+03
51	68	79	-2.298117e+03
51	68	80	8.736769e+04
51	70	62	1.301299e+04
51	70	63	9.700028e+04
51	70	64	1.979255e+04
51	71	62	-2.434504e+04
51	71	63	-1.814696e+05
51	71	64	-3.696007e+04
51	71	65	1.076782e+02
51	72	62	1.220577e+05
51	72	63	9.098425e+05
51	72	64	1.863970e+05
51	72	65	7.534710e+03
51	72	66	-2.069084e+04
51	72	67	4.855786e+04
51	72	68	5.726405e+02
51	73	60	3.061154e+01
51	73	61	6.812776e+01
51	73	62	5.623977e+02
51	73	63	1.479394e+03
51	73	64	1.019793e+04
51	73	65	6.707436e+04
51	73	66	6.104464e+02
51	73	67	6.277074e+05
51	73	68	4.435269e+05
51	73	69	4.112278e+04
51	73	70	3.877232e+01
51	74	57	3.199316e+03
51	74	58	-6.007205e+03
51	74	59	2.994553e+04
51	74	60	1.248056e+03
51	74	61	3.295647e+03
51	74	62	2.919257e+04
51	74	63	1.075722e+05
51	74	64	3.025964e+05
51	74	65	1.085179e+06
51	74	66	-8.174989e+04
51	74	67	1.720818e+06
51	74	68	8.276739e+05
51	74	69	3.570299e+05
51	74	70	2.874868e+03
51	74	71	1.609370e+02
51	74	72	7.587248e+01
51	75	39	1.199154e+01
51	75	40	3.650329e+03
51	75	41	2.893276e+03
51	75	57	1.060323e+04
51	75	58	-1.990919e+04
51	75	59	9.924603e+04
51	75	60	6.528511e+02
51	75	61	1.241744e+04
51	75	62	1.410686e+05
51	75	63	2.081955e+05
51	75	64	3.364900e+05
51	75	65	8.273256e+05
51	75	66	4.958369e+05
51	75	67	2.929749e+05
51	75	68	3.867996e+05
51	75	69	1.131920e+06
51	75	70	3.652018e+04
51	75	71	4.621157e+03
51	75	72	8.883009e+04
51	75	73	1.362007e+00
51	75	74	3.525329e+01
51	75	75	1.550788e+01
51	76	39	7.850727e+02
51	76	40	2.389829e+05
51	76	41	1.894195e+05
51	76	57	6.515554e+04
51	76	58	-1.223395e+05
51	76	59	6.098546e+05
51	76	60	4.277909e+01
51	76	61	2.942271e+04
51	76	62	2.795712e+05
51	76	63	1.407928e+05
51	76	64	2.443341e+04
51	76	65	1.749350e+05
51	76	66	3.163772e+05
51	76	67	2.397997e+05
51	76	68	2.103115e+04
51	76	69	7.519632e+04
51	76	70	1.733334e+05
51	76	71	9.413303e+04
51	76	72	1.250556e+06
51	76	73	1.945650e+01
51	76	74	5.035991e+02
51	76	75	2.215327e+02
51	77	39	1.265914e+03
51	77	40	3.853551e+05
51	77	41	3.054351e+05
51	77	60	2.616283e+01
51	77	61	3.103265e+04
51	77	62	-3.321444e+04
51	77	63	2.355583e+05
51	77	64	2.696040e+05
51	77	65	1.063462e+04
51	77	66	1.216627e+04
51	77	67	6.602752e+04
51	77	68	2.210280e+04
51	77	69	3.435399e+03
51	77	70	8.563143e+04
51	77	71	4.329082e+04
51	77	72	4.033152e+05
51	77	73	6.340134e+00
51	77	74	1.641038e+02
51	77	75	7.218908e+01
51	78	61	1.116855e+05
51	78	62	-2.092672e+05
51	78	63	9.930563e+05
51	78	64	1.519499e+05
51	78	65	-1.379608e+04
51	78	66	2.201066e+05
51	78	67	2.008273e+05
51	78	68	4.961525e+04
51	78	69	-1.877138e+04
51	78	70	-1.198712e+05
51	78	71	-2.123636e+04
51	79	62	8.780386e+02
51	79	63	-1.153268e+03
51	79	64	1.097990e+05
51	79	65	-1.055576e+05
51	79	66	1.154730e+06
51	79	67	2.403253e+04
51	79	68	-5.100548e+04
51	79	69	-2.541233e+04
51	79	70	-1.603406e+05
51	79	71	-1.375113e+04
51	79	72	3.159626e+03
51	80	64	1.715052e+04
51	80	65	-1.817097e+04
51	80	66	1.910417e+05
51	80	67	5.461744e+03
51	80	68	-7.691564e+04
51	80	70	4.305526e+04
51	80	71	3.330876e+05
51	80	72	7.025015e+04
51	80	73	1.612908e+03
51	80	74	6.338170e+02
51	81	58	6.299462e+03
51	81	59	4.615284e+04
51	81	60	9.276217e+03
51	81	70	9.556114e+04
51	81	71	7.392879e+05
51	81	72	1.652887e+05
51	81	73	1.930417e+05
51	81	74	7.585872e+04
51	82	58	1.387762e+04
51	82	59	1.016740e+05
51	82	60	2.043536e+04
51	82	72	6.570249e+03
51	82	73	1.328715e+05
51	82	74	5.221392e+04
51	83	58	1.154503e+05
51	83	59	8.458434e+05
51	83	60	1.700053e+05
52	66	61	3.130833e+01
52	66	62	1.798979e+02
52	66	63	7.694167e+02
52	66	65	1.717362e+02
52	66	66	2.905030e+03
52	66	67	7.172809e+03
52	66	78	3.280797e+03
52	66	79	-1.136503e+03
52	66	80	4.320654e+04
52	67	61	2.771927e+04
52	67	62	1.592751e+05
52	67	63	6.812139e+05
52	67	65	1.332875e+03
52	67	66	2.254645e+04
52	67	67	5.566943e+04
52	67	78	2.970410e+04
52	67	79	-1.028982e+04
52	67	80	3.911889e+05
52	68	61	3.167106e+04
52	68	62	1.819821e+05
52	68	63	7.783311e+05
52	68	64	1.605123e+00
52	68	65	4.823771e+03
52	68	66	8.101500e+04
52	68	67	1.999985e+05
52	68	78	9.823176e+04
52	68	79	-3.402854e+04
52	68	80	1.293666e+06
52	69	64	2.721387e+01
52	69	65	6.300488e+02
52	69	66	4.254788e+02
52	69	67	7.815472e+02
52	70	62	1.112443e+04
52	70	63	8.309014e+04
52	70	64	1.786393e+04
52	70	65	2.030315e+03
52	70	66	3.741706e+03
52	70	67	1.355570e+04
52	70	68	2.250390e+03
52	70	69	-2.257321e+03
52	70	70	2.621573e+04
52	71	60	1.027678e+01
52	71	61	3.769320e+02
52	71	62	-1.974470e+04
52	71	63	-1.471509e+05
52	71	64	1.324552e+04
52	71	65	4.184640e+04
52	71	66	1.553145e+03
52	71	67	5.353972e+03
52	71	68	1.460301e+04
52	71	69	-1.401405e+04
52	71	70	1.692541e+05
52	72	58	2.766370e+01
52	72	59	1.734288e+02
52	72	60	2.405219e+02
52	72	61	7.085482e+03
52	72	62	1.191994e+05
52	72	63	7.969728e+05
52	72	64	4.625591e+05
52	72	65	4.813520e+05
52	72	66	1.642776e+05
52	72	67	1.390442e+05
52	72	68	1.065163e+04
52	72	69	4.889533e+04
52	72	70	4.367798e+04
52	72	72	7.931872e+00
52	72	73	1.518137e+02
52	72	74	3.566237e+02
52	73	58	1.070019e+03
52	73	59	6.708146e+03
52	73	60	3.652019e+03
52	73	61	2.745072e+03
52	73	62	9.451921e+04
52	73	63	8.631031e+04
52	73	64	3.565408e+05
52	73	65	5.066529e+05
52	73	66	1.824660e+05
52	73	67	2.374226e+05
52	73	68	2.963960e+05
52	73	69	1.038624e+05
52	73	70	1.848788e+04
52	73	72	5.195415e+01
52	73	73	9.943870e+02
52	73	74	2.335902e+03
52	74	58	5.492812e+02
52	74	59	3.883273e+03
52	74	60	1.381974e+04
52	74	61	5.421217e+04
52	74	62	2.991656e+05
52	74	63	2.810515e+05
52	74	64	1.065957e+06
52	74	65	2.032827e+06
52	74	66	3.769283e+06
52	74	67	4.178208e+06
52	74	68	1.342704e+06
52	74	69	6.056039e+05
52	74	70	3.271233e+05
52	74	71	6.519539e+04
52	74	72	3.074528e+04
52	74	73	1.935099e+02
52	74	74	1.305059e+03
52	74	75	1.410459e+03
52	75	59	3.798809e+03
52	75	60	3.025054e+04
52	75	61	3.733664e+04
52	75	62	3.799655e+05
52	75	63	-7.133933e+04
52	75	64	5.946099e+05
52	75	65	2.712018e+06
52	75	66	4.542444e+06
52	75	67	2.178149e+06
52	75	68	1.532824e+06
52	75	69	2.330705e+06
52	75	70	8.319941e+05
52	75	71	-6.829324e+04
52	75	72	-3.235852e+04
52	75	73	1.231572e+03
52	75	74	3.094531e+04
52	75	75	1.185964e+04
52	76	59	8.762037e+02
52	76	60	1.328216e+04
52	76	61	1.999469e+05
52	76	62	5.118263e+05
52	76	63	3.429245e+05
52	76	64	7.071488e+05
52	76	65	1.111888e+06
52	76	66	1.205989e+06
52	76	67	1.727063e+05
52	76	68	2.300871e+05
52	76	69	6.408819e+05
52	76	70	8.915954e+05
52	76	71	9.923622e+05
52	76	72	3.543506e+05
52	76	73	1.804043e+04
52	76	74	4.722868e+05
52	76	75	2.178050e+05
52	77	60	8.103227e+03
52	77	61	1.147771e+05
52	77	62	2.846209e+05
52	77	63	1.874126e+05
52	77	64	-1.036237e+05
52	77	65	3.694809e+04
52	77	66	2.108801e+04
52	77	67	6.867094e+04
52	77	68	1.596084e+05
52	77	69	6.550535e+04
52	77	70	5.774597e+05
52	77	71	2.073986e+05
52	77	73	5.836967e+03
52	77	74	1.510802e+05
52	77	75	6.645999e+04
52	78	62	7.274433e+04
52	78	63	-7.956074e+04
52	78	64	7.880614e+05
52	78	65	4.457623e+03
52	78	66	5.580887e+04
52	78	67	-3.597802e+04
52	78	68	3.191895e+05
52	78	69	1.208220e+05
52	78	70	6.998746e+05
52	78	71	1.239896e+05
52	79	62	3.694950e+04
52	79	63	-4.744867e+04
52	79	64	4.240077e+05
52	79	65	8.431518e+03
52	79	66	3.396222e+05
52	79	67	9.830267e+03
52	79	68	9.567466e+05
52	79	69	1.499157e+05
52	79	70	9.501406e+05
52	79	71	1.678547e+05
52	80	58	1.762357e+02
52	80	59	3.410621e+03
52	80	60	1.311404e+03
52	80	63	1.340521e+03
52	80	64	4.742347e+03
52	80	65	1.758371e+04
52	80	66	1.365145e+05
52	80	67	-8.217801e+04
52	80	68	1.157831e+06
52	80	69	2.355235e+04
52	80	70	4.229013e+04
52	81	58	4.282470e+03
52	81	59	4.380231e+04
52	81	60	1.247367e+04
52	81	64	6.871788e+00
52	81	65	2.241428e+01
52	81	66	1.392994e+02
52	81	68	1.903582e+02
52	81	69	8.154739e+03
52	81	70	1.464248e+04
52	82	58	1.152350e+04
52	82	59	1.369289e+05
52	82	60	4.302606e+04
52	82	64	1.030232e+01
52	82	65	3.360392e+01
52	82	66	2.088403e+02
52	82	81	4.706563e-02
52	82	82	1.211724e+00
52	82	83	5.318189e-01
52	83	58	5.954711e+04
52	83	59	4.362703e+05
52	83	60	8.768557e+04
52	83	81	3.144206e-02
52	83	82	8.094889e-01
52	83	83	3.552800e-01
52	84	81	7.214646e-01
52	84	82	1.857441e+01
52	84	83	8.152201e+00
53	63	65	3.861747e+00
53	63	66	5.085688e+02
53	63	67	3.563268e+02
53	64	65	5.691388e-01
53	64	66	7.495216e+01
53	64	67	5.251495e+01
53	65	65	5.500564e+01
53	65	66	7.243912e+03
53	65	67	5.075420e+03
53	67	63	1.788660e+01
53	67	64	4.048180e+01
53	67	65	3.430080e+02
53	67	66	-2.307445e+01
53	67	67	1.281093e+02
53	68	63	1.372281e+03
53	68	64	6.312146e+03
53	68	65	3.996926e+04
53	68	66	3.897230e+03
53	68	67	2.086484e+03
53	68	69	1.633964e+00
53	68	70	1.076051e+02
53	68	71	1.732767e+02
53	69	62	4.335978e+01
53	69	63	2.215250e+03
53	69	64	3.455258e+04
53	69	65	2.364398e+05
53	69	66	8.191584e+04
53	69	67	4.192950e+04
53	69	69	2.600694e+01
53	69	70	1.712693e+03
53	69	71	2.757954e+03
53	70	41	8.726422e-01
53	70	42	2.808221e+03
53	70	43	2.616224e+03
53	70	58	6.462494e+00
53	70	59	3.372986e+02
53	70	60	5.745811e+02
53	70	61	4.227205e+00
53	70	62	1.537953e+03
53	70	63	2.482089e+04
53	70	64	8.634871e+04
53	70	65	4.768843e+05
53	70	66	3.482892e+05
53	70	67	7.345451e+05
53	70	68	2.316427e+03
53	70	69	3.949946e+03
53	70	70	-4.076600e+04
53	70	71	7.026514e+03
53	70	72	1.022652e+01
53	71	41	8.066621e+00
53	71	42	2.595892e+04
53	71	43	2.418412e+04
53	71	58	4.873804e+01
53	71	59	2.543797e+03
53	71	60	5.488022e+03
53	71	61	5.500782e+04
53	71	62	6.995819e+04
53	71	63	2.695149e+05
53	71	64	7.161873e+05
53	71	65	1.556032e+05
53	71	66	1.300825e+05
53	71	67	2.650606e+05
53	71	68	1.113286e+04
53	71	69	2.554664e+04
53	71	70	-2.901368e+05
53	71	71	6.880396e+03
53	71	72	1.712490e+03
53	72	41	1.961166e+00
53	72	42	6.311162e+03
53	72	43	5.879670e+03
53	72	58	2.489629e+03
53	72	59	1.606928e+04
53	72	60	2.256093e+04
53	72	61	8.082453e+05
53	72	62	9.556805e+05
53	72	63	4.299949e+05
53	72	64	8.447788e+05
53	72	65	7.195805e+05
53	72	66	5.380661e+05
53	72	67	7.175150e+05
53	72	68	2.315508e+05
53	72	69	5.341347e+04
53	72	70	-3.945599e+04
53	72	71	9.313761e+03
53	72	72	3.863573e+03
53	72	73	2.957913e+04
53	72	74	6.948397e+04
53	73	58	9.590913e+04
53	73	59	6.012717e+05
53	73	60	1.296386e+05
53	73	61	3.163658e+05
53	73	62	1.341849e+06
53	73	63	6.396120e+05
53	73	64	1.058222e+06
53	73	65	3.602368e+06
53	73	66	3.937611e+06
53	73	67	1.627004e+06
53	73	68	5.049266e+05
53	73	69	1.125807e+05
53	73	70	1.985039e+04
53	73	71	1.826550e+02
53	73	72	1.031538e+04
53	73	73	1.937447e+05
53	73	74	4.551234e+05
53	74	55	9.530344e+00
53	74	56	1.442282e+02
53	74	57	4.860628e+01
53	74	58	4.924063e+04
53	74	59	3.172668e+05
53	74	60	8.185300e+04
53	74	61	6.416171e+05
53	74	62	1.575184e+06
53	74	63	1.794264e+06
53	74	64	5.163299e+06
53	74	65	7.916173e+06
53	74	66	1.043565e+07
53	74	67	6.872375e+06
53	74	68	2.031363e+06
53	74	69	8.928165e+05
53	74	70	5.298090e+05
53	74	71	6.644785e+04
53	74	72	4.082705e+04
53	74	73	3.595539e+04
53	74	74	1.361406e+05
53	74	75	8.570386e+04
53	75	55	3.094200e+01
53	75	56	4.682630e+02
53	75	57	1.578091e+02
53	75	58	9.892025e+01
53	75	59	7.687660e+04
53	75	60	2.152515e+05
53	75	61	8.221889e+05
53	75	62	2.491677e+06
53	75	63	3.034198e+06
53	75	64	6.021887e+06
53	75	65	5.848213e+06
53	75	66	1.089578e+07
53	75	67	6.803244e+06
53	75	68	2.536090e+06
53	75	69	3.084495e+06
53	75	70	1.079831e+06
53	75	71	-3.540041e+04
53	75	72	-4.589330e+03
53	75	73	7.138969e+01
53	75	74	-5.477695e+04
53	75	75	-1.306241e+05
53	76	55	1.929325e+02
53	76	56	2.919759e+03
53	76	57	9.839869e+02
53	76	58	2.614975e+02
53	76	59	3.268189e+04
53	76	60	5.703449e+04
53	76	61	5.064990e+05
53	76	62	6.269545e+05
53	76	63	1.376140e+06
53	76	64	3.920128e+06
53	76	65	4.133498e+06
53	76	66	6.524322e+06
53	76	67	6.113775e+06
53	76	68	1.874889e+06
53	76	69	7.028233e+05
53	76	70	1.325756e+06
53	76	71	6.146899e+05
53	76	72	2.897907e+05
53	76	73	2.819385e+04
53	76	74	1.054244e+06
53	76	75	1.074227e+06
53	77	60	1.739473e+04
53	77	61	1.695690e+05
53	77	62	6.448552e+05
53	77	63	-1.282878e+05
53	77	64	4.568168e+06
53	77	65	1.114163e+06
53	77	66	4.589677e+05
53	77	67	9.186743e+05
53	77	68	6.309923e+05
53	77	69	2.032705e+05
53	77	73	6.652090e+03
53	77	74	1.721783e+05
53	77	75	7.574103e+04
53	78	62	1.775332e+05
53	78	63	-3.625168e+04
53	78	64	1.901049e+06
53	78	65	2.703731e+05
53	78	66	8.898103e+05
53	78	67	3.755758e+06
53	78	68	1.242055e+06
53	78	69	7.358126e+05
53	79	62	2.141532e+04
53	79	63	3.705262e+04
53	79	64	3.747445e+05
53	79	65	7.098246e+05
53	79	66	3.371639e+05
53	79	67	1.098637e+06
53	79	68	2.830309e+05
53	79	69	1.314803e+05
53	79	70	6.206224e+03
53	80	58	-9.380700e+01
53	80	59	-1.815410e+03
53	80	60	-6.980360e+02
53	80	63	4.213880e+04
53	80	64	3.963648e+04
53	80	65	6.694236e+05
53	80	66	3.812292e+03
53	80	67	1.115646e+03
53	80	68	7.711953e+03
53	80	69	5.486462e+04
53	80	70	9.851381e+04
53	80	78	1.724632e+02
53	80	79	4.581541e+03
53	80	80	2.037777e+03
53	81	58	-5.500194e+02
53	81	59	-1.064431e+04
53	81	60	-4.092800e+03
53	81	64	1.594216e+04
53	81	65	5.199988e+04
53	81	66	3.233723e+05
53	81	67	7.460537e+02
53	81	68	4.750220e+03
53	81	69	1.915464e+04
53	81	70	3.417909e+04
53	81	78	2.289166e+03
53	81	79	6.081245e+04
53	81	80	2.704816e+04
53	82	58	-2.323771e+03
53	82	59	-4.497104e+04
53	82	60	-1.729163e+04
53	82	62	2.776779e-01
53	82	63	7.231648e-01
53	82	64	2.390609e+04
53	82	65	7.795921e+04
53	82	66	4.844979e+05
53	82	68	7.279639e+01
53	82	69	1.891272e+03
53	82	70	8.332970e+02
53	82	78	7.135251e+02
53	82	79	1.895503e+04
53	82	80	8.430815e+03
53	82	81	1.601021e+03
53	82	82	4.121895e+04
53	82	83	1.809076e+04
53	83	62	9.069186e+02
53	83	63	2.361915e+03
53	83	64	1.729831e+04
53	83	68	2.121320e+01
53	83	69	5.511252e+02
53	83	70	2.428266e+02
53	83	81	1.069557e+03
53	83	82	2.753620e+04
53	83	83	1.208548e+04
53	84	62	8.453564e+02
53	84	63	2.201587e+03
53	84	64	1.612409e+04
53	84	81	2.454190e+04
53	84	82	6.318414e+05
53	84	83	2.773116e+05
53	87	61	2.487435e+01
53	87	62	3.054669e+03
53	87	63	2.112803e+03
53	88	61	3.577435e+02
53	88	62	4.393232e+04
53	88	63	3.038639e+04
53	89	61	1.170418e+02
53	89	62	1.437320e+04
53	89	63	9.941420e+03
54	63	65	3.556715e+02
54	63	66	4.683980e+04
54	63	67	3.281813e+04
54	64	65	5.241836e+01
54	64	66	6.903184e+03
54	64	67	4.836689e+03
54	65	65	5.066085e+03
54	65	66	6.671729e+05
54	65	67	4.674522e+05
54	66	54	1.608504e+01
54	66	55	3.716635e+02
54	66	56	1.555180e+02
54	66	63	3.346879e+02
54	66	64	6.876446e+03
54	66	65	1.571543e+04
54	67	54	7.138914e+02
54	67	55	1.649529e+04
54	67	56	6.902246e+03
54	67	60	2.675065e-01
54	67	61	2.332465e+01
54	67	62	3.535922e+01
54	67	63	-3.608420e+02
54	67	64	-1.097871e+04
54	67	65	-1.807839e+04
54	67	66	-7.747595e+03
54	67	67	4.301464e+04
54	68	54	1.269371e+03
54	68	55	2.933029e+04
54	68	56	1.227289e+04
54	68	60	5.699375e+00
54	68	61	4.969447e+02
54	68	62	7.533479e+02
54	68	63	1.872604e+04
54	68	64	1.501233e+05
54	68	65	6.119281e+05
54	68	66	-1.137175e+05
54	68	67	7.006057e+05
54	68	68	-6.261853e+01
54	68	69	4.417250e+02
54	68	70	4.888200e+03
54	68	71	7.871481e+03
54	69	60	2.296621e+00
54	69	61	2.002489e+02
54	69	62	6.077045e+02
54	69	63	2.437648e+04
54	69	64	4.460303e+05
54	69	65	1.565550e+06
54	69	66	2.092120e+05
54	69	67	2.798438e+05
54	69	68	-1.764618e+04
54	69	69	1.047442e+05
54	69	70	7.780289e+04
54	69	71	1.252862e+05
54	70	41	1.822775e+01
54	70	42	5.865811e+04
54	70	43	5.464768e+04
54	70	58	8.367902e+02
54	70	59	4.367480e+04
54	70	60	7.439912e+04
54	70	61	2.634388e+02
54	70	62	7.429724e+03
54	70	63	1.010606e+05
54	70	64	3.441921e+05
54	70	65	9.740162e+05
54	70	66	4.234521e+05
54	70	67	4.522799e+05
54	70	68	3.754841e+04
54	70	69	1.118054e+05
54	70	70	4.543228e+05
54	70	71	3.197231e+05
54	70	72	5.989877e+02
54	71	41	1.684956e+02
54	71	42	5.422300e+05
54	71	43	5.051580e+05
54	71	58	6.310801e+03
54	71	59	3.293813e+05
54	71	60	5.619069e+05
54	71	61	5.501935e+04
54	71	62	1.596813e+05
54	71	63	5.655592e+05
54	71	64	5.226943e+05
54	71	65	6.651097e+05
54	71	66	9.163513e+05
54	71	67	1.243898e+06
54	71	68	1.238965e+06
54	71	69	-1.308888e+05
54	71	70	1.702193e+06
54	71	71	4.008414e+05
54	71	72	9.988749e+04
54	72	41	4.096483e+01
54	72	42	1.318275e+05
54	72	43	1.228146e+05
54	72	56	5.444343e+01
54	72	57	5.311104e+02
54	72	58	3.043454e+03
54	72	59	7.797459e+04
54	72	60	1.301542e+05
54	72	61	5.977228e+05
54	72	62	1.089433e+06
54	72	63	1.537316e+06
54	72	64	9.368812e+05
54	72	65	2.472990e+06
54	72	66	4.189366e+06
54	72	67	1.739100e+06
54	72	68	1.514286e+06
54	72	69	9.549346e+05
54	72	70	5.648406e+05
54	72	71	5.426908e+05
54	72	72	1.371520e+05
54	72	73	3.918317e+04
54	72	74	9.204470e+04
54	73	56	5.874203e+03
54	73	57	5.730443e+04
54	73	58	7.671131e+04
54	73	59	3.899757e+05
54	73	60	7.634959e+04
54	73	61	2.228643e+05
54	73	62	1.520219e+06
54	73	63	2.220518e+06
54	73	64	3.980660e+06
54	73	65	1.163202e+07
54	73	66	9.274262e+06
54	73	67	3.837711e+06
54	73	68	2.408856e+06
54	73	69	8.847196e+05
54	73	70	1.535414e+05
54	73	71	1.333543e+04
54	73	72	1.731942e+04
54	73	73	2.566517e+05
54	73	74	6.028972e+05
54	74	55	1.676421e+03
54	74	56	3.391886e+04
54	74	57	9.194406e+04
54	74	58	5.320082e+04
54	74	59	2.131741e+05
54	74	60	4.894142e+04
54	74	61	3.470523e+05
54	74	62	1.324787e+06
54	74	63	3.575537e+06
54	74	64	1.035966e+07
54	74	65	2.412473e+07
54	74	66	2.561866e+07
54	74	67	1.263384e+07
54	74	68	6.562097e+06
54	74	69	8.594442e+05
54	74	70	1.100622e+05
54	74	71	2.813081e+05
54	74	72	2.835148e+05
54	74	73	4.704743e+04
54	74	74	1.409850e+05
54	74	75	5.052599e+04
54	75	55	5.442807e+03
54	75	56	8.236912e+04
54	75	57	2.775919e+04
54	75	58	2.278769e+03
54	75	59	1.693752e+05
54	75	60	2.728151e+05
54	75	61	4.644102e+05
54	75	62	1.118417e+06
54	75	63	6.106071e+06
54	75	64	1.439471e+07
54	75	65	2.056552e+07
54	75	66	2.615835e+07
54	75	67	1.563625e+07
54	75	68	9.245552e+06
54	75	69	2.554265e+06
54	75	70	7.907726e+04
54	75	71	4.206267e+05
54	75	72	4.437968e+05
54	75	73	-8.003812e+02
54	75	74	-5.409919e+04
54	75	75	-8.660072e+04
54	76	55	3.393752e+04
54	76	56	5.135959e+05
54	76	57	1.730868e+05
54	76	58	6.023968e+03
54	76	59	3.834644e+05
54	76	60	5.788256e+05
54	76	61	4.452606e+04
54	76	62	1.363096e+05
54	76	63	2.842235e+06
54	76	64	5.925321e+06
54	76	65	1.364611e+07
54	76	66	1.518303e+07
54	76	67	8.609756e+06
54	76	68	3.563327e+06
54	76	69	1.172689e+06
54	76	70	6.906890e+05
54	76	73	4.586650e+03
54	76	74	3.100198e+05
54	76	75	4.962725e+05
54	77	60	-2.019681e+04
54	77	61	-2.611924e+04
54	77	62	1.969737e+05
54	77	63	7.723207e+05
54	77	64	1.755495e+06
54	77	65	2.906738e+06
54	77	66	1.884067e+06
54	77	67	1.695998e+06
54	77	68	2.632987e+06
54	77	69	9.497738e+05
54	77	70	6.059003e+01
54	77	71	3.575332e+01
54	78	62	5.247992e+04
54	78	63	6.124681e+05
54	78	64	5.203317e+05
54	78	65	5.734429e+05
54	78	66	1.105914e+06
54	78	67	2.195564e+06
54	78	68	1.491581e+06
54	78	69	1.081331e+06
54	78	70	1.657681e+03
54	78	71	9.781741e+02
54	79	62	-8.641110e+02
54	79	63	5.860551e+04
54	79	64	1.366504e+05
54	79	65	1.045193e+06
54	79	66	1.271588e+06
54	79	67	1.781365e+06
54	79	68	6.805909e+05
54	79	69	1.755093e+05
54	79	70	6.382541e+04
54	79	71	2.016436e+03
54	80	58	2.247236e+03
54	80	59	4.348988e+04
54	80	60	1.672211e+04
54	80	63	2.005718e+04
54	80	64	1.900966e+04
54	80	65	3.326285e+05
54	80	66	4.334744e+04
54	80	67	1.048600e+05
54	80	68	6.117135e+05
54	80	69	4.854256e+05
54	80	70	8.757414e+05
54	80	78	2.054861e+03
54	80	79	5.458806e+04
54	80	80	2.427967e+04
54	81	58	1.317624e+04
54	81	59	2.549946e+05
54	81	60	9.804692e+04
54	81	64	1.741898e+04
54	81	65	9.355483e+04
54	81	66	4.001777e+05
54	81	67	6.922133e+04
54	81	68	4.065959e+05
54	81	69	1.988112e+05
54	81	70	3.081965e+05
54	81	78	2.727492e+04
54	81	79	7.245672e+05
54	81	80	3.222729e+05
54	82	58	5.566815e+04
54	82	59	1.077324e+06
54	82	60	4.142374e+05
54	82	62	3.781055e+00
54	82	63	9.941711e+00
54	82	64	2.603280e+04
54	82	65	8.555809e+04
54	82	66	5.249990e+05
54	82	67	9.470759e+03
54	82	68	1.686051e+04
54	82	69	4.380411e+05
54	82	70	1.930016e+05
54	82	78	8.501496e+03
54	82	79	2.258450e+05
54	82	80	1.004513e+05
54	82	81	1.566626e+03
54	82	82	4.033345e+04
54	82	83	1.770212e+04
54	83	62	1.234923e+04
54	83	63	3.230498e+04
54	83	64	2.379868e+05
54	83	65	8.778434e+02
54	83	68	4.913231e+03
54	83	69	1.276472e+05
54	83	70	5.624154e+04
54	83	81	1.046580e+03
54	83	82	2.694464e+04
54	83	83	1.182585e+04
54	84	62	1.151096e+04
54	84	63	3.010775e+04
54	84	64	2.217582e+05
54	84	65	7.916512e+02
54	84	81	2.401467e+04
54	84	82	6.182676e+05
54	84	83	2.713541e+05
54	87	61	3.861417e+01
54	87	62	4.741974e+03
54	87	63	3.279850e+03
54	88	61	5.553500e+02
54	88	62	6.819919e+04
54	88	63	4.717089e+04
54	89	61	1.816921e+02
54	89	62	2.231252e+04
54	89	63	1.543275e+04
55	49	56	6.769185e-01
55	49	57	1.211264e+01
55	49	58	2.922777e+01
55	50	56	3.887491e+00
55	50	57	6.956194e+01
55	50	58	1.678528e+02
55	51	56	1.663209e+01
55	51	57	2.976111e+02
55	51	58	7.181350e+02
55	63	65	2.320649e+02
55	63	66	3.056156e+04
55	63	67	2.141284e+04
55	64	65	3.420140e+01
55	64	66	4.504120e+03
55	64	67	3.155794e+03
55	64	73	4.363100e-01
55	64	74	3.961008e+00
55	64	75	9.497657e-01
55	65	65	3.305468e+03
55	65	66	4.353103e+05
55	65	67	3.049985e+05
55	65	73	1.487531e+03
55	65	74	1.350444e+04
55	65	75	3.238079e+03
55	66	54	3.370794e+02
55	66	55	7.788609e+03
55	66	56	3.259046e+03
55	66	63	2.403468e+03
55	66	64	4.938128e+04
55	66	65	1.128560e+05
55	66	73	1.592534e+03
55	66	74	1.445770e+04
55	66	75	3.466651e+03
55	67	54	1.496036e+04
55	67	55	3.456765e+05
55	67	56	1.446440e+05
55	67	60	1.626028e+02
55	67	61	1.417780e+04
55	67	62	2.149297e+04
55	67	63	-3.404593e+03
55	67	64	-8.068088e+04
55	67	65	-1.710967e+05
55	67	66	-9.575199e+03
55	67	67	5.335985e+04
55	67	68	3.657855e+02
55	68	54	2.660104e+04
55	68	55	6.146477e+05
55	68	56	2.571917e+05
55	68	60	3.464343e+03
55	68	61	3.020659e+05
55	68	62	4.579197e+05
55	68	63	6.688393e+04
55	68	64	6.076260e+05
55	68	65	2.089355e+06
55	68	66	-1.265655e+05
55	68	67	8.708557e+05
55	68	68	3.908825e+04
55	68	69	2.709094e+03
55	68	70	8.636716e+03
55	68	71	1.390773e+04
55	69	60	1.395992e+03
55	69	61	1.217205e+05
55	69	62	1.856799e+05
55	69	63	5.125841e+04
55	69	64	2.775941e+05
55	69	65	1.334245e+06
55	69	66	1.621033e+05
55	69	67	3.892042e+05
55	69	68	-9.711679e+04
55	69	69	7.285645e+05
55	69	70	1.374660e+05
55	69	71	2.213619e+05
55	70	41	7.275967e+00
55	70	42	2.341455e+04
55	70	43	2.181371e+04
55	70	58	5.844899e+02
55	70	59	3.050643e+04
55	70	60	5.196707e+04
55	70	61	5.820041e+02
55	70	62	3.938263e+04
55	70	63	3.435704e+05
55	70	64	8.282493e+05
55	70	65	3.401739e+05
55	70	66	1.242852e+05
55	70	67	3.608155e+05
55	70	68	-7.119889e+04
55	70	69	9.238330e+05
55	70	70	3.486754e+05
55	70	71	5.659924e+05
55	70	72	1.201963e+04
55	71	41	6.725835e+01
55	71	42	2.164418e+05
55	71	43	2.016438e+05
55	71	58	4.408034e+03
55	71	59	2.300697e+05
55	71	60	3.919189e+05
55	71	61	1.911343e+04
55	71	62	2.702246e+05
55	71	63	5.431204e+05
55	71	64	4.325658e+05
55	71	65	4.726995e+05
55	71	66	9.966651e+05
55	71	67	1.104502e+06
55	71	68	5.654649e+05
55	71	69	8.099571e+03
55	71	70	4.786705e+04
55	71	71	3.945446e+05
55	71	72	5.270720e+05
55	72	41	1.635192e+01
55	72	42	5.262158e+04
55	72	43	4.902386e+04
55	72	56	4.341975e+02
55	72	57	4.235713e+03
55	72	58	1.980822e+03
55	72	59	4.742217e+04
55	72	60	8.078268e+04
55	72	61	8.994764e+04
55	72	62	8.506223e+05
55	72	63	1.842698e+06
55	72	64	1.222031e+06
55	72	65	3.421520e+06
55	72	66	5.079024e+06
55	72	67	4.663157e+06
55	72	68	1.481834e+06
55	72	69	3.076775e+05
55	72	70	1.307505e+05
55	72	71	4.303961e+05
55	72	72	3.225514e+05
55	73	56	4.684796e+04
55	73	57	4.570145e+05
55	73	58	1.156892e+05
55	73	61	2.899600e+04
55	73	62	5.632080e+05
55	73	63	1.895462e+06
55	73	64	4.713888e+06
55	73	65	1.224653e+07
55	73	66	1.283947e+07
55	73	67	7.445783e+06
55	73	68	1.962183e+06
55	73	69	1.093260e+06
55	73	70	1.368658e+05
55	73	71	7.587060e+04
55	73	72	1.538948e+03
55	74	55	2.253025e+03
55	74	56	1.022733e+05
55	74	57	6.765753e+05
55	74	58	1.684264e+05
55	74	59	4.137281e+03
55	74	60	6.740174e+03
55	74	61	1.198226e+05
55	74	62	2.613785e+06
55	74	63	4.316443e+06
55	74	64	1.390135e+07
55	74	65	2.591768e+07
55	74	66	2.470451e+07
55	74	67	1.445119e+07
55	74	68	5.136973e+06
55	74	69	3.016443e+06
55	74	70	7.100840e+05
55	74	71	2.078558e+05
55	74	72	1.106305e+05
55	75	55	7.314857e+03
55	75	56	1.106999e+05
55	75	57	3.730694e+04
55	75	58	9.522130e+02
55	75	59	5.964316e+04
55	75	60	1.005010e+05
55	75	61	1.892598e+05
55	75	62	8.756872e+05
55	75	63	5.643691e+06
55	75	64	1.671907e+07
55	75	65	2.944385e+07
55	75	66	3.086534e+07
55	75	67	2.068950e+07
55	75	68	9.413867e+06
55	75	69	3.110369e+06
55	75	70	2.524822e+05
55	75	71	1.655543e+05
55	75	72	1.746738e+05
55	76	55	4.561031e+04
55	76	56	6.902469e+05
55	76	57	2.326199e+05
55	76	58	2.517192e+03
55	76	59	1.576678e+05
55	76	60	4.361132e+05
55	76	61	1.530475e+06
55	76	62	8.201431e+05
55	76	63	4.169484e+06
55	76	64	4.495457e+06
55	76	65	1.199722e+07
55	76	66	9.810055e+06
55	76	67	8.558219e+06
55	76	68	3.807501e+06
55	76	69	6.252977e+05
55	77	58	3.782740e-02
55	77	59	1.835553e+01
55	77	60	1.029501e+05
55	77	61	9.678651e+05
55	77	62	6.419112e+05
55	77	63	3.469580e+05
55	77	64	1.123932e+06
55	77	65	3.498553e+06
55	77	66	3.797018e+06
55	77	67	1.467051e+06
55	77	68	1.865126e+06
55	77	69	2.077241e+06
55	77	70	8.759523e+03
55	77	71	5.165795e+03
55	78	58	1.462667e+01
55	78	59	7.600605e+03
55	78	60	1.501827e+04
55	78	61	1.718802e+03
55	78	62	1.869688e+05
55	78	63	2.021300e+05
55	78	64	2.094786e+06
55	78	65	6.406094e+05
55	78	66	8.988231e+05
55	78	67	9.958787e+05
55	78	68	1.584790e+06
55	78	69	1.046887e+06
55	78	70	2.440730e+05
55	78	71	1.429758e+05
55	79	58	1.190461e+01
55	79	59	8.911578e+03
55	79	60	7.040160e+04
55	79	61	-6.294500e+03
55	79	62	1.706081e+05
55	79	63	4.354344e+05
55	79	64	2.835061e+06
55	79	65	2.345030e+06
55	79	66	6.623987e+05
55	79	67	1.459281e+06
55	79	68	7.163461e+05
55	79	69	6.928648e+04
55	79	70	4.842622e+05
55	79	71	2.927083e+05
55	80	59	5.423758e+02
55	80	60	1.410087e+04
55	80	61	-6.396051e+03
55	80	62	4.640870e+04
55	80	63	5.117149e+03
55	80	64	1.364259e+04
55	80	65	2.237723e+05
55	80	66	1.864852e+05
55	80	67	2.332385e+05
55	80	68	3.911060e+05
55	80	69	-5.913907e+04
55	80	70	-1.112446e+05
55	80	78	5.979157e+02
55	80	79	1.588383e+04
55	80	80	7.064807e+03
55	81	64	1.616805e+03
55	81	65	5.742555e+05
55	81	66	4.830467e+05
55	81	67	1.112308e+04
55	81	68	2.640912e+05
55	81	69	3.431047e+04
55	81	70	-3.873733e+03
55	81	71	3.633001e+02
55	81	72	2.006314e+02
55	81	73	8.106294e+03
55	81	74	1.447753e+03
55	81	78	7.936352e+03
55	81	79	2.108318e+05
55	81	80	9.377374e+04
55	82	62	1.025246e+01
55	82	63	4.357917e+01
55	82	64	4.826581e+02
55	82	65	7.568746e+04
55	82	66	-1.044672e+05
55	82	67	8.091813e+05
55	82	68	2.183019e+04
55	82	69	5.671548e+05
55	82	70	2.498892e+05
55	82	71	2.191484e+03
55	82	72	1.977852e+03
55	82	73	8.043279e+04
55	82	74	2.525490e+04
55	82	78	2.473733e+03
55	82	79	6.571552e+04
55	82	80	2.922894e+04
55	83	62	3.348536e+04
55	83	63	1.128115e+05
55	83	64	1.074230e+06
55	83	65	1.566262e+05
55	83	68	6.361418e+03
55	83	69	1.652715e+05
55	83	70	7.281887e+04
55	83	71	3.672014e+02
55	83	72	5.624666e+02
55	83	73	2.296944e+04
55	83	74	9.204956e+03
55	84	62	3.121236e+04
55	84	63	1.043778e+05
55	84	64	9.881113e+05
55	84	65	1.412476e+05
55	85	66	2.331947e-01
55	85	67	2.238269e+00
55	85	68	5.598211e-01
55	86	66	1.691668e+02
55	86	67	1.623711e+03
55	86	68	4.061120e+02
55	87	61	4.250250e+02
55	87	62	5.219476e+04
55	87	63	3.610121e+04
55	87	66	1.959744e+02
55	87	67	1.881018e+03
55	87	68	4.704679e+02
55	88	61	6.112720e+03
55	88	62	7.506664e+05
55	88	63	5.192086e+05
55	89	61	1.999880e+03
55	89	62	2.455932e+05
55	89	63	1.698679e+05
56	49	56	4.878137e+02
56	49	57	8.728835e+03
56	49	58	2.106266e+04
56	50	56	2.801477e+03
56	50	57	5.012903e+04
56	50	58	1.209613e+05
56	51	56	1.198573e+04
56	51	57	2.164573e+05
56	51	58	5.346407e+05
56	51	59	3.942084e+03
56	52	57	-2.371319e+03
56	52	58	-2.043497e+04
56	52	59	-4.704081e+03
56	53	57	2.222333e+04
56	53	58	1.915107e+05
56	53	59	4.408531e+04
56	57	68	4.882494e+00
56	57	69	3.933135e+01
56	57	70	8.571752e+00
56	58	68	7.293101e+00
56	58	69	5.875021e+01
56	58	70	1.280384e+01
56	59	68	8.287099e+01
56	59	69	6.675744e+02
56	59	70	1.454891e+02
56	63	60	2.158327e+00
56	63	61	3.388340e+02
56	63	62	2.447423e+02
56	64	60	7.708484e-01
56	64	61	1.210149e+02
56	64	62	8.740994e+01
56	64	73	6.419039e+00
56	64	74	5.827477e+01
56	64	75	1.397305e+01
56	65	60	3.169754e+01
56	65	61	4.976171e+03
56	65	62	3.594325e+03
56	65	73	2.188472e+04
56	65	74	1.986788e+05
56	65	75	4.763896e+04
56	66	54	1.347621e+02
56	66	55	3.113834e+03
56	66	56	1.302945e+03
56	66	63	4.745910e+02
56	66	64	9.750874e+03
56	66	65	2.228464e+04
56	66	73	2.342953e+04
56	66	74	2.127033e+05
56	66	75	5.100173e+04
56	67	54	5.981052e+03
56	67	55	1.381991e+05
56	67	56	5.782770e+04
56	67	60	1.380293e+02
56	67	61	1.203517e+04
56	67	62	1.824483e+04
56	67	63	-7.881746e+02
56	67	64	-1.619315e+04
56	67	65	-3.698543e+04
56	67	66	4.707417e+02
56	67	67	3.231466e+02
56	67	68	7.058795e+03
56	67	71	3.386505e-01
56	67	72	5.832271e+01
56	67	73	7.862427e+01
56	67	83	3.114588e+01
56	67	84	9.456414e+02
56	67	85	4.440735e+02
56	68	54	1.063492e+04
56	68	55	2.457320e+05
56	68	56	1.028235e+05
56	68	60	2.940792e+03
56	68	61	2.564160e+05
56	68	62	3.887162e+05
56	68	63	4.730867e+03
56	68	64	9.838600e+04
56	68	65	2.722585e+05
56	68	66	7.605077e+04
56	68	67	3.499238e+04
56	68	68	7.627024e+05
56	68	69	4.984570e+02
56	68	71	7.592882e+01
56	68	72	1.307653e+04
56	68	73	1.762834e+04
56	68	83	5.038908e+02
56	68	84	1.529898e+04
56	68	85	7.184403e+03
56	69	60	1.185022e+03
56	69	61	1.035225e+05
56	69	62	1.654027e+05
56	69	63	4.783120e+03
56	69	64	1.190360e+03
56	69	65	4.698528e+04
56	69	66	3.405723e+04
56	69	67	2.010052e+04
56	69	68	4.907054e+05
56	69	69	1.404674e+05
56	69	71	5.788080e+01
56	69	72	9.968285e+03
56	69	73	1.343815e+04
56	69	83	1.763214e+02
56	69	84	5.353414e+03
56	69	85	2.513965e+03
56	70	61	2.337603e+03
56	70	62	1.045702e+05
56	70	63	7.770172e+04
56	70	64	3.109345e+04
56	70	65	3.603810e+05
56	70	66	4.383167e+04
56	70	67	5.503584e+04
56	70	68	-3.026230e+04
56	70	69	1.776048e+05
56	70	70	3.753360e+02
56	70	71	4.196458e+03
56	70	72	1.247743e+04
56	71	60	1.048897e+01
56	71	61	8.370410e+03
56	71	62	1.142939e+05
56	71	63	1.618599e+05
56	71	64	8.160617e+04
56	71	65	4.387925e+05
56	71	66	5.091752e+05
56	71	67	2.283845e+05
56	71	68	2.026377e+05
56	71	69	1.017922e+04
56	71	70	6.786986e+03
56	71	71	1.656717e+05
56	71	72	5.012778e+05
56	72	56	9.384228e+01
56	72	57	9.154567e+02
56	72	58	2.317399e+02
56	72	60	2.465977e+03
56	72	61	7.974437e+04
56	72	62	3.393873e+05
56	72	63	1.017971e+06
56	72	64	1.019153e+06
56	72	65	1.656172e+06
56	72	66	1.535263e+06
56	72	67	1.337865e+06
56	72	68	1.650151e+06
56	72	69	2.827372e+05
56	72	70	-6.731883e+04
56	72	71	6.283935e+04
56	72	72	2.606755e+05
56	73	56	1.012516e+04
56	73	57	9.877368e+04
56	73	58	2.500370e+04
56	73	60	1.891998e+03
56	73	61	3.625200e+04
56	73	62	1.248689e+05
56	73	63	8.034740e+05
56	73	64	3.455592e+06
56	73	65	7.962763e+06
56	73	66	4.862299e+06
56	73	67	2.575756e+06
56	73	68	1.725244e+06
56	73	69	1.036470e+06
56	73	70	3.466301e+05
56	73	71	2.482050e+05
56	74	48	2.213906e+01
56	74	49	-1.130203e+01
56	74	50	2.833967e+02
56	74	56	1.473496e+04
56	74	57	1.437435e+05
56	74	58	3.638741e+04
56	74	61	1.438766e+04
56	74	62	5.875754e+05
56	74	63	1.811694e+06
56	74	64	7.201226e+06
56	74	65	1.583203e+07
56	74	66	1.565708e+07
56	74	67	1.051542e+07
56	74	68	5.403292e+06
56	74	69	6.818451e+05
56	74	70	7.253234e+05
56	74	71	3.950018e+05
56	75	48	1.370289e+03
56	75	49	-6.995349e+02
56	75	50	1.754073e+04
56	75	61	1.121140e+05
56	75	62	4.669230e+05
56	75	63	3.949841e+06
56	75	64	8.680868e+06
56	75	65	1.659617e+07
56	75	66	2.012284e+07
56	75	67	1.510819e+07
56	75	68	5.756382e+06
56	75	69	2.490550e+05
56	75	70	1.125170e+05
56	75	71	1.639465e+04
56	76	48	8.118780e+02
56	76	49	-4.144652e+02
56	76	50	1.039265e+04
56	76	61	2.390152e+04
56	76	62	2.043709e+05
56	76	63	1.526011e+06
56	76	64	5.578981e+06
56	76	65	1.175330e+07
56	76	66	5.516923e+06
56	76	67	5.709483e+06
56	76	68	3.436716e+06
56	76	69	1.130277e+06
56	76	70	1.640823e+04
56	76	71	1.414396e+04
56	77	58	1.064684e+00
56	77	59	5.166321e+02
56	77	60	4.299827e+02
56	77	61	3.048150e+03
56	77	62	3.324280e+04
56	77	63	7.085067e+05
56	77	64	1.040718e+06
56	77	65	3.627946e+06
56	77	66	3.490817e+06
56	77	67	2.605443e+06
56	77	68	4.115372e+06
56	77	69	4.373501e+05
56	77	70	1.887551e+04
56	77	71	5.106765e+03
56	78	58	4.116802e+02
56	78	59	2.007152e+05
56	78	60	1.818408e+05
56	78	61	6.367397e+03
56	78	62	5.327164e+04
56	78	63	-8.669389e+04
56	78	64	1.230673e+06
56	78	65	1.215299e+06
56	78	66	9.925041e+05
56	78	67	1.393088e+06
56	78	68	6.659168e+05
56	78	69	9.406682e+05
56	78	70	6.214441e+05
56	78	71	2.105225e+05
56	79	58	3.350653e+02
56	79	59	1.685065e+05
56	79	60	2.277642e+05
56	79	61	4.861972e+04
56	79	62	-3.406089e+04
56	79	63	2.361330e+05
56	79	64	9.773293e+05
56	79	65	6.343333e+05
56	79	66	1.802603e+05
56	79	67	7.045109e+05
56	79	68	1.981094e+05
56	79	69	9.012920e+05
56	79	70	1.030997e+06
56	79	71	3.016039e+05
56	80	59	1.023864e+03
56	80	60	1.454646e+04
56	80	61	1.120258e+04
56	80	62	-1.664259e+04
56	80	63	1.188707e+05
56	80	64	3.034054e+05
56	80	65	1.263069e+05
56	80	66	9.365665e+04
56	80	67	7.980150e+05
56	80	68	1.467325e+04
56	80	69	5.350691e+05
56	80	70	1.006501e+06
56	80	73	5.364228e+00
56	80	74	2.786884e+01
56	80	75	1.268441e+02
56	81	64	2.877549e+03
56	81	65	1.905088e+05
56	81	66	1.934662e+05
56	81	67	-5.241739e+04
56	81	68	3.271118e+03
56	81	69	1.192833e+05
56	81	70	2.243799e+05
56	81	71	1.058855e+04
56	81	72	3.983837e+03
56	81	73	1.597195e+05
56	81	74	2.181722e+03
56	81	75	4.510143e+02
56	82	63	1.244389e+01
56	82	64	1.636096e+03
56	82	65	1.137175e+05
56	82	66	-1.423888e+05
56	82	67	1.231738e+06
56	82	71	6.387180e+04
56	82	72	2.513536e+04
56	82	73	1.008813e+06
56	82	74	3.690943e+04
56	82	75	2.638011e+03
56	83	63	1.887740e+04
56	83	64	3.211093e+05
56	83	65	1.154754e+05
56	83	71	1.070225e+04
56	83	72	4.544027e+03
56	83	73	1.826712e+05
56	83	74	1.324157e+04
56	84	63	1.702389e+04
56	84	64	2.895808e+05
56	84	65	1.041373e+05
56	85	66	5.666919e+01
56	85	67	5.439270e+02
56	85	68	1.360434e+02
56	86	66	4.110963e+04
56	86	67	3.945819e+05
56	86	68	9.869023e+04
56	87	66	4.762420e+04
56	87	67	4.571106e+05
56	87	68	1.143295e+05
57	49	56	5.653900e+02
57	49	57	1.011697e+04
57	49	58	2.441223e+04
57	50	56	3.246992e+03
57	50	57	5.810098e+04
57	50	58	1.401976e+05
57	51	56	1.389180e+04
57	51	57	2.606264e+05
57	51	58	7.036522e+05
57	51	59	2.390293e+04
57	52	57	-1.437855e+04
57	52	58	-1.239079e+05
57	52	59	-2.852331e+04
57	53	57	1.347517e+05
57	53	58	1.161230e+06
57	53	59	2.673124e+05
57	57	68	4.548400e+03
57	57	69	3.664003e+04
57	57	70	7.985215e+03
57	58	68	6.794058e+03
57	58	69	5.473012e+04
57	58	70	1.192771e+04
57	59	68	7.720040e+04
57	59	69	6.218945e+05
57	59	70	1.355338e+05
57	63	60	2.759842e+02
57	63	61	4.332670e+04
57	63	62	3.204147e+04
57	63	63	7.914752e+02
57	64	60	9.856803e+01
57	64	61	1.547526e+04
57	64	62	1.645247e+04
57	64	63	5.594048e+03
57	64	73	1.681818e+01
57	64	74	1.526826e+02
57	64	75	3.661006e+01
57	65	60	4.053149e+03
57	65	61	6.363009e+05
57	65	62	4.606317e+05
57	65	63	1.088998e+03
57	65	73	5.733899e+04
57	65	74	5.205477e+05
57	65	75	1.248163e+05
57	66	73	6.138647e+04
57	66	74	5.572925e+05
57	66	75	1.336269e+05
57	67	64	6.736263e+00
57	67	65	2.845812e+02
57	67	66	3.264260e+02
57	67	67	1.240748e+02
57	67	68	2.710283e+03
57	67	71	8.639847e+00
57	67	72	1.487962e+03
57	67	73	2.005908e+03
57	67	83	1.270630e+03
57	67	84	3.857847e+04
57	67	85	1.811646e+04
57	68	64	1.425813e+04
57	68	65	6.024292e+05
57	68	66	3.476320e+05
57	68	67	2.045778e+04
57	68	68	2.928785e+05
57	68	71	1.937140e+03
57	68	72	3.336160e+05
57	68	73	4.497445e+05
57	68	83	2.055677e+04
57	68	84	6.241383e+05
57	68	85	2.930955e+05
57	69	61	-2.864212e+02
57	69	62	-1.273894e+04
57	69	63	-6.729152e+03
57	69	64	1.324320e+04
57	69	65	5.556937e+05
57	69	66	5.653731e+05
57	69	67	1.967269e+05
57	69	68	1.976002e+05
57	69	71	1.476688e+03
57	69	72	2.543166e+05
57	69	73	3.428417e+05
57	69	83	7.193221e+03
57	69	84	2.183983e+05
57	69	85	1.025599e+05
57	70	61	-3.119996e+03
57	70	62	-1.387657e+05
57	70	63	-3.674474e+04
57	70	64	6.110499e+04
57	70	65	6.729016e+05
57	70	66	4.177846e+05
57	70	67	1.607499e+05
57	71	60	1.044850e+02
57	71	61	-1.220955e+02
57	71	62	-3.522281e+04
57	71	63	7.774342e+03
57	71	64	1.004462e+05
57	71	65	7.363355e+05
57	71	66	2.531463e+06
57	71	67	9.831276e+05
57	71	69	6.743364e+03
57	71	70	1.103587e+05
57	71	71	3.886209e+04
57	72	60	2.456464e+04
57	72	61	1.722114e+05
57	72	62	6.550485e+05
57	72	63	7.103619e+04
57	72	64	2.562861e+05
57	72	65	1.478492e+06
57	72	66	4.747603e+05
57	72	67	2.446721e+05
57	72	68	2.721702e+04
57	72	69	7.087628e+04
57	72	70	1.060770e+06
57	72	71	3.735433e+05
57	73	60	1.884699e+04
57	73	61	1.321276e+05
57	73	62	5.038062e+05
57	73	63	1.738042e+05
57	73	64	6.194393e+05
57	73	65	2.676039e+06
57	73	66	1.157038e+06
57	73	67	2.113884e+06
57	73	68	2.251071e+05
57	73	69	1.749642e+05
57	73	70	3.053055e+05
57	73	71	9.352778e+04
57	74	48	4.679070e+02
57	74	49	-2.388674e+02
57	74	50	5.989564e+03
57	74	61	-1.099500e+02
57	74	62	4.643926e+04
57	74	63	6.297839e+05
57	74	64	2.208463e+06
57	74	65	4.171557e+06
57	74	66	6.120988e+06
57	74	67	5.386588e+06
57	74	68	1.874072e+06
57	74	69	3.750915e+04
57	74	70	-6.582865e+04
57	74	71	4.714664e+02
57	75	48	2.896093e+04
57	75	49	-1.478461e+04
57	75	50	3.707218e+05
57	75	61	-1.116035e+04
57	75	62	-9.973134e+04
57	75	63	6.285681e+05
57	75	64	2.599785e+06
57	75	65	4.427623e+06
57	75	66	5.843568e+06
57	75	67	5.000936e+06
57	75	68	2.593304e+06
57	75	69	1.377441e+06
57	75	70	7.974389e+05
57	75	71	3.507319e+05
57	76	48	1.715897e+04
57	76	49	-8.759684e+03
57	76	50	2.196478e+05
57	76	61	-6.418448e+03
57	76	62	-8.039931e+04
57	76	63	3.449173e+05
57	76	64	1.897574e+06
57	76	65	3.193865e+06
57	76	66	3.158685e+06
57	76	67	2.419243e+06
57	76	68	1.657982e+06
57	76	69	9.176923e+05
57	76	70	3.519103e+05
57	76	71	3.027446e+05
57	77	58	2.173912e+00
57	77	59	1.054878e+03
57	77	60	8.779546e+02
57	77	62	1.234227e+03
57	77	63	4.966009e+05
57	77	64	1.077918e+06
57	77	65	7.696109e+05
57	77	66	4.418112e+05
57	77	67	2.848518e+06
57	77	68	1.557942e+06
57	77	69	2.299950e+06
57	77	70	4.307860e+05
57	77	71	7.768598e+04
57	78	58	8.405837e+02
57	78	59	4.168089e+05
57	78	60	4.976959e+05
57	78	61	3.690009e+04
57	78	62	7.916555e+04
57	78	63	1.107499e+04
57	78	64	3.560587e+05
57	78	65	3.438960e+05
57	78	66	6.189532e+04
57	78	67	1.763050e+05
57	78	68	1.618468e+05
57	78	69	6.689870e+05
57	78	70	1.170465e+06
57	78	71	2.727603e+05
57	79	58	6.841488e+02
57	79	59	3.875650e+05
57	79	60	1.375152e+06
57	79	61	1.285144e+04
57	79	62	1.541009e+06
57	79	63	1.088676e+05
57	79	64	2.842108e+05
57	79	65	9.294037e+04
57	79	66	1.885570e+05
57	79	67	2.006217e+05
57	79	68	2.398439e+02
57	79	69	3.956062e+05
57	79	70	7.471697e+05
57	79	71	1.528661e+05
57	80	59	9.616882e+03
57	80	60	2.280715e+05
57	80	61	-6.554514e+04
57	80	62	6.315724e+05
57	80	63	4.986062e+04
57	80	64	1.275460e+05
57	80	65	9.856205e+03
57	80	66	5.606843e+04
57	80	67	1.513046e+05
57	80	73	1.513429e+03
57	80	74	7.862736e+03
57	80	75	3.578699e+04
57	81	60	1.014513e+04
57	81	61	-7.086853e+01
57	81	62	1.411506e+05
57	81	64	2.684746e+04
57	81	65	-2.663530e+04
57	81	66	3.134689e+05
57	81	71	4.892444e+03
57	81	72	2.930464e+03
57	81	73	1.239383e+05
57	81	74	5.237450e+04
57	81	75	1.272463e+05
57	82	64	1.645532e+04
57	82	65	-1.632528e+04
57	82	66	1.921310e+05
57	82	71	2.951199e+04
57	82	72	3.062329e+04
57	82	73	1.278477e+06
57	82	74	5.894637e+05
57	82	75	7.442716e+05
57	83	71	4.944980e+03
57	83	72	9.028182e+03
57	83	73	3.690386e+05
57	83	74	1.552476e+05
57	85	66	4.367112e+01
57	85	67	4.191678e+02
57	85	68	1.048395e+02
57	86	66	3.168042e+04
57	86	67	3.040777e+05
57	86	68	7.605390e+04
57	87	66	3.670076e+04
57	87	67	3.522643e+05
57	87	68	8.810603e+04
57	97	59	2.193233e+01
57	97	60	4.284380e+02
57	97	61	1.655083e+02
57	98	59	1.620203e+02
57	98	60	3.164993e+03
57	98	61	1.222657e+03
57	99	59	5.982921e+02
57	99	60	1.168736e+04
57	99	61	4.514903e+03
58	39	87	1.064613e+02
58	39	88	3.034143e+03
58	39	89	1.389323e+03
58	40	87	7.701653e+02
58	40	88	2.194968e+04
58	40	89	1.005068e+04
58	41	87	2.877715e+03
58	41	88	8.201477e+04
58	41	89	3.755427e+04
58	49	76	4.425007e+01
58	49	77	-5.438704e+01
58	49	78	4.909080e+02
58	50	76	2.799757e+02
58	50	77	-3.441135e+02
58	50	78	3.106036e+03
58	51	57	2.029425e+03
58	51	58	1.748868e+04
58	51	59	4.025852e+03
58	51	76	1.130291e+03
58	51	77	-1.389222e+03
58	51	78	1.253939e+04
58	52	57	-2.421709e+03
58	52	58	-2.086920e+04
58	52	59	-4.804040e+03
58	53	57	2.269556e+04
58	53	58	1.955802e+05
58	53	59	4.502210e+04
58	57	68	5.179625e+03
58	57	69	4.172491e+04
58	57	70	9.093398e+03
58	58	68	7.736933e+03
58	58	69	6.232553e+04
58	58	70	1.358303e+04
58	59	68	8.791422e+04
58	59	69	7.082006e+05
58	59	70	1.543430e+05
58	63	60	1.923290e+02
58	63	61	3.020194e+04
58	63	62	6.041152e+04
58	63	63	4.093418e+04
58	64	60	6.869049e+01
58	64	61	1.084276e+04
58	64	62	2.806266e+05
58	64	63	2.893177e+05
58	65	60	2.824575e+03
58	65	61	4.434393e+05
58	65	62	3.734047e+05
58	65	63	5.632172e+04
58	67	71	3.777209e+00
58	67	72	6.505144e+02
58	67	73	8.769521e+02
58	67	83	6.641746e+02
58	67	84	2.016546e+04
58	67	85	9.469707e+03
58	68	65	9.717802e+01
58	68	66	1.258829e+04
58	68	67	8.793471e+03
58	68	71	8.468879e+02
58	68	72	1.458518e+05
58	68	73	1.966214e+05
58	68	83	1.074529e+04
58	68	84	3.262451e+05
58	68	85	1.532048e+05
58	69	61	2.073599e+03
58	69	62	9.222589e+04
58	69	63	4.959020e+04
58	69	65	1.374748e+03
58	69	66	1.780827e+05
58	69	67	1.243986e+05
58	69	71	6.455855e+02
58	69	72	1.111833e+05
58	69	73	1.498852e+05
58	69	83	3.759989e+03
58	69	84	1.141596e+05
58	69	85	5.360939e+04
58	70	61	2.258778e+04
58	70	62	1.004620e+06
58	70	63	5.436242e+05
58	70	64	-5.213992e+03
58	70	65	3.924448e+04
58	70	66	4.747059e+05
58	70	67	3.316029e+05
58	71	60	2.685837e+01
58	71	61	6.375266e+03
58	71	62	2.759861e+05
58	71	63	1.505736e+05
58	71	64	2.715125e+04
58	71	65	-1.814428e+04
58	71	66	1.286231e+04
58	71	68	1.481836e+00
58	71	69	1.012797e+03
58	71	70	8.678694e+02
58	72	60	6.314459e+03
58	72	61	4.426778e+04
58	72	62	1.690260e+05
58	72	63	1.043839e+05
58	72	64	1.387189e+05
58	72	65	1.267404e+06
58	72	66	2.206730e+05
58	72	67	3.040409e+04
58	72	68	7.057240e+01
58	72	69	4.823442e+04
58	72	70	4.133225e+04
58	72	71	1.477600e-02
58	72	72	1.663471e+01
58	72	73	1.475239e+01
58	73	60	4.844709e+03
58	73	61	3.396404e+04
58	73	62	1.300059e+05
58	73	63	3.139688e+04
58	73	64	2.336848e+04
58	73	65	6.740010e+05
58	73	66	4.806964e+05
58	73	67	6.123045e+05
58	73	68	8.350797e+04
58	73	69	1.038879e+05
58	73	70	5.725981e+04
58	73	71	1.734569e-01
58	73	72	1.952764e+02
58	73	73	1.731797e+02
58	73	78	1.065061e+01
58	73	79	5.986288e+01
58	73	80	2.595016e+02
58	74	48	1.057933e+03
58	74	49	-5.400768e+02
58	74	50	1.354235e+04
58	74	61	1.029940e+04
58	74	62	7.487263e+04
58	74	63	1.145910e+06
58	74	64	8.679815e+05
58	74	65	1.053275e+06
58	74	66	1.126053e+06
58	74	67	2.965460e+06
58	74	68	9.716452e+05
58	74	69	5.781053e+04
58	74	70	5.767809e+04
58	74	71	1.904019e+02
58	74	72	5.626662e+01
58	74	73	4.989972e+01
58	74	78	1.659913e+03
58	74	79	9.329717e+03
58	74	80	4.044370e+04
58	75	48	6.548039e+04
58	75	49	-3.342785e+04
58	75	50	8.381985e+05
58	75	61	2.010312e+05
58	75	62	1.059848e+06
58	75	63	2.907518e+06
58	75	64	6.436887e+05
58	75	65	1.544797e+06
58	75	66	2.974382e+06
58	75	67	1.803678e+06
58	75	68	7.093625e+05
58	75	69	1.142002e+06
58	75	70	7.380854e+05
58	75	71	1.416060e+05
58	75	78	1.197522e+03
58	75	79	6.730800e+03
58	75	80	2.917756e+04
58	76	48	3.879626e+04
58	76	49	-1.980556e+04
58	76	50	4.966215e+05
58	76	61	8.206237e+04
58	76	62	5.077174e+05
58	76	63	6.701947e+05
58	76	64	1.270105e+05
58	76	65	1.933737e+05
58	76	66	3.929444e+05
58	76	67	5.546367e+05
58	76	68	2.605596e+05
58	76	69	8.075959e+04
58	76	70	1.423349e+05
58	76	71	1.222776e+05
58	77	62	7.942705e+02
58	77	63	2.496111e+05
58	77	64	2.052248e+05
58	77	65	8.304277e+03
58	77	66	5.970076e+04
58	77	67	3.003190e+05
58	77	68	1.099153e+05
58	77	69	6.343359e+05
58	77	70	2.489509e+05
58	77	71	4.543522e+04
58	78	62	9.775509e+02
58	78	63	-8.618216e+02
58	78	64	1.196460e+04
58	78	65	-1.486156e+03
58	78	66	2.282739e+04
58	78	67	-1.100090e+05
58	78	68	1.439863e+04
58	78	69	1.684998e+05
58	78	70	3.117969e+05
58	78	71	5.690505e+04
58	79	60	-5.001300e+02
58	79	61	3.493645e+00
58	79	62	-6.784599e+03
58	79	63	-1.532088e+02
58	79	64	6.568696e+03
58	79	65	5.567913e+04
58	79	66	1.195537e+06
58	79	67	1.253699e+06
58	79	68	-9.760615e+01
58	79	69	5.112767e+02
58	80	60	-4.031340e+03
58	80	61	2.816082e+01
58	80	62	-5.608862e+04
58	80	64	2.642029e+03
58	80	65	7.296167e+03
58	80	66	2.647429e+05
58	80	67	1.005709e+05
58	80	68	-1.389004e+02
58	80	69	7.275825e+02
58	80	73	1.188660e+03
58	80	74	6.175457e+03
58	80	75	2.810739e+04
58	81	60	-1.418547e+04
58	81	61	9.909224e+01
58	81	62	-1.973645e+05
58	81	64	7.857730e+04
58	81	65	-7.795632e+04
58	81	66	9.174624e+05
58	81	73	4.226467e+03
58	81	74	2.195781e+04
58	81	75	9.994028e+04
58	82	64	4.816151e+04
58	82	65	-4.778090e+04
58	82	66	5.623300e+05
58	82	73	2.472087e+04
58	82	74	1.284326e+05
58	82	75	5.845569e+05
58	83	62	8.848978e+01
58	83	63	9.489764e+02
58	83	64	2.879685e+03
58	84	62	3.285221e+03
58	84	63	3.523115e+04
58	84	64	1.069095e+05
58	85	62	1.662508e+03
58	85	63	1.782896e+04
58	85	64	5.410229e+04
58	97	59	1.278274e+03
58	97	60	2.497050e+04
58	97	61	9.646261e+03
58	98	59	9.442972e+03
58	98	60	1.844641e+05
58	98	61	7.125967e+04
58	99	59	3.487004e+04
58	99	60	6.811703e+05
58	99	61	2.631404e+05
59	39	87	-6.949723e+01
59	39	88	-1.980668e+03
59	39	89	-9.069409e+02
59	40	87	-5.027587e+02
59	40	88	-1.432860e+04
59	40	89	-6.561017e+03
59	41	85	4.331755e+02
59	41	86	5.854275e+03
59	41	87	-3.347169e+01
59	41	88	-5.353869e+04
59	41	89	-2.451517e+04
59	42	85	1.280427e+03
59	42	86	1.730470e+04
59	42	87	5.453892e+03
59	43	85	8.541268e+03
59	43	86	1.154334e+05
59	43	87	3.638095e+04
59	49	76	3.491785e+03
59	49	77	-4.291696e+03
59	49	78	3.873768e+04
59	50	76	2.209296e+04
59	50	77	-2.715409e+04
59	50	78	2.450981e+05
59	51	76	8.919158e+04
59	51	77	-1.096239e+05
59	51	78	9.894867e+05
59	63	61	1.427583e+01
59	63	62	6.591207e+04
59	63	63	7.033612e+04
59	63	64	2.944635e+03
59	63	65	5.421467e+02
59	64	61	1.008998e+02
59	64	62	4.658583e+05
59	64	63	5.002598e+05
59	64	64	4.164831e+04
59	64	65	7.668012e+03
59	65	61	1.964225e+01
59	65	62	9.068903e+04
59	65	63	9.819551e+04
59	65	64	1.349163e+04
59	65	65	2.483991e+03
59	70	61	1.456431e+01
59	70	62	5.483007e+01
59	70	63	2.038709e+04
59	70	64	-3.046429e+04
59	70	65	2.078860e+05
59	70	70	3.834567e+00
59	70	71	2.716315e+01
59	70	72	5.298549e+00
59	71	61	7.900744e+01
59	71	62	1.042848e+03
59	71	63	3.265159e+04
59	71	64	1.625476e+05
59	71	65	-3.589717e+05
59	71	66	8.337705e+03
59	71	68	-1.761483e-01
59	71	69	-1.203928e+02
59	71	70	-6.121300e+01
59	71	71	2.971782e+02
59	71	72	5.796872e+01
59	72	61	3.500515e+02
59	72	62	6.279111e+03
59	72	63	6.519901e+05
59	72	64	4.367236e+05
59	72	65	2.372673e+06
59	72	66	1.388737e+05
59	72	67	3.177139e+04
59	72	68	-8.389056e+00
59	72	69	-5.733704e+03
59	72	70	-4.787170e+03
59	72	71	9.241892e+02
59	72	72	3.529107e+04
59	72	73	3.114320e+04
59	73	62	9.141080e+02
59	73	63	8.441839e+04
59	73	64	1.814144e+05
59	73	65	2.169400e+05
59	73	66	3.112305e+05
59	73	67	3.634451e+05
59	73	68	5.578177e+03
59	73	69	9.683604e+03
59	73	70	5.095517e+03
59	73	71	3.661781e+02
59	73	72	4.122404e+05
59	73	73	3.655930e+05
59	73	78	1.737573e+02
59	73	79	9.766218e+02
59	73	80	4.233590e+03
59	74	62	5.430949e+02
59	74	63	1.201413e+05
59	74	64	5.598218e+05
59	74	65	7.912602e+05
59	74	66	1.087233e+06
59	74	67	1.284674e+06
59	74	68	6.581073e+04
59	74	69	6.135691e+04
59	74	70	3.726645e+04
59	74	71	1.055099e+02
59	74	72	1.187823e+05
59	74	73	1.053414e+05
59	74	78	2.708034e+04
59	74	79	1.522079e+05
59	74	80	6.598112e+05
59	75	62	5.594370e+02
59	75	63	1.209238e+05
59	75	64	2.964097e+05
59	75	65	8.638551e+05
59	75	66	2.279820e+05
59	75	67	6.421669e+04
59	75	68	2.333650e+04
59	75	69	2.943864e+05
59	75	70	1.788020e+05
59	75	78	1.953675e+04
59	75	79	1.098084e+05
59	75	80	4.760119e+05
59	76	63	9.777269e+01
59	76	64	2.946458e+04
59	76	65	2.107230e+05
59	76	66	4.812935e+04
59	76	67	3.159081e+03
59	76	68	7.990908e+02
59	77	62	7.168674e+03
59	77	63	-6.150144e+03
59	77	64	9.493039e+04
59	77	65	7.272378e+03
59	77	66	2.668438e+04
59	77	67	9.340827e+04
59	77	68	6.483441e+03
59	78	62	4.594343e+04
59	78	63	-4.050433e+04
59	78	64	5.537471e+05
59	78	65	-6.433086e+03
59	78	66	3.442870e+04
59	78	67	-2.113564e+04
59	78	68	2.268322e+04
59	78	69	4.218134e+03
59	79	60	3.814370e+03
59	79	61	-2.664519e+01
59	79	62	6.123740e+04
59	79	63	-7.200585e+03
59	79	64	1.769895e+05
59	79	65	-3.110894e+04
59	79	66	1.235826e+06
59	79	67	7.239380e+05
59	79	68	-4.400268e+04
59	79	69	4.727994e+05
59	80	60	3.074605e+04
59	80	61	-2.147758e+02
59	80	62	4.277743e+05
59	80	64	2.701847e+04
59	80	65	-1.706433e+04
59	80	66	3.390036e+05
59	80	67	6.440911e+04
59	80	68	-5.446737e+04
59	80	69	6.822076e+05
59	81	60	1.081891e+05
59	81	61	-7.557525e+02
59	81	62	1.505251e+06
59	81	65	6.243761e+03
59	81	66	8.460929e+04
59	81	67	2.670980e+04
59	82	65	4.257093e+03
59	82	66	5.768793e+04
59	82	67	1.821116e+04
59	83	62	-1.497846e+02
59	83	63	-1.606310e+03
59	83	64	-4.874375e+03
59	84	62	-5.560816e+03
59	84	63	-5.963494e+04
59	84	64	-1.809633e+05
59	85	62	-2.814088e+03
59	85	63	-3.017866e+04
59	85	64	-9.157768e+04
59	97	59	7.450268e+02
59	97	60	1.455376e+04
59	97	61	5.622209e+03
59	98	59	5.503724e+03
59	98	60	1.075127e+05
59	98	61	4.153285e+04
59	99	59	2.032359e+04
59	99	60	3.970121e+05
59	99	61	1.533683e+05
60	39	87	1.328152e+03
60	39	88	3.785229e+04
60	39	89	1.733243e+04
60	40	87	9.608155e+03
60	40	88	2.738321e+05
60	40	89	1.253867e+05
60	41	85	3.436221e+03
60	41	86	4.643979e+04
60	41	87	5.053712e+04
60	41	88	1.023171e+06
60	41	89	4.685063e+05
60	42	85	1.015715e+04
60	42	86	1.372718e+05
60	42	87	4.326370e+04
60	43	85	6.775472e+04
60	43	86	9.156906e+05
60	43	87	2.885966e+05
60	49	76	2.199607e+03
60	49	77	-2.703501e+03
60	49	78	2.440233e+04
60	50	76	1.391719e+04
60	50	77	-1.710539e+04
60	50	78	1.543965e+05
60	51	76	5.618514e+04
60	51	77	-6.905623e+04
60	51	78	6.233150e+05
60	63	63	1.745885e+03
60	63	64	1.161149e+04
60	63	65	2.137832e+03
60	64	63	2.469344e+04
60	64	64	1.642306e+05
60	64	65	3.023705e+04
60	65	63	7.999241e+03
60	65	64	5.320117e+04
60	65	65	9.795049e+03
60	70	61	1.542305e+03
60	70	62	5.806295e+03
60	70	63	3.264796e+04
60	70	70	2.599144e+03
60	70	71	1.841171e+04
60	70	72	3.591459e+03
60	71	61	8.366586e+03
60	71	62	3.165432e+04
60	71	63	1.915226e+05
60	71	64	2.162397e+04
60	71	68	2.025771e+01
60	71	69	1.384562e+04
60	71	70	4.030027e+04
60	71	71	2.014331e+05
60	71	72	3.929231e+04
60	72	61	3.706912e+04
60	72	62	1.405969e+05
60	72	63	8.806416e+05
60	72	64	1.439241e+05
60	72	65	-8.453368e-03
60	72	66	4.564350e-02
60	72	68	9.647729e+02
60	72	69	6.593974e+05
60	72	70	6.504877e+05
60	72	71	6.053186e+05
60	72	72	1.502441e+05
60	72	73	2.853327e+04
60	73	62	1.922233e+02
60	73	63	1.767839e+04
60	73	64	2.666366e+04
60	73	65	-2.616506e+02
60	73	66	1.412768e+03
60	73	68	5.300325e+02
60	73	69	3.622635e+05
60	73	70	3.104250e+05
60	73	71	3.354908e+02
60	73	72	3.776929e+05
60	73	73	3.349548e+05
60	73	78	6.108221e+01
60	73	79	3.433192e+02
60	73	80	1.488265e+03
60	74	58	7.992390e+02
60	74	59	1.974582e+03
60	74	60	1.504670e+04
60	74	61	3.587541e-01
60	74	62	8.739503e+02
60	74	63	9.473326e+02
60	74	64	1.434195e+02
60	74	65	-2.557606e+02
60	74	66	1.380965e+03
60	74	71	9.666777e+01
60	74	72	1.088278e+05
60	74	73	9.651331e+04
60	74	78	9.519753e+03
60	74	79	5.350680e+04
60	74	80	2.319484e+05
60	75	58	-1.089181e+03
60	75	59	-2.690906e+03
60	75	60	-2.050523e+04
60	75	61	2.937975e+00
60	75	62	7.157113e+03
60	75	63	7.815142e+03
60	75	64	3.136572e+03
60	75	65	1.798102e+03
60	75	78	6.867898e+03
60	75	79	3.860176e+04
60	75	80	1.673360e+05
60	76	58	8.596130e+03
60	76	59	2.123740e+04
60	76	60	1.618332e+05
60	76	61	6.490467e-01
60	76	62	1.581123e+03
60	76	63	4.475758e+03
60	76	64	1.517839e+05
60	76	65	8.701314e+04
60	76	66	3.051673e+03
60	76	67	2.973949e+04
60	76	68	7.522615e+03
60	77	62	1.255051e+04
60	77	63	-6.263570e+03
60	77	64	4.170925e+05
60	77	65	1.543156e+05
60	77	66	2.475982e+04
60	77	67	2.412921e+05
60	77	68	6.103491e+04
60	78	62	8.043519e+04
60	78	63	-7.089553e+04
60	78	64	9.821174e+05
60	78	65	1.638524e+04
60	78	66	1.105802e+05
60	78	67	8.464654e+05
60	78	68	2.176227e+05
60	78	69	9.064652e+03
60	79	62	1.429922e+04
60	79	63	-1.253202e+04
60	79	64	2.859487e+05
60	79	65	5.794296e+04
60	79	66	3.652491e+05
60	79	67	5.198349e+04
60	79	68	1.744231e+05
60	79	69	8.009294e+05
60	80	64	9.919054e+03
60	80	65	-5.863256e+03
60	80	66	1.298951e+05
60	80	67	7.585185e+04
60	80	68	3.058974e+05
60	80	69	1.206159e+06
60	81	65	4.803484e+04
60	81	66	6.509208e+05
60	81	67	2.054853e+05
60	82	62	1.142543e+00
60	82	63	1.631477e-01
60	82	64	1.626291e+01
60	82	65	3.275090e+04
60	82	66	4.438079e+05
60	82	67	1.401031e+05
60	83	62	9.211529e+02
60	83	63	9.383379e+03
60	83	64	2.911987e+04
60	84	62	3.254588e+04
60	84	63	3.481260e+05
60	84	64	1.057569e+06
60	85	62	1.642700e+04
60	85	63	1.761654e+05
60	85	64	5.345768e+05
61	41	85	7.393520e+02
61	41	86	9.992185e+03
61	41	87	3.149219e+03
61	42	85	2.185457e+03
61	42	86	2.953599e+04
61	42	87	9.308804e+03
61	43	85	1.457840e+04
61	43	86	1.970239e+05
61	43	87	6.209567e+04
61	56	52	5.541034e-02
61	56	53	1.004108e+01
61	56	54	1.343718e+01
61	57	52	5.992105e+01
61	57	53	1.085848e+04
61	57	54	1.453104e+04
61	57	86	7.412997e+01
61	57	87	1.382784e+03
61	57	88	5.218882e+02
61	58	52	5.301020e+01
61	58	53	9.606141e+03
61	58	54	1.285514e+04
61	58	86	2.739810e+02
61	58	87	5.110708e+03
61	58	88	1.928875e+03
61	59	86	1.560182e+03
61	59	87	2.910287e+04
61	59	88	1.098396e+04
61	63	63	9.511745e+03
61	63	64	6.326049e+04
61	63	65	1.164710e+04
61	64	63	1.345322e+05
61	64	64	8.947434e+05
61	64	65	1.647342e+05
61	65	63	4.358061e+04
61	65	64	2.898449e+05
61	65	65	5.336433e+04
61	70	54	3.032421e+01
61	70	55	3.056691e+02
61	70	56	9.566248e+02
61	70	61	1.036321e+03
61	70	62	3.901425e+03
61	70	63	2.193715e+04
61	70	70	2.225772e+03
61	70	71	1.576683e+04
61	70	72	3.075539e+03
61	71	54	9.465684e+01
61	71	55	9.541441e+02
61	71	56	2.986098e+03
61	71	61	5.621762e+03
61	71	62	2.116417e+04
61	71	63	1.190031e+05
61	71	70	2.435103e+04
61	71	71	1.724969e+05
61	71	72	3.364790e+04
61	72	54	6.070348e+02
61	72	55	6.118931e+03
61	72	56	1.914986e+04
61	72	61	2.490786e+04
61	72	62	9.377028e+04
61	72	63	5.272569e+05
61	72	64	1.692792e+00
61	72	65	-3.018763e+00
61	72	66	1.629964e+01
61	72	70	7.317286e+04
61	72	71	5.183389e+05
61	72	72	1.011092e+05
61	73	64	5.239567e+04
61	73	65	-9.343743e+04
61	73	66	5.045103e+05
61	74	58	-9.375977e+02
61	74	59	-2.316407e+03
61	74	60	-1.765148e+04
61	74	61	2.275167e+01
61	74	62	5.542467e+04
61	74	63	6.007848e+04
61	74	64	5.121620e+04
61	74	65	-9.133406e+04
61	74	66	4.931533e+05
61	75	58	1.277733e+03
61	75	59	3.156737e+03
61	75	60	2.405496e+04
61	75	61	1.863221e+02
61	75	62	4.538938e+05
61	75	63	4.921220e+05
61	75	64	6.396620e+03
61	75	65	3.666989e+03
61	76	58	-1.008423e+04
61	76	59	-2.491388e+04
61	76	60	-1.898486e+05
61	76	61	4.116161e+01
61	76	62	1.002726e+05
61	76	63	1.143254e+05
61	76	64	3.096966e+05
61	76	65	1.775644e+05
61	76	66	7.522505e+02
61	76	67	7.330912e+03
61	76	68	1.854357e+03
61	77	63	1.157323e+04
61	77	64	8.442446e+05
61	77	65	5.325270e+05
61	77	66	6.103402e+03
61	77	67	5.947953e+04
61	77	68	1.504537e+04
61	78	63	1.614326e+03
61	78	64	2.555789e+05
61	78	65	1.831193e+05
61	78	66	2.201992e+04
61	78	67	2.128658e+05
61	78	68	5.443563e+04
61	78	69	9.832460e+02
61	79	63	-1.112257e+02
61	79	64	-1.286906e+05
61	79	65	-1.143161e+05
61	79	66	-8.836327e+02
61	79	67	-6.084070e+03
61	79	68	5.111718e+04
61	79	69	6.018504e+04
61	80	65	8.838313e+01
61	80	66	7.761510e+03
61	80	67	4.616747e+04
61	80	68	9.443375e+04
61	80	69	9.858335e+04
61	81	65	1.007142e+04
61	81	66	1.364780e+05
61	81	67	4.308392e+04
61	82	62	6.208656e+02
61	82	63	8.865559e+01
61	82	64	8.837379e+03
61	82	65	6.866852e+03
61	82	66	9.305280e+04
61	82	67	2.937528e+04
61	83	62	2.543056e+04
61	83	63	3.631319e+03
61	83	64	3.619777e+05
61	84	62	4.624253e+04
61	84	63	6.603133e+03
61	84	64	6.582144e+05
62	53	53	3.184883e+02
62	53	54	4.206456e+03
62	53	55	1.156463e+04
62	54	53	-2.402620e+02
62	54	54	-3.173276e+03
62	54	55	-8.724157e+03
62	55	53	3.898224e+03
62	55	54	5.148606e+04
62	55	55	1.415485e+05
62	56	52	5.598269e-01
62	56	53	1.014480e+02
62	56	54	1.357598e+02
62	57	52	6.053999e+02
62	57	53	1.097064e+05
62	57	54	1.468114e+05
62	57	86	6.774089e+02
62	57	87	1.263606e+04
62	57	88	4.769080e+03
62	58	52	5.355776e+02
62	58	53	9.705366e+04
62	58	54	1.298792e+05
62	58	86	2.503672e+03
62	58	87	4.670229e+04
62	58	88	1.762630e+04
62	59	86	1.425713e+04
62	59	87	2.659456e+05
62	59	88	1.003728e+05
62	62	56	3.453889e-03
62	62	57	4.149567e-02
62	62	58	1.192056e-01
62	63	56	1.927710e-01
62	63	57	2.315987e+00
62	63	58	6.653190e+00
62	64	56	3.228989e-01
62	64	57	3.879369e+00
62	64	58	1.114435e+01
62	66	71	3.587474e-01
62	66	72	1.101468e+01
62	66	73	5.195159e+00
62	67	71	1.648144e+03
62	67	72	5.060320e+04
62	67	73	2.386740e+04
62	67	75	2.872694e+02
62	67	76	1.080672e+04
62	67	77	5.494207e+03
62	68	71	1.553359e+03
62	68	72	4.769302e+04
62	68	73	2.249479e+04
62	68	75	-3.369645e+02
62	68	76	-1.267619e+04
62	68	77	-6.444657e+03
62	69	75	3.227093e+03
62	69	76	1.213993e+05
62	69	77	6.172019e+04
62	70	54	1.282151e+03
62	70	55	1.292412e+04
62	70	56	4.044746e+04
62	71	54	4.002226e+03
62	71	55	4.034257e+04
62	71	56	1.262565e+05
62	72	54	2.566630e+04
62	72	55	2.587171e+05
62	72	56	8.096835e+05
62	72	64	2.085790e+00
62	72	65	-3.719598e+00
62	72	66	2.008376e+01
62	73	64	6.455984e+04
62	73	65	-1.151298e+05
62	73	66	6.216372e+05
62	74	58	8.978157e+03
62	74	59	2.218123e+04
62	74	60	1.690253e+05
62	74	61	1.356791e+01
62	74	62	3.305239e+04
62	74	63	3.582767e+04
62	74	64	6.310654e+04
62	74	65	-1.125382e+05
62	74	66	6.076436e+05
62	75	58	-1.223519e+04
62	75	59	-3.022798e+04
62	75	60	-2.303431e+05
62	75	61	1.111128e+02
62	75	62	2.706786e+05
62	75	63	2.934065e+05
62	76	58	9.656362e+04
62	76	59	2.385679e+05
62	76	60	1.817934e+06
62	76	61	2.454664e+01
62	76	62	5.979734e+04
62	76	63	6.481916e+04
62	76	64	1.490967e+02
62	76	65	1.094846e+02
62	76	71	8.616488e-01
62	76	72	1.725534e+02
62	76	73	1.294472e+02
62	77	63	1.773486e+03
62	77	64	3.397006e+05
62	77	65	2.551203e+05
62	77	71	7.466427e+01
62	77	72	1.495224e+04
62	77	73	1.121696e+04
62	78	63	1.771002e+03
62	78	64	4.830013e+05
62	78	65	3.863960e+05
62	78	66	4.415225e+03
62	78	67	3.072831e+04
62	78	68	5.899074e+03
62	78	71	1.133299e+02
62	78	72	2.269541e+04
62	78	73	1.702578e+04
62	79	63	7.741206e+02
62	79	64	8.956742e+05
62	79	65	7.956297e+05
62	79	66	-6.295981e+03
62	79	67	-4.381767e+04
62	79	68	-8.411906e+03
62	80	66	4.676801e+04
62	80	67	3.254878e+05
62	80	68	6.248560e+04
62	82	62	5.220341e+02
62	82	63	7.454308e+01
62	82	64	7.430614e+03
62	83	62	2.138243e+04
62	83	63	3.053273e+03
62	83	64	3.043568e+05
62	84	62	3.888148e+04
62	84	63	5.552023e+03
62	84	64	5.534376e+05
62	92	63	5.817850e+00
62	92	64	7.680393e+01
62	92	65	2.111986e+02
62	93	63	4.021740e+01
62	93	64	5.309272e+02
62	93	65	1.459965e+03
62	94	63	7.673429e+00
62	94	64	1.013002e+02
62	94	65	2.785595e+02
63	53	53	-4.514649e+02
63	53	54	-5.962753e+03
63	53	55	-1.639315e+04
63	54	53	3.405772e+02
63	54	54	4.498196e+03
63	54	55	1.236670e+04
63	55	53	-5.525827e+03
63	55	54	-7.298274e+04
63	55	55	-2.006484e+05
63	56	52	1.750007e+00
63	56	53	3.171242e+02
63	56	54	4.243822e+02
63	57	52	1.892467e+03
63	57	53	3.429398e+05
63	57	54	4.589292e+05
63	57	86	2.229388e+03
63	57	87	4.158592e+04
63	57	88	1.569529e+04
63	58	52	1.674204e+03
63	58	53	3.033877e+05
63	58	54	4.059997e+05
63	58	86	8.239718e+03
63	58	87	1.536997e+05
63	58	88	5.800908e+04
63	59	86	4.692098e+04
63	59	87	8.752411e+05
63	59	88	3.303321e+05
63	62	56	1.419604e+02
63	62	57	1.705538e+03
63	62	58	4.899541e+03
63	63	56	7.923194e+03
63	63	57	9.519074e+04
63	63	58	2.734567e+05
63	63	67	6.791845e-01
63	63	68	3.675987e+01
63	63	69	2.098102e+01
63	64	56	1.327166e+04
63	64	57	1.594482e+05
63	64	58	4.580508e+05
63	64	67	1.635831e+00
63	64	68	8.853695e+01
63	64	69	5.053326e+01
63	65	67	1.270823e+01
63	65	68	6.878144e+02
63	65	69	3.925762e+02
63	66	71	3.655439e+00
63	66	72	1.122335e+02
63	66	73	5.293581e+01
63	67	71	1.679368e+04
63	67	72	5.156188e+05
63	67	73	2.431957e+05
63	67	75	2.386470e+03
63	67	76	8.977608e+04
63	67	77	4.564275e+04
63	68	71	1.582788e+04
63	68	72	4.859656e+05
63	68	73	2.292095e+05
63	68	75	-2.799309e+03
63	68	76	-1.053066e+05
63	68	77	-5.353854e+04
63	69	75	2.680885e+04
63	69	76	1.008516e+06
63	69	77	5.127362e+05
63	70	54	6.781960e+02
63	70	55	6.836239e+03
63	70	56	2.139476e+04
63	71	54	2.116985e+03
63	71	55	2.133928e+04
63	71	56	6.678360e+04
63	72	54	1.357623e+04
63	72	55	1.368489e+05
63	72	56	4.282835e+05
63	76	71	1.834008e+01
63	76	72	3.672777e+03
63	76	73	2.755266e+03
63	77	71	1.589219e+03
63	77	72	3.182563e+05
63	77	73	2.387514e+05
63	78	66	1.664009e+04
63	78	67	1.158088e+05
63	78	68	2.223242e+04
63	78	71	2.412213e+03
63	78	72	4.830688e+05
63	78	73	3.623914e+05
63	79	66	-2.372828e+04
63	79	67	-1.651399e+05
63	79	68	-3.170277e+04
63	80	66	1.762592e+05
63	80	67	1.226698e+06
63	80	68	2.354956e+05
63	92	63	1.959010e+03
63	92	64	2.586173e+04
63	92	65	7.111564e+04
63	93	63	1.354217e+04
63	93	64	1.787759e+05
63	93	65	4.916054e+05
63	94	63	2.583828e+03
63	94	64	3.411022e+04
63	94	65	9.379767e+04
64	49	85	8.914889e+01
64	49	86	9.791149e+02
64	49	87	2.697130e+02
64	50	82	8.192610e+00
64	50	83	3.213993e+02
64	50	84	5.917060e+02
64	50	85	2.232633e+03
64	50	86	2.452083e+04
64	50	87	6.754657e+03
64	51	82	2.771985e+02
64	51	83	1.087461e+04
64	51	84	2.002048e+04
64	51	85	4.745079e+03
64	51	86	5.211481e+04
64	51	87	1.435587e+04
64	52	82	5.334371e+02
64	52	83	2.092695e+04
64	52	84	3.852715e+04
64	53	53	3.380542e+03
64	53	54	4.464874e+04
64	53	55	1.227509e+05
64	54	53	-2.550221e+03
64	54	54	-3.368222e+04
64	54	55	-9.260113e+04
64	55	53	4.137706e+04
64	55	54	5.464903e+05
64	55	55	1.502443e+06
64	62	56	1.447855e+02
64	62	57	1.739481e+03
64	62	58	4.997048e+03
64	63	56	8.080875e+03
64	63	57	9.708515e+04
64	63	58	2.788988e+05
64	63	67	5.751914e+02
64	63	68	3.113140e+04
64	63	69	1.776852e+04
64	64	56	1.353578e+04
64	64	57	1.626214e+05
64	64	58	4.671665e+05
64	64	67	1.385361e+03
64	64	68	7.498066e+04
64	64	69	4.279588e+04
64	65	67	1.076241e+04
64	65	68	5.825000e+05
64	65	69	3.324671e+05
64	66	71	9.551782e-01
64	66	72	2.932698e+01
64	66	73	1.383230e+01
64	67	71	4.388243e+03
64	67	72	1.347329e+05
64	67	73	6.354783e+04
64	67	75	5.334079e+02
64	67	76	2.006615e+04
64	67	77	1.020176e+04
64	68	71	4.135876e+03
64	68	72	1.269844e+05
64	68	73	5.989321e+04
64	68	75	-6.256828e+02
64	68	76	-2.353742e+04
64	68	77	-1.196658e+04
64	69	75	5.992136e+03
64	69	76	2.254168e+05
64	69	77	1.146034e+05
64	76	71	7.386911e+00
64	76	72	1.479300e+03
64	76	73	1.109750e+03
64	77	71	6.400964e+02
64	77	72	1.281854e+05
64	77	73	9.616292e+04
64	78	71	9.715771e+02
64	78	72	1.945676e+05
64	78	73	1.459619e+05
64	92	63	2.428664e+03
64	92	64	3.206183e+04
64	92	65	8.816494e+04
64	93	63	1.678877e+04
64	93	64	2.216358e+05
64	93	65	6.094631e+05
64	94	63	3.203276e+03
64	94	64	4.228782e+04
64	94	65	1.162848e+05
65	49	85	1.285127e+02
65	49	86	1.411444e+03
65	49	87	3.888051e+02
65	50	82	1.293847e+02
65	50	83	5.075813e+03
65	50	84	9.344727e+03
65	50	85	3.218456e+03
65	50	86	3.534803e+04
65	50	87	9.737185e+03
65	51	82	4.377755e+03
65	51	83	1.717411e+05
65	51	84	3.161806e+05
65	51	85	6.840276e+03
65	51	86	7.512619e+04
65	51	87	2.069472e+04
65	52	82	8.424494e+03
65	52	83	3.304962e+05
65	52	84	6.084537e+05
65	63	67	5.007452e+02
65	63	68	2.710211e+04
65	63	69	1.546877e+04
65	64	67	1.206056e+03
65	64	68	6.527602e+04
65	64	69	3.725687e+04
65	65	67	9.369451e+03
65	65	68	5.071079e+05
65	65	69	2.894363e+05
65	77	66	7.215016e+01
65	77	67	2.137494e+03
65	77	68	9.940915e+02
65	78	66	1.472188e+03
65	78	67	4.361451e+04
65	78	68	2.028395e+04
65	79	66	5.810414e+02
65	79	67	1.721372e+04
65	79	68	8.005643e+03
66	49	85	1.504080e+03
66	49	86	1.651918e+04
66	49	87	4.550475e+03
66	50	82	4.467072e+01
66	50	83	1.752450e+03
66	50	84	3.226315e+03
66	50	85	3.766798e+04
66	50	86	4.137043e+05
66	50	87	1.139615e+05
66	51	82	1.511442e+03
66	51	83	5.929448e+04
66	51	84	1.091630e+05
66	51	85	8.005683e+04
66	51	86	8.792575e+05
66	51	87	2.422057e+05
66	52	82	2.908600e+03
66	52	83	1.141055e+05
66	52	84	2.100718e+05
66	55	80	1.317508e+02
66	55	81	8.070261e+02
66	55	82	1.372960e+02
66	56	80	5.006217e+03
66	56	81	3.066507e+04
66	56	82	5.216920e+03
66	57	80	2.554103e+03
66	57	81	1.564490e+04
66	57	82	2.661601e+03
66	77	66	1.114069e+03
66	77	67	3.300500e+04
66	77	68	1.534974e+04
66	78	66	2.273202e+04
66	78	67	6.734506e+05
66	78	68	3.132039e+05
66	79	66	8.971847e+03
66	79	67	2.657967e+05
66	79	68	1.236149e+05
67	55	80	1.608392e+03
67	55	81	1.134138e+04
67	55	82	2.225751e+03
67	56	80	3.455824e+04
67	56	81	2.180792e+05
67	56	82	3.837336e+04
67	57	80	3.331722e+04
67	57	81	2.369929e+05
67	57	82	4.686603e+04
67	70	79	5.873611e+02
67	70	80	1.113543e+04
67	70	81	4.237509e+03
67	71	79	3.758417e+03
67	71	80	7.125361e+04
67	71	81	2.711506e+04
67	72	79	6.671375e+02
67	72	80	1.264786e+04
67	72	81	4.813055e+03
67	77	54	7.564605e+01
67	77	55	1.011801e+03
67	77	56	3.168678e+02
67	77	66	3.797835e+02
67	77	67	1.125133e+04
67	77	68	5.232692e+03
67	78	54	2.279006e+02
67	78	55	3.048277e+03
67	78	56	9.546350e+02
67	78	66	7.749295e+03
67	78	67	2.295778e+05
67	78	68	1.067705e+05
67	79	54	1.499385e+03
67	79	55	2.005498e+04
67	79	56	6.280657e+03
67	79	66	3.058482e+03
67	79	67	9.060946e+04
67	79	68	4.214005e+04
68	55	80	8.554116e+03
68	55	81	6.224599e+04
68	55	82	1.254892e+04
68	56	80	1.494233e+05
68	56	81	9.575735e+05
68	56	82	1.713224e+05
68	57	80	1.799614e+05
68	57	81	1.319971e+06
68	57	82	2.678573e+05
68	70	79	6.462755e+03
68	70	80	1.225235e+05
68	70	81	4.662546e+04
68	71	79	4.135400e+04
68	71	80	7.840059e+05
68	71	81	2.983479e+05
68	72	79	7.340537e+03
68	72	80	1.391649e+05
68	72	81	5.295821e+04
68	77	54	3.000397e+03
68	77	55	4.013171e+04
68	77	56	1.256813e+04
68	78	54	9.039366e+03
68	78	55	1.209057e+05
68	78	56	3.786429e+04
68	79	54	5.947106e+04
68	79	55	7.954532e+05
68	79	56	2.491137e+05
68	80	51	1.238569e-01
68	80	52	9.090650e-01
68	80	53	1.830006e-01
68	81	51	2.124188e+01
68	81	52	1.559078e+02
68	81	53	3.138524e+01
68	82	51	1.556430e+01
68	82	52	1.142364e+02
68	82	53	2.299651e+01
69	55	80	9.542005e+02
69	55	81	7.648405e+03
69	55	82	1.659986e+03
69	56	80	4.097965e+03
69	56	81	3.284728e+04
69	56	82	7.129073e+03
69	57	80	2.108602e+04
69	57	81	1.690153e+05
69	57	82	3.668255e+04
69	70	79	1.782514e+03
69	70	80	3.379362e+04
69	70	81	1.285992e+04
69	71	79	1.140598e+04
69	71	80	2.162393e+05
69	71	81	8.228832e+04
69	72	79	2.024618e+03
69	72	80	3.838353e+04
69	72	81	1.460658e+04
69	77	54	1.553518e+03
69	77	55	2.077903e+04
69	77	56	6.507409e+03
69	78	54	4.680320e+03
69	78	55	6.260145e+04
69	78	56	1.960502e+04
69	79	54	3.079238e+04
69	79	55	4.118624e+05
69	79	56	1.289838e+05
69	80	51	3.364795e+02
69	80	52	2.469639e+03
69	80	53	4.971540e+02
69	81	51	5.770741e+04
69	81	52	4.235517e+05
69	81	53	8.526366e+04
69	82	51	4.228322e+04
69	82	52	3.103437e+05
69	82	53	6.247416e+04
70	79	57	1.166929e-02
70	79	58	1.233591e+02
70	79	59	1.186409e+02
70	80	51	3.631833e+02
70	80	52	2.665636e+03
70	80	53	5.366094e+02
70	80	57	1.272287e-01
70	80	58	1.344968e+03
70	80	59	1.293526e+03
70	81	51	6.228720e+04
70	81	52	4.571658e+05
70	81	53	9.203038e+04
70	81	57	3.829567e-01
70	81	58	4.048336e+03
70	81	59	3.893497e+03
70	82	51	4.563891e+04
70	82	52	3.349733e+05
70	82	53	6.743226e+04
71	79	57	1.307989e+00
71	79	58	1.382710e+04
71	79	59	1.329825e+04
71	80	57	1.426083e+01
71	80	58	1.507550e+05
71	80	59	1.449890e+05
71	81	57	4.292492e+01
71	81	58	4.537706e+05
71	81	59	4.364150e+05
72	79	57	8.889257e-01
72	79	58	9.397067e+03
72	79	59	9.037652e+03
72	80	57	9.691837e+00
72	80	58	1.024550e+05
72	80	59	9.853630e+04
72	81	57	2.917230e+01
72	81	58	3.083881e+05
72	81	59	2.965930e+05
73	45	93	1.221311e+01
73	45	94	8.531338e+02
73	45	95	1.355603e+03
73	46	93	2.235289e+02
73	46	94	1.561437e+04
73	46	95	2.481075e+04
73	47	93	8.354471e+01
73	47	94	5.835925e+03
73	47	95	9.273105e+03
73	72	58	2.359383e+02
73	72	59	-9.910611e+01
73	72	60	3.068340e+03
73	73	58	1.172718e+04
73	73	59	-4.926013e+03
73	73	60	1.525101e+05
73	74	58	6.527306e+03
73	74	59	-2.741801e+03
73	74	60	8.488655e+04
73	81	79	6.353309e+02
73	81	80	6.856357e+03
73	81	81	1.865884e+03
73	82	79	1.290766e+03
73	82	80	1.392968e+04
73	82	81	3.790813e+03
73	83	79	1.143861e+04
73	83	80	1.234431e+05
73	83	81	3.359371e+04
74	9	100	1.001475e-03
74	9	101	1.844230e-02
74	9	102	6.914726e-03
74	10	100	1.039011e+01
74	10	101	1.913353e+02
74	10	102	7.173895e+01
74	11	100	1.080521e+01
74	11	101	1.989794e+02
74	11	102	7.460501e+01
74	30	112	9.632551e+01
74	30	113	1.330232e+02
74	30	114	1.613769e+03
74	31	112	4.914132e+03
74	31	113	6.786297e+03
74	31	114	8.232787e+04
74	32	112	2.756614e+03
74	32	113	3.806817e+03
74	32	114	4.618234e+04
74	45	93	8.841889e+01
74	45	94	6.176405e+03
74	45	95	9.814118e+03
74	46	93	1.618275e+03
74	46	94	1.130429e+05
74	46	95	1.796216e+05
74	47	93	6.048360e+02
74	47	94	4.225016e+04
74	47	95	6.713420e+04
74	72	58	-4.627042e+02
74	72	59	1.943593e+02
74	72	60	-6.017393e+03
74	73	58	-2.299845e+04
74	73	59	9.660519e+03
74	73	60	-2.990911e+05
74	74	58	-1.280085e+04
74	74	59	5.377009e+03
74	74	60	-1.664730e+05
74	81	79	4.933407e+03
74	81	80	5.324029e+04
74	81	81	1.448878e+04
74	82	79	1.002293e+04
74	82	80	1.081653e+05
74	82	81	2.943603e+04
74	83	79	8.882191e+04
74	83	80	9.585475e+05
74	83	81	2.608585e+05
75	9	100	1.922388e+00
75	9	101	3.540104e+01
75	9	102	1.430231e+01
75	9	103	4.203944e+02
75	9	104	3.440943e+02
75	10	100	1.994440e+04
75	10	101	3.672789e+05
75	10	102	1.377054e+05
75	10	103	-6.433002e+02
75	10	104	-5.265435e+02
75	11	100	2.074120e+04
75	11	101	3.819521e+05
75	11	102	1.432191e+05
75	11	103	4.338105e+03
75	11	104	3.550754e+03
75	28	112	7.088991e+00
75	28	113	8.078939e+00
75	28	114	1.153953e+02
75	29	112	-1.081283e+00
75	29	113	-1.232280e+00
75	29	114	-1.760123e+01
75	30	112	6.182443e+01
75	30	113	6.211605e+01
75	30	114	9.899581e+02
75	31	112	-1.763433e+03
75	31	113	-2.435259e+03
75	31	114	-2.954331e+04
75	32	112	-9.892092e+02
75	32	113	-1.366074e+03
75	32	114	-1.657251e+04
75	45	93	3.302360e+02
75	45	94	2.306828e+04
75	45	95	3.665478e+04
75	46	93	6.044102e+03
75	46	94	4.222042e+05
75	46	95	6.708694e+05
75	47	93	2.259004e+03
75	47	94	1.578003e+05
75	47	95	2.507397e+05
75	72	58	2.150788e+03
75	72	59	-9.034402e+02
75	72	60	2.797064e+04
75	73	58	1.069037e+05
75	73	59	-4.490498e+04
75	73	60	1.390265e+06
75	74	58	5.950219e+04
75	74	59	-2.499395e+04
75	74	60	7.738163e+05
75	81	79	1.042587e+03
75	81	80	1.125138e+04
75	81	81	3.061944e+03
75	82	79	2.118166e+03
75	82	80	2.285880e+04
75	82	81	6.220779e+03
75	83	79	1.877092e+04
75	83	80	2.025719e+05
75	83	81	5.512777e+04
76	9	100	1.753751e+00
76	9	101	3.229558e+01
76	9	102	1.747660e+02
76	9	103	6.644652e+04
76	9	104	5.438671e+04
76	10	100	1.819483e+04
76	10	101	3.350604e+05
76	10	102	1.253781e+05
76	10	103	-1.016785e+05
76	10	104	-8.322420e+04
76	11	100	1.892174e+04
76	11	101	3.484464e+05
76	11	102	1.323244e+05
76	11	103	6.856704e+05
76	11	104	5.612237e+05
76	28	112	4.166000e+03
76	28	113	4.747765e+03
76	28	114	6.781454e+04
76	29	112	-6.354396e+02
76	29	113	-7.241761e+02
76	29	114	-1.034375e+04
76	30	112	5.791204e+04
76	30	113	6.630471e+04
76	30	114	9.432991e+05
76	31	112	6.458053e+04
76	31	113	8.918415e+04
76	31	114	1.081936e+06
76	32	112	3.622686e+04
76	32	113	5.002842e+04
76	32	114	6.069190e+05
77	9	102	1.176202e+02
77	9	103	4.804864e+04
77	9	104	3.932798e+04
77	10	102	-1.799860e+02
77	10	103	-7.352548e+04
77	10	104	-6.018087e+04
77	11	102	1.213738e+03
77	11	103	4.958203e+05
77	11	104	4.058306e+05
77	17	108	1.965426e+01
77	17	109	1.576195e+02
77	17	110	5.561747e+02
77	18	108	1.171510e+02
77	18	109	9.395053e+02
77	18	110	3.315131e+03
77	19	108	4.900650e+02
77	19	109	3.930129e+03
77	19	110	1.386782e+04
77	28	112	3.526467e+03
77	28	113	4.018924e+03
77	28	114	5.740417e+04
77	29	112	-5.378917e+02
77	29	113	-6.130060e+02
77	29	114	-8.755851e+03
77	30	112	4.795026e+04
77	30	113	5.464631e+04
77	30	114	7.805388e+05
78	17	108	5.610892e+02
78	17	109	4.499716e+03
78	17	110	1.587766e+04
78	18	108	3.344424e+03
78	18	109	2.682097e+04
78	18	110	9.464027e+04
78	19	108	1.399036e+04
78	19	109	1.121972e+05
78	19	110	3.958983e+05
79	17	108	1.140242e+03
79	17	109	9.144294e+03
79	17	110	3.226648e+04
79	18	108	6.796517e+03
79	18	109	5.450541e+04
79	18	110	1.923273e+05
79	19	108	2.843112e+04
79	19	109	2.280065e+05
79	19	110	8.045419e+05
80	91	41	8.173142e+00
80	91	42	3.536260e+01
80	91	43	1.810663e+02
80	92	41	8.703589e+02
80	92	42	3.765768e+03
80	92	43	1.928178e+04
80	93	41	1.269658e+03
80	93	42	5.493408e+03
80	93	43	2.812778e+04
81	91	41	5.736611e+01
81	91	42	2.482050e+02
81	91	43	1.270879e+03
81	92	41	6.108924e+03
81	92	42	2.643138e+04
81	92	43	1.353360e+05
81	93	41	8.911546e+03
81	93	42	3.855744e+04
81	93	43	1.974248e+05
82	91	41	2.180585e+02
82	91	42	9.434702e+02
82	91	43	4.830830e+03
82	92	41	2.322108e+04
82	92	42	1.004703e+05
82	92	43	5.144356e+05
82	93	41	3.387433e+04
82	93	42	1.465635e+05
82	93	43	7.504459e+05
96	5	99	1.347874e+00
96	5	100	1.741169e+02
96	5	101	1.215665e+02
96	6	99	-1.508416e+00
96	6	100	-1.948556e+02
96	6	101	-1.360460e+02
96	7	99	1.532090e+01
96	7	100	1.979137e+03
96	7	101	1.381812e+03
97	5	99	4.577113e+02
97	5	100	5.912665e+04
97	5	101	4.128157e+04
97	6	99	-5.122284e+02
97	6	100	-6.616911e+04
97	6	101	-4.619854e+04
97	7	99	5.202675e+03
97	7	100	6.720759e+05
97	7	101	4.692359e+05
98	5	99	3.673557e+02
98	5	100	4.745461e+04
98	5	101	3.313228e+04
98	6	99	-4.111107e+02
98	6	100	-5.310683e+04
98	6	101	-3.707860e+04
98	7	99	4.175628e+03
98	7	100	5.394031e+05
98	7	101	3.766052e+05
124	6	100	1.079677e+02
124	6	101	2.675120e+02
124	6	102	2.034057e+03
124	7	100	9.402616e+02
124	7	101	2.329691e+03
124	7	102	1.771406e+04
124	8	100	2.182591e+02
124	8	101	5.407817e+02
124	8	102	4.111893e+03
125	6	100	4.996230e+03
125	6	101	1.237919e+04
125	6	102	9.412651e+04
125	7	100	4.351084e+04
125	7	101	1.078070e+05
125	7	102	8.197227e+05
125	8	100	1.009999e+04
125	8	101	2.502481e+04
125	8	102	1.902789e+05
126	6	100	2.720431e+03
126	6	101	6.740425e+03
126	6	102	5.125156e+04
126	7	100	2.369151e+04
126	7	101	5.870057e+04
126	7	102	4.463362e+05
126	8	100	5.499413e+03
126	8	101	1.362592e+04
126	8	102	1.036062e+05
